3295
609 36
513 79
479 35
218 92
413 50
343 58
268 16
432 85
391 4
37 54
646 97
451 41
470 57
571 29
368 68
166 18
434 30
87 60
285 44
369 95
347 14
109 71
375 77
403 4
435 97
587 47
429 19
159 33
283 47
455 21
281 53
383 99
652 19
651 66
548 83
448 68
138 51
433 33
343 5
410 50
103 14
589 54
585 57
300 58
213 74
488 90
142 93
291 21
256 47
477 87
536 4
493 19
102 2
607 72
132 28
272 65
482 7
269 53
285 57
155 97
537 15
60 90
298 2
64 43
265 39
633 31
137 10
252 98
127 34
128 75
22 22
125 66
619 21
241 68
452 41
90 34
392 63
600 98
101 77
56 36
96 59
308 55
545 73
506 40
610 36
354 63
657 96
279 74
620 53
401 3
335 100
13 62
313 29
500 71
17 23
225 11
480 21
135 91
347 24
531 66
494 21
569 79
256 14
318 64
331 2
335 94
638 45
144 20
138 65
651 63
432 31
459 59
527 54
300 38
210 99
654 7
548 100
573 95
439 63
194 84
393 33
657 75
481 16
396 95
256 57
394 38
620 26
540 3
288 44
393 15
