6947
369 35
401 48
1356 31
991 14
967 19
873 65
486 45
1058 72
221 90
1046 30
279 59
105 20
156 24
17 28
1052 36
1004 82
102 24
585 40
938 54
128 53
1262 54
1333 83
398 79
826 24
643 57
219 82
389 44
248 34
1383 53
856 49
466 36
276 52
1199 64
72 7
257 16
295 36
668 22
784 9
761 15
1166 99
446 56
1194 13
674 10
1272 48
622 46
134 10
695 22
95 58
309 63
1157 74
788 77
194 46
59 62
530 67
247 30
990 12
1305 100
427 98
1165 73
624 49
700 48
240 98
901 98
962 45
134 67
984 59
601 13
730 74
857 37
1202 83
142 61
1181 87
744 62
1081 83
1094 1
585 7
1160 19
458 7
1238 31
449 62
8 57
466 70
1232 41
49 47
611 59
393 33
1182 59
1006 79
257 77
945 44
753 18
1029 97
551 3
1079 32
684 66
1322 91
705 92
607 16
623 57
169 17
70 45
254 84
52 33
288 40
665 41
170 47
634 51
501 63
509 46
282 71
712 75
1295 2
36 44
1269 3
273 10
6 17
32 85
1067 78
381 70
424 86
124 100
30 64
1380 8
697 17
1346 82
1369 28
1074 29
649 87
927 43
294 84
754 96
787 86
951 91
538 30
813 90
396 23
152 2
386 93
1299 87
442 77
