677
120 53
91 25
4 19
66 20
12 55
1 70
94 24
82 27
123 72
5 92
45 67
118 32
49 41
10 55
82 93
129 26
88 12
100 10
9 30
30 16
13 31
135 28
71 65
42 28
10 71
96 2
91 67
27 65
61 78
34 7
107 85
85 58
10 36
132 52
97 16
128 79
105 92
70 21
110 43
75 90
80 92
13 91
53 30
34 68
20 31
98 1
25 55
97 99
79 77
80 98
92 25
7 56
21 91
67 38
54 92
92 81
24 3
44 69
55 70
30 96
77 56
93 84
48 3
69 13
127 13
34 96
91 56
32 13
60 93
30 48
41 39
39 38
131 31
116 95
60 38
26 81
14 81
89 7
39 78
128 43
81 87
63 68
54 70
109 51
25 94
32 11
71 11
40 80
20 96
118 43
107 95
122 13
4 52
54 15
95 79
76 93
128 24
39 7
20 50
80 71
90 79
43 90
76 62
3 98
30 36
129 3
42 100
38 37
17 74
33 51
129 83
61 16
67 78
47 15
33 38
46 48
95 35
2 2
111 42
13 4
81 76
36 61
63 100
102 74
119 92
5 93
11 70
125 56
80 38
42 32
130 30
83 4
21 73
88 64
33 91
53 4
88 51
131 96
11 66
123 36
78 14
100 33
71 92
113 87
113 96
100 96
29 26
37 1
25 84
100 33
