3351
463 62
358 85
668 6
649 18
457 78
70 52
50 64
94 88
181 97
507 33
439 37
407 83
601 11
22 7
536 83
466 37
391 89
392 49
136 17
590 10
117 3
406 45
556 11
657 47
258 88
596 20
556 51
315 83
126 26
533 30
661 84
355 89
172 85
501 77
555 26
475 53
35 35
39 44
258 30
650 1
567 48
577 99
171 11
274 19
135 58
170 59
459 27
467 94
209 89
163 12
216 50
563 21
210 36
636 56
136 92
624 94
173 43
280 65
481 45
294 7
200 10
282 42
216 4
263 7
293 31
471 28
107 85
145 21
471 3
456 13
448 17
493 71
335 89
448 79
454 40
219 28
251 68
53 6
201 11
196 59
325 17
78 53
387 15
563 34
344 65
646 90
120 84
536 57
420 64
75 35
227 78
476 1
76 58
249 10
388 48
92 73
474 14
638 34
168 43
496 72
528 45
346 97
286 70
153 11
310 97
47 75
218 59
483 8
580 76
577 39
656 99
569 69
401 100
143 49
646 4
69 41
364 18
456 64
29 33
113 60
123 47
12 29
541 57
359 37
108 52
213 84
267 37
255 75
565 82
571 100
267 22
479 30
254 13
188 66
8 1
159 25
667 7
16 8
364 40
507 97
60 37
490 80
383 11
328 73
438 25
366 81
608 85
478 65
433 50
499 63
102 55
572 30
277 24
606 62
169 11
3 34
647 19
173 28
182 79
215 23
