7410
1228 13
294 17
489 100
275 76
546 25
1323 39
197 57
405 61
332 70
351 25
805 59
198 21
670 20
297 51
265 90
685 41
795 15
218 54
831 50
416 36
624 46
1470 33
320 58
818 27
283 8
936 95
1349 86
408 83
990 72
796 66
992 35
1396 79
719 96
1222 25
419 28
1144 81
1391 91
390 42
1006 41
190 42
469 34
163 93
1411 57
733 38
275 65
472 57
274 46
1466 68
690 91
1097 55
283 81
683 84
1458 78
1126 7
22 92
676 61
287 36
779 15
1289 28
965 83
1302 61
518 10
1290 77
729 56
1080 88
645 50
478 46
147 33
668 6
571 82
129 37
648 76
386 18
110 79
991 14
1409 20
1174 71
1366 96
259 67
604 92
424 23
289 82
294 37
574 13
280 83
1295 82
1400 94
753 29
1229 15
1056 54
1377 36
1132 69
154 11
1270 79
545 80
1435 41
406 32
673 26
985 89
634 90
55 41
1020 42
398 64
315 23
1310 2
628 68
166 88
1375 9
1387 79
506 15
1161 19
1303 87
290 80
1382 44
1086 39
1470 9
949 28
796 42
1248 14
72 32
885 34
347 89
488 75
448 92
1154 79
402 39
34 36
579 95
429 17
959 37
1311 15
1263 95
1019 76
686 77
931 9
489 52
1403 18
398 4
76 63
93 100
891 79
259 23
722 88
874 86
468 6
1395 60
948 25
116 65
451 75
1228 94
1050 96
874 70
1128 46
1375 15
1352 65
457 11
196 94
928 33
12 25
18 6
799 16
885 38
289 73
1418 56
77 18
1021 13
830 96
418 66
39 54
702 22
595 70
1047 70
1105 59
1321 44
1063 87
580 62
256 74
583 24
1139 52
476 66
