4735
487 6
227 45
611 52
26 8
550 84
473 21
133 9
420 50
414 69
197 95
684 97
126 83
834 39
590 95
595 80
868 79
56 62
246 35
244 27
148 73
695 38
823 28
931 20
500 98
682 51
18 48
412 19
87 39
578 69
196 98
254 38
342 88
130 80
729 96
841 28
279 67
464 77
894 75
866 41
704 58
601 87
542 65
881 22
229 68
606 18
669 47
107 95
892 45
540 66
254 54
55 98
639 41
482 34
669 54
742 76
85 51
880 60
93 1
943 20
449 75
366 46
293 86
550 2
22 86
856 39
584 32
388 85
701 42
391 12
614 4
537 6
99 47
840 66
729 2
174 86
708 85
623 54
644 22
52 42
374 16
859 47
2 37
90 30
519 97
77 91
721 85
3 41
626 52
662 4
709 45
117 28
849 52
720 52
288 70
279 31
905 27
487 65
706 9
676 48
768 7
611 82
216 99
71 85
541 64
710 35
347 70
202 3
718 79
880 58
52 15
294 87
917 5
637 97
746 22
553 40
901 45
80 29
207 11
118 41
116 18
369 3
839 96
438 80
498 52
683 35
51 60
365 58
314 31
615 7
825 45
775 81
650 60
205 1
703 80
306 85
789 21
594 32
796 97
356 21
280 73
520 36
348 15
592 57
725 4
918 18
644 44
710 47
789 77
695 85
144 36
916 12
676 81
240 81
591 41
431 41
320 84
187 84
141 68
157 24
677 12
284 9
24 22
11 91
752 36
414 75
205 57
314 66
80 94
591 99
135 36
43 20
822 79
444 9
95 9
843 3
629 96
764 9
59 53
59 38
534 17
880 54
646 75
631 86
65 9
321 2
778 81
72 69
214 36
904 21
424 25
