7442
647 32
948 78
802 34
1460 10
1338 80
175 61
893 12
813 48
1253 5
1317 8
859 32
946 86
376 51
1103 96
115 59
1032 82
289 6
473 59
524 41
602 2
509 96
460 19
657 6
1328 4
986 83
572 52
904 26
545 20
1394 41
973 56
749 71
532 76
738 21
800 27
579 97
1251 83
450 63
1002 12
479 44
1317 44
1113 49
970 76
551 56
445 78
676 27
1312 45
1371 54
53 41
1142 13
92 21
665 66
478 88
1132 31
583 94
615 6
1443 15
498 86
753 97
376 3
1078 14
885 24
513 56
1300 10
1316 71
706 74
424 62
1304 50
1184 44
1345 85
1218 55
1297 29
1463 60
997 24
540 14
1121 53
1131 95
396 94
979 34
1098 41
977 12
1004 20
574 58
347 45
1329 91
302 89
782 25
1176 78
711 97
197 68
1012 31
795 96
816 31
1223 1
938 22
1203 20
1272 31
749 68
716 6
856 86
575 70
1379 90
1422 32
289 25
1383 90
1190 62
152 81
45 33
1294 75
1375 1
238 28
1275 2
1098 52
606 13
361 78
569 76
525 10
1022 57
469 22
453 77
458 5
568 45
365 41
999 54
1470 20
175 23
553 55
393 52
201 69
884 26
335 9
1241 57
557 47
817 18
272 60
828 13
1237 97
1086 9
406 96
946 80
644 47
182 44
376 9
524 34
399 28
271 34
845 71
1158 33
777 80
1332 55
1132 1
404 75
1302 65
701 97
698 44
758 79
530 21
852 96
222 81
1161 36
672 22
723 15
46 43
183 77
390 10
1204 68
1246 44
592 7
911 75
879 58
1001 69
274 15
909 75
309 59
426 9
857 25
1108 99
733 51
83 21
472 49
1191 60
441 9
570 9
517 2
490 30
1101 20
1323 62
92 61
141 82
367 13
844 80
1317 100
261 100
1302 77
932 87
679 28
1468 79
503 77
349 75
78 47
597 19
