9420
979 19
1760 93
151 64
1739 28
923 37
1606 41
338 10
239 53
414 56
940 43
999 96
1337 100
1649 85
679 57
866 91
611 37
1653 30
1206 30
242 90
1249 32
1372 35
993 40
1559 44
335 63
1809 63
468 48
68 88
1396 25
1648 51
1682 89
430 92
19 9
62 80
552 83
96 30
1633 91
168 67
1505 3
1291 11
1594 1
1063 5
379 30
534 25
317 76
1136 9
1861 29
1690 98
1217 10
1385 62
1044 75
755 96
242 89
1091 4
804 91
1547 69
765 55
480 26
1668 46
1135 27
1534 45
322 19
1058 70
487 10
784 37
332 10
368 83
1301 96
564 87
256 65
2 60
787 15
1617 28
402 1
1872 18
1721 14
1156 23
675 76
1295 44
728 48
274 40
775 66
1123 85
913 68
954 17
1535 87
749 58
361 97
1611 66
1824 71
1373 10
708 99
436 95
1860 35
288 20
1405 18
1469 33
477 25
304 33
1786 72
854 71
1156 96
1458 60
1216 5
1275 57
298 2
1684 26
1623 27
432 99
125 62
1661 89
203 62
1397 54
524 34
1026 45
782 74
1426 86
1681 29
1342 49
399 87
1483 70
637 94
437 86
110 44
1431 22
819 75
484 12
1883 74
1494 91
1644 25
541 28
387 1
873 61
1302 13
1561 31
1354 96
1339 8
74 71
16 63
1164 61
43 66
630 66
255 86
1371 5
1649 89
1189 45
878 53
837 11
719 75
1028 64
1610 53
1418 61
1199 7
337 39
158 40
652 40
363 34
789 88
418 53
1003 58
997 10
468 45
1422 100
930 90
1657 96
277 22
1814 92
313 80
1091 1
1053 43
1772 17
768 46
367 21
364 60
579 12
1102 83
1838 3
94 75
818 100
1295 14
822 69
1095 24
1054 88
1539 23
262 31
990 50
719 27
1603 96
94 44
362 44
1671 67
1292 5
1622 77
1639 80
422 64
81 50
694 60
1077 39
1058 76
1813 45
1698 79
1025 89
1062 31
745 44
1685 76
923 73
112 53
12 25
1533 54
182 78
409 4
