4839
239 36
967 71
923 79
459 57
56 62
274 14
82 59
162 4
634 40
840 21
897 75
254 21
37 20
338 77
706 7
408 68
764 20
594 39
410 96
451 31
597 39
16 28
30 70
503 57
42 80
932 2
329 73
649 86
905 65
745 67
950 18
24 44
731 97
197 15
847 61
295 5
259 23
136 57
485 45
814 66
723 45
906 17
664 84
590 40
657 23
218 56
150 93
870 32
395 72
329 81
168 33
162 34
859 9
143 77
116 22
339 88
136 51
934 84
324 16
82 79
584 66
17 6
134 73
890 6
358 76
790 52
813 41
360 73
424 8
313 93
296 55
765 77
947 50
99 37
222 100
429 12
528 93
396 63
838 91
612 59
312 42
75 14
755 57
832 15
88 11
164 76
523 76
826 95
501 48
671 32
200 14
137 56
80 90
364 22
206 12
750 53
792 17
723 24
158 46
513 38
770 49
361 32
534 9
217 94
604 18
74 83
358 56
575 89
619 17
485 63
251 19
57 8
2 43
585 65
151 60
646 60
846 63
210 44
967 14
311 37
380 74
458 72
788 42
459 36
423 81
214 58
77 50
178 32
456 58
49 1
213 30
87 78
240 35
414 62
579 35
638 4
763 41
599 1
34 5
638 49
414 30
749 68
716 75
921 97
340 43
949 66
723 64
725 95
573 32
725 98
529 58
571 24
671 28
41 30
600 74
408 3
276 15
416 79
591 14
187 12
966 3
655 19
726 45
333 42
422 24
238 10
440 97
765 77
202 84
616 29
407 79
572 55
172 28
403 64
876 8
342 34
342 49
79 45
99 78
715 49
349 89
150 93
875 14
380 66
402 16
379 53
797 24
487 17
50 88
420 81
578 34
827 52
167 96
171 12
950 90
300 14
611 3
41 97
118 65
119 95
957 1
131 30
102 1
379 42
85 90
714 24
379 23
691 75
331 50
167 71
378 8
816 43
210 63
853 19
87 9
529 29
863 91
430 60
795 37
859 77
