2221
373 30
335 53
157 78
378 90
298 64
46 50
369 98
69 18
39 5
301 94
405 34
13 51
386 54
300 89
312 9
336 9
58 51
6 15
278 81
43 23
369 74
99 51
12 74
403 44
191 47
7 8
85 41
238 69
201 44
248 6
62 73
378 28
46 20
421 99
350 46
394 92
286 72
322 49
188 83
238 60
190 24
323 52
354 65
113 80
385 45
46 88
87 100
278 69
58 87
152 2
405 91
301 92
353 79
1 89
412 29
172 93
136 5
343 61
202 64
299 42
182 81
79 33
299 7
301 6
114 38
411 28
359 49
94 8
291 46
262 47
278 33
3 82
247 74
392 49
13 60
270 87
413 2
301 48
29 21
328 97
98 86
430 86
317 20
356 50
28 70
230 97
403 23
62 17
54 45
2 32
29 41
47 12
232 45
434 34
376 56
282 17
8 93
401 31
378 72
381 43
190 22
390 60
357 97
358 81
146 18
296 42
277 49
131 51
110 52
207 36
308 25
72 94
323 92
70 30
217 36
442 95
72 15
172 40
340 10
217 9
235 7
267 94
306 1
347 87
369 36
77 78
261 23
278 14
181 70
1 53
161 71
434 91
40 87
111 54
63 2
249 53
248 82
59 82
109 40
52 57
334 1
151 70
41 70
332 12
443 24
406 26
24 84
384 70
250 71
261 47
205 97
307 11
198 27
411 40
75 93
203 11
12 19
25 82
149 46
9 32
267 81
147 53
306 20
150 49
119 47
101 94
55 95
361 27
287 93
407 21
252 9
325 60
210 13
289 3
245 64
104 79
121 36
378 47
123 13
434 96
205 61
389 34
331 85
314 49
76 59
299 100
110 13
106 20
205 47
99 62
297 73
256 100
177 64
425 37
282 14
8 74
203 34
205 34
428 69
126 4
173 70
385 16
83 50
358 74
12 88
275 12
62 60
123 48
81 75
312 62
16 20
268 84
346 88
407 69
231 37
115 62
122 1
236 16
283 30
42 47
68 73
269 85
399 20
51 39
98 56
55 7
70 25
371 98
275 87
345 42
