7157
920 97
1302 5
1223 4
9 46
760 46
282 82
442 46
1068 68
670 62
1090 16
1265 80
557 52
571 49
809 8
458 52
1167 17
481 61
935 79
1307 79
917 11
383 22
1168 26
433 42
458 43
6 5
557 39
248 14
354 55
1414 28
1186 38
120 39
933 94
564 33
857 20
1006 100
1 93
395 32
457 65
949 1
491 67
322 62
823 12
1426 65
771 22
784 30
562 30
955 60
834 23
1195 60
995 35
1147 5
887 88
878 36
1052 53
999 43
162 99
873 33
133 44
488 5
1067 99
37 45
442 56
1102 66
273 82
601 16
918 8
414 86
426 66
70 46
54 48
1221 97
741 69
25 65
170 46
504 83
422 99
921 43
748 60
51 27
572 28
1143 99
1274 26
989 65
679 61
279 6
1406 47
596 34
212 75
961 38
562 18
1100 36
1001 97
374 17
60 97
1092 57
1284 55
1419 5
1077 45
746 17
1203 2
1188 68
253 7
440 59
863 76
1050 8
1403 6
871 18
195 24
121 55
406 26
645 35
519 97
1318 35
1343 41
111 90
313 25
1203 63
482 99
1364 81
1356 3
361 47
776 96
288 79
454 28
329 80
560 58
1285 57
604 42
587 96
558 82
655 50
299 99
581 43
1003 12
1385 2
1171 71
374 70
844 57
1053 25
774 66
961 100
457 87
186 46
999 80
441 92
294 72
1203 29
604 77
386 66
501 34
895 31
1150 25
582 11
1430 60
1094 90
461 16
1238 40
1339 60
426 97
637 26
236 30
1069 17
1409 31
1404 67
1058 19
284 86
153 41
1270 50
1407 91
94 9
991 31
227 44
680 68
822 40
269 74
136 31
394 23
1090 73
747 49
1360 16
170 12
660 3
716 38
1251 35
528 18
344 21
1280 43
1182 49
922 65
289 37
1279 30
586 60
1071 77
1308 28
778 56
389 65
248 26
240 48
961 70
212 37
1210 14
38 68
944 10
341 4
192 57
75 50
285 71
54 26
827 7
423 44
306 56
198 82
1324 3
1338 18
1082 16
911 93
1128 83
644 5
836 46
466 29
548 69
1021 76
1422 28
61 91
601 25
538 95
865 44
477 89
985 64
1339 38
530 45
545 35
1194 5
710 87
1274 12
187 31
40 77
203 45
474 41
637 33
