1561
39 53
284 30
115 62
73 53
105 59
102 56
97 22
95 82
8 74
136 57
301 50
104 47
73 74
66 88
139 94
312 35
303 77
241 71
298 4
119 92
46 1
34 7
41 81
178 54
188 70
305 42
195 15
306 81
201 70
105 47
15 47
20 99
301 55
88 3
227 89
3 5
60 11
66 57
23 54
164 78
256 35
10 22
172 2
55 13
308 46
43 17
67 47
174 40
264 53
163 23
77 68
205 22
14 73
145 25
173 23
113 91
210 12
210 95
238 97
160 38
107 51
300 87
51 13
284 84
98 29
226 70
175 12
210 4
253 41
181 3
134 74
90 36
289 59
137 5
73 65
193 97
59 18
58 14
277 67
11 69
71 78
66 31
158 39
307 16
105 54
141 35
93 56
273 68
191 24
118 46
204 11
2 45
299 23
193 90
207 19
224 40
210 22
218 88
135 71
200 38
219 55
78 62
68 9
232 64
150 64
136 8
283 44
280 39
197 25
246 34
157 42
224 90
211 93
250 91
306 80
212 28
278 74
92 29
81 16
288 23
159 22
104 62
171 84
310 30
79 67
74 17
141 13
196 6
50 44
163 87
12 12
237 73
297 13
55 16
107 27
165 4
282 69
110 100
261 87
116 84
35 71
311 58
204 19
281 36
277 93
52 56
105 66
144 43
50 75
282 12
76 90
68 58
150 24
139 20
272 70
225 14
62 47
304 78
29 67
66 64
122 98
47 87
197 11
45 46
197 8
138 15
166 5
26 81
180 69
199 51
78 38
199 55
49 81
64 8
20 23
147 87
21 54
174 25
161 52
24 95
281 75
154 10
239 38
219 79
136 12
42 74
184 16
58 31
42 5
273 88
20 38
32 36
140 89
221 33
100 37
47 52
7 22
27 17
204 24
35 19
183 82
63 61
26 64
71 71
112 73
204 1
264 85
145 98
247 28
224 8
154 44
235 96
260 73
34 6
188 72
188 88
71 6
72 80
53 92
215 70
18 97
155 10
118 32
43 93
241 45
7 21
40 47
180 18
52 38
72 15
216 36
305 21
225 92
9 31
14 48
307 5
210 44
121 8
127 13
224 60
250 5
124 51
166 5
69 67
251 95
15 94
141 45
99 5
194 82
13 56
