3382
643 66
498 91
630 70
581 2
298 2
278 10
211 72
380 69
600 2
580 98
243 25
348 40
204 42
584 28
316 16
605 30
607 12
627 87
11 50
49 38
619 29
150 81
653 79
536 92
676 36
410 31
32 38
14 46
481 68
428 42
318 62
50 36
601 3
305 80
83 65
589 17
407 2
137 2
625 81
445 57
405 11
379 17
272 33
606 30
41 63
188 73
397 68
510 93
469 7
618 83
317 45
111 33
596 35
20 63
664 60
315 87
76 94
247 98
31 9
109 53
208 29
500 62
329 92
630 71
239 51
244 38
629 9
642 89
345 54
95 29
72 32
39 96
62 12
89 61
170 19
535 12
293 6
346 54
379 89
263 76
377 59
267 11
495 46
598 80
378 35
364 87
322 100
650 1
494 21
527 20
644 31
199 44
478 81
11 85
131 81
241 65
643 74
452 29
359 62
113 99
242 75
521 20
74 59
402 93
433 96
324 53
294 24
231 3
197 45
647 9
279 73
570 7
647 6
600 7
346 92
531 93
184 79
442 5
617 54
277 21
76 90
121 90
376 7
244 10
537 96
327 83
377 65
437 40
320 44
307 64
154 14
611 68
150 29
529 36
617 56
441 33
375 83
662 44
371 70
221 18
496 59
145 46
514 58
96 74
615 5
323 53
109 20
455 36
271 2
239 73
548 49
469 63
265 35
404 49
155 6
628 64
245 93
73 13
213 54
193 28
519 13
406 95
280 13
250 32
38 71
298 47
477 1
317 79
268 53
571 45
230 54
434 74
257 100
129 23
286 100
277 84
236 96
253 94
454 52
12 51
57 29
612 91
657 80
11 31
125 75
419 11
258 16
629 10
290 19
330 87
23 30
275 28
357 96
156 64
281 3
404 50
291 99
643 95
413 48
4 66
421 93
129 21
237 35
561 92
108 34
312 56
622 21
659 78
110 19
53 31
472 64
597 38
587 32
327 95
508 84
382 42
49 13
147 53
92 92
623 19
621 50
180 31
546 9
445 32
408 8
333 54
540 6
321 45
652 93
118 97
12 14
194 32
537 73
15 96
379 43
673 6
83 83
639 75
280 40
46 61
211 28
231 91
150 65
471 90
496 68
423 23
271 39
299 12
110 54
598 85
334 35
569 35
261 24
419 77
528 43
636 90
282 47
427 71
553 61
505 71
