6001
835 93
984 27
1107 58
345 97
1128 84
947 75
702 66
594 27
951 12
880 8
35 93
1190 12
614 42
651 31
1040 66
845 60
430 56
680 62
28 8
1114 9
916 65
745 53
382 90
468 41
672 52
105 92
1080 64
1087 49
921 52
270 74
714 39
689 56
55 36
699 49
511 33
162 44
473 46
521 61
118 84
171 36
238 94
1017 96
1152 22
144 79
490 7
258 66
956 63
352 74
881 58
494 20
977 95
712 66
235 71
834 11
493 68
721 95
1114 28
1168 97
428 53
1027 91
951 42
295 13
227 33
441 97
27 11
752 3
582 17
142 61
778 73
266 47
320 24
486 15
708 29
344 32
1165 97
184 61
19 31
1177 81
951 1
740 43
760 47
588 56
875 46
530 28
904 40
3 61
694 2
736 14
286 13
66 87
1138 2
1100 51
1195 48
232 67
293 82
573 24
274 20
115 8
140 35
44 54
604 62
786 2
734 60
468 80
1105 46
720 75
929 18
579 33
328 7
1014 82
344 54
618 59
658 43
211 74
1121 32
1006 63
455 87
70 41
1123 100
936 21
246 47
1176 21
1128 33
888 5
589 72
102 13
455 14
1144 41
212 5
1095 43
616 66
511 92
357 98
340 82
777 17
437 22
271 37
199 21
673 28
78 77
786 92
922 48
579 22
320 81
1025 54
1177 12
478 88
910 48
363 27
1032 29
566 30
537 45
1085 13
287 36
873 18
448 46
154 74
326 39
460 78
862 10
677 7
519 67
718 6
859 12
776 95
1033 87
4 100
109 42
831 92
1092 52
209 93
908 3
870 89
427 34
478 65
845 26
566 75
1111 80
719 49
39 29
662 54
805 46
65 86
148 67
976 11
909 100
772 14
337 28
83 5
701 18
342 47
591 30
803 81
780 63
585 80
865 68
1188 19
144 26
670 89
908 31
1019 85
252 70
257 52
947 33
295 63
682 84
266 89
1094 32
819 44
666 26
1172 87
465 53
681 54
528 100
1161 63
6 10
435 48
78 48
1108 1
135 22
319 3
1053 42
806 7
574 85
921 42
144 29
778 5
703 16
144 71
395 73
625 7
27 100
379 51
383 79
228 7
15 11
1137 23
1019 6
1030 5
319 56
959 54
422 34
268 62
911 14
511 24
796 65
232 69
949 44
918 44
3 96
191 76
895 66
170 74
102 44
1181 23
977 18
695 91
436 30
502 74
575 92
587 33
859 29
423 1
247 60
514 76
108 65
566 60
122 19
905 97
4 89
