678
135 54
87 75
45 75
83 41
63 93
63 1
34 97
85 33
132 84
36 56
115 72
16 48
114 25
102 12
113 8
81 23
89 81
35 96
117 80
37 15
102 85
63 29
89 68
35 22
79 84
132 48
23 76
11 79
30 59
109 31
83 30
3 36
98 67
30 55
93 46
71 84
2 68
17 10
89 70
9 83
77 78
90 97
95 60
36 72
99 89
114 60
18 5
128 75
43 55
118 36
108 32
117 95
106 25
57 24
94 28
73 60
42 94
27 36
70 83
113 37
47 90
89 56
127 14
34 56
78 53
53 40
22 19
106 62
42 44
10 72
85 96
131 88
46 22
23 59
57 3
134 37
80 33
52 9
110 77
15 25
134 58
70 52
95 50
126 89
76 14
77 73
96 47
113 55
25 45
14 87
13 32
87 12
111 93
64 13
111 81
37 53
125 51
91 7
119 4
43 22
103 78
43 54
56 17
99 37
82 50
17 21
57 8
37 5
8 43
24 82
46 28
122 49
26 53
101 61
70 75
64 89
68 73
55 99
120 92
63 42
37 83
46 87
32 4
126 61
104 25
129 88
52 19
84 85
15 36
3 99
60 79
133 52
21 68
53 7
48 61
112 1
121 63
124 13
49 51
13 8
78 26
7 94
22 95
103 9
135 58
58 67
102 13
99 20
60 87
127 12
123 6
135 2
52 93
94 53
34 100
61 12
121 98
98 83
43 34
19 34
17 63
73 93
91 74
45 43
46 53
125 86
129 18
107 36
108 64
36 60
84 7
90 38
47 83
131 49
60 97
53 41
44 69
107 41
37 50
5 48
55 8
71 76
105 98
69 72
24 88
32 40
48 91
130 19
125 32
105 96
51 56
68 86
46 84
69 19
75 75
64 99
43 73
12 87
76 82
26 62
75 5
26 40
83 33
111 31
68 30
61 28
39 93
113 11
58 84
30 7
17 44
35 11
28 2
30 90
109 50
113 62
3 39
53 35
39 21
65 32
58 76
58 80
74 32
62 56
120 66
93 70
88 34
1 93
31 12
86 57
15 68
31 11
26 52
132 1
7 7
48 50
87 54
86 24
114 83
2 51
66 75
81 13
76 53
112 72
61 36
122 60
6 89
77 61
89 11
96 38
132 20
6 23
2 40
4 32
90 33
133 3
89 44
28 84
8 67
12 65
3 38
28 73
80 35
59 57
122 80
123 99
121 69
94 20
79 41
99 65
124 69
59 16
124 20
52 87
81 95
127 7
67 20
26 46
74 99
35 97
