1705
174 22
90 58
233 100
201 85
318 11
192 36
179 51
181 31
77 65
339 24
33 44
219 62
294 89
30 78
31 61
184 35
82 43
106 82
261 31
158 39
17 64
172 68
122 1
178 57
96 4
290 29
113 87
317 73
48 18
197 6
319 29
46 82
134 30
12 87
268 36
82 57
111 19
69 43
8 91
95 6
66 5
183 59
270 6
314 69
14 18
28 78
325 74
235 34
5 70
122 85
88 94
253 9
187 77
276 23
2 53
35 32
73 26
132 43
233 47
82 73
307 46
299 14
19 25
291 69
51 34
90 51
179 19
11 11
24 70
25 38
108 27
190 12
86 78
214 8
315 6
185 30
218 89
67 98
170 1
92 32
332 9
255 41
272 86
159 34
10 78
140 44
32 96
3 90
181 47
323 45
70 19
163 36
207 79
84 39
156 34
125 32
191 62
94 43
116 64
188 56
322 69
210 19
338 67
234 14
92 3
138 15
336 29
121 31
317 13
16 32
52 64
242 86
287 62
335 99
274 68
327 66
266 7
229 92
152 17
30 92
76 52
129 29
225 35
64 44
325 21
109 21
117 81
37 63
106 4
100 9
111 79
105 27
3 34
142 82
218 26
84 47
83 13
330 29
6 81
37 65
184 75
100 15
339 18
184 84
98 28
236 52
147 28
15 15
255 47
328 60
6 78
265 88
337 16
51 21
202 58
150 91
206 47
288 98
303 97
322 84
93 20
306 45
169 4
324 5
334 63
154 15
120 73
322 18
294 23
273 73
16 86
339 12
222 68
55 74
68 10
127 58
248 41
233 66
177 22
163 52
224 45
5 57
68 4
77 100
180 62
206 78
273 55
341 29
209 42
168 99
41 87
163 14
251 21
197 72
45 65
216 89
163 88
178 34
260 8
117 78
292 30
124 10
257 40
166 38
38 69
30 67
187 96
218 11
159 86
327 83
186 96
4 4
200 93
332 36
205 48
311 72
174 89
27 4
39 77
147 3
289 4
302 42
66 63
119 32
287 82
14 51
21 89
284 77
91 16
132 51
26 68
67 31
302 28
219 86
224 30
260 74
9 86
317 73
48 62
61 89
319 48
119 96
85 13
340 89
57 86
142 49
303 48
301 82
261 59
89 37
143 40
21 66
14 92
311 40
222 54
77 63
320 95
293 85
105 38
220 80
165 66
239 93
153 3
260 96
160 82
106 2
201 49
103 42
239 88
163 57
280 46
150 62
219 56
177 39
208 71
213 49
192 32
50 97
144 80
254 7
13 19
62 15
71 41
21 21
214 15
155 84
54 74
107 67
190 13
208 36
