2010
352 78
388 20
299 80
234 4
168 65
127 9
241 7
394 10
282 42
266 14
153 15
80 6
22 99
160 25
308 8
263 43
304 59
356 37
118 10
176 1
139 68
76 36
278 17
274 18
25 99
191 47
20 2
379 48
57 79
338 16
91 70
183 70
178 93
141 16
313 34
271 45
217 7
329 28
364 41
331 5
262 78
201 38
7 86
312 5
244 5
339 90
326 90
310 57
91 97
201 93
352 66
229 43
394 59
60 18
60 90
192 19
131 18
254 44
104 23
243 23
48 14
252 55
348 37
68 55
76 82
110 39
40 9
31 97
355 20
259 25
73 31
337 18
161 39
59 49
148 67
47 35
343 75
46 43
285 19
215 10
33 31
28 91
313 68
320 62
361 82
300 12
223 56
392 12
248 52
358 2
385 32
224 56
373 54
296 100
153 58
290 6
204 75
42 47
315 70
105 38
290 38
67 33
315 68
21 49
245 52
341 98
22 7
257 4
223 28
92 33
253 42
208 88
204 91
104 37
177 11
288 19
269 29
252 82
244 59
278 39
323 33
212 9
332 51
342 83
227 63
183 65
193 30
12 10
275 26
109 32
156 94
49 67
70 49
156 48
152 98
136 77
269 97
290 11
129 28
37 33
147 12
22 2
42 21
258 90
355 46
3 52
374 56
14 91
56 13
183 11
90 63
215 42
45 77
234 1
344 5
76 74
164 85
397 1
212 57
252 5
94 71
135 64
349 83
90 8
231 52
20 14
354 37
398 18
342 49
285 16
328 93
314 87
256 59
266 81
126 42
213 14
245 55
258 68
223 47
22 48
58 16
311 95
372 46
83 41
255 42
173 74
162 84
147 35
393 63
280 64
341 28
98 28
363 97
364 6
317 75
340 33
105 64
384 83
93 44
285 92
328 48
380 44
308 52
37 68
131 66
198 31
117 97
326 96
90 58
75 68
284 91
173 23
67 49
133 38
191 34
52 41
272 8
104 62
328 25
336 15
283 100
363 12
9 43
50 85
43 68
45 57
266 73
41 74
261 12
38 6
240 52
122 9
269 52
184 91
208 81
309 56
61 7
200 83
277 99
4 2
303 41
297 44
343 60
92 21
27 10
300 96
3 96
9 72
282 19
12 24
395 35
383 51
324 33
394 28
225 78
257 62
285 66
130 35
143 89
317 50
127 65
366 69
199 44
326 90
132 9
390 12
186 84
148 49
324 75
194 54
245 48
309 89
389 33
279 38
367 18
30 75
49 73
322 22
332 43
106 27
133 3
143 91
340 83
39 29
311 18
38 36
366 58
58 52
4 94
100 52
224 99
164 15
356 86
313 91
202 53
324 2
311 41
401 51
1 77
88 84
