5521
647 61
632 48
741 13
145 32
256 80
764 64
769 78
299 90
156 83
454 63
375 83
690 29
341 69
507 84
875 26
946 29
179 72
826 50
572 81
856 77
735 75
869 52
165 1
835 83
887 11
86 87
796 6
857 88
276 81
1021 46
243 54
214 40
547 27
1097 20
673 88
874 2
1066 30
762 35
520 22
401 82
636 80
487 27
283 71
1055 74
703 100
536 34
143 51
701 94
799 14
136 33
195 94
1035 82
436 19
373 23
543 63
557 73
947 68
637 35
389 65
666 38
41 98
1090 25
817 48
155 59
1020 49
1100 78
51 80
395 12
650 8
1025 31
768 65
252 30
652 8
771 36
709 66
934 1
619 95
486 51
498 67
1097 48
90 61
766 91
563 34
991 81
816 66
684 48
986 15
1068 86
186 52
1057 98
414 16
435 96
647 32
340 67
1095 76
17 49
570 46
928 37
503 10
419 37
162 40
300 41
998 89
379 60
40 3
450 15
558 75
145 44
783 26
242 68
372 53
345 94
753 43
264 9
393 79
1022 4
733 14
255 26
909 66
1020 74
605 74
299 48
39 6
1045 51
494 72
875 11
302 93
35 66
576 81
1055 58
725 83
40 27
418 99
274 6
757 39
16 12
1096 85
7 94
408 54
355 2
893 10
297 41
253 44
379 76
758 93
926 71
267 51
734 92
342 7
345 90
597 22
246 89
458 59
915 95
25 7
513 34
1035 65
839 92
292 22
855 20
669 96
816 20
230 59
894 77
947 80
643 63
709 7
513 99
353 8
719 90
508 56
344 80
353 90
547 75
1102 97
413 85
972 60
651 46
510 36
358 77
1047 70
1064 97
912 59
10 13
690 87
959 88
790 37
1076 70
1021 84
694 37
125 36
946 50
283 17
213 36
231 51
925 84
300 22
1055 54
1064 7
25 47
514 99
74 92
722 88
564 76
417 21
1084 34
821 36
532 16
708 21
343 5
275 81
223 11
970 53
47 76
590 96
113 41
1082 11
141 42
198 6
360 91
117 9
721 93
741 29
249 93
74 9
889 62
805 92
339 89
388 64
968 11
661 90
567 48
309 91
1019 35
1092 14
925 90
440 38
326 98
139 3
950 72
45 61
740 68
885 92
212 100
878 55
37 87
884 68
386 40
986 15
913 86
9 66
698 13
606 70
1036 29
176 46
67 95
759 73
1032 15
979 12
74 30
252 93
263 33
214 17
964 79
832 3
379 96
645 7
66 40
484 34
320 97
455 75
823 75
46 35
1074 40
452 5
628 77
557 96
955 85
140 57
573 43
713 36
744 19
824 17
241 26
671 80
982 83
922 2
741 80
845 51
332 54
17 44
522 47
125 24
769 79
593 98
608 76
324 39
925 8
140 32
258 94
242 50
475 70
201 30
407 98
931 24
703 13
214 1
20 62
1099 16
266 45
