2547
371 61
463 7
201 56
87 75
417 63
440 70
43 88
470 81
173 38
371 4
150 65
344 52
481 53
353 59
169 55
29 44
27 79
404 51
36 95
118 94
193 97
308 26
448 26
483 36
222 20
222 87
175 55
133 38
84 57
505 35
66 42
339 92
164 90
218 55
36 33
109 52
285 70
20 84
300 100
455 95
147 80
104 39
377 17
431 41
46 50
156 6
352 60
435 69
352 91
355 78
256 56
3 28
487 18
464 75
336 54
327 78
111 4
433 95
186 31
82 18
134 69
22 19
248 49
151 20
126 38
132 53
493 97
24 8
176 56
216 6
196 50
238 55
360 39
245 22
234 79
238 28
286 43
345 71
7 56
414 47
303 14
485 80
203 28
122 1
1 95
48 71
454 27
240 23
273 41
66 69
173 54
509 27
270 19
121 28
284 80
367 42
154 92
193 69
417 94
265 3
364 68
335 36
493 77
447 1
231 93
502 19
133 94
417 66
212 89
242 43
459 57
253 74
405 65
435 90
492 23
239 72
356 6
14 99
286 74
257 52
99 4
404 79
209 78
204 25
371 35
405 12
488 97
329 58
204 92
86 23
130 48
215 63
18 29
142 61
366 72
425 69
124 54
257 31
301 55
217 91
277 39
97 41
413 8
433 82
504 63
73 76
336 97
3 26
224 34
187 38
363 55
16 32
116 33
233 77
188 90
99 49
387 32
507 34
66 60
143 56
288 91
256 77
58 41
504 8
43 43
337 13
407 3
345 64
76 37
298 51
364 13
281 39
289 13
369 40
62 70
23 50
265 10
310 58
339 10
467 34
166 71
387 89
105 35
243 55
289 37
206 12
493 12
384 32
288 10
472 33
419 9
432 44
310 43
227 72
398 87
84 62
209 57
163 51
258 63
415 63
152 38
284 5
142 35
23 24
140 92
369 35
372 60
166 47
38 12
6 90
494 72
352 29
299 1
202 3
92 70
434 97
270 62
23 25
4 50
269 14
442 29
183 28
68 99
413 67
200 3
473 7
358 8
47 64
50 63
318 35
203 40
126 16
449 27
362 40
166 90
235 58
493 67
179 60
263 44
27 30
480 85
77 83
173 20
325 11
500 18
336 34
322 94
414 15
475 42
303 2
368 28
357 32
285 53
27 31
484 10
417 32
424 85
438 90
348 38
321 72
92 88
45 42
319 85
88 66
324 41
181 19
386 60
168 70
252 34
483 83
411 79
27 84
282 38
240 88
73 84
369 46
429 19
383 62
470 75
237 30
399 26
445 48
391 18
267 60
41 44
469 65
150 59
274 80
68 17
250 62
67 94
220 67
190 33
47 25
478 43
75 94
421 44
417 58
404 76
89 42
100 50
117 90
276 74
199 3
61 56
15 63
369 62
295 18
303 22
484 42
375 91
92 81
282 68
509 26
290 34
357 35
427 33
323 60
377 15
37 21
