6499
831 74
623 8
1244 75
173 47
727 67
629 52
1128 38
827 30
973 19
823 97
916 65
499 12
591 79
1271 63
372 7
1126 60
1070 69
132 72
745 15
1042 22
285 23
1068 40
273 39
1052 94
803 63
566 77
502 41
936 30
911 23
404 81
556 65
767 67
497 88
511 52
253 51
883 94
1023 63
978 46
673 64
1020 35
551 13
938 5
1192 1
1111 86
358 59
1222 68
353 57
1089 32
1224 16
110 92
805 48
756 35
899 16
575 29
759 66
959 4
194 4
896 52
1242 16
569 9
967 87
40 24
642 59
1088 23
880 24
410 65
1019 49
989 92
1127 50
1280 95
215 38
1140 88
501 15
409 41
86 24
394 29
33 74
429 44
103 14
472 59
1019 87
600 17
737 93
954 34
320 30
189 2
1179 95
672 38
193 21
1073 98
1124 52
796 57
1153 2
849 39
599 74
686 35
955 5
496 37
615 62
894 2
573 16
537 77
1016 71
195 80
982 9
164 65
1168 37
1248 72
1191 25
372 25
49 20
754 53
1124 14
931 68
888 68
553 25
1293 98
1087 60
1088 44
1075 89
353 82
1206 84
387 16
2 20
934 84
574 36
431 96
833 65
169 79
1142 77
1271 67
1233 36
937 48
793 48
496 53
319 23
262 76
996 85
627 36
445 23
620 12
999 85
796 15
789 45
220 40
1111 33
750 44
249 51
442 24
1263 8
1235 89
160 91
546 69
1024 90
1300 22
1204 5
385 63
731 44
910 46
1091 7
703 62
1061 43
113 61
492 5
973 13
384 20
1271 51
363 94
253 95
870 84
415 1
194 33
1246 25
315 84
1031 20
1010 68
1108 67
943 9
366 21
696 57
800 59
981 11
651 66
883 80
632 56
809 45
1194 68
980 43
5 28
819 61
455 54
769 14
661 97
697 6
687 22
715 47
1041 23
379 51
1190 8
945 86
1281 24
802 11
503 66
929 58
651 6
8 32
304 39
806 98
434 30
23 12
1087 4
934 98
487 96
824 91
501 67
360 47
205 80
1057 58
993 79
742 10
743 10
1288 50
40 30
810 88
1276 33
204 9
600 64
263 61
1163 66
361 32
838 4
761 31
547 24
920 71
969 30
842 85
589 75
359 6
28 84
1086 30
795 73
833 13
1021 34
495 58
1064 27
1224 56
476 89
502 78
1058 61
187 22
1277 94
338 23
990 13
160 41
1121 21
810 62
1273 86
748 59
910 87
1082 15
914 9
1265 31
376 29
199 21
238 48
1194 36
123 10
549 100
1239 18
274 44
849 44
868 24
297 49
1057 11
1244 38
702 21
933 1
417 34
1091 17
422 37
670 84
965 18
656 12
897 56
717 1
313 70
156 22
830 27
1271 15
291 11
576 98
843 41
445 10
86 22
82 43
1247 5
351 20
603 96
786 39
316 89
859 2
38 38
239 1
502 79
697 82
1239 70
1293 11
770 80
623 73
1124 48
327 63
1282 9
570 41
1061 2
972 57
1042 55
78 51
961 50
1128 25
759 3
257 83
411 50
1027 43
797 14
121 56
164 37
796 63
1162 80
1288 41
1284 46
