2940
167 81
199 96
184 70
443 74
444 2
87 45
105 55
358 6
99 22
184 34
355 75
156 95
225 15
1 19
330 67
246 31
49 100
409 24
168 69
493 26
507 64
275 90
392 97
17 28
143 5
480 59
192 67
197 97
98 47
77 13
412 27
67 81
546 8
265 95
558 48
432 33
494 99
88 84
495 7
552 21
38 45
498 17
325 15
467 75
396 38
204 67
255 68
116 76
392 64
289 38
66 61
22 83
35 18
182 12
169 56
219 71
309 34
65 67
66 9
232 51
189 54
580 62
45 74
270 55
138 14
167 7
485 18
346 75
279 62
149 68
144 64
439 16
196 24
100 37
404 23
485 78
540 85
14 60
191 91
563 77
467 65
404 60
180 8
246 40
547 67
218 89
335 25
55 55
301 25
429 51
113 24
324 74
412 18
354 36
108 33
53 68
541 53
581 83
489 69
100 73
492 12
249 12
355 91
109 56
356 38
441 23
525 28
554 30
479 85
448 24
72 99
181 33
389 67
204 2
534 53
355 38
357 69
385 44
195 46
539 49
178 88
441 5
473 87
548 41
560 46
69 8
557 65
58 65
187 78
378 37
571 69
336 13
509 88
110 62
306 22
570 61
373 9
226 75
337 38
121 56
197 75
215 44
585 48
528 6
381 52
10 7
349 67
355 45
16 2
258 2
513 53
453 61
183 71
149 13
331 30
62 71
22 95
291 76
425 89
171 87
142 43
344 59
68 24
500 15
462 54
131 82
25 38
36 57
237 40
168 96
132 4
189 57
358 83
77 17
139 30
494 98
407 97
513 51
352 69
374 4
158 63
549 94
159 78
219 91
460 23
374 49
492 84
96 17
587 78
182 8
173 35
264 33
504 73
432 98
17 31
53 51
168 4
229 87
469 60
35 3
203 30
268 72
382 21
133 25
20 50
43 12
455 68
161 6
55 30
358 93
349 68
448 54
313 74
543 88
422 85
416 93
320 37
536 53
106 56
398 55
459 55
92 67
585 19
91 71
160 7
238 98
419 28
473 37
294 86
443 41
271 82
131 7
307 15
315 16
67 3
429 48
221 57
148 87
289 37
388 47
247 49
404 74
379 19
415 75
222 9
106 85
420 79
88 47
477 91
428 65
552 36
257 48
333 83
269 17
166 64
358 88
396 62
24 55
264 42
503 92
250 7
350 28
190 86
588 53
355 100
30 79
540 83
254 37
307 7
427 83
427 7
226 83
525 89
422 6
11 12
47 74
333 1
560 46
144 85
285 95
207 85
374 11
442 70
530 27
246 59
25 11
361 69
80 60
244 53
298 20
452 34
298 69
309 2
7 28
343 57
582 65
435 29
100 92
326 78
328 81
374 4
291 8
177 35
430 79
413 92
25 57
187 30
153 38
465 25
323 77
43 15
379 93
551 94
116 43
396 21
470 65
46 45
237 21
328 28
3 18
464 27
528 82
442 5
233 86
484 59
213 60
48 1
238 1
392 20
454 47
422 18
227 60
165 38
312 3
461 36
190 3
284 18
370 100
381 17
184 7
