7658
1086 43
150 40
1161 12
1036 21
549 41
1474 92
1405 64
1321 77
587 27
53 97
982 78
544 49
191 97
179 5
551 55
542 66
933 56
1030 94
1199 18
542 5
1127 33
752 87
318 80
919 36
1335 51
1113 4
117 78
987 3
1136 63
805 71
533 29
1227 90
529 47
904 25
1126 38
1237 24
581 12
949 49
1530 25
1089 92
924 21
1021 25
1373 39
1028 45
1386 83
1041 26
998 45
824 29
924 70
1066 12
230 85
893 79
800 38
1373 35
298 11
815 16
380 8
11 23
1425 62
1387 99
221 5
235 39
121 75
1373 48
138 25
1013 27
91 80
1338 39
65 7
78 46
1528 76
267 3
811 32
260 22
1254 23
803 16
670 77
318 38
294 11
527 93
438 92
150 43
1211 7
90 5
1357 22
1510 71
569 85
400 29
713 72
835 79
768 40
1180 1
1171 45
1299 35
791 53
742 85
600 98
1316 64
1517 48
1090 93
646 86
1355 72
649 65
1071 14
1274 20
1252 56
581 80
69 10
465 11
1279 3
1349 36
1206 26
4 9
764 71
478 57
544 45
1042 59
717 41
889 44
1042 29
24 28
1049 80
260 32
1335 20
1304 79
126 14
532 27
1531 59
1199 75
1298 84
1527 34
960 78
188 26
286 21
925 46
1485 71
1157 58
131 34
626 60
278 89
312 78
974 97
1354 97
1241 81
276 39
307 67
1150 26
1071 10
1364 76
1201 6
312 54
834 63
1492 83
1150 12
739 83
572 20
1034 2
991 72
1054 46
524 93
945 81
1081 54
1529 100
486 29
110 84
987 56
174 56
1054 57
75 5
442 58
728 36
456 7
44 19
631 15
427 20
518 25
914 45
634 78
674 82
1209 37
390 40
793 23
434 82
1465 50
631 69
219 18
821 6
809 96
1047 34
1525 11
1114 80
1163 33
836 42
1255 67
1405 58
833 57
1471 3
1416 15
262 58
782 64
20 88
1224 62
1139 86
1089 60
166 28
1512 6
1401 36
1518 75
969 41
107 63
1244 91
371 83
491 65
216 59
1060 93
99 13
1462 77
884 13
247 89
4 42
1290 26
545 38
1462 48
1194 70
511 37
720 10
332 26
928 31
1147 17
761 95
1307 49
432 21
688 90
603 63
1279 5
344 29
1098 97
1080 37
130 57
7 12
586 36
245 85
1164 73
791 39
93 45
323 100
348 24
100 17
1453 41
472 97
1488 22
161 36
1523 61
466 78
952 38
1034 16
393 63
843 15
1099 47
705 85
47 58
1278 48
1139 92
525 64
481 30
1029 31
56 82
666 90
10 13
360 68
147 37
1372 89
974 65
472 64
735 36
128 26
298 72
380 99
666 71
1372 1
594 55
729 25
693 17
118 82
712 6
1121 72
1167 32
1236 62
1421 11
859 98
461 21
1335 52
1218 75
236 29
822 48
698 51
1512 80
1447 6
631 23
1472 7
765 80
1144 96
306 66
20 77
483 35
188 74
776 67
625 44
1105 44
1401 82
1470 62
459 41
162 35
1421 6
737 92
75 76
123 48
377 39
513 76
441 87
259 73
1415 35
217 86
1059 47
1057 58
587 2
1209 18
1066 52
1018 67
1396 26
384 62
1425 47
980 28
568 41
1303 57
670 16
992 95
739 91
71 25
825 46
1528 80
654 15
1274 94
188 82
987 29
222 5
1037 73
200 76
732 3
1232 57
