2818
89 26
472 28
285 21
113 20
431 63
444 32
26 31
376 54
374 11
93 21
539 79
125 52
259 70
101 6
483 6
228 67
245 37
54 17
382 22
491 73
539 70
473 85
55 47
454 97
442 57
411 98
214 53
384 57
196 87
165 32
340 62
210 52
499 3
267 60
268 61
463 65
463 1
168 99
416 34
153 27
60 96
279 50
235 2
477 9
158 41
36 33
311 20
350 31
257 56
400 4
455 12
530 13
548 92
208 90
466 14
23 88
532 56
391 56
2 15
71 100
18 8
396 4
172 79
214 33
133 61
434 50
36 11
417 79
302 85
222 61
1 58
135 19
222 9
158 64
225 21
17 31
373 90
367 97
291 62
363 29
529 67
299 31
60 94
119 8
552 20
145 60
285 31
357 59
126 90
337 58
241 52
111 6
547 55
405 33
312 97
194 79
500 43
147 17
149 9
161 77
115 26
522 96
222 41
539 64
194 62
114 82
302 57
429 22
438 36
475 34
155 43
138 50
164 18
104 89
130 69
404 31
489 39
519 14
14 65
500 40
45 38
117 84
191 48
23 78
506 65
85 84
272 88
514 71
18 91
259 23
479 60
325 95
212 66
46 3
36 49
369 52
453 37
389 56
462 98
113 27
253 69
419 75
379 35
328 58
275 54
252 49
62 59
454 28
465 19
405 11
281 87
308 93
202 62
172 7
448 68
532 46
446 56
192 84
338 10
370 11
457 39
15 31
482 35
368 81
370 91
240 36
290 99
184 61
439 62
343 41
71 21
336 32
102 1
205 35
558 55
288 16
294 52
334 96
119 28
377 17
536 54
179 76
168 75
491 17
412 7
242 64
276 46
467 37
469 11
112 55
467 66
485 79
515 45
512 81
217 10
555 90
526 14
437 42
180 63
360 32
2 55
244 3
312 61
390 35
353 97
355 58
553 89
433 91
307 62
78 44
321 1
267 98
285 65
323 87
341 69
67 33
481 83
246 27
363 82
13 24
359 91
317 41
462 7
437 14
420 73
373 77
331 88
122 38
162 76
374 64
49 81
134 12
445 68
189 61
429 54
515 70
46 89
2 23
449 75
113 32
516 57
190 33
37 97
472 28
289 54
212 25
168 88
542 41
273 29
381 80
250 61
209 78
261 4
477 87
520 58
190 21
344 76
542 40
79 45
181 67
45 68
14 26
346 23
337 100
279 89
160 94
437 10
414 50
542 98
257 49
393 49
166 67
444 30
224 57
130 62
56 63
505 92
84 91
429 16
364 59
535 98
438 47
216 78
120 45
96 47
560 24
550 1
416 50
390 51
150 19
512 52
293 87
166 72
468 81
195 95
15 90
59 67
15 62
482 66
526 59
27 37
340 41
313 24
375 21
241 91
195 99
331 16
194 87
353 77
263 66
191 92
451 26
362 2
537 21
429 93
349 55
382 85
421 53
247 56
414 40
446 27
535 74
493 33
138 10
389 35
282 2
419 92
483 9
293 87
172 61
257 56
481 20
138 92
164 93
292 8
39 20
459 82
217 12
443 5
424 88
97 90
548 59
404 3
172 83
88 3
454 46
101 79
255 49
1 15
118 86
523 52
148 73
52 51
169 73
188 42
378 5
315 45
21 11
355 55
344 52
