6222
276 11
222 94
300 39
1191 34
323 98
516 28
1200 66
1175 76
630 52
728 84
813 75
1049 2
103 15
1010 44
715 20
476 61
698 30
1202 7
459 84
591 36
905 35
351 69
840 75
4 29
285 43
285 14
957 28
381 42
920 61
519 40
581 39
761 4
1102 11
620 70
547 38
1003 59
350 91
47 60
722 20
1113 34
621 10
54 74
179 5
673 10
962 34
739 51
206 33
691 68
594 65
174 37
689 72
379 27
813 37
114 45
423 21
113 37
620 86
1095 32
530 21
439 73
347 65
797 99
1062 44
108 65
298 69
795 47
1036 22
563 11
531 30
295 29
522 65
1093 22
1146 49
7 4
232 1
270 98
277 66
378 46
849 21
844 17
287 67
310 81
500 4
511 9
73 49
675 24
623 76
232 46
1114 10
906 59
9 21
915 68
898 11
719 46
1033 61
149 98
697 51
604 82
805 68
928 75
637 89
641 32
716 55
445 63
583 3
339 99
213 64
616 66
438 36
912 15
805 8
252 28
384 26
809 61
1017 37
620 37
499 16
342 28
670 96
1018 11
835 21
96 57
154 35
213 32
600 56
539 16
295 53
42 57
739 73
361 55
741 14
1211 42
777 27
493 63
235 7
282 90
824 10
647 7
992 36
983 37
193 42
45 91
431 28
776 99
155 39
630 47
19 44
685 52
598 22
1095 56
708 21
858 47
544 71
1034 35
270 45
169 98
25 11
823 21
112 10
819 93
1187 95
936 62
888 70
734 70
374 91
43 29
3 45
216 87
718 55
532 4
237 23
151 89
1007 68
225 2
526 59
257 8
249 66
1133 39
675 49
1148 40
1099 81
342 5
402 63
580 54
1125 100
982 39
1115 11
386 18
141 24
519 55
156 1
414 47
1021 79
252 38
122 72
951 68
697 9
993 57
1048 54
249 21
43 67
831 98
679 99
1162 97
1100 90
398 72
595 82
934 90
1181 26
681 56
1169 100
993 69
181 53
882 17
908 47
364 26
199 69
659 75
433 55
907 47
324 12
1006 77
35 56
494 20
343 96
593 51
323 97
319 48
787 5
892 74
1034 23
545 45
906 3
687 57
715 75
596 61
109 74
1147 6
578 72
141 30
263 43
202 4
355 32
794 61
989 88
796 37
54 47
596 1
947 31
501 9
661 79
1113 70
1083 28
551 94
874 72
678 66
52 80
162 47
945 11
604 52
114 78
755 67
45 83
106 28
216 86
636 65
641 22
1062 72
1053 10
276 36
1195 49
566 79
393 52
266 37
282 38
728 33
29 13
65 15
1079 7
871 22
253 6
259 96
1106 5
1023 30
55 91
471 72
994 11
463 27
914 35
236 37
212 50
248 8
174 56
697 77
520 85
454 71
1175 3
826 6
515 93
643 12
578 68
44 15
1035 38
523 4
314 76
148 63
1096 29
530 81
1137 57
930 90
594 24
537 79
936 32
354 1
818 8
509 80
675 18
376 92
1060 41
536 16
652 29
212 51
1012 22
361 18
291 5
811 67
81 86
996 4
388 78
716 1
330 71
65 42
343 27
650 91
407 95
934 15
299 83
693 62
915 46
158 85
692 66
133 46
504 10
808 57
97 52
1129 52
1113 79
851 85
107 99
12 2
591 16
522 98
338 9
1067 65
444 47
443 93
287 5
590 63
897 89
569 88
778 81
10 41
79 37
459 50
473 31
1188 89
901 56
905 74
660 100
849 19
