2981
226 74
36 53
592 31
123 61
362 57
25 90
278 98
175 35
511 91
232 9
483 12
541 87
183 9
69 12
268 97
47 6
154 86
408 76
171 97
130 78
453 16
573 82
283 15
504 61
357 69
322 91
6 73
23 95
219 8
363 55
332 96
75 3
46 23
574 38
11 65
591 20
222 27
577 45
132 2
290 60
291 87
315 80
278 33
260 37
147 8
290 30
258 7
406 59
495 60
292 48
276 93
254 25
446 3
347 13
451 44
252 43
492 95
341 36
294 10
143 70
337 41
446 88
385 72
120 94
236 39
308 30
130 5
248 94
300 6
318 26
492 35
305 36
311 78
403 78
528 98
455 59
94 46
450 6
425 88
431 94
544 64
268 17
5 93
308 60
77 22
526 7
487 42
423 3
353 50
10 45
9 27
472 13
164 72
417 82
304 32
38 43
201 46
469 14
467 3
261 44
296 94
556 65
221 100
180 20
184 26
35 23
543 57
213 13
467 97
438 76
494 90
197 11
241 71
170 35
304 67
193 56
160 2
147 27
383 58
20 45
355 16
372 21
297 33
518 83
250 97
198 14
29 10
370 60
550 25
551 28
54 95
107 63
486 15
101 3
150 100
452 43
315 60
323 48
95 10
10 14
302 74
129 22
411 33
235 29
434 91
194 64
530 99
135 76
77 23
308 70
444 1
369 27
567 92
512 75
324 94
230 48
22 9
179 41
240 18
494 60
198 35
173 13
7 68
144 68
476 98
444 48
442 84
448 93
245 13
547 75
408 43
437 50
231 59
270 86
82 62
473 80
392 46
518 15
117 24
73 29
268 29
6 42
534 48
593 40
168 31
67 30
257 32
399 86
70 55
472 49
559 62
70 83
410 47
562 93
515 86
291 4
129 88
439 26
82 83
448 42
481 76
158 33
173 73
467 28
502 25
504 93
203 22
408 79
344 94
19 75
432 46
247 14
144 58
414 39
384 31
117 12
520 63
189 72
127 92
7 47
22 40
209 35
462 74
396 79
528 82
418 77
385 21
446 53
94 85
97 50
107 58
518 19
406 60
352 30
405 96
296 4
522 47
207 8
2 68
163 5
149 92
492 26
213 51
330 70
421 7
483 6
155 64
547 78
515 48
425 10
138 84
351 62
338 46
162 11
489 99
183 31
576 71
144 18
170 9
151 48
443 37
413 25
469 51
97 31
451 71
467 58
367 97
501 95
266 52
355 46
523 98
560 75
279 51
394 42
430 43
177 87
542 92
241 73
171 98
137 78
77 84
544 61
153 5
52 46
152 45
310 97
430 52
346 99
180 60
587 90
348 89
239 72
146 66
452 66
564 62
427 47
97 51
377 96
348 9
454 34
367 37
508 71
343 87
37 71
309 71
21 17
248 8
388 42
222 83
217 1
317 13
436 15
391 36
37 49
177 22
532 53
487 91
284 32
153 3
7 70
30 5
92 27
220 23
240 19
556 24
134 36
579 60
410 49
438 44
92 47
191 60
453 98
544 78
78 6
349 98
188 8
439 64
531 97
412 88
82 87
386 56
593 8
504 97
298 30
71 15
548 25
168 99
487 50
181 21
48 43
90 21
331 76
223 66
36 43
230 1
31 88
480 92
549 1
120 79
78 92
122 70
106 15
316 54
527 97
354 96
249 84
579 14
146 42
508 66
564 100
110 51
232 28
243 35
588 65
227 81
30 56
576 2
286 84
444 98
365 8
