8907
1424 6
1700 90
561 55
1150 30
256 69
1052 41
925 19
1565 37
236 4
1469 23
580 77
33 26
1176 13
407 75
594 97
1419 78
1460 9
1690 49
1402 86
495 88
588 34
1488 33
1101 24
1019 81
1291 27
440 97
1465 55
664 70
1472 93
613 41
500 15
1257 28
264 72
1379 2
517 41
1005 88
562 79
659 87
569 59
1207 28
866 52
66 79
1481 14
767 28
1365 93
727 98
275 77
475 25
456 86
1202 17
1300 8
184 57
1667 69
35 59
1011 79
619 74
1535 62
27 2
1654 80
603 91
852 21
993 31
348 35
1451 88
856 76
1205 21
204 85
843 3
965 76
335 13
639 10
1450 34
841 62
640 79
837 98
380 32
4 77
583 70
1029 68
885 12
550 80
419 15
974 89
530 33
1529 47
732 90
40 25
1172 3
1246 28
984 61
306 62
96 81
788 78
140 74
1446 89
390 39
238 72
491 65
801 36
1044 89
784 64
328 66
937 42
1706 50
141 63
1767 10
874 33
209 28
796 82
1696 79
1367 8
1015 45
319 79
410 7
377 22
1158 79
724 84
1029 49
1270 7
1336 92
1487 8
473 65
955 99
376 47
1100 46
1022 50
582 21
1143 40
1184 46
625 69
1344 66
534 78
1216 54
793 6
226 19
489 96
67 38
1303 53
715 39
680 9
1521 19
1283 94
1772 60
102 69
686 52
195 75
1675 50
316 70
602 15
1576 42
426 51
224 18
308 42
1406 68
76 37
1700 90
327 12
1423 75
920 10
28 31
576 40
1543 54
843 86
449 56
1097 90
1098 23
1246 34
1626 30
600 96
1001 45
1084 56
1215 80
331 82
1690 42
859 76
329 14
483 89
586 64
1004 90
1720 22
954 15
1195 70
558 68
189 90
6 88
772 36
850 29
772 17
796 36
133 47
471 87
901 27
772 48
1560 61
921 65
1183 17
489 87
1393 73
1574 28
747 58
1366 44
975 31
1340 46
1757 40
402 43
1127 29
52 10
749 1
1302 31
840 95
296 60
333 78
1404 68
1445 32
1277 89
1504 37
953 23
1081 61
1379 94
972 72
502 38
1744 38
804 85
104 53
1364 83
801 49
626 85
743 3
1053 78
239 29
1512 38
1087 31
1620 7
1321 73
1277 2
1443 8
251 39
1326 70
1274 74
115 29
1100 88
263 60
1341 61
593 20
570 38
1526 5
1514 51
572 4
608 71
242 98
744 73
1178 89
1616 9
1765 51
528 16
366 36
953 98
368 79
1153 36
1462 18
1626 95
1638 32
834 89
357 16
56 63
471 46
850 50
242 31
1617 45
370 14
536 60
72 71
1388 84
155 36
335 77
16 68
603 30
497 58
730 11
346 60
1314 100
1556 59
609 55
704 21
1322 37
117 53
750 58
485 77
1105 78
1390 22
116 94
685 62
1027 29
1178 80
1445 26
1424 69
1539 96
1146 68
1249 48
820 21
419 35
93 25
1233 85
383 39
857 50
465 22
283 82
1049 61
116 13
1345 2
1063 80
454 98
686 39
960 67
1741 79
597 69
1658 21
551 45
745 40
138 79
112 35
1751 63
206 16
520 93
1584 62
274 15
1483 90
1165 97
1737 97
872 79
1621 31
770 8
1110 15
1421 16
829 79
665 79
1107 31
1461 83
851 60
982 74
1286 9
840 73
197 96
756 92
280 100
953 92
359 64
1175 49
1656 75
803 94
1708 79
898 6
586 76
89 37
1345 46
1037 42
1614 74
1347 50
57 12
1655 26
1511 40
1462 94
410 35
936 16
1296 83
1256 81
356 60
470 37
1084 67
837 91
589 62
472 3
977 57
1658 73
1015 79
1636 28
996 79
1015 33
553 57
772 19
386 15
1393 84
43 11
1302 4
1163 90
1228 16
1466 41
1125 90
1261 88
261 24
