6884
1280 87
65 66
808 78
914 32
351 20
455 9
1260 67
130 56
1025 97
1219 66
855 67
278 92
563 5
226 27
239 89
398 69
863 40
55 63
124 72
928 97
1190 83
806 40
327 32
768 94
139 93
410 56
918 86
351 100
1277 18
20 39
212 67
123 68
1081 13
727 27
800 54
1282 17
789 35
1227 28
981 100
1305 40
1087 39
1282 45
1326 98
649 94
884 96
227 40
1043 90
1314 23
993 75
275 21
1128 82
912 40
1156 41
116 43
305 38
31 83
1049 37
70 32
1258 51
324 63
606 75
827 76
1103 100
221 74
530 61
30 40
988 34
484 89
33 45
239 35
108 79
753 69
526 49
80 6
1013 51
440 86
1300 27
812 96
746 10
1307 82
333 36
285 62
1356 60
1161 27
423 13
643 70
890 88
695 14
8 31
872 61
200 51
793 90
502 99
697 41
776 9
339 38
657 25
1105 59
263 66
739 70
473 47
183 24
492 82
683 18
511 28
114 2
1128 34
553 71
666 78
1256 91
983 4
39 55
429 45
615 64
1066 70
152 50
910 40
583 68
90 48
151 49
642 49
1315 8
512 61
1296 96
1095 41
42 31
731 26
1180 73
24 23
861 77
457 4
365 17
597 8
1089 29
898 84
1274 14
1333 36
1072 43
1101 29
1231 90
65 12
900 2
1 93
1070 32
346 17
1229 58
1131 40
68 70
1377 69
887 28
12 32
391 19
1137 29
923 68
1112 14
1066 79
1341 88
136 29
1038 29
1359 30
250 54
1009 70
44 19
77 41
214 76
26 79
79 66
619 65
461 61
856 61
676 2
1337 2
46 45
1132 50
452 92
623 77
715 4
496 37
1331 95
38 46
97 89
1098 49
45 81
1153 87
59 80
416 42
337 100
719 63
512 22
957 18
450 28
1250 52
500 33
50 79
980 18
110 34
827 49
320 38
946 40
1338 26
978 31
501 55
938 50
45 77
14 30
476 86
843 43
1002 95
1087 40
1003 51
973 49
884 53
519 47
1328 54
1009 17
973 41
83 34
132 49
151 26
537 24
738 68
364 44
296 44
480 100
277 9
733 56
255 90
1039 100
83 1
10 85
618 87
1026 9
1361 77
1021 9
784 97
986 13
1229 2
329 1
1345 24
1040 56
1224 14
634 7
384 25
207 77
787 71
367 44
1151 6
578 21
316 31
1364 68
813 96
789 64
753 83
212 54
48 5
12 67
371 4
1075 50
107 27
1041 77
459 31
513 38
964 20
652 75
571 92
576 43
148 43
940 20
218 32
913 62
72 83
893 62
921 79
836 68
509 10
1176 74
1007 49
29 42
628 79
97 27
298 29
536 18
817 93
1283 42
899 39
907 50
1205 57
1226 38
178 68
685 17
661 65
926 72
498 56
846 98
747 29
572 61
732 22
590 28
370 53
250 74
379 63
1203 6
1041 18
1127 5
1261 73
48 44
728 7
775 33
901 88
701 42
673 97
1150 84
863 94
331 42
944 71
844 34
739 84
1322 93
113 69
1266 82
555 4
1010 60
581 46
186 30
27 77
766 73
1356 8
126 31
758 22
746 78
512 71
656 76
494 19
1300 66
161 42
1143 62
525 20
495 70
42 63
113 68
1052 35
1125 2
1156 70
973 65
300 30
803 41
340 12
991 9
769 35
466 98
461 98
1288 90
304 31
358 16
878 77
982 95
136 62
768 85
778 49
1073 61
1 1
417 46
335 58
620 77
167 57
1082 96
718 44
1096 66
517 80
1355 85
1098 92
261 31
962 78
1038 65
1130 52
597 98
1295 72
226 21
711 69
329 88
1223 33
840 79
551 55
482 75
646 32
263 3
242 42
428 57
1359 94
1068 72
618 28
768 45
944 7
60 3
738 70
271 69
258 58
617 6
714 43
793 69
