5243
415 80
255 44
477 46
534 25
581 92
571 63
1005 41
855 53
651 74
114 96
242 16
130 87
1025 42
155 74
149 67
668 23
90 94
626 86
771 7
618 96
649 75
433 21
197 1
575 52
599 39
628 53
794 70
470 71
191 28
365 98
298 14
966 70
202 43
247 86
313 49
826 29
798 60
708 55
570 2
933 19
14 27
603 46
998 29
46 13
89 94
450 48
374 33
498 67
812 36
921 79
946 13
551 44
64 54
1034 24
192 75
208 72
111 79
584 32
637 12
598 55
374 26
288 41
390 50
481 53
452 36
496 86
924 73
619 98
299 26
313 75
704 92
718 34
988 99
68 6
57 75
578 63
669 60
549 19
961 55
589 10
312 75
988 18
843 55
1032 1
736 47
467 55
967 5
423 49
463 88
483 53
436 66
703 23
419 41
56 10
615 90
809 55
410 81
665 12
810 84
669 28
5 98
77 28
12 39
312 72
230 76
16 51
396 20
347 69
947 89
54 51
299 35
495 40
550 81
340 12
219 78
670 18
560 10
483 63
628 38
957 84
115 31
574 2
110 53
136 92
698 88
698 85
84 18
839 56
336 59
218 48
545 97
771 7
226 37
338 80
915 86
393 60
650 49
1038 10
295 55
418 23
902 56
444 66
390 41
593 33
69 37
927 22
480 6
326 28
340 95
368 90
678 30
592 17
1041 87
663 56
977 69
175 40
911 36
169 57
123 2
285 24
379 42
586 20
323 67
468 3
681 21
484 10
374 5
751 63
571 35
659 72
1040 72
607 48
902 53
984 86
383 60
72 82
570 70
551 21
56 53
473 4
857 73
646 29
246 62
69 42
20 74
637 11
222 28
105 5
774 39
955 21
671 36
338 33
472 58
777 29
505 48
801 54
478 71
692 90
749 82
963 51
456 17
745 67
559 4
645 93
341 88
880 44
725 70
214 45
251 9
628 4
757 36
808 24
827 67
144 79
284 100
499 91
301 54
190 30
110 33
941 54
998 77
651 64
139 16
924 87
883 82
432 100
691 82
625 17
450 80
281 74
643 66
173 53
84 22
91 4
809 32
310 52
557 34
409 1
801 41
279 76
52 29
466 56
1019 31
788 97
42 84
630 17
369 76
684 96
347 45
615 44
925 81
243 92
991 75
1 93
355 23
926 69
955 3
161 55
869 21
146 66
98 53
856 90
199 99
477 49
392 67
357 73
836 86
687 85
455 42
724 70
47 47
1049 96
690 63
401 42
439 35
258 47
167 68
482 72
916 82
962 58
958 51
510 39
961 23
719 99
791 99
385 79
926 14
147 61
706 62
794 44
962 57
36 94
555 39
172 57
697 46
143 19
646 34
498 86
797 83
60 26
614 88
256 3
68 18
157 8
885 42
681 24
633 40
503 6
386 61
891 30
1026 65
239 2
528 9
461 14
696 98
321 44
609 14
901 81
173 35
166 61
816 90
116 63
12 77
589 56
647 85
650 74
720 23
364 50
287 66
414 10
56 40
819 96
650 77
330 63
34 98
780 87
716 43
153 7
965 66
649 5
577 17
988 23
954 37
164 22
199 20
571 33
601 36
730 51
830 71
855 2
395 52
993 12
719 10
772 33
509 55
323 46
266 6
722 30
227 91
711 21
501 34
62 14
199 68
737 59
524 81
1034 64
668 62
713 8
773 75
221 21
867 27
203 12
342 97
693 96
302 87
848 88
471 59
1027 70
488 56
734 36
789 97
768 80
512 75
540 61
386 66
1019 82
254 17
942 33
143 13
940 8
776 43
943 17
483 85
1036 11
443 11
46 4
826 44
107 58
170 60
332 28
109 64
69 67
393 59
808 9
139 50
77 98
468 13
513 91
964 52
653 74
