1791
296 17
297 43
32 16
228 90
289 96
77 36
312 53
111 54
308 11
160 63
117 41
275 64
25 77
285 67
117 93
228 60
228 100
90 38
341 39
21 50
243 97
120 62
82 39
63 27
139 47
177 94
145 38
294 17
65 65
202 33
42 8
355 23
253 47
295 82
237 53
229 38
198 100
103 49
46 19
56 79
69 41
123 93
92 6
145 41
284 30
40 24
45 50
104 6
254 97
219 23
222 85
283 73
36 17
351 32
194 81
202 40
239 19
234 81
69 92
46 7
15 33
357 7
179 60
338 93
71 87
283 74
55 53
9 18
120 25
150 43
335 62
221 93
30 33
203 82
198 97
260 64
195 35
217 95
6 9
27 17
311 26
87 17
33 45
282 2
114 34
147 89
267 93
74 43
266 11
83 7
173 13
273 92
320 87
250 91
59 65
259 78
28 26
133 29
347 44
107 80
348 30
254 51
67 84
67 6
304 33
299 40
153 35
104 44
36 99
113 69
45 69
187 63
345 10
170 16
285 85
186 66
194 22
19 70
41 51
9 80
197 14
150 15
270 99
250 12
119 23
204 30
21 63
98 25
138 3
32 9
255 64
348 15
107 26
129 63
145 12
299 59
8 26
291 87
76 16
250 51
37 25
122 55
214 99
131 8
307 64
176 29
203 37
141 5
47 23
87 25
344 81
174 37
215 82
68 62
167 84
6 87
156 62
143 9
179 74
279 91
175 81
302 1
171 73
334 83
309 60
140 22
56 16
297 78
154 87
112 78
141 5
298 50
290 34
132 15
330 99
342 48
343 2
30 80
282 16
63 78
261 45
260 70
231 42
190 82
30 21
269 73
277 63
72 29
277 81
248 59
40 81
277 62
113 92
219 33
229 20
257 55
355 65
99 72
173 45
32 9
250 84
173 94
5 56
82 77
271 22
300 70
171 54
63 28
184 35
303 74
49 73
147 26
117 26
231 73
331 61
172 73
180 83
275 26
105 33
177 39
205 4
179 16
179 22
316 30
117 45
266 82
240 61
277 84
305 88
221 40
115 27
258 71
355 35
282 80
312 23
107 11
10 18
72 85
275 59
309 79
39 4
140 99
127 3
25 99
264 28
295 68
113 88
284 28
114 31
20 73
32 55
172 50
182 52
326 24
181 69
186 88
332 68
330 77
255 1
197 41
339 3
226 88
30 69
240 95
177 60
37 73
54 88
328 95
161 87
358 76
192 39
350 88
153 76
18 84
14 62
240 32
308 41
275 91
249 67
345 58
82 65
205 99
265 46
187 78
137 25
298 45
53 51
350 71
215 57
243 11
144 58
355 100
324 65
106 27
313 50
292 99
213 18
246 49
221 88
102 87
229 41
330 60
156 57
263 89
208 83
301 4
59 13
318 58
228 81
136 59
61 65
181 21
31 48
74 64
266 26
71 71
199 24
350 75
136 15
172 77
227 4
114 7
80 93
55 34
357 34
309 71
270 78
336 19
285 32
235 39
122 81
221 13
201 36
167 43
357 53
36 59
10 80
304 80
191 58
151 34
283 64
176 90
286 82
135 18
281 19
345 28
152 20
215 29
58 61
338 90
81 35
186 22
318 51
48 17
74 78
310 70
111 67
350 66
25 68
50 22
163 27
144 29
98 27
326 98
351 79
199 59
80 1
89 59
100 8
99 13
125 57
53 17
154 14
16 60
116 100
173 54
225 18
98 84
324 21
238 95
342 69
171 87
165 61
15 98
73 25
234 13
331 2
43 82
110 9
285 47
328 71
141 98
230 21
36 30
154 95
205 67
32 66
95 100
269 58
255 99
336 13
300 23
145 9
178 69
202 10
241 29
137 29
54 50
328 4
329 86
86 80
325 22
95 24
87 94
157 26
307 8
5 12
328 76
186 79
308 43
