7588
1193 10
76 76
264 14
1090 49
240 62
1379 30
844 37
666 24
1379 18
1115 74
569 15
10 30
628 30
1086 63
1198 73
1224 55
328 80
437 34
122 53
745 66
459 61
28 50
1322 2
88 33
215 37
1488 93
655 100
631 81
1065 5
1327 89
1233 36
386 49
646 79
714 48
1511 86
1307 87
1277 88
641 26
413 56
593 86
419 54
583 89
668 40
293 44
1179 63
725 94
1452 1
223 90
562 25
1418 44
229 39
709 85
1450 63
1283 41
294 51
311 4
465 53
65 71
19 98
144 94
22 35
731 91
1114 26
902 10
882 97
49 45
1262 88
389 92
211 68
1441 33
739 40
610 60
702 63
1368 19
802 41
515 37
1108 82
1239 45
330 32
1137 79
756 6
1346 86
43 41
816 35
736 16
1474 55
115 30
902 44
463 48
789 52
1462 91
944 96
976 82
703 28
19 75
842 71
218 69
448 7
1206 76
1311 82
915 45
50 68
528 14
1227 84
706 58
122 69
1017 53
232 15
1092 25
1074 69
1330 74
432 92
1044 71
1016 35
1368 77
1419 24
237 92
169 35
1276 31
1009 17
963 92
882 14
437 49
101 73
809 30
880 58
298 32
780 50
320 97
624 71
1451 34
482 60
903 42
1300 76
1311 86
871 24
1081 73
1180 17
856 2
512 11
950 59
47 34
944 68
291 91
634 60
317 35
1492 78
21 40
143 2
121 41
1151 68
439 26
1120 29
578 92
1216 66
318 44
263 47
1445 8
1018 73
1103 68
1438 88
680 12
1237 14
1368 34
590 70
1011 69
1419 11
1264 20
1356 46
1065 1
251 74
1438 2
1314 2
537 40
213 63
160 87
490 91
547 2
839 44
829 32
896 22
134 71
1402 90
1454 75
353 94
929 35
177 30
97 45
88 12
364 99
236 77
981 3
885 73
1237 15
862 50
1398 1
1280 38
331 43
112 7
750 21
788 27
657 18
569 30
84 89
664 4
1108 48
1401 61
1273 20
481 58
619 91
307 39
353 76
1473 69
1146 12
399 81
1308 11
196 28
1466 14
308 62
115 51
964 27
727 11
16 24
955 49
857 89
488 75
468 85
617 46
857 50
862 33
754 88
682 32
883 76
101 47
924 27
1234 71
1321 69
622 88
345 58
449 81
1169 80
1295 5
482 55
419 31
159 28
813 97
1263 74
551 26
918 92
889 12
863 33
57 65
1129 15
30 56
916 20
864 9
506 91
862 3
1496 100
342 54
1043 60
485 30
133 31
216 39
550 42
1093 32
1163 38
301 85
542 85
654 11
605 1
436 64
928 25
1429 61
1462 89
130 91
1102 42
418 23
1057 82
1181 56
566 22
15 80
475 75
284 8
994 88
59 19
747 52
966 41
374 20
127 74
407 43
901 4
1044 95
335 29
1344 95
487 64
913 45
128 33
309 32
361 33
563 100
829 69
816 27
1071 61
1507 1
1039 82
1112 75
1187 80
1356 16
686 74
925 15
324 31
51 76
1115 100
675 4
1514 48
301 88
1205 51
903 38
1014 18
570 61
615 67
153 20
1367 57
796 71
979 33
239 27
1057 10
6 95
864 96
1197 70
343 41
902 57
1290 18
71 56
547 95
909 60
301 69
472 95
1453 17
1347 96
954 63
486 98
997 60
427 19
1104 40
575 99
582 77
189 33
831 44
262 54
272 85
1093 74
1510 36
219 68
65 6
43 55
1401 72
829 45
608 39
558 90
836 51
772 79
184 51
1165 87
1305 11
576 25
915 5
1436 36
693 47
900 77
1463 77
910 56
604 1
499 84
264 21
341 73
153 16
470 8
13 7
1029 88
504 82
993 55
808 61
1023 32
663 42
884 87
1489 59
1299 82
68 3
125 77
972 27
738 62
1461 26
965 55
1025 48
884 75
161 70
78 55
617 83
214 89
701 17
1337 58
482 11
1456 24
82 79
510 97
954 81
188 25
1507 35
960 45
1398 37
1457 65
325 22
764 97
1057 45
1486 72
813 27
747 92
1278 6
1239 65
1117 1
414 29
700 92
1051 27
757 39
936 33
461 86
488 75
739 78
