1185
20 5
127 84
214 13
78 6
100 70
221 10
115 48
84 71
136 93
42 17
202 69
64 61
157 83
95 49
216 96
162 30
194 41
77 83
21 24
147 65
3 1
194 72
223 42
84 7
57 23
52 27
6 1
65 45
48 13
174 86
207 30
9 61
195 27
204 21
153 49
230 36
136 77
47 29
37 24
24 44
80 10
133 91
68 42
236 40
47 54
189 39
178 13
158 99
31 94
199 82
148 17
70 20
211 43
50 81
49 93
86 60
172 64
31 89
29 68
134 32
66 55
83 7
117 1
52 57
131 62
94 86
38 50
174 72
137 65
22 34
175 49
13 67
159 99
30 57
149 72
98 17
117 32
233 49
109 30
144 14
42 49
183 12
39 6
43 41
194 42
3 35
154 14
74 67
49 77
39 92
119 88
234 57
145 87
128 77
134 85
235 63
185 85
81 76
19 46
151 63
214 19
223 33
133 99
9 78
100 9
100 17
236 24
3 25
137 39
229 98
202 98
36 31
56 95
189 45
219 46
223 48
55 24
2 28
51 47
214 54
94 66
93 84
134 4
87 78
144 26
186 30
88 34
62 12
160 89
188 43
235 64
61 52
137 57
200 48
201 28
68 62
70 29
5 42
22 64
231 83
12 33
47 57
135 1
120 27
177 25
31 7
199 3
23 90
56 72
115 19
16 38
227 16
9 83
77 74
224 84
106 57
224 11
77 75
169 40
202 18
60 22
135 31
123 60
54 90
86 50
102 54
29 34
235 9
97 55
10 15
132 82
222 1
114 40
76 77
213 38
171 94
4 2
237 72
134 80
94 14
104 86
75 33
176 11
194 14
102 78
232 44
81 6
129 10
49 62
147 7
85 72
98 83
218 51
3 51
169 32
215 61
185 41
20 64
174 4
134 30
26 65
216 50
209 46
54 22
185 66
112 18
169 26
186 100
124 42
90 77
97 26
7 60
201 55
103 76
210 19
127 5
236 22
82 7
170 73
78 38
219 82
146 84
164 35
21 49
159 59
227 87
184 51
123 28
38 56
9 11
139 27
7 31
233 39
22 92
148 51
234 8
43 65
218 96
209 28
207 2
236 55
97 47
16 58
229 46
229 41
83 18
72 42
231 11
9 12
222 43
166 60
143 100
116 16
110 88
220 48
199 3
230 16
215 72
148 12
10 12
72 60
144 97
168 98
4 40
90 16
88 48
172 94
224 89
104 25
104 24
162 80
147 78
131 66
54 76
181 91
69 75
32 20
22 14
160 59
58 34
9 39
100 87
150 53
191 91
176 62
173 16
60 89
196 61
139 94
187 13
28 49
11 38
99 17
126 60
4 51
45 93
197 77
83 84
60 89
59 95
194 55
214 8
175 82
67 30
236 64
158 22
122 41
135 59
218 34
129 55
35 100
16 8
45 30
194 4
112 77
149 13
82 7
152 95
232 98
229 17
199 22
64 54
13 5
133 39
9 43
157 10
203 37
190 61
62 26
189 100
127 3
49 54
88 21
72 52
176 24
23 32
130 94
199 10
11 92
106 22
162 3
44 39
6 47
2 27
174 99
154 63
32 45
150 13
71 89
183 91
90 31
23 54
123 63
206 9
133 37
134 47
7 56
205 23
37 68
37 62
4 73
97 73
65 24
18 73
174 17
35 63
227 91
183 55
7 39
152 48
67 62
191 46
194 48
60 63
140 84
185 62
31 83
229 85
233 50
173 87
20 4
213 72
55 55
1 83
48 88
228 65
155 30
2 15
101 9
53 24
169 76
197 69
6 48
144 95
40 90
208 9
220 51
218 34
49 80
129 76
65 1
80 57
152 80
114 44
18 74
126 8
76 75
73 53
152 4
8 77
219 40
151 97
206 13
56 87
106 38
198 51
132 7
151 22
19 80
184 2
185 96
96 90
134 21
11 24
143 76
128 82
220 4
23 36
127 50
51 78
138 21
145 15
189 36
11 76
212 99
201 44
30 13
85 45
235 80
43 81
