9141
717 41
911 32
1727 61
467 73
312 96
1513 42
1314 48
325 30
1747 23
1345 55
1454 43
1124 49
425 100
1390 98
172 22
1125 7
858 87
309 4
479 46
295 30
1498 42
1678 25
513 54
466 1
603 15
1344 28
166 30
1319 12
1074 60
1487 71
590 29
460 16
1459 27
1541 96
1595 87
282 20
823 64
384 33
1046 60
228 23
1090 86
964 26
644 13
266 16
470 83
244 20
311 80
481 36
1565 76
331 50
331 92
873 92
1377 48
1199 10
55 59
134 37
254 62
1361 6
1293 28
1562 5
294 42
676 42
1549 21
1308 83
1268 65
1773 29
33 69
1051 73
1448 38
342 18
1104 87
997 99
1154 43
327 67
223 17
331 62
1740 27
663 98
1235 82
54 47
73 77
496 83
1088 19
677 49
211 13
1232 34
1479 90
825 77
747 8
623 69
902 88
901 94
467 38
1281 60
1771 16
1390 99
1056 57
164 4
22 15
1526 10
453 66
320 92
1106 35
929 94
1462 58
1552 55
646 35
1056 97
790 58
1166 8
1195 48
1601 63
1291 71
1276 92
1101 25
1610 67
69 88
347 41
734 28
1645 37
1516 14
803 88
776 47
1322 36
1065 17
265 47
1436 60
1231 67
1593 43
1165 9
722 41
1035 98
1244 81
671 61
1809 30
1256 47
285 33
1284 34
317 44
1535 27
1676 45
773 8
1002 13
651 96
927 95
1245 96
791 55
1570 27
126 97
656 99
1618 30
1057 25
552 18
40 79
1694 60
1465 33
1474 31
660 87
1438 47
1810 93
675 9
1314 100
373 28
441 14
1524 62
27 46
1274 29
852 89
598 81
144 65
1822 10
1789 43
353 53
1760 92
1786 85
115 57
1685 48
1496 3
1263 36
1191 52
1009 53
362 59
86 54
1192 3
1381 11
1102 97
1789 9
1488 8
438 77
70 100
468 7
910 81
897 48
1644 64
417 85
1240 66
1733 44
755 97
665 30
1338 34
1408 67
1154 13
514 48
520 48
881 34
517 92
705 100
998 72
1534 95
707 93
1422 82
1814 3
1269 93
1695 50
1167 70
651 12
400 47
13 47
1068 76
130 78
1009 69
64 41
362 33
597 25
661 95
1184 1
1641 75
456 28
905 92
1245 2
1503 44
487 52
1148 93
1483 83
962 68
116 43
1726 9
451 15
1293 56
689 41
1400 80
824 94
1091 60
1432 41
444 8
1783 82
1314 81
143 31
1083 22
152 53
71 1
466 5
1372 41
145 39
1131 55
1381 48
66 80
1585 53
681 21
1808 93
498 71
1179 99
779 88
1770 80
620 39
1660 26
701 30
262 16
1097 80
1004 34
1285 77
274 44
1620 71
1500 22
1689 15
407 51
981 78
686 5
1317 6
864 67
456 85
483 83
1006 43
1302 28
764 93
331 33
1642 66
956 53
224 100
1488 21
220 8
1651 61
797 52
173 93
491 38
1608 39
1693 65
1172 1
1285 36
1262 84
138 59
284 4
1336 79
372 93
41 24
922 8
1514 53
1339 67
1186 6
846 15
301 23
676 33
294 73
1468 70
1039 83
1122 21
1113 39
273 32
1685 5
1433 56
445 36
587 25
1690 25
72 71
618 87
1472 38
697 17
1598 61
1355 100
1168 96
1700 14
575 60
720 84
260 15
916 13
1158 94
1421 69
749 41
1599 75
1221 82
722 91
1687 91
1006 93
347 86
726 17
644 64
215 57
280 29
1286 60
76 13
112 78
61 69
313 20
1512 80
199 71
1036 82
209 67
1664 81
778 69
1545 53
867 31
806 5
1253 11
150 97
953 58
1178 44
518 100
389 52
311 61
900 5
1271 38
93 71
1552 83
1064 54
293 88
638 41
1210 35
1452 49
1542 97
789 36
99 83
575 37
1286 97
275 88
1484 52
484 82
1141 84
570 3
47 36
707 88
45 78
242 44
1023 50
287 82
8 73
470 33
568 69
622 34
267 38
1336 69
1061 98
1401 99
220 91
1538 39
342 27
1582 36
689 2
709 71
1725 44
33 65
197 43
160 7
110 43
1625 1
1341 31
652 46
1446 57
1499 48
1066 3
429 1
737 58
1567 89
229 2
120 29
862 92
1055 20
1453 78
113 41
1394 70
372 23
164 51
1504 47
787 11
1333 5
1 37
20 2
281 51
1142 72
1399 56
1575 18
52 23
1674 62
1606 77
367 64
153 70
724 6
519 40
1818 45
1434 55
541 81
