3918
274 6
612 48
425 83
679 85
254 21
200 6
547 49
595 1
542 40
355 19
276 28
157 47
223 43
69 36
698 20
81 74
508 95
737 86
546 12
226 84
55 31
11 37
648 37
249 10
428 3
765 83
395 25
301 62
365 99
114 46
228 70
511 49
25 51
15 41
673 88
237 48
72 86
447 91
479 5
325 32
119 63
388 79
721 60
450 92
38 22
311 88
160 61
472 92
717 2
99 1
532 6
728 29
447 8
152 45
703 2
471 20
190 80
19 57
356 82
499 72
638 87
102 75
356 74
658 81
436 49
186 14
80 66
299 33
729 1
691 87
323 44
300 48
256 75
20 97
51 55
333 67
192 75
398 58
91 60
356 33
96 85
741 86
390 74
466 77
325 39
733 35
130 15
664 3
531 39
497 88
520 35
60 18
385 55
511 42
568 95
710 52
416 92
703 25
528 95
622 56
405 60
222 72
100 28
690 65
516 62
345 43
112 39
536 43
490 38
118 16
621 96
753 27
151 11
470 42
401 43
433 15
259 19
389 31
453 13
141 27
747 8
672 87
669 34
715 14
701 88
780 37
704 6
89 97
255 86
506 43
602 94
164 31
337 5
129 91
200 56
368 75
444 17
505 39
143 75
551 24
70 43
489 54
171 65
211 11
175 18
350 40
665 2
390 68
623 84
482 24
756 43
625 62
116 79
481 5
276 73
83 82
564 46
112 3
9 81
214 100
493 74
761 100
285 43
216 46
99 53
265 7
109 61
397 6
428 85
159 57
740 76
145 42
271 32
203 6
57 38
569 6
118 64
17 59
553 9
118 77
579 44
661 7
385 50
681 93
327 55
93 20
17 95
471 88
397 31
601 32
305 24
113 31
573 65
700 5
729 24
594 42
609 59
669 56
284 54
592 25
211 21
777 33
236 23
398 66
668 30
742 5
337 40
191 13
275 42
748 81
755 49
346 91
572 78
444 62
185 89
508 69
721 29
376 82
215 49
517 87
489 18
532 53
328 44
93 20
576 44
468 41
355 41
58 43
37 61
441 90
261 22
148 30
326 99
159 51
506 48
585 21
723 61
302 75
631 30
610 86
79 63
231 73
539 38
561 6
388 3
688 26
1 78
648 18
279 73
256 93
262 45
283 81
158 58
604 82
753 42
161 39
666 60
246 65
650 98
112 24
439 48
3 23
93 11
291 94
553 12
184 100
79 92
709 75
365 58
586 46
445 16
16 74
742 14
615 21
45 90
54 66
196 23
38 36
449 82
559 43
277 50
583 65
707 96
511 56
483 85
697 98
169 51
705 26
306 39
74 90
784 17
376 99
607 57
26 85
396 96
542 14
513 48
158 100
641 46
569 95
147 51
619 34
239 8
698 80
716 1
576 92
239 10
541 75
723 18
719 3
705 24
490 78
585 88
398 94
770 71
480 52
6 99
289 87
617 27
359 74
636 52
505 38
650 66
76 90
601 23
482 21
371 88
437 78
610 7
245 67
127 80
654 5
531 57
663 93
403 71
518 37
755 93
60 23
483 77
404 71
440 63
35 31
714 16
231 51
66 89
22 20
207 55
377 46
485 87
5 71
631 83
298 94
610 58
259 80
778 19
321 2
619 24
398 33
14 15
228 29
186 33
529 12
7 41
270 57
634 76
396 53
128 31
144 65
435 74
86 86
745 100
251 10
216 78
723 50
678 73
6 32
230 33
769 48
639 73
445 95
7 53
537 69
350 97
521 45
434 25
103 47
328 5
96 9
110 92
450 24
782 32
443 78
775 52
564 4
575 32
236 30
719 56
23 97
506 49
464 23
612 22
62 2
277 81
301 50
291 38
246 76
361 12
116 31
699 14
376 6
420 79
27 31
172 3
606 69
278 84
136 52
222 68
325 96
170 74
546 67
680 73
268 41
621 23
731 91
618 32
348 44
711 36
526 26
470 34
446 52
482 92
164 85
54 68
91 9
655 5
206 3
43 77
496 72
366 90
727 51
306 32
94 66
285 41
197 45
752 60
571 34
7 37
585 12
686 1
296 75
5 6
615 12
120 12
649 87
55 34
492 52
569 73
768 59
188 23
597 84
