3430
166 18
526 22
369 43
275 32
598 6
330 94
183 20
119 29
55 85
553 33
675 33
610 64
416 81
55 21
614 20
477 82
342 67
566 29
505 80
481 15
346 48
154 17
338 86
67 62
167 80
309 12
69 72
147 8
504 47
523 67
261 63
403 50
614 23
12 61
273 49
26 9
54 34
453 84
595 91
431 19
376 80
1 14
638 68
684 58
365 41
644 28
292 47
413 85
564 67
165 91
275 15
55 32
623 49
97 32
182 42
606 63
545 50
420 61
314 61
233 56
615 52
400 68
621 27
607 53
423 5
647 7
485 43
576 17
221 87
204 65
119 17
464 73
311 32
394 84
330 80
615 65
297 74
505 21
311 28
642 71
354 47
378 59
368 45
483 24
563 75
407 75
110 95
499 80
685 26
318 2
559 13
61 54
109 65
129 36
649 34
317 86
159 96
139 91
67 97
524 18
521 20
59 34
359 94
184 99
51 70
574 44
135 54
344 73
41 63
258 62
494 97
630 96
95 29
366 33
353 98
339 74
216 12
465 72
403 71
338 25
244 2
549 4
262 59
373 77
20 95
173 33
512 14
286 98
172 79
556 4
544 57
36 58
613 82
123 56
28 35
4 21
16 15
569 94
427 91
632 88
18 82
588 6
371 48
111 58
522 41
105 19
55 98
303 28
25 53
137 68
638 96
25 32
636 15
340 57
208 51
323 49
556 98
677 6
34 57
259 48
20 67
338 3
409 30
126 73
187 7
63 55
250 61
515 58
96 16
206 31
168 20
493 19
537 24
533 13
69 59
355 12
580 91
382 71
358 64
258 82
251 18
643 45
201 54
404 88
180 76
229 17
294 63
472 37
470 44
100 67
544 12
456 97
380 3
79 46
47 49
183 86
588 12
257 79
470 33
116 86
371 54
518 23
545 65
241 45
135 81
355 28
625 58
446 92
573 67
61 6
49 20
121 4
416 80
118 35
605 30
474 95
430 25
275 52
27 8
635 78
340 74
333 100
21 80
21 88
506 6
354 94
675 50
676 21
674 58
111 82
391 55
622 90
35 83
423 27
527 31
473 89
491 23
270 5
93 99
1 2
621 97
12 80
646 54
23 69
612 76
609 23
644 95
639 15
425 6
225 68
1 32
415 41
573 25
523 21
673 68
527 78
315 10
488 36
319 68
215 3
300 17
413 75
513 93
324 91
132 16
120 53
352 30
253 35
481 59
416 20
85 4
257 74
167 27
674 26
363 43
125 49
463 53
328 35
173 61
361 46
603 65
375 96
259 15
225 92
633 14
466 96
262 43
429 98
268 25
362 6
513 93
246 23
111 8
91 13
381 67
438 3
291 35
646 27
509 80
293 11
262 46
68 41
415 88
330 81
88 82
642 61
55 32
425 29
605 68
184 65
116 28
610 12
622 2
458 34
125 26
308 34
633 32
684 83
189 97
587 38
607 18
137 62
411 48
130 93
181 92
512 35
137 88
388 36
90 87
387 39
469 30
588 94
214 28
381 32
462 74
443 74
275 87
269 35
79 44
81 46
260 78
87 64
145 56
187 77
442 98
507 91
149 94
503 86
593 45
640 83
599 17
338 50
186 52
649 75
500 55
423 62
341 48
80 41
601 67
77 22
530 91
686 69
206 96
670 11
371 4
254 20
524 14
674 42
32 47
621 51
117 15
494 70
571 1
160 46
258 48
96 23
599 18
517 98
479 15
449 89
114 82
533 85
351 28
619 12
543 54
427 22
408 9
521 52
109 52
627 43
684 24
141 99
24 9
556 41
221 9
669 56
43 82
654 93
644 88
170 100
157 29
512 10
386 26
108 88
571 82
444 100
502 26
656 39
443 89
355 1
661 69
611 22
241 32
48 75
405 66
443 16
126 81
550 96
616 83
234 90
517 27
527 22
247 42
155 21
583 73
79 72
168 13
138 72
561 76
283 87
78 34
430 13
642 85
579 39
22 57
42 98
280 5
489 71
338 60
119 55
61 1
534 74
265 25
149 80
65 79
515 2
585 33
640 3
279 98
122 97
426 69
418 54
54 58
496 85
65 100
678 54
136 68
434 64
300 18
176 96
645 54
632 5
297 63
180 24
517 52
263 86
439 73
368 77
197 99
374 77
