4725
134 48
91 88
189 84
82 54
124 69
829 23
413 73
535 49
589 99
833 56
945 18
192 38
369 80
902 92
846 13
360 45
68 83
862 11
342 45
258 77
233 94
319 28
389 14
465 92
801 95
925 22
922 50
668 17
317 22
283 42
623 30
589 6
457 64
537 61
595 100
242 11
816 94
637 48
694 67
581 39
331 16
758 48
128 9
126 14
364 39
519 9
441 86
248 79
917 35
124 26
539 43
775 82
511 57
724 42
584 19
867 31
886 86
673 37
177 14
763 39
334 94
883 22
634 67
743 10
391 41
833 72
153 31
280 72
170 36
390 77
384 11
939 74
329 90
148 41
622 89
528 38
607 22
939 16
203 36
598 16
116 1
888 65
327 24
467 96
584 77
192 72
162 46
491 23
178 57
90 49
192 50
709 24
746 50
217 85
549 1
694 85
11 94
942 100
697 86
567 92
763 4
206 6
246 64
242 54
248 73
272 57
399 97
229 65
241 49
629 39
490 71
245 19
439 1
467 42
233 2
351 3
127 13
377 54
221 68
267 78
309 85
551 33
634 86
175 15
140 73
97 64
341 44
278 99
810 73
902 14
319 61
592 21
501 37
303 75
460 52
126 75
195 90
478 13
943 34
687 30
502 29
207 89
779 98
729 71
920 14
172 79
771 19
46 61
349 74
604 62
399 93
901 49
306 99
291 13
137 4
94 61
866 97
324 20
18 85
755 99
893 16
10 60
760 85
615 68
151 45
190 23
200 55
204 16
174 98
800 74
112 33
464 41
322 83
120 60
371 28
388 26
447 40
756 5
181 100
865 86
430 89
363 88
499 53
798 82
484 11
545 36
529 24
196 44
499 53
273 82
463 17
841 3
589 25
595 78
560 8
90 67
770 35
198 30
474 57
537 61
28 58
456 13
726 87
867 49
751 56
270 72
151 95
655 7
371 78
579 73
780 33
80 67
341 18
118 91
151 41
812 78
591 80
205 39
782 47
890 99
57 91
692 37
421 66
314 50
838 27
380 69
77 19
911 33
211 19
648 67
891 51
434 67
502 65
716 44
580 6
428 35
944 22
638 13
50 7
84 79
598 40
408 14
329 56
39 20
240 52
678 43
88 13
201 59
403 19
857 70
631 50
43 61
729 50
587 14
293 33
739 84
771 80
460 20
347 21
268 40
197 67
400 62
557 95
790 79
617 51
832 39
243 26
277 97
920 92
52 36
164 95
613 53
109 70
173 83
133 61
875 80
880 27
808 6
928 39
603 20
91 39
107 77
498 39
671 99
449 15
919 6
314 92
393 7
431 81
483 24
929 25
480 47
117 85
416 8
49 48
753 47
731 91
639 5
158 56
533 41
326 97
36 25
213 88
420 24
65 69
937 1
124 75
704 80
478 49
497 92
131 27
700 20
454 36
454 14
411 15
118 75
898 38
282 62
672 62
783 64
811 55
691 32
75 55
622 47
403 38
676 85
10 93
755 54
155 5
420 14
859 63
656 84
15 7
446 21
483 43
286 8
117 1
397 95
253 97
444 59
220 9
514 53
656 87
81 90
418 67
860 47
40 33
17 95
772 79
357 2
426 16
290 43
185 67
852 42
865 73
755 44
731 35
302 60
513 83
400 60
147 66
551 26
602 93
695 57
202 94
35 72
655 93
915 88
345 74
328 37
62 97
145 31
4 76
75 95
838 73
160 46
503 48
668 29
343 26
308 36
938 9
517 78
472 6
88 47
83 33
244 72
574 90
202 8
191 7
124 78
639 23
10 40
214 91
826 16
548 78
895 50
708 19
669 76
116 66
279 63
355 34
921 44
358 47
120 58
118 54
167 38
741 61
665 50
38 64
597 6
143 47
349 56
155 93
831 91
882 28
329 61
264 85
422 29
101 56
279 44
721 81
699 69
259 97
257 69
157 7
397 79
2 66
144 44
207 2
470 74
889 92
805 81
443 25
482 36
487 36
694 8
503 71
114 37
542 41
813 61
150 21
545 44
75 70
321 22
681 46
149 28
21 58
337 100
398 85
639 89
429 50
51 4
682 17
82 18
802 14
782 28
241 84
812 55
623 59
690 71
563 58
905 56
331 21
837 83
347 20
459 41
258 59
830 88
397 96
881 77
862 41
6 53
614 73
739 30
593 91
771 90
171 63
550 77
33 83
32 59
849 82
323 23
426 57
885 11
901 8
432 65
241 70
450 37
476 89
521 54
