6806
141 45
1146 97
967 71
1148 84
1212 53
302 40
283 59
823 17
854 91
420 37
507 88
240 86
179 37
1255 68
937 99
237 55
429 57
621 23
1019 70
1347 38
1110 28
1236 37
265 30
617 59
392 23
1070 53
1353 71
961 88
5 56
1273 88
548 51
206 2
1357 40
786 38
637 61
49 85
516 40
1128 46
406 57
68 63
377 14
95 48
535 13
206 84
711 84
204 19
1071 84
394 83
461 35
23 50
442 1
407 43
405 96
21 51
1239 73
17 37
951 78
310 33
658 22
333 2
918 42
665 18
251 23
958 92
286 81
1266 78
197 29
1166 30
243 39
547 87
1098 99
385 27
147 67
333 71
328 19
1214 47
115 39
1295 63
199 79
1185 41
535 9
565 52
1127 34
939 50
22 54
987 55
971 70
583 95
182 38
512 28
196 77
1097 60
54 2
497 76
676 1
140 70
1197 29
1104 19
1226 9
899 10
61 80
1196 98
711 56
83 73
779 34
1107 71
1247 50
507 87
102 22
752 61
145 37
1226 52
512 51
229 2
1201 72
470 40
1189 87
7 4
31 96
75 47
1093 47
713 4
1252 33
564 7
1011 64
861 39
1142 77
568 19
826 94
792 45
272 39
619 83
473 41
262 99
947 49
357 46
104 49
663 29
125 75
958 24
625 38
179 89
1209 7
196 44
1051 76
938 74
807 91
174 44
397 97
1318 6
687 22
767 89
835 76
769 25
1054 55
1340 72
417 62
883 69
576 43
604 47
808 79
560 95
1249 89
447 18
560 97
201 25
577 60
847 37
194 40
317 100
1178 51
762 15
1186 30
161 26
1150 35
564 89
292 11
186 2
1112 53
201 51
397 41
358 38
748 47
676 97
213 61
580 80
539 79
80 16
792 69
863 55
368 78
509 68
534 25
377 55
606 61
983 96
1014 1
944 83
108 17
56 93
1090 6
1116 38
512 11
167 38
767 38
907 27
913 23
439 43
572 92
123 52
957 100
968 60
1254 37
335 29
540 77
353 79
179 96
1068 47
938 82
933 59
1278 63
1048 79
302 45
1243 54
836 29
949 30
997 86
989 48
95 8
563 55
223 48
671 97
1243 57
1272 47
32 8
680 42
347 28
600 44
1005 68
157 47
476 93
263 45
45 19
1039 16
1330 83
734 19
1221 64
602 15
445 22
303 88
883 86
1342 69
1120 34
610 38
533 77
1008 16
528 84
944 3
319 71
144 33
91 16
151 36
1273 52
644 90
652 12
311 28
450 65
334 55
1222 80
951 37
1205 47
1068 24
58 21
354 7
223 1
355 59
1282 57
798 25
505 47
1349 100
1132 13
1122 49
392 59
658 85
422 36
492 80
113 15
689 87
1105 99
1107 12
571 75
511 46
200 58
91 82
527 49
316 33
800 23
1273 87
309 76
147 2
236 60
258 67
1355 5
776 9
1075 59
365 68
634 15
1079 16
147 48
221 11
1092 81
1014 12
401 88
1146 64
354 36
1292 39
841 85
1332 42
1335 38
5 9
474 23
614 62
855 80
419 76
381 74
665 87
976 42
481 81
1222 7
539 31
323 65
670 4
887 20
584 41
426 8
725 93
437 88
1212 22
1127 94
751 78
1037 97
908 83
882 4
1346 93
751 96
112 31
1017 68
905 98
670 20
313 45
205 43
914 24
165 60
974 99
369 11
1017 20
489 18
58 11
329 84
380 58
693 4
587 73
21 12
1104 18
202 5
498 42
474 64
475 42
594 14
294 56
1327 29
93 39
629 45
1272 30
626 13
663 24
1157 27
205 24
592 78
738 23
1303 92
1035 65
941 97
54 77
858 57
1067 45
460 88
1042 30
799 63
236 56
740 100
481 36
233 62
1108 27
1333 1
795 41
1238 58
663 42
1308 64
128 73
32 82
1001 12
522 6
1128 27
1345 63
11 23
259 38
1152 6
724 5
806 54
820 81
502 83
620 64
1290 80
482 5
779 36
353 77
677 1
275 52
524 3
423 80
1358 43
1324 76
337 18
560 86
972 46
1263 39
772 16
853 12
1013 41
308 34
44 9
32 62
332 96
304 64
1195 46
200 83
130 29
662 72
1309 79
207 36
1116 42
1317 94
98 69
1295 63
3 20
517 2
282 3
524 63
796 53
495 99
94 28
1122 42
1193 93
1270 83
380 67
461 79
578 89
404 34
694 44
1212 83
1140 88
735 39
293 34
161 86
406 91
681 26
1185 33
1147 33
1230 90
1075 88
1178 52
1088 96
1122 95
1142 37
825 57
1327 81
736 59
1036 69
132 60
280 93
986 91
441 45
237 7
667 40
942 91
342 34
899 45
1240 11
1243 26
250 43
794 6
1254 99
428 25
495 4
201 69
311 53
327 26
522 69
774 26
