9784
476 99
920 19
1442 24
27 19
91 30
1854 45
1423 98
743 2
1841 14
1901 86
1663 4
1024 5
767 46
734 56
886 89
1266 34
1781 66
1472 1
403 50
874 67
1342 91
141 33
1787 43
186 91
1562 87
745 40
1875 40
505 74
1208 45
407 35
1226 17
1270 4
379 58
988 33
509 63
1792 62
751 75
1707 41
1768 29
1293 89
548 51
1319 14
182 96
1183 35
1566 89
1646 14
844 42
936 63
1831 88
105 49
1053 3
117 60
241 39
921 79
197 37
1598 85
1658 96
66 15
608 47
270 44
492 81
1333 12
1861 55
641 75
224 12
337 36
1912 66
1814 75
1597 59
1598 88
292 15
1620 19
336 26
1166 54
4 85
859 34
1187 27
1804 62
1739 86
1132 11
1472 38
1076 61
272 83
304 39
497 41
1412 61
1696 41
3 77
701 51
1463 58
1049 4
936 3
993 37
1602 96
1764 73
1000 99
664 29
464 34
432 74
753 74
1541 30
379 58
943 89
1900 96
1884 91
1344 17
1853 70
970 21
815 78
132 73
584 74
402 47
25 27
1427 99
1149 19
417 33
34 100
631 73
219 17
911 4
1288 81
593 56
1062 57
97 6
506 29
538 15
1074 47
301 60
1424 46
1517 48
826 80
1706 88
24 85
660 70
646 4
763 87
787 54
210 19
486 16
390 63
1225 55
1052 60
326 59
283 94
558 51
1268 85
1026 48
1060 90
266 72
1828 80
361 19
1152 79
1718 82
26 18
762 6
247 78
686 45
1161 41
1822 46
726 17
1061 84
548 38
1155 62
1913 34
1137 37
250 85
1312 72
678 33
717 58
492 80
1450 89
1444 79
407 16
1669 51
212 30
1601 12
1482 77
909 47
375 25
503 71
391 22
1792 46
1207 40
923 33
671 8
1366 32
1659 55
153 70
1014 41
1659 22
975 86
1684 71
1655 53
796 99
1125 50
1450 95
645 10
1570 92
496 71
285 5
904 77
719 88
403 61
960 72
380 72
586 32
557 10
1591 23
925 77
1415 52
1261 88
1611 24
237 37
1837 45
244 70
1777 30
233 73
297 9
1919 24
1170 12
686 43
1934 48
55 65
804 55
357 73
883 74
536 30
1254 4
1638 92
1180 3
531 36
968 33
127 87
1722 78
340 53
655 62
654 60
1781 63
63 85
1152 7
359 74
1899 31
167 57
1857 62
1198 19
892 20
920 60
1328 84
686 27
1059 35
1386 20
1631 3
1515 94
50 79
1632 37
1518 82
1856 92
576 67
506 25
822 79
1415 22
1200 76
1865 22
1354 6
153 4
970 27
129 41
628 92
1863 77
780 36
1074 61
1363 15
1407 77
61 23
110 9
1722 85
1710 81
1459 86
5 86
1357 36
1128 35
344 67
1458 83
526 38
423 74
1668 87
469 18
720 61
369 44
1708 15
1885 5
1583 68
994 98
1623 55
1491 19
1329 48
1152 74
1267 15
1 29
1169 51
1616 41
55 18
981 49
411 97
406 26
1786 90
1839 64
306 22
1516 100
1337 62
175 83
348 65
1858 95
1582 64
1616 89
1115 95
1523 45
151 97
283 33
415 24
76 31
1506 60
835 12
938 79
399 41
1729 85
1072 13
591 20
541 3
1090 82
171 83
630 36
106 42
123 83
1152 92
86 93
171 2
1092 27
199 40
1950 73
607 82
528 12
398 37
552 75
1651 2
1259 67
1670 73
141 25
1926 30
1581 28
1944 44
1830 43
539 65
808 46
676 6
1136 88
243 40
198 99
855 57
1226 25
1491 18
1689 38
1427 39
1057 28
220 95
1503 54
1763 90
1038 49
1772 66
722 71
860 6
1506 59
506 98
1316 53
1225 45
1006 26
812 65
1318 58
1047 28
773 87
731 12
1135 55
1932 24
77 16
1409 53
1358 12
1348 85
1166 53
1444 81
381 1
794 96
1192 31
393 70
289 52
440 87
468 72
1794 36
559 41
1119 12
1951 13
506 51
688 99
1235 20
1288 30
1790 79
1152 67
936 72
712 4
718 15
1785 90
1951 57
177 37
48 36
1872 47
212 40
107 32
1915 91
1452 70
1275 73
953 7
806 100
586 76
1152 42
1406 13
991 17
1144 100
929 93
1410 78
1546 38
255 51
1864 83
433 4
869 1
162 11
356 66
1126 26
1040 64
639 92
1001 25
1244 95
1372 93
971 41
224 9
1259 33
325 15
420 64
263 77
4 73
1576 18
1188 50
93 35
417 8
917 68
1425 91
124 61
1052 99
407 21
1020 16
576 38
1107 93
810 89
1636 98
954 92
1040 69
1125 71
1110 11
1434 43
57 20
1683 47
1342 8
829 64
415 66
1839 56
1165 35
187 16
414 73
1816 40
1841 13
1452 60
1099 22
1054 5
1344 9
547 13
1917 68
1731 86
77 61
1386 68
1166 66
589 55
427 45
1688 91
986 45
1683 93
1951 50
1826 89
1806 60
1030 78
1805 87
1445 40
71 55
1861 57
53 52
273 84
1607 45
1819 10
997 95
308 64
788 17
1003 33
1641 9
