9469
256 65
781 40
123 62
1322 28
594 59
209 82
1309 66
1559 63
237 48
474 100
909 18
1848 36
55 94
1027 7
1076 27
278 98
1040 85
1597 14
178 13
10 40
1441 77
271 18
1676 9
1621 7
524 12
139 83
742 60
128 41
587 45
119 53
967 81
1756 87
263 82
1244 64
1011 79
508 18
961 86
1507 76
9 100
191 57
1074 60
774 35
1133 11
61 81
563 54
1223 14
199 90
394 5
399 45
1685 86
1001 100
646 74
1131 81
1765 30
757 24
907 6
1789 37
215 92
1162 70
1125 11
772 11
1061 72
1276 71
756 83
1367 60
1873 57
52 90
378 50
1229 61
1086 7
823 80
441 64
1292 10
1617 31
186 90
1649 56
397 90
845 56
1448 11
278 15
1599 93
1034 75
889 47
593 20
402 57
1176 34
162 14
900 46
697 8
1822 93
1057 73
1852 64
480 21
1072 94
1194 38
308 47
136 73
1135 72
1099 16
443 12
1228 98
102 51
328 3
1588 97
1263 28
37 15
1319 36
26 77
352 26
791 87
1298 57
20 7
1819 44
560 80
1528 92
1188 63
495 1
1565 85
1391 49
282 42
1445 89
123 81
1607 70
219 11
1012 57
389 46
1648 47
1087 17
1474 50
1849 15
1497 32
1703 78
1449 84
649 18
635 15
55 96
445 61
463 100
1147 24
155 59
1366 65
415 86
1402 36
257 13
1150 30
1250 86
473 10
1091 30
989 34
1801 44
429 23
1127 93
45 37
1821 67
1019 43
1755 65
1817 46
1780 46
1767 74
438 27
1177 29
1373 90
329 53
135 72
1566 93
1616 62
35 1
533 81
819 42
1788 49
520 97
1495 37
1361 63
205 26
768 54
1339 64
308 18
1204 41
1634 56
1671 59
1019 60
615 99
876 17
99 33
625 28
1258 5
1529 76
1272 45
1618 65
104 26
1219 21
638 64
44 98
570 60
970 61
1871 24
480 64
1176 70
425 25
1452 3
1830 22
996 35
1064 67
521 95
500 60
669 17
1207 32
1742 7
1493 37
608 10
576 58
969 59
14 85
870 44
606 5
1293 55
1321 49
651 51
1851 16
1774 9
1358 58
648 53
1540 12
775 41
907 89
1737 77
194 99
1389 91
1412 93
1530 15
1382 94
282 83
563 1
674 78
408 78
723 97
46 42
486 55
253 38
1473 93
124 83
922 42
1113 14
871 10
493 48
227 42
1297 96
1682 92
1002 49
1554 59
342 81
1614 96
982 26
735 26
854 70
1752 59
102 52
1816 98
1720 98
684 83
1615 2
1006 18
826 5
1216 54
1875 82
761 76
705 97
1744 83
363 8
1606 99
353 62
99 99
1072 77
318 55
894 58
10 43
439 22
467 10
539 44
1132 31
953 20
1550 96
1192 85
967 30
967 79
1132 98
1365 17
1137 9
857 76
1743 74
873 38
1204 74
91 14
249 21
1487 72
246 54
1635 76
1522 86
1563 43
34 97
532 58
1752 93
1312 81
836 67
1706 31
614 88
1832 58
224 98
1367 62
1093 95
361 16
1158 77
1667 4
127 14
207 39
1364 56
175 83
259 58
1818 1
361 37
233 8
112 100
1873 94
1493 84
1391 65
1498 12
576 96
1580 77
1777 99
1774 23
1244 70
190 15
1749 3
689 14
862 45
1275 73
1039 25
1743 62
3 60
883 64
451 7
1768 26
613 60
974 5
903 25
682 32
1469 62
1687 1
825 75
603 56
1854 47
824 100
1447 46
111 91
1117 49
1062 11
1334 53
592 36
1481 61
1698 96
293 15
742 73
1295 35
1062 48
697 94
94 96
1378 31
926 77
1757 88
1710 1
174 91
260 15
192 43
1608 81
1049 55
1847 92
1637 20
706 29
919 32
1205 74
1695 74
1557 35
1103 92
211 34
1225 54
202 79
1647 13
1718 12
274 27
63 98
1005 14
217 43
461 23
1265 11
1030 62
333 25
1329 92
1417 31
23 53
1894 42
63 3
1218 24
1116 80
1586 66
1338 95
758 70
373 40
1718 91
668 23
1259 57
80 72
983 35
857 35
180 3
259 46
645 65
458 97
1762 49
1814 41
1189 44
522 54
216 66
1250 47
1427 16
1873 12
670 65
1001 44
1024 97
768 89
1454 28
1342 15
1613 57
684 25
673 29
128 23
508 82
1282 97
1629 42
1493 67
564 66
1534 99
1743 36
1823 50
1382 86
1543 3
1639 75
1646 15
958 77
1115 43
1350 51
330 49
1627 66
856 88
945 71
1354 38
178 12
1010 40
690 12
1845 100
1818 1
532 70
1143 84
1659 68
202 70
701 66
1202 24
588 27
2 81
776 79
514 44
1092 34
1317 39
1260 8
1332 75
1222 73
893 68
374 49
347 56
873 85
633 36
381 6
19 37
45 68
797 57
1878 97
416 46
1614 80
313 59
71 14
1138 14
363 56
83 88
197 51
1047 13
161 64
900 100
1219 83
1421 30
1155 92
830 3
1068 42
118 19
1213 64
894 80
1677 20
1321 70
50 23
495 83
354 9
1122 24
959 65
1353 36
75 96
193 1
317 64
1836 65
990 36
1439 96
1842 70
593 33
