8641
1410 90
611 7
578 43
917 3
511 49
1264 17
1133 37
1582 69
1127 62
860 21
905 57
549 71
1207 80
1560 20
208 100
1419 76
1304 97
190 12
1564 36
742 46
1695 1
830 97
133 29
441 63
983 86
822 48
737 41
16 72
932 22
631 42
486 18
1498 79
1327 18
374 76
320 2
191 37
157 65
1037 24
271 31
1588 89
993 81
890 4
116 88
1595 78
45 85
387 43
590 100
1311 22
962 27
1471 32
66 41
1581 65
1174 69
618 72
1069 17
1580 35
526 56
950 60
164 65
639 64
371 17
1395 10
470 82
462 4
549 13
1191 35
1408 69
1371 73
875 84
710 20
1633 16
942 5
378 63
681 6
1316 63
363 57
278 50
1368 99
1359 22
1320 85
205 82
924 23
1487 57
1665 1
995 8
544 13
1268 65
43 98
382 82
161 99
1503 64
328 81
1502 97
793 44
516 65
57 82
625 7
682 39
1559 55
1701 17
944 43
195 17
1657 90
1313 47
330 88
543 36
1182 97
593 59
726 50
892 55
248 98
177 19
1716 98
1353 87
191 19
1725 25
218 16
808 49
600 5
881 25
1446 25
537 47
503 24
559 11
97 47
1056 41
1420 97
127 84
540 36
879 84
839 67
845 66
1175 27
215 41
1444 80
845 33
1187 81
1114 50
1553 42
1680 74
1472 62
1678 61
401 5
841 61
1482 2
1050 89
1053 31
1288 32
1287 10
127 96
1475 70
440 83
895 11
819 16
1543 62
229 77
1680 97
1718 50
931 94
1191 34
489 84
340 5
68 7
423 48
917 78
27 8
79 20
978 83
1373 39
1536 48
1324 15
1412 15
1104 56
1693 42
1321 56
824 46
529 51
1119 8
1480 31
1514 40
1055 14
25 31
481 21
1440 4
1338 16
1021 69
554 32
977 14
129 4
1064 73
1201 22
909 21
1643 23
191 74
1547 8
257 89
289 42
500 66
1086 60
145 71
1047 98
778 29
332 30
590 4
727 43
1559 6
302 42
1407 57
1081 99
923 87
1512 29
963 65
247 8
1213 39
731 99
145 14
1003 73
999 97
148 75
1107 26
1227 35
1140 3
738 52
798 71
432 48
1335 66
1173 55
1336 42
1217 61
945 77
435 84
967 30
1009 98
971 77
1315 98
1131 38
1416 93
729 8
1433 78
1209 11
16 23
361 4
1525 95
91 20
714 44
419 78
1614 22
1116 17
120 21
1019 51
1449 49
670 30
627 59
332 61
552 87
866 2
488 100
386 98
1369 68
809 69
186 57
143 37
388 1
1078 61
1706 66
1324 47
238 22
455 66
470 88
1494 89
1584 3
357 31
837 53
304 17
1060 19
577 55
744 60
452 55
471 93
436 6
85 65
141 65
721 86
575 62
1453 60
1642 1
1448 21
935 64
939 6
21 26
1227 36
19 29
473 51
828 74
1400 23
686 94
1184 95
708 48
1463 53
864 18
965 24
987 98
1520 48
374 16
1710 77
798 99
1130 60
1372 18
329 48
1006 74
42 62
465 45
1472 22
126 21
733 46
525 42
416 72
780 77
1229 10
1054 83
643 97
1619 22
633 12
66 95
965 82
1562 4
1687 2
1179 98
603 42
823 63
1007 58
1291 94
1237 12
908 35
1577 33
407 74
919 23
1728 66
1405 45
541 10
1569 70
456 82
39 52
1285 84
380 7
874 38
256 77
107 16
1445 44
545 28
1117 8
855 2
226 8
1623 6
202 99
938 32
394 84
932 13
202 33
1690 53
1435 61
443 64
714 15
298 7
251 9
596 65
455 34
529 95
1653 60
1508 39
920 58
1074 92
672 50
1301 68
84 6
1374 55
1460 69
220 24
656 6
1726 65
963 99
164 12
610 15
586 86
324 63
896 64
995 72
281 96
1572 38
671 23
19 28
1349 5
939 69
537 10
363 82
1467 64
1619 55
1004 34
204 43
818 37
223 38
1212 1
59 98
1097 70
847 58
248 6
36 27
543 88
961 22
1050 52
1428 97
373 10
1073 73
1608 98
205 38
1349 40
1111 68
857 49
981 74
197 5
1106 3
735 13
995 50
899 11
878 19
1429 1
1227 51
143 87
245 67
578 50
910 28
1060 81
725 12
1306 78
336 42
522 26
1331 84
1162 51
1677 22
1216 87
871 27
1662 95
445 57
492 43
927 41
1419 43
913 10
133 5
708 54
966 19
534 34
68 94
1301 40
1226 76
1249 47
667 43
1286 8
1517 12
1412 24
2 99
299 14
1081 41
1392 24
774 54
766 33
625 28
1144 34
1188 56
1224 39
862 31
68 27
1266 25
314 61
370 43
1449 1
159 41
767 30
1385 45
886 53
295 37
877 48
1491 4
1003 50
220 19
333 6
1268 38
811 24
1611 90
1395 36
385 94
674 39
546 60
1323 55
179 88
378 30
1083 24
460 67
1539 81
854 28
29 59
344 5
1526 10
645 77
81 34
222 97
1471 59
616 87
185 24
116 62
1670 93
1264 86
708 89
1262 70
1124 20
1663 63
1146 65
966 67
236 37
689 97
158 52
1247 39
248 48
874 22
1215 23
129 42
1013 61
1080 75
1122 3
610 79
757 95
