1533
210 94
208 57
52 57
300 59
119 92
217 14
177 47
237 55
143 7
40 50
178 10
161 55
2 11
76 62
214 90
11 42
300 19
55 91
228 35
219 84
252 34
144 58
300 5
35 49
294 55
164 46
92 61
141 76
221 27
197 30
139 3
158 82
120 15
183 14
15 2
140 33
293 85
278 7
246 23
14 85
108 18
148 39
183 76
166 25
73 91
44 51
93 51
192 6
236 62
175 72
303 61
288 12
47 12
220 29
125 57
248 24
154 50
189 27
90 84
288 26
305 58
76 32
259 91
306 54
144 64
145 37
277 69
147 23
246 69
24 31
18 60
300 91
192 42
255 37
230 10
186 78
162 21
163 71
137 5
101 94
3 87
289 16
130 29
193 20
279 9
268 36
55 49
283 71
173 2
9 34
26 14
242 65
136 39
168 15
53 7
143 26
155 74
241 85
119 11
202 28
93 81
238 49
52 86
198 71
285 64
158 92
245 65
39 46
136 96
78 23
9 55
12 22
306 19
135 54
59 100
194 28
188 90
145 41
11 23
22 77
185 65
110 5
237 40
188 90
276 94
41 37
83 47
278 12
26 52
232 68
72 25
241 73
80 10
9 94
15 77
217 100
239 38
83 70
275 72
222 44
95 27
115 57
203 85
302 29
120 80
258 11
136 73
303 100
175 67
206 26
10 88
183 73
195 20
52 4
62 7
212 40
117 42
56 72
58 13
77 1
278 69
227 19
72 7
105 36
291 6
37 90
306 77
148 80
303 80
209 14
261 84
212 72
28 5
211 77
291 6
17 21
49 65
110 29
134 9
166 9
148 13
167 75
68 33
171 36
99 91
295 50
127 73
180 20
41 35
218 66
199 94
146 29
219 62
176 39
175 4
105 8
51 45
53 56
157 13
115 11
305 65
45 77
145 20
227 18
166 35
149 11
277 46
110 84
94 100
7 2
195 92
179 13
285 48
99 42
268 97
69 17
98 91
208 45
273 5
44 66
243 80
304 13
129 96
108 36
185 6
65 92
114 51
243 71
5 52
195 47
235 98
241 97
134 97
228 10
274 18
120 25
247 38
122 11
199 2
163 40
64 21
46 27
65 44
303 39
272 91
24 29
164 18
283 79
92 18
168 25
220 71
71 59
10 18
291 70
292 8
164 60
41 38
52 8
42 57
241 25
120 25
250 75
270 2
180 6
306 16
79 4
296 38
197 18
219 21
233 52
64 79
235 67
82 44
248 14
231 46
198 66
16 50
99 38
261 77
176 68
138 43
120 41
209 75
68 1
20 34
222 74
254 57
245 23
55 74
225 55
210 42
154 68
111 3
150 13
232 95
154 5
119 44
83 87
24 3
46 30
118 27
136 2
136 91
201 34
139 89
140 28
216 1
56 37
64 23
54 60
306 13
215 89
193 34
223 7
139 88
35 50
77 19
220 16
11 27
261 53
156 87
140 94
58 71
244 21
56 94
192 8
82 35
181 44
115 39
241 25
40 34
169 60
114 6
51 93
239 6
245 6
6 78
149 81
199 75
65 66
77 28
291 91
257 9
51 84
10 78
262 4
210 13
166 17
123 31
111 72
72 10
197 78
182 82
65 89
201 73
141 26
242 6
206 30
106 25
273 39
222 1
289 7
253 51
266 98
165 50
203 75
154 49
284 71
33 42
177 4
197 94
38 78
34 78
86 19
81 29
201 35
95 64
150 89
227 13
189 7
77 16
271 18
277 7
52 23
210 20
228 37
299 49
48 47
207 29
219 40
24 73
209 83
295 63
150 79
236 59
262 6
298 83
29 7
10 45
267 85
151 20
266 95
161 51
148 62
305 34
24 36
177 76
272 85
254 10
225 35
113 97
224 78
63 88
192 67
251 72
152 16
259 89
70 23
266 11
191 67
106 8
156 47
285 10
301 23
49 24
209 7
172 9
165 19
74 24
62 82
158 24
169 86
284 91
248 32
279 5
127 27
81 41
275 47
80 46
171 60
249 3
10 68
145 16
57 100
165 41
125 24
153 1
294 76
27 60
231 78
37 75
207 48
153 21
36 1
117 65
205 22
251 97
200 97
170 29
88 48
258 93
85 3
292 32
195 39
28 29
290 54
174 17
273 15
134 97
293 47
209 18
249 19
102 72
49 99
45 64
277 46
201 91
192 93
276 72
197 32
16 69
34 3
143 3
161 50
229 58
262 55
142 58
289 43
144 71
201 44
292 99
173 71
102 78
41 28
9 15
51 32
30 90
66 36
126 80
282 95
79 19
19 94
293 67
243 17
130 37
228 45
46 43
136 54
78 69
164 75
109 90
148 21
60 54
236 64
200 89
263 54
144 75
269 78
125 62
187 73
196 19
60 36
255 90
88 6
296 49
259 61
37 45
72 22
76 87
131 23
167 44
5 89
244 9
206 14
152 100
252 61
278 78
220 67
54 80
288 87
