1404
276 96
266 76
112 16
66 83
41 4
79 59
34 79
50 56
53 92
93 95
115 33
239 17
41 54
262 16
123 70
100 48
221 54
256 77
273 57
195 5
273 77
75 48
33 62
136 1
57 81
156 47
163 18
151 11
257 56
238 56
243 58
224 13
209 81
19 99
247 37
98 88
28 30
128 63
245 10
23 5
46 95
30 84
265 4
73 76
103 63
183 91
55 16
26 50
171 65
270 54
106 73
252 33
184 21
59 27
270 50
254 52
139 19
35 99
42 15
227 20
19 39
236 70
9 80
140 63
175 67
170 86
257 48
94 99
114 94
248 23
235 75
252 52
84 92
246 29
125 27
205 28
179 18
18 9
173 97
184 27
168 26
257 85
23 7
14 72
268 46
116 69
253 42
259 70
116 59
279 29
244 72
55 6
274 41
89 83
97 59
155 90
261 29
207 89
254 35
126 80
270 31
20 20
64 33
7 60
280 83
264 95
60 86
107 96
221 33
176 88
147 70
182 73
280 99
98 18
59 53
227 7
181 11
109 90
108 81
48 97
239 34
194 30
275 80
147 73
111 59
7 73
160 63
243 6
257 42
72 64
190 95
109 3
190 49
148 44
254 69
39 62
38 70
95 32
275 27
54 45
186 20
112 97
32 19
3 9
201 81
192 73
131 23
97 76
217 65
43 96
60 81
48 28
219 36
193 4
170 7
112 78
166 63
83 23
78 91
41 35
268 60
120 39
156 58
179 25
201 5
179 5
92 8
97 89
56 29
71 96
117 57
70 82
140 50
68 65
241 29
170 22
129 85
62 12
230 48
208 65
50 5
235 27
218 84
272 66
172 3
166 6
150 70
34 46
59 51
235 36
63 51
3 11
106 89
186 35
46 100
245 83
187 36
275 96
159 79
40 33
99 71
15 2
36 89
183 6
110 92
41 94
105 9
195 85
171 12
30 29
103 34
131 80
124 100
212 67
224 42
167 67
172 97
232 94
200 77
278 78
101 46
270 27
27 100
93 94
146 50
245 87
93 51
98 50
1 88
121 24
88 82
192 97
268 90
153 62
16 24
232 15
228 30
237 49
228 100
1 11
95 15
242 4
67 26
2 38
178 15
243 27
157 16
187 79
146 72
53 87
207 88
131 24
232 33
203 41
160 27
77 90
16 10
23 72
210 63
252 16
249 10
142 58
235 40
272 7
153 1
177 10
72 57
278 65
78 24
27 31
127 38
168 34
192 40
263 74
134 17
71 77
213 24
42 91
204 73
27 56
281 36
34 73
116 87
46 62
160 70
84 46
229 21
232 64
181 16
23 45
141 84
26 96
244 9
257 10
154 17
191 49
90 56
193 64
13 63
39 75
69 64
196 19
278 32
172 37
272 30
30 21
16 3
186 13
244 73
179 36
264 39
16 84
12 41
59 94
132 50
58 21
149 43
36 9
212 88
43 66
131 51
245 37
243 47
93 100
262 5
52 30
143 83
215 58
244 26
68 54
201 87
18 35
211 91
83 81
152 91
16 70
75 54
5 90
113 70
93 95
22 45
129 71
113 67
229 55
157 87
210 15
8 82
229 68
51 87
58 28
225 12
37 20
103 45
32 49
155 89
260 36
172 95
63 82
112 62
277 20
22 86
18 99
149 40
36 99
235 95
63 33
171 33
101 36
103 52
21 11
4 29
207 91
155 96
28 4
121 71
47 63
122 36
70 43
119 30
109 52
263 44
103 54
5 92
178 87
274 18
110 88
24 8
277 49
106 79
163 84
178 67
38 86
39 50
224 52
257 83
235 44
273 72
109 35
161 10
184 15
126 77
246 48
207 85
64 99
102 10
148 78
202 34
86 62
278 43
48 53
53 8
257 31
18 11
143 6
36 80
207 93
67 26
130 43
39 30
143 4
268 33
29 73
144 73
146 51
40 40
257 48
162 1
52 72
139 12
234 73
181 86
240 21
32 37
97 34
91 63
208 52
133 93
261 81
147 94
22 72
186 96
61 96
255 83
248 99
92 31
33 83
158 56
217 11
76 89
117 31
77 6
94 73
69 4
231 8
144 94
44 25
18 7
166 20
90 29
29 83
1 8
122 96
227 67
26 49
174 95
55 49
132 27
163 20
35 75
116 55
16 44
238 87
242 19
100 49
52 44
46 61
104 22
23 64
190 42
104 68
149 97
205 17
118 97
36 61
110 91
160 63
243 17
139 63
187 10
97 45
20 43
63 26
188 81
32 35
184 63
125 50
16 70
78 78
237 47
267 39
192 67
16 82
247 2
79 81
281 39
248 25
49 30
161 91
14 9
28 25
261 64
89 83
234 80
97 87
44 13
205 15
37 77
58 56
224 37
175 66
80 11
111 42
55 48
80 84
232 35
88 83
155 83
96 38
56 17
146 81
80 54
252 23
254 68
18 22
50 59
221 36
58 62
14 47
26 75
147 43
190 70
150 83
103 48
75 57
41 99
220 41
219 90
27 94
26 21
80 79
