2496
180 19
191 8
193 23
325 80
56 76
444 5
317 78
198 5
305 74
363 99
295 58
143 71
396 99
55 34
287 45
467 99
79 30
479 35
353 81
113 51
330 98
410 66
402 24
83 18
209 13
65 7
485 85
124 67
498 85
310 47
311 32
215 72
253 83
67 63
122 2
310 48
118 91
138 19
68 41
278 81
77 22
478 1
37 3
125 3
259 53
10 69
335 44
7 56
87 28
171 24
33 63
74 76
299 54
21 51
296 86
199 52
378 56
224 65
90 98
54 38
166 94
408 24
99 46
138 51
39 21
107 8
172 90
184 57
246 35
126 50
353 74
406 47
419 94
128 32
414 86
95 77
286 25
491 4
145 8
205 48
58 42
58 39
211 59
379 73
81 19
110 30
129 19
419 84
401 70
245 5
186 45
372 27
225 71
406 89
454 95
172 73
416 62
110 59
166 67
244 22
445 43
181 47
228 37
407 1
381 61
448 45
338 55
40 79
431 22
183 23
66 93
180 14
169 41
238 35
487 81
205 41
62 37
343 5
271 56
477 85
208 99
449 100
483 87
49 76
380 95
423 95
60 73
250 29
42 3
103 61
122 1
86 75
349 63
67 70
493 40
478 5
187 1
204 83
367 41
197 98
107 27
362 59
174 33
403 73
458 52
16 34
63 73
457 32
179 68
426 46
21 29
255 13
43 39
450 35
153 52
328 99
208 8
89 7
175 74
59 100
483 45
203 100
211 17
191 85
14 32
115 99
252 50
206 57
324 88
51 70
295 47
449 78
45 9
330 61
304 86
270 48
90 80
439 6
191 9
84 82
229 68
52 35
400 60
161 17
475 40
440 24
131 91
453 30
25 8
76 91
333 86
330 37
207 32
315 30
104 94
385 79
81 21
424 8
171 39
17 61
150 64
403 26
476 11
346 50
465 45
121 22
366 73
478 58
248 62
124 82
46 65
280 9
374 30
174 82
399 99
36 100
157 14
400 19
281 42
1 82
40 29
465 43
348 27
214 50
325 39
489 74
26 38
336 76
463 41
92 19
16 53
354 18
326 40
332 51
299 27
368 39
238 20
239 67
370 53
331 12
94 45
166 68
194 4
236 68
103 16
465 98
311 100
32 87
336 66
56 77
253 52
192 31
117 51
241 91
112 39
264 3
444 3
469 83
334 11
88 94
185 96
93 19
188 49
366 46
367 80
183 50
34 97
79 50
109 38
230 47
449 9
130 37
232 47
303 63
252 27
96 80
482 89
235 65
440 43
383 16
275 28
460 84
26 83
359 61
333 64
427 35
463 23
417 5
211 16
23 63
253 97
419 27
216 87
481 66
391 84
95 40
444 11
326 32
169 3
165 62
369 96
10 51
11 43
428 11
134 53
450 88
195 97
216 27
282 59
36 65
337 10
146 56
241 98
132 77
396 43
490 58
443 50
185 85
446 46
482 23
256 41
420 89
52 51
398 78
90 96
163 67
80 67
320 44
197 100
320 10
316 9
328 98
23 42
97 49
198 4
195 42
450 88
291 74
195 42
36 98
15 43
433 60
251 79
369 29
426 21
265 37
389 5
489 30
254 9
68 67
159 81
406 54
65 37
99 19
252 19
408 70
123 47
328 48
119 23
56 23
128 46
436 7
422 88
354 69
404 80
385 26
381 92
132 92
459 48
347 29
128 62
334 44
493 75
101 35
322 89
41 58
122 48
11 64
81 56
180 34
141 25
1 32
5 99
113 17
479 66
457 9
410 97
207 62
70 30
30 86
55 39
419 80
482 45
132 12
78 10
316 98
194 88
492 99
436 85
152 24
145 78
429 27
319 37
196 56
447 55
245 74
496 70
413 7
410 92
187 6
494 9
225 33
421 40
283 90
428 53
248 74
128 38
241 55
74 52
210 11
237 100
226 97
209 20
439 32
202 69
292 71
452 59
278 5
284 97
202 78
18 38
147 44
332 94
236 26
292 65
434 17
483 92
4 52
302 53
489 60
408 9
365 53
259 31
178 73
101 7
498 17
234 75
311 74
217 96
221 63
208 94
171 31
275 21
378 65
35 27
121 8
170 47
358 53
477 69
409 74
424 48
420 18
334 53
303 99
93 95
241 8
91 45
217 26
342 41
325 29
359 57
51 91
328 9
386 67
487 12
220 17
208 65
81 60
284 11
333 80
202 10
497 5
322 36
31 36
411 19
334 54
193 74
294 81
168 33
205 45
170 14
476 57
109 86
264 100
120 97
428 43
429 77
82 24
356 79
91 41
455 65
196 12
309 15
5 88
394 59
302 58
210 61
111 47
478 86
168 92
480 69
258 87
20 9
64 38
240 31
310 97
382 1
396 8
228 11
215 3
374 87
297 95
74 21
327 9
364 82
495 15
419 43
466 10
65 56
429 13
135 92
251 94
361 39
20 93
344 47
35 64
197 10
178 75
141 73
118 30
223 9
139 30
273 52
422 40
155 84
369 67
75 26
406 50
214 42
460 71
105 63
46 72
309 39
222 98
471 67
300 52
466 76
189 91
496 25
369 33
