7292
1107 86
273 5
880 40
266 34
802 66
1320 89
239 3
687 59
1083 84
1399 49
1092 72
1230 23
1109 29
1391 28
353 34
583 7
1123 60
951 33
377 97
286 67
963 63
1390 17
642 48
1372 73
601 69
736 24
908 11
178 4
1175 5
1376 70
817 55
749 43
527 35
305 81
216 59
524 36
199 8
244 2
610 23
334 38
994 17
1158 97
444 82
1330 56
569 41
1236 70
586 9
198 99
1187 82
1353 72
1016 23
418 43
442 79
1305 46
886 53
1105 67
1294 1
350 32
881 20
532 98
416 75
1309 58
107 8
54 77
740 66
1223 67
995 23
147 35
1439 98
917 9
1328 47
733 94
966 67
184 67
1017 66
215 49
1272 57
28 72
539 10
417 46
847 38
1358 75
985 25
1238 44
133 64
286 42
316 83
1095 65
676 44
281 33
722 11
485 6
152 44
1093 26
458 26
291 84
593 68
759 68
1408 70
1357 19
1270 73
1236 93
868 97
842 13
918 81
262 99
1015 21
298 36
233 96
1001 11
1123 44
763 92
764 53
167 26
93 62
1188 37
1241 24
693 58
1052 76
1228 29
575 34
597 7
323 47
847 42
516 42
1245 25
1284 90
795 55
502 37
45 77
643 37
1053 97
1190 78
1452 98
1112 83
909 38
612 50
90 98
1161 72
1414 99
1126 34
796 96
594 20
10 32
218 41
1379 43
956 11
451 12
303 44
652 70
989 38
316 62
1340 1
298 21
633 20
1431 87
214 94
758 96
235 32
1274 13
503 11
367 18
794 36
315 92
1319 16
230 10
1068 80
899 90
313 61
1345 79
1308 5
373 39
877 99
432 8
1277 61
1009 6
1052 9
1132 38
874 87
1385 79
813 88
877 25
28 77
423 7
1366 3
442 35
283 34
641 84
1196 99
1281 51
305 21
1315 16
1315 1
1108 97
1163 41
1153 79
907 7
676 77
745 59
322 31
744 71
1196 7
377 88
1038 24
1175 93
773 5
1222 6
649 32
1136 92
375 64
183 85
709 29
86 22
498 93
253 75
866 74
1192 100
625 77
919 18
1079 69
736 26
1297 35
659 100
596 7
1097 44
990 54
549 73
399 62
794 45
719 60
1304 29
200 22
968 12
50 97
205 71
692 85
578 16
364 13
966 84
903 7
799 9
117 56
949 21
1264 57
1436 95
61 56
87 80
433 57
528 97
1258 91
351 81
974 79
758 42
1146 95
1016 18
1343 23
1227 78
191 61
1385 47
1401 77
1323 3
739 25
77 48
559 45
466 92
931 87
577 44
1091 16
1253 60
859 87
1398 3
13 85
126 67
971 4
719 99
1404 81
150 77
960 36
500 54
133 18
1331 3
903 99
144 19
1070 36
854 33
495 44
142 80
1065 29
1418 15
1261 75
879 47
1227 75
696 31
817 88
326 65
576 95
463 74
746 30
1399 50
515 31
811 22
150 97
1436 76
119 13
654 46
460 7
1203 93
513 64
1194 27
876 33
135 84
1225 26
1103 37
238 6
1341 82
884 26
988 5
964 27
614 65
220 12
1444 2
729 33
936 14
401 3
706 28
1004 92
43 99
1290 9
1215 1
1027 46
1128 8
1224 86
265 84
815 24
489 31
488 92
101 17
114 97
1030 1
354 84
547 78
367 80
1259 55
1154 55
745 8
1243 20
1370 41
1137 43
182 22
841 88
101 56
981 95
326 78
457 38
1453 86
189 29
621 10
381 67
1145 30
293 84
706 29
229 5
345 90
479 52
22 10
518 4
1111 69
39 98
17 100
698 17
1452 78
875 23
1010 76
1255 82
1141 76
613 15
30 29
510 95
620 11
783 96
1017 34
979 26
552 49
1158 86
800 33
980 49
990 59
1202 98
1088 51
951 33
140 3
1199 73
1011 9
35 95
1015 74
1237 81
718 51
727 28
555 69
151 33
974 27
454 55
936 68
1257 100
356 23
1239 21
819 24
689 1
356 97
50 52
1429 50
870 35
1340 24
18 95
56 49
653 25
11 61
165 88
51 74
572 26
671 37
505 3
141 4
752 18
774 33
1347 88
339 42
743 41
72 10
777 64
388 100
636 52
763 9
699 5
1224 84
756 17
663 13
772 52
981 12
54 16
322 12
1143 19
760 67
150 49
231 18
1391 88
435 63
1394 60
120 98
1340 49
1189 40
360 13
949 88
740 32
177 31
1065 36
1320 38
191 41
12 10
415 88
630 95
461 7
918 83
1273 77
423 39
1254 49
862 12
758 33
1118 37
313 43
1287 4
198 9
1239 10
617 21
31 17
7 51
524 96
604 93
437 61
422 50
1122 17
225 94
1040 89
156 97
991 33
1215 49
728 85
26 19
130 78
1425 83
681 90
443 27
1385 67
257 82
969 32
691 19
300 4
1073 67
660 89
670 72
630 83
7 21
275 71
241 37
1417 64
676 86
1116 40
745 68
1383 10
813 37
528 90
112 65
1408 84
636 86
465 22
337 68
853 63
1149 97
1222 3
1201 25
1302 73
1411 51
829 30
739 64
320 78
2 55
385 52
1099 7
1083 85
323 77
1000 58
1032 20
626 48
571 30
1083 53
687 6
697 59
1227 18
992 43
211 7
438 3
1181 25
43 61
452 41
10 16
577 13
71 71
1139 12
1019 43
1204 58
1230 35
1403 79
1283 24
611 41
1105 23
962 30
802 53
1079 81
992 16
950 63
1391 94
74 76
907 32
1345 10
44 16
1003 72
652 8
714 24
960 7
625 2
