3841
583 65
604 79
677 78
731 34
234 3
285 78
768 58
703 68
396 30
287 60
655 45
271 20
545 35
765 66
594 98
519 73
78 64
88 58
597 18
41 94
625 87
406 28
546 4
452 4
680 34
84 67
2 74
484 78
137 19
346 82
14 28
106 24
461 5
14 64
129 16
762 34
273 20
727 67
90 64
24 23
121 13
341 33
296 80
647 44
580 27
479 86
729 49
449 100
517 14
243 25
49 22
492 48
581 63
732 88
468 89
621 100
479 2
122 80
751 15
471 28
613 49
324 59
596 2
638 34
28 96
456 40
615 11
722 79
82 28
668 72
138 62
35 96
237 88
171 72
26 29
727 13
351 50
720 28
631 96
242 36
7 96
3 44
416 24
193 30
80 8
299 60
413 89
418 66
110 34
261 69
560 3
670 96
524 12
52 19
162 30
705 96
171 32
330 61
180 31
188 67
20 28
601 81
666 21
356 9
299 39
568 18
257 27
662 64
476 54
587 75
738 27
759 1
471 84
532 1
24 93
194 29
129 11
676 65
320 37
101 18
662 65
481 78
445 7
349 68
385 35
73 40
214 39
475 60
665 81
175 28
56 93
459 47
526 64
473 75
241 13
238 11
99 83
564 5
94 55
670 7
277 97
127 36
353 21
767 69
457 44
2 14
452 53
298 85
617 36
17 53
663 82
145 52
498 77
723 16
364 7
733 21
383 49
368 38
750 10
632 91
124 68
674 79
746 71
597 25
568 11
386 26
89 62
467 32
82 22
614 34
579 68
542 47
147 10
527 76
257 76
757 39
364 60
396 44
56 84
688 13
531 28
298 82
743 56
651 23
604 7
381 80
700 98
747 63
253 58
284 7
567 87
81 55
186 32
579 76
642 3
159 59
37 99
509 82
471 85
677 55
504 39
706 89
205 45
246 100
600 55
31 90
667 1
667 98
626 39
607 24
254 12
132 68
736 17
84 66
225 23
1 61
302 5
575 90
159 23
589 56
757 96
12 26
162 92
574 10
767 63
521 24
524 12
241 95
503 32
577 27
104 11
656 63
174 68
553 94
633 65
475 84
606 94
242 84
248 76
107 26
96 13
200 90
616 99
143 51
313 25
162 27
732 40
459 90
437 39
399 77
35 43
352 17
251 13
694 6
353 76
153 17
756 71
537 55
425 51
55 6
673 3
379 17
748 15
477 23
127 45
246 4
701 54
600 64
479 74
390 63
466 55
311 2
290 46
552 83
313 88
58 9
560 15
704 2
703 65
206 69
236 62
7 50
281 8
496 33
356 5
435 18
703 14
378 34
4 28
716 73
240 74
235 29
427 14
689 5
143 10
336 18
204 13
142 99
123 73
409 47
69 65
395 5
512 85
211 43
265 78
326 72
767 68
62 76
125 31
268 36
104 79
326 2
764 90
24 46
472 90
426 14
244 38
10 69
591 60
495 53
232 79
99 34
445 36
284 51
90 51
525 46
64 97
655 60
766 70
673 88
668 58
295 30
317 79
691 35
3 77
422 94
713 36
428 41
431 51
484 1
82 59
358 64
319 63
711 2
351 62
149 79
354 67
741 99
529 16
199 74
222 67
638 80
369 53
522 61
65 49
568 44
434 9
90 29
655 79
619 9
733 38
639 83
117 35
592 99
536 26
33 22
148 74
103 10
403 81
191 73
308 32
184 28
187 37
285 31
101 84
147 91
487 63
451 92
213 34
681 99
111 59
293 52
462 82
546 66
498 30
105 34
127 31
473 65
256 81
43 92
623 87
283 92
251 46
754 44
311 4
594 29
607 6
154 75
371 89
510 20
708 52
557 78
583 99
32 78
399 73
559 42
714 63
409 91
164 45
288 51
169 81
269 81
669 26
682 34
282 61
601 12
678 75
217 42
19 49
21 37
760 83
112 84
67 83
138 29
260 84
221 40
495 43
475 96
431 56
336 62
335 67
214 96
609 1
128 35
474 85
342 8
39 87
34 74
586 28
253 96
342 21
518 56
665 52
535 55
87 100
744 68
129 36
304 13
35 90
87 49
372 63
710 63
648 45
479 4
268 52
128 75
87 51
316 55
680 2
585 68
423 44
614 76
311 63
274 50
355 79
365 45
17 21
522 82
413 1
368 17
222 63
426 38
583 62
430 74
447 93
583 57
63 63
681 3
116 36
479 30
420 10
409 25
490 32
631 59
65 37
556 8
272 99
184 27
360 15
195 80
700 79
650 68
167 23
82 91
489 99
185 21
268 72
243 72
471 3
540 84
232 61
210 9
601 19
655 5
566 41
284 37
119 10
123 29
694 18
675 26
379 72
157 42
290 81
98 99
81 52
361 55
228 41
403 53
560 60
64 68
682 76
59 92
197 26
712 21
758 84
302 52
686 60
94 75
483 89
690 98
600 99
249 97
532 82
69 93
294 72
624 13
220 17
431 76
44 95
274 60
277 78
451 33
125 42
364 79
182 51
123 33
335 53
60 7
270 82
676 100
592 21
670 79
599 41
593 63
679 65
546 7
546 99
676 78
438 34
529 65
76 56
140 18
255 84
99 22
74 98
554 92
346 13
108 57
122 58
732 54
604 12
229 18
50 95
651 99
147 81
259 35
526 27
89 18
670 85
620 91
