3839
763 35
27 70
499 7
240 93
289 45
38 85
284 10
357 83
390 36
592 60
570 51
166 96
528 47
695 78
507 30
707 92
235 48
524 2
418 84
248 31
575 59
213 25
459 72
481 95
709 9
382 16
427 66
367 21
269 49
262 58
651 66
221 19
480 2
690 45
444 78
29 68
14 63
111 48
700 57
275 66
212 75
117 92
442 63
749 29
6 54
48 46
374 54
237 23
223 37
547 7
384 3
85 67
485 43
263 43
115 57
503 95
99 79
247 56
52 96
158 27
701 9
541 36
296 44
667 80
555 12
623 33
732 89
558 37
681 59
498 88
331 1
240 45
568 23
597 27
614 34
484 63
674 5
596 36
648 54
457 3
570 61
606 17
420 83
353 28
144 36
302 7
107 19
103 57
443 37
70 41
132 33
439 49
149 56
80 83
478 9
722 21
425 52
485 62
239 14
448 22
376 24
270 66
595 58
318 64
752 48
523 51
636 36
743 62
220 11
335 33
43 59
387 40
590 85
225 51
471 82
359 89
366 53
294 89
199 39
649 42
426 86
232 61
728 36
231 59
728 25
735 38
446 26
423 40
4 8
63 44
223 100
401 55
92 61
62 86
123 56
221 20
381 72
522 31
662 64
655 2
754 33
118 19
273 68
757 33
92 31
576 76
722 14
192 68
761 85
631 73
321 66
270 17
662 73
630 94
328 38
755 20
714 57
668 7
279 17
483 5
82 93
623 60
212 99
309 22
759 25
253 5
341 22
729 23
215 10
653 86
485 95
682 1
265 26
147 80
7 33
256 51
430 66
647 41
427 33
326 70
82 10
60 27
331 43
556 79
321 21
258 8
200 87
695 33
79 88
415 64
54 32
396 61
600 49
176 12
704 7
492 28
381 49
130 22
558 83
587 73
3 25
629 45
568 60
483 42
82 67
55 37
684 99
384 20
124 70
631 28
379 25
187 1
307 27
23 10
91 50
503 46
719 51
43 31
208 63
213 18
633 46
557 94
323 42
727 55
319 5
426 45
258 56
432 51
118 61
660 29
322 96
600 89
222 41
285 23
207 95
363 9
544 95
707 65
127 9
33 22
686 82
163 51
492 46
512 15
453 56
587 52
739 86
379 81
640 3
91 75
615 47
555 26
266 82
324 35
102 13
735 7
746 11
656 35
516 18
713 31
765 4
595 43
653 85
190 27
616 45
255 15
135 48
688 91
250 19
538 47
196 82
217 95
207 72
472 41
218 21
743 42
458 52
71 34
731 95
720 69
478 77
684 20
252 13
563 16
564 47
726 78
591 60
58 62
342 64
656 11
68 23
673 74
589 80
297 18
712 59
30 53
75 62
716 1
681 50
388 22
356 76
149 9
746 63
262 35
172 37
201 50
370 72
666 40
612 20
443 6
547 37
229 94
43 70
236 99
554 48
461 7
762 78
516 11
432 66
275 63
291 92
480 99
717 81
677 97
634 31
61 96
12 13
683 66
372 45
613 82
1 14
346 57
413 10
468 64
329 44
494 73
709 49
207 85
80 78
650 100
190 86
686 42
680 80
146 24
351 12
338 29
358 92
594 46
20 100
266 10
700 99
22 97
37 22
11 54
29 88
418 82
673 22
564 78
97 68
389 41
718 69
480 77
278 64
351 91
722 46
365 34
695 61
287 91
324 96
614 31
157 50
65 46
748 29
43 40
73 44
376 71
339 33
638 30
123 24
168 3
757 81
62 61
443 63
23 49
426 73
222 74
113 31
106 64
125 54
199 89
240 11
14 97
637 94
584 27
15 100
645 75
482 14
664 70
293 92
570 19
289 56
501 74
179 2
355 8
389 54
490 1
580 4
34 91
742 69
564 15
354 31
559 55
584 3
233 95
168 20
35 58
640 7
276 91
676 30
242 76
262 3
700 72
420 38
643 5
86 97
203 91
65 91
766 93
646 49
581 74
734 70
245 91
303 12
289 78
115 56
364 79
4 74
369 92
29 30
644 7
576 79
442 75
761 51
540 57
610 59
368 57
195 77
423 88
688 77
669 10
83 64
762 43
50 91
417 19
311 27
740 51
397 10
122 5
378 100
110 48
710 13
573 7
477 32
174 98
427 38
446 64
706 69
104 87
510 24
478 27
74 48
553 42
3 15
615 34
67 22
441 61
668 47
707 91
687 74
435 68
308 6
247 70
61 4
765 32
666 29
421 91
608 51
64 5
628 91
464 35
730 3
553 5
722 86
291 66
667 73
526 58
728 14
80 73
18 38
54 62
296 99
290 68
566 33
450 63
627 61
634 73
626 10
159 85
241 44
2 92
536 87
414 5
425 40
389 55
352 14
152 20
289 6
561 5
98 33
237 18
241 51
312 95
376 82
267 69
289 84
525 74
186 31
261 42
684 59
251 44
480 59
310 81
96 60
259 56
41 20
188 89
715 14
445 73
704 39
307 47
168 26
567 94
761 1
544 26
700 81
257 95
719 5
409 70
249 12
40 20
413 77
734 72
614 36
22 46
522 46
346 99
463 85
576 79
367 23
722 15
338 48
259 19
372 33
584 26
501 93
506 69
563 29
694 30
371 90
409 69
645 12
639 99
80 64
646 56
290 80
323 11
755 12
560 98
450 76
43 42
65 51
62 19
123 86
312 83
718 80
344 47
199 75
618 20
642 62
101 23
