9430
299 11
236 85
1273 73
490 80
533 97
1292 65
1001 77
967 32
996 18
212 71
1825 15
1765 23
346 9
1212 30
540 4
129 62
491 9
54 54
1881 25
1583 53
921 59
1485 38
3 23
1466 27
978 4
764 15
766 52
292 61
547 73
891 6
1335 73
967 12
1030 75
549 64
742 31
926 64
666 52
1415 80
1838 74
763 76
42 15
161 94
1627 84
816 58
186 67
1178 24
1304 60
739 4
1405 50
29 96
1416 37
1642 4
1249 31
922 82
223 48
468 74
365 8
1839 79
620 92
11 8
1670 72
436 13
1323 10
506 99
1214 30
347 35
1832 5
1594 28
841 61
1491 6
762 10
1194 6
394 86
1780 39
607 68
1169 76
984 37
750 98
916 61
1149 84
435 25
19 35
1548 66
434 57
932 66
1035 91
1089 39
1364 2
1742 56
103 15
1156 34
900 50
289 24
1516 1
1397 72
217 44
583 51
1114 83
1549 20
456 14
276 95
1161 22
1412 54
299 59
1763 19
818 43
1461 28
1681 67
1203 87
1534 46
1759 38
892 64
257 15
111 7
536 78
1251 60
1619 64
1037 55
425 39
1108 72
737 26
1549 65
1370 70
332 12
669 47
618 47
602 46
1727 42
1014 83
459 98
291 86
996 63
107 59
1415 58
794 59
1398 1
875 18
146 4
879 40
661 52
1612 6
730 43
607 72
279 83
744 24
1833 15
475 20
492 62
218 43
1160 58
1628 11
1141 21
1246 27
1010 46
1512 23
721 95
843 98
1861 43
1203 52
699 38
1176 35
1350 48
1029 97
1172 15
214 65
215 15
1139 79
1256 55
100 71
119 94
64 53
1165 25
442 47
1031 4
1742 30
1435 98
687 43
970 61
1773 50
411 98
500 16
1414 41
1469 19
1274 43
349 41
1345 18
1429 74
591 98
1536 97
1856 27
560 80
1826 62
1197 52
788 61
1080 28
1098 38
1374 51
699 86
1297 80
450 61
1575 49
434 68
772 78
331 69
1569 20
366 88
1732 11
1622 47
1877 59
469 94
898 17
1032 85
789 35
1766 93
634 34
700 78
801 64
28 16
1463 61
594 54
896 95
71 75
322 56
1386 35
1719 39
669 20
1036 16
1149 60
1481 62
1096 64
270 10
1205 52
956 29
34 87
1489 37
1872 27
165 33
534 46
142 85
545 67
1847 93
584 36
1218 15
620 63
848 26
593 26
1750 83
1476 59
622 39
1697 27
363 47
1154 77
1064 16
567 2
414 6
1648 10
1419 35
960 86
1031 2
88 20
1285 19
271 3
1557 3
1739 84
1333 53
545 52
208 55
1083 99
1416 91
1442 42
1650 66
911 41
80 80
627 2
991 5
1008 57
1410 49
450 71
50 65
1692 10
1540 57
871 91
1196 5
671 39
1229 9
759 80
306 59
727 97
586 55
66 55
1094 20
532 92
1529 1
1216 20
1359 3
993 90
213 39
551 68
70 74
751 19
1120 95
738 4
217 19
248 24
262 70
1166 63
1415 23
255 54
858 14
464 40
1030 44
336 63
1421 49
207 70
1717 39
1169 36
580 92
787 17
1604 39
979 64
640 2
393 55
560 72
1227 90
416 3
189 64
188 65
1439 17
595 74
338 41
912 18
187 87
1383 66
1243 24
268 65
423 85
43 30
1510 69
152 65
1594 22
1511 37
1058 56
885 28
513 49
1158 62
799 82
319 12
20 51
1535 30
1881 29
916 35
1692 58
1549 34
340 100
583 95
1273 42
1546 49
881 22
554 74
403 40
472 37
286 45
1618 91
425 81
708 69
1076 26
1805 19
1723 10
327 85
139 38
1000 28
713 59
696 86
1187 15
1332 59
1449 22
156 19
19 67
986 52
1529 68
1117 72
1502 43
1616 28
1716 51
1795 49
161 12
711 36
314 65
675 4
1209 12
395 99
1186 48
741 81
78 15
733 7
974 75
232 23
1263 8
877 48
1525 15
748 13
1274 8
1247 88
358 78
926 51
600 68
1841 9
1109 31
1581 76
1860 94
1007 88
1319 82
1584 71
1453 98
1450 55
621 63
1393 82
1777 61
378 13
939 16
1775 57
1391 98
364 70
1695 26
936 2
1393 37
1512 2
1075 84
1786 52
644 19
1443 54
973 75
1353 10
1806 18
1319 83
373 55
1594 19
834 14
1852 77
739 52
1604 61
1029 95
767 8
56 72
148 86
1871 70
465 39
882 41
314 85
1334 51
1037 9
21 46
1024 44
1617 88
1768 2
1565 58
1716 42
394 55
1080 6
1543 19
696 67
603 55
1662 89
1085 89
313 97
925 32
955 50
1527 5
421 49
1639 19
1408 69
159 59
799 38
1501 14
136 62
998 12
1629 33
1065 72
1690 100
1037 26
926 95
327 67
298 28
427 65
441 14
772 19
1806 95
1166 60
624 3
1458 68
1811 97
1859 87
539 98
1599 26
328 70
334 23
842 57
1216 76
763 99
1048 95
950 91
335 34
1197 64
1306 54
1322 36
514 65
46 36
564 50
1226 72
174 70
547 13
1747 93
1431 35
181 22
63 74
1097 49
1043 20
1803 76
298 95
154 30
1874 34
159 57
820 90
1687 94
1519 42
861 80
198 60
1684 23
666 17
754 11
700 37
947 44
889 20
285 4
718 11
85 4
1756 40
637 53
123 39
905 98
1540 59
471 51
1565 89
744 98
1753 18
1545 89
925 31
467 84
1400 30
1453 86
47 28
1621 94
199 25
92 6
894 93
1264 84
1295 93
1436 42
704 29
409 25
1795 91
1173 55
1536 45
1854 8
997 9
132 1
265 100
846 56
485 79
1272 100
1647 95
451 44
1379 28
1446 4
229 35
522 86
280 36
1852 9
631 99
548 70
165 45
507 73
1791 100
1599 56
344 84
197 53
1630 4
802 61
638 3
1720 13
185 66
1766 14
701 72
269 86
202 100
1479 85
1344 73
1283 3
63 71
1105 70
