2090
121 36
387 96
125 24
393 13
358 65
43 68
376 30
55 31
37 29
330 39
264 22
311 64
410 39
96 69
22 34
360 19
229 61
306 71
395 7
322 8
169 46
278 71
284 7
320 41
61 98
97 31
326 38
247 27
280 48
389 77
230 65
40 60
257 16
211 69
357 6
323 92
355 14
172 45
413 54
187 33
74 34
338 64
269 87
149 34
326 33
205 94
44 86
269 38
102 67
346 29
174 73
72 99
272 91
181 90
46 17
416 2
328 46
307 37
108 83
216 69
169 78
65 43
256 13
248 85
408 7
19 17
165 56
260 76
231 48
317 35
411 49
336 1
2 25
260 39
310 96
63 69
210 11
248 40
378 24
219 29
354 46
37 95
306 91
9 19
228 36
37 71
215 28
47 57
196 58
281 42
305 86
79 64
12 75
290 25
291 37
413 79
30 90
251 62
77 61
183 27
144 48
189 20
351 61
46 89
119 13
36 74
415 82
246 82
393 96
192 42
77 23
406 80
257 54
85 81
364 66
43 14
324 91
216 89
300 23
356 45
29 64
381 18
304 75
286 18
222 40
183 46
331 55
72 27
389 62
214 70
84 48
71 38
253 76
131 59
86 61
58 83
351 80
84 39
141 54
13 84
83 62
106 96
116 84
182 10
68 35
143 33
116 48
139 41
309 38
310 22
388 28
235 2
391 72
255 9
146 47
102 33
16 93
319 50
266 19
16 29
327 83
49 74
194 64
399 33
212 27
62 69
2 65
341 79
266 71
140 10
225 51
254 42
150 36
317 75
140 20
393 7
418 94
71 17
284 87
173 27
29 30
414 25
195 87
95 28
29 12
80 52
38 11
196 84
262 70
196 94
90 53
370 14
220 42
261 77
231 42
11 42
57 33
206 36
309 31
374 8
225 60
322 62
355 96
63 90
243 6
348 53
235 26
78 45
400 91
29 47
293 52
143 81
326 59
194 18
401 9
307 34
115 41
167 24
192 82
276 38
94 21
239 51
128 60
65 76
76 61
227 26
138 12
174 48
157 30
238 42
362 31
331 9
334 83
363 68
101 29
9 72
74 76
223 70
121 73
180 32
230 64
12 79
198 20
88 23
418 78
293 53
303 42
235 100
114 3
199 65
140 40
107 46
397 62
206 66
237 37
172 68
351 72
19 85
344 47
92 2
129 51
341 87
252 55
113 7
85 87
164 76
173 85
133 10
417 70
213 7
121 1
167 40
309 96
198 94
81 38
391 59
303 39
329 78
76 35
176 65
189 76
58 34
354 98
280 97
92 52
384 88
20 73
220 23
332 36
388 74
151 100
229 32
280 75
27 7
150 46
157 6
381 26
17 2
376 97
270 81
125 74
358 48
330 22
77 54
266 67
174 12
137 33
248 80
50 88
16 23
94 48
70 32
169 69
168 7
363 18
411 88
188 33
274 15
381 72
183 69
329 20
202 14
161 42
407 25
147 67
261 84
20 74
144 59
231 63
387 60
104 68
40 69
360 59
396 15
194 7
390 26
179 87
351 26
224 37
398 9
2 52
197 57
371 60
248 46
352 51
117 38
222 100
364 87
92 65
95 17
245 77
19 51
355 45
320 99
21 18
203 32
291 83
20 76
181 27
86 84
403 69
366 66
184 32
167 52
127 48
36 23
271 83
392 21
185 89
375 77
279 61
90 8
283 47
12 11
4 65
49 45
226 9
271 29
317 82
155 47
159 18
122 99
211 63
183 47
375 44
285 55
390 72
168 41
59 6
125 88
230 86
255 14
200 64
55 100
48 98
133 25
218 3
236 85
171 54
26 13
154 81
196 35
304 42
81 86
307 87
324 2
203 77
190 48
411 60
54 24
328 78
23 30
329 60
29 76
128 50
9 22
303 90
69 73
271 83
269 95
66 68
380 89
79 21
16 53
103 38
248 61
408 23
369 59
131 56
312 43
70 46
39 27
374 91
59 79
28 91
371 67
401 90
128 28
124 55
353 69
296 16
185 1
408 89
63 8
14 87
151 8
121 79
61 62
184 25
4 31
373 26
87 51
390 16
205 12
314 94
212 41
360 47
92 74
9 78
144 69
99 56
209 54
349 80
363 57
383 27
139 94
296 36
364 10
145 49
124 32
230 97
258 10
242 16
1 5
322 64
173 32
376 1
279 16
329 20
415 38
6 68
14 26
20 14
6 64
221 59
230 91
196 45
316 15
79 21
205 5
79 24
291 93
128 96
352 14
361 88
285 84
36 26
90 15
222 49
43 9
28 68
145 51
133 89
258 12
98 90
401 99
415 93
264 84
87 85
146 78
180 72
188 4
139 55
219 64
101 23
119 99
22 3
5 7
2 53
98 58
302 96
302 88
84 34
169 88
281 74
46 75
254 90
153 72
256 11
412 11
134 29
103 40
40 3
34 52
168 35
153 73
325 96
383 76
178 13
197 30
119 16
47 85
251 52
17 61
5 80
126 87
145 68
184 58
336 48
377 13
56 70
169 22
263 33
150 71
314 13
325 95
212 16
16 46
177 6
136 14
379 75
135 52
123 42
395 91
284 60
356 8
313 37
342 50
264 64
164 24
232 32
349 1
286 55
183 33
233 34
262 66
114 76
195 64
107 23
398 65
380 30
393 28
356 88
123 17
102 34
239 24
106 95
41 1
140 35
12 9
31 43
394 75
309 4
39 59
131 89
190 28
167 90
130 43
270 13
286 12
418 61
2 3
361 2
260 6
195 65
297 53
63 17
392 10
205 77
143 43
