665
69 17
117 21
62 76
110 87
59 70
119 86
129 12
34 16
103 48
38 58
123 21
5 16
4 62
65 8
21 39
27 97
126 92
102 18
89 45
82 53
100 21
94 9
50 53
75 36
130 39
53 26
24 78
114 63
1 63
31 15
77 72
35 33
105 92
41 62
125 12
81 48
32 81
128 12
84 79
40 5
1 54
120 49
36 8
72 89
73 56
67 51
109 39
63 87
97 16
124 5
77 8
119 70
60 75
124 100
78 34
108 52
128 77
1 94
115 45
97 84
90 11
45 61
113 68
127 19
118 70
77 20
90 2
94 74
72 71
6 10
8 66
106 26
101 7
133 60
30 46
40 98
43 3
19 21
9 14
133 96
105 7
54 73
28 73
72 60
55 64
91 50
94 70
36 81
85 19
120 97
133 9
67 20
112 81
25 7
106 19
50 24
24 45
65 74
85 39
1 21
68 98
35 92
74 38
107 20
19 35
70 80
52 62
56 6
40 2
127 8
84 37
14 48
44 64
48 58
77 47
99 41
130 35
109 41
58 97
15 39
42 63
120 88
1 76
40 56
6 90
15 14
117 71
130 37
101 26
79 93
23 29
101 89
22 31
66 86
99 64
41 50
27 24
2 19
77 2
111 90
104 83
18 92
96 76
128 21
100 9
40 20
7 2
48 52
42 66
7 31
91 21
95 90
47 3
34 38
43 73
27 14
110 26
5 77
117 36
62 43
20 80
61 12
48 26
126 62
123 61
41 20
13 75
118 26
65 87
47 44
104 65
99 54
81 78
115 46
26 10
23 72
9 28
111 73
114 63
56 89
24 40
133 21
106 9
128 91
73 100
2 25
25 75
71 8
5 61
81 99
106 28
72 85
99 6
101 55
4 62
108 10
131 41
43 4
79 32
88 48
111 48
45 37
64 35
72 85
91 62
102 71
76 55
23 43
63 23
53 91
9 70
109 36
133 43
54 98
46 89
8 30
79 47
100 83
129 14
42 4
74 96
13 1
44 75
58 48
103 90
29 37
20 42
106 67
90 37
127 67
66 8
119 24
82 78
49 1
14 100
28 40
70 52
18 62
27 76
42 70
34 40
102 61
47 54
124 92
114 56
38 15
28 96
105 64
7 13
121 13
117 96
95 20
116 90
120 66
64 27
50 72
59 89
30 17
67 36
118 38
125 96
75 27
95 26
106 23
33 29
132 21
77 79
84 92
27 81
97 7
55 99
80 40
77 38
122 95
9 42
63 64
58 54
2 71
132 63
66 40
29 43
126 56
81 7
114 24
77 15
119 45
110 3
65 8
96 87
36 14
81 3
119 50
126 94
97 9
8 62
59 47
105 35
63 56
133 36
87 13
127 39
100 64
36 67
115 56
79 88
69 95
71 49
113 68
52 4
69 5
99 84
127 25
53 75
25 88
57 45
9 7
49 47
74 86
25 75
10 43
102 55
26 26
127 95
55 88
46 3
119 89
51 93
124 18
25 73
94 41
101 64
43 56
83 100
116 47
102 77
82 44
27 14
91 98
101 24
16 29
59 56
40 46
22 67
127 52
63 1
28 44
131 22
5 41
89 20
28 82
1 33
86 20
106 89
2 88
68 97
113 74
97 97
18 45
88 19
109 43
54 22
72 10
70 57
94 39
39 62
108 17
105 15
60 73
9 95
11 71
82 71
25 33
1 72
84 97
103 53
40 31
22 91
42 46
70 76
18 85
15 88
58 24
86 74
45 62
17 87
33 86
45 60
72 1
130 68
114 42
48 1
67 95
126 61
94 38
66 82
75 83
10 86
44 75
85 98
3 13
68 94
71 79
44 97
52 30
42 40
37 48
68 1
20 26
11 28
129 66
115 41
108 77
118 84
80 55
14 51
75 65
16 50
35 85
99 73
40 79
2 50
49 98
85 21
78 95
60 73
117 16
60 64
94 22
86 95
20 26
11 92
111 95
12 81
46 11
43 65
1 87
2 7
115 76
71 81
99 87
23 37
29 99
104 90
131 62
35 98
66 79
58 66
104 84
115 41
89 57
17 98
132 65
99 87
30 56
77 91
115 31
43 96
113 67
6 19
117 94
79 33
104 56
125 30
71 3
121 15
38 44
61 92
86 26
15 30
118 19
93 98
43 18
125 25
28 29
65 49
114 26
43 86
50 52
69 1
11 31
40 10
13 60
28 49
106 54
99 69
66 87
56 4
97 50
22 8
88 4
71 85
16 51
6 88
121 63
43 6
48 79
31 33
63 56
60 57
49 17
9 27
89 84
15 73
14 72
2 23
56 6
90 68
125 37
1 22
67 98
109 88
89 71
99 24
17 94
58 56
104 10
37 35
45 66
23 3
33 16
46 3
10 98
97 61
84 1
55 92
107 58
62 44
65 89
125 44
58 93
33 8
121 45
66 14
58 18
65 92
58 38
49 47
29 20
29 42
2 25
63 92
55 78
3 67
105 37
100 61
72 29
80 49
121 43
2 42
96 53
56 9
85 70
3 54
76 88
82 8
105 60
127 67
52 4
29 78
110 86
112 41
50 12
76 14
107 24
19 77
34 28
96 60
114 38
88 65
49 54
112 75
88 67
111 57
130 93
129 51
100 66
26 18
55 50
47 60
29 12
8 51
48 66
113 49
87 100
92 22
32 18
126 82
42 93
89 76
13 12
74 49
103 5
80 58
71 25
18 4
75 86
89 87
2 10
47 37
6 92
113 23
100 31
30 33
110 87
37 52
73 63
6 90
116 57
59 42
72 31
21 15
9 5
3 68
31 2
78 45
92 93
87 53
6 72
119 73
82 39
