8918
930 82
64 50
753 52
1228 34
1706 96
1319 36
1334 17
291 69
761 40
1319 9
611 6
751 85
720 93
1611 89
1639 91
1781 34
1434 83
1367 99
780 47
329 62
1341 6
518 12
310 5
445 80
357 69
1615 29
1514 89
1543 84
1758 81
806 31
1395 97
1425 53
903 33
348 25
167 7
1306 49
884 85
1768 69
1595 94
892 99
36 44
682 28
579 59
430 76
1184 18
18 98
812 60
296 45
679 24
1700 77
1306 79
361 46
1247 33
66 25
1667 73
1105 52
1747 15
1623 95
1411 78
1024 15
975 20
1585 25
178 66
61 22
1199 30
945 28
9 33
626 35
1696 52
592 38
860 82
108 18
1515 77
161 41
76 13
1097 58
447 44
1299 47
1761 83
1008 5
1499 48
1661 30
694 11
1550 94
1146 30
94 8
325 4
1781 70
25 92
1528 46
1731 5
393 79
376 90
90 30
1540 11
1727 21
721 64
1199 68
284 15
235 93
1226 74
1269 93
189 59
1117 65
1363 86
80 76
621 95
1750 24
114 28
969 29
1019 15
1615 60
205 75
420 84
839 78
1081 96
1163 88
1200 21
1456 45
400 11
1190 91
688 85
418 23
1478 90
1204 18
964 89
887 32
1692 46
1527 72
1524 10
781 80
820 24
1381 6
616 9
551 55
1433 90
868 84
868 59
28 57
98 14
854 100
1533 71
1237 44
1688 4
469 32
1275 65
87 41
353 4
1645 30
1210 91
359 81
1581 27
338 24
1519 82
1530 35
834 57
297 97
1373 11
566 99
818 49
964 52
322 91
1183 27
1161 54
832 98
994 96
927 67
685 97
1549 80
1409 25
1241 60
348 79
1397 16
519 24
824 14
1712 23
1128 38
940 1
1673 25
1530 87
801 23
1174 49
1218 70
1652 13
793 43
872 68
1186 93
1155 11
1016 48
916 58
1498 86
1356 49
306 82
1073 79
310 65
1545 93
667 65
1647 12
1068 84
981 24
1565 69
35 24
341 31
1012 74
493 2
1181 33
1044 71
861 53
1137 93
900 67
516 86
334 88
1698 6
293 71
137 88
1187 23
922 48
1627 16
166 52
804 79
363 60
826 33
1702 17
1074 32
1415 28
1756 85
1211 63
191 50
205 44
332 56
1564 42
719 96
1399 35
62 55
59 13
609 85
1777 61
896 4
1138 79
149 32
1282 80
766 11
370 28
310 79
1015 54
901 41
1711 88
1134 95
1372 10
1314 68
1771 18
202 88
1525 11
94 56
1495 70
12 83
836 46
1022 68
885 48
1173 9
514 53
340 71
1604 24
576 89
1036 42
916 25
234 57
1434 20
1414 31
970 46
1338 72
146 70
801 99
1015 60
375 28
323 42
1024 22
898 10
1615 34
39 63
883 17
1472 81
1041 22
1593 51
309 47
193 56
838 87
667 100
1137 74
1081 44
13 58
1475 71
768 87
385 66
337 65
256 7
738 87
220 85
44 37
1298 44
344 38
247 81
1761 7
1543 88
757 59
1000 47
167 94
1237 52
1508 44
1134 78
428 61
1665 82
1505 91
258 97
648 84
1212 32
560 21
1586 34
102 3
1623 98
714 45
703 27
1114 43
1569 5
495 62
967 42
230 38
76 19
901 98
343 47
1326 48
1461 14
1534 14
306 19
458 47
1756 72
1666 69
1271 30
1249 82
800 38
1243 38
268 90
355 14
1126 21
223 64
582 66
1434 1
1385 46
1599 76
14 39
1356 5
810 33
308 33
192 63
1032 19
1627 94
3 88
371 78
1090 67
1259 42
1454 27
1764 31
862 46
1208 8
374 61
1647 47
33 13
1278 12
938 35
1143 48
137 36
117 49
93 62
84 50
1162 85
400 16
133 8
1221 12
1048 18
1381 57
763 16
1117 29
1297 28
1557 79
170 19
1735 78
1069 6
1456 33
853 6
462 95
161 17
346 53
1180 100
1637 17
670 6
1577 18
1342 20
658 24
9 12
219 12
431 39
1586 68
317 20
775 63
1309 51
1784 19
1276 32
1761 11
1478 83
413 61
123 32
612 78
797 75
1029 38
971 10
452 27
1400 53
1515 13
459 26
238 58
909 42
749 62
653 19
1041 39
896 33
1648 82
377 23
767 24
768 49
1137 51
862 10
787 78
1002 91
203 70
971 52
179 55
984 4
1749 23
1105 23
1760 22
941 18
1684 50
578 44
894 99
1326 46
843 39
690 72
501 5
1106 44
1162 62
1235 33
249 92
1781 22
936 25
526 99
250 39
369 2
169 83
971 67
1198 56
1619 33
37 67
1642 24
1325 30
726 70
486 35
1607 14
843 30
871 14
845 2
131 44
900 99
1156 37
1378 26
1545 29
1299 81
48 87
1663 52
1042 59
1402 21
708 23
1313 1
327 76
467 26
1210 83
921 74
849 49
1533 73
30 21
1076 55
971 18
578 28
318 81
197 61
98 24
649 33
869 17
974 98
1143 52
622 33
75 86
513 4
582 94
1351 85
1098 97
1351 79
370 76
817 87
260 95
1566 16
85 14
530 23
896 31
762 85
357 72
325 14
1067 5
942 12
1606 99
638 7
1773 44
640 6
977 11
1134 89
1204 6
909 79
70 80
1663 65
452 30
1583 32
1073 22
1697 80
993 58
1448 83
1723 27
1101 38
505 33
1581 28
516 22
557 43
619 71
1465 66
1677 70
473 63
202 7
265 53
224 30
1423 69
373 48
1779 89
525 59
381 81
402 7
545 27
1452 45
10 73
793 17
407 44
1162 74
1607 94
1122 71
849 32
271 44
776 50
666 26
1615 86
1620 70
1463 79
581 77
468 72
580 72
1388 60
135 73
1515 27
1778 47
1051 71
997 23
252 19
793 85
1355 82
1119 87
490 51
1393 74
672 77
1234 30
874 14
1276 60
739 81
1764 60
1510 72
18 65
388 99
1215 58
682 27
278 20
1546 90
1144 73
1767 62
1215 100
16 50
1365 50
161 46
1322 43
823 23
731 23
1243 53
751 50
1366 25
1336 69
1161 37
408 26
748 46
1028 32
1702 58
953 10
29 6
330 87
596 4
770 90
1238 56
1128 46
896 16
575 43
639 4
1558 83
1578 1
31 82
1331 1
1520 6
1594 41
