1528
147 48
241 22
80 73
124 31
193 82
85 41
118 43
11 66
139 8
223 75
136 29
119 64
215 52
116 44
231 18
134 62
49 3
214 32
303 73
286 61
207 63
114 82
83 69
232 69
240 19
50 15
211 81
215 6
107 12
6 58
29 41
88 48
78 99
96 82
78 58
99 41
17 52
32 12
56 84
26 14
178 61
118 70
70 8
1 60
166 7
163 32
26 99
13 47
153 80
183 72
217 48
221 51
180 78
272 31
98 30
197 45
105 76
275 55
286 41
276 22
215 21
45 64
34 6
7 23
221 71
22 40
250 13
168 19
111 65
191 82
281 5
214 92
54 20
1 64
70 97
168 100
84 80
66 86
54 72
46 36
102 51
268 84
36 27
277 63
253 35
25 78
73 51
31 93
269 67
172 11
27 94
83 93
251 2
267 22
286 29
187 55
244 7
141 45
227 60
156 68
15 22
69 57
240 5
1 71
3 26
60 20
21 28
227 68
132 36
255 32
284 98
45 70
113 55
178 21
37 57
207 20
160 16
133 22
100 94
73 35
126 26
175 79
90 27
287 68
12 86
272 86
192 14
220 100
219 13
280 71
87 8
235 16
252 3
242 58
15 6
83 79
91 26
272 72
128 40
197 96
154 65
272 78
73 96
41 83
96 21
264 82
207 33
228 27
146 44
166 58
193 100
235 87
199 46
37 72
86 33
152 58
280 47
96 1
113 87
181 14
107 83
285 49
94 29
23 87
102 83
46 89
196 65
115 95
247 51
53 22
30 41
2 80
139 82
164 99
16 74
29 43
112 19
77 44
87 51
208 18
275 42
261 82
68 80
9 13
267 32
201 42
233 81
174 33
209 4
215 15
194 44
56 35
238 26
250 94
263 7
160 41
95 10
25 100
53 33
72 38
259 82
293 4
276 77
56 55
53 25
206 57
90 7
166 65
278 73
277 70
243 44
191 50
272 95
244 6
216 94
33 41
115 91
25 49
136 86
221 27
161 17
283 95
130 67
201 60
238 87
270 92
98 14
63 17
136 32
95 9
25 91
191 87
239 34
248 20
237 74
33 15
304 73
244 30
17 44
138 20
123 64
300 8
16 18
255 86
91 46
59 41
296 68
213 22
161 26
125 93
125 41
118 73
228 46
171 90
124 89
54 84
76 33
35 95
85 40
113 62
170 29
180 55
204 78
152 14
282 4
247 67
197 81
160 87
7 24
227 46
17 80
154 39
141 79
39 9
281 8
224 79
107 17
13 98
48 14
237 29
146 21
234 27
104 60
244 21
145 34
83 24
121 52
300 79
212 69
167 30
221 21
258 15
104 34
130 67
84 34
212 35
128 25
4 6
6 19
43 85
95 47
159 78
214 38
53 92
136 33
241 98
248 26
137 50
70 59
71 77
275 76
131 33
91 29
115 52
74 79
299 40
128 13
151 81
136 43
64 8
296 22
143 18
79 1
79 4
297 84
303 89
36 59
290 51
84 60
114 32
163 33
122 72
56 78
150 72
115 83
119 71
71 75
43 6
133 14
75 81
105 89
168 81
19 31
62 61
221 63
273 54
242 55
17 51
102 57
257 58
132 78
188 79
251 99
238 59
115 37
47 57
291 68
149 33
170 98
14 58
51 76
211 83
182 32
262 27
252 51
270 27
244 99
94 92
27 69
210 44
233 97
139 17
19 85
91 22
229 89
163 30
227 22
36 71
223 83
152 36
18 61
90 36
279 20
265 87
53 99
115 51
258 79
93 12
32 92
155 1
14 57
173 21
290 64
199 8
255 73
303 7
285 37
187 39
212 12
155 10
33 84
34 49
188 81
63 94
25 23
260 78
52 70
87 59
11 48
158 12
182 34
85 32
69 66
147 92
192 25
42 56
259 65
249 58
203 25
1 20
242 68
121 75
66 62
136 9
247 86
168 78
151 29
263 2
277 50
287 99
135 85
30 85
109 42
64 25
188 98
213 11
68 14
49 21
93 54
283 58
88 3
132 40
186 18
115 54
53 93
281 16
156 37
213 100
240 93
166 40
190 53
192 27
274 26
122 66
301 93
272 93
157 79
278 35
304 93
149 82
227 93
200 52
91 49
168 83
67 7
287 80
89 32
251 22
107 50
229 70
181 2
81 96
241 82
19 91
249 42
99 79
96 2
185 90
55 69
200 10
112 68
195 1
193 34
101 48
246 65
123 89
211 28
124 1
153 50
230 61
279 43
6 87
302 84
66 100
165 51
132 95
224 18
7 94
124 30
104 11
56 25
22 65
290 96
99 44
293 80
108 4
257 45
292 11
79 83
301 82
90 50
245 7
216 64
229 78
37 69
79 99
194 35
116 91
142 2
273 38
200 26
196 40
11 88
116 40
232 64
149 28
135 86
231 26
79 85
190 13
270 97
199 45
202 23
124 18
155 10
144 66
121 11
194 87
79 50
18 11
170 8
101 70
212 4
207 20
239 50
191 5
140 72
21 75
207 77
122 56
71 78
214 77
115 31
34 7
74 26
22 63
253 22
245 63
230 81
90 16
71 58
98 42
272 6
48 4
260 76
17 98
259 62
113 92
183 49
24 61
86 49
143 30
154 93
91 69
29 99
225 79
28 92
161 14
102 48
163 4
274 31
260 58
200 12
97 81
241 97
97 79
141 98
306 43
41 56
264 61
12 53
160 6
80 48
94 75
39 40
296 42
106 63
69 69
152 63
112 7
121 50
104 69
95 88
129 4
171 99
246 47
270 85
58 69
126 70
252 38
240 65
34 50
221 24
14 25
285 9
100 82
288 90
98 31
145 53
10 95
117 40
241 20
184 74
5 35
222 75
196 87
129 15
131 71
209 74
19 38
174 99
218 6
22 91
268 2
44 40
126 72
298 12
13 46
188 26
186 10
