3676
462 96
544 63
389 88
696 3
283 22
285 89
300 54
630 59
84 74
513 71
79 28
720 21
426 99
263 67
638 68
495 31
355 4
644 98
477 55
385 55
423 42
13 46
560 70
281 36
397 32
62 3
2 75
531 74
542 81
83 6
721 91
647 84
238 79
92 40
563 43
234 80
314 78
717 69
56 10
458 72
148 79
609 92
283 73
538 85
602 77
118 40
225 86
622 97
255 15
632 44
172 7
427 99
371 44
66 29
429 80
580 85
718 46
485 73
286 11
233 86
189 17
519 1
676 34
369 9
118 85
398 75
320 47
111 18
554 32
484 21
114 60
101 43
371 66
433 98
165 64
205 71
699 87
145 38
564 22
698 18
59 91
552 79
448 52
649 8
297 95
97 91
403 43
405 11
76 88
700 7
685 41
618 72
82 42
104 60
731 55
265 20
631 91
310 82
225 24
174 44
662 35
220 65
388 79
406 84
104 48
727 91
153 47
458 85
498 11
300 24
530 25
626 3
401 31
397 83
171 57
521 84
333 15
10 47
729 8
696 32
153 71
542 82
600 70
695 97
33 95
594 27
492 97
486 81
594 86
647 84
450 39
440 86
561 37
262 44
553 70
700 74
365 42
169 65
314 90
622 22
630 29
622 8
518 39
608 46
29 34
267 56
102 8
626 37
225 86
293 16
85 66
645 81
1 48
519 23
273 96
672 7
571 64
278 34
671 31
202 10
144 83
388 22
324 68
733 56
186 23
336 14
487 31
139 44
349 62
365 62
303 59
373 61
68 40
43 46
140 6
107 34
649 76
581 88
27 45
702 94
735 100
432 25
497 96
375 31
226 34
467 13
54 99
450 50
181 34
501 58
503 53
239 75
65 8
219 83
719 2
478 32
658 7
728 46
483 77
423 21
65 7
422 61
695 55
78 64
470 42
413 98
575 1
464 10
707 98
303 85
260 56
142 89
209 86
520 86
334 86
59 62
282 60
269 45
82 84
3 19
694 46
712 66
412 8
243 58
114 61
292 63
357 48
247 54
609 76
669 9
515 65
194 1
477 94
450 68
259 100
26 92
456 43
59 67
250 12
433 1
560 41
236 72
107 53
557 43
210 76
679 66
332 88
428 83
334 38
489 83
157 8
658 29
160 22
401 14
732 44
441 94
550 21
20 41
2 9
415 55
283 88
171 71
299 67
651 68
473 68
65 14
22 37
660 55
644 63
665 24
311 89
715 78
637 67
596 38
80 90
704 49
626 29
454 95
149 88
244 27
67 73
52 84
15 81
222 57
667 42
610 65
171 54
559 63
630 49
654 81
9 62
393 36
476 34
631 34
404 81
331 59
93 5
128 12
440 98
693 9
694 20
465 91
572 56
707 7
656 52
16 79
361 45
521 33
508 83
584 30
160 33
300 97
490 99
39 14
156 32
730 19
342 90
651 59
570 2
279 85
338 37
63 79
308 46
53 15
688 82
163 58
609 15
175 80
575 31
733 12
161 64
473 29
545 58
450 45
641 58
75 38
232 17
344 56
522 28
280 95
408 44
466 57
488 69
675 35
414 50
491 12
497 42
223 9
731 98
359 79
402 40
333 61
735 86
716 24
164 47
188 22
422 42
349 11
415 56
612 57
368 58
539 70
161 37
112 74
690 47
562 34
489 93
641 98
144 98
587 16
634 13
101 42
463 54
688 78
521 83
211 92
686 48
608 62
422 36
598 86
112 6
118 28
508 80
114 95
356 53
105 58
58 64
403 68
577 58
86 85
93 33
599 83
226 55
123 30
404 96
373 19
577 19
52 83
716 77
556 95
688 68
715 21
166 57
351 17
681 68
112 68
351 15
181 75
709 58
305 37
527 84
569 70
203 96
128 31
691 56
698 93
513 56
30 26
466 99
313 98
272 68
175 50
681 80
557 4
447 46
558 100
460 88
13 78
721 46
679 82
694 10
360 69
518 10
159 45
420 58
257 98
494 27
10 3
265 29
595 55
121 38
581 91
316 1
452 27
46 68
476 6
681 37
118 38
221 12
411 37
63 4
319 66
733 21
142 97
336 28
338 57
352 19
555 100
128 41
61 28
213 79
334 30
695 54
531 67
533 72
153 3
356 64
438 9
605 17
315 4
557 77
415 20
574 97
174 96
429 43
155 99
629 40
464 67
32 65
423 56
507 97
219 55
529 34
35 10
224 66
320 100
100 28
393 17
686 13
570 14
514 19
31 75
628 58
545 36
95 16
78 32
300 10
685 6
387 14
227 85
621 4
57 73
324 11
85 46
170 1
399 75
633 92
135 35
723 68
558 35
230 37
329 50
517 100
227 93
685 34
200 40
650 12
546 58
218 52
413 19
598 61
138 65
481 25
495 29
646 49
718 95
503 46
559 15
495 56
142 51
315 39
697 60
192 42
550 46
367 68
90 80
248 29
614 25
351 2
672 20
310 20
192 22
282 64
180 19
424 59
242 53
619 87
244 52
88 78
95 12
82 89
583 81
614 68
321 9
524 96
547 92
146 26
390 3
667 38
349 68
371 70
320 44
565 75
95 37
385 51
335 66
660 65
358 6
427 28
171 61
326 22
222 88
135 63
138 33
45 93
465 1
332 90
225 87
366 29
419 67
618 97
574 88
99 25
13 81
199 21
303 80
146 42
286 100
309 61
276 27
377 8
480 8
165 83
436 90
410 43
47 34
282 39
41 89
411 80
124 69
522 88
364 51
705 42
1 93
205 96
645 74
129 57
117 9
299 70
106 8
627 53
420 20
126 42
613 75
445 56
371 69
266 74
108 90
371 99
628 74
309 28
596 52
230 50
340 50
735 7
158 10
372 78
197 32
294 20
346 17
322 50
619 94
147 44
241 8
682 60
170 63
649 97
128 15
54 83
577 39
33 25
199 53
210 82
467 83
597 3
200 25
92 56
346 69
729 95
22 100
