6348
354 88
147 15
498 63
1175 94
150 60
881 81
348 51
1135 68
839 99
639 96
181 25
278 4
1231 77
1082 17
715 30
59 31
893 38
1267 79
591 75
78 17
1247 89
891 32
145 66
1251 97
364 79
626 62
789 65
1177 50
768 76
1267 36
133 76
1214 100
90 88
310 55
219 100
497 1
1008 61
739 9
928 18
1046 28
343 27
609 24
228 79
256 2
1182 88
1074 16
482 65
168 1
279 33
1178 94
683 70
1062 24
1229 61
1237 33
643 20
197 27
521 31
1163 13
1190 63
257 91
766 86
524 21
741 64
128 77
738 66
440 46
500 100
1014 79
193 7
48 68
157 6
950 5
132 16
99 99
831 92
840 7
776 5
581 36
605 66
341 72
907 46
562 22
149 5
94 90
437 45
938 71
896 49
912 43
189 36
1163 56
947 55
987 83
1130 16
78 15
666 63
55 26
289 73
1179 64
501 4
558 55
265 31
1257 48
688 68
573 61
177 29
1150 4
337 92
581 90
855 15
697 32
888 44
435 91
351 64
918 86
826 35
1116 19
1248 29
830 72
178 89
1052 31
286 35
641 94
88 72
536 91
1189 72
904 14
382 59
18 7
607 21
1127 44
1152 1
1010 35
1199 45
1154 56
281 54
469 66
8 37
945 6
1003 66
593 40
1034 78
224 8
15 59
776 96
284 26
97 22
1007 47
788 34
224 94
224 66
1064 69
982 91
1256 89
1020 86
45 1
840 11
1250 57
650 70
1183 42
540 1
185 18
652 44
1072 71
594 68
300 98
1221 20
97 34
1051 84
31 13
110 51
28 92
364 60
582 26
257 15
342 31
658 63
99 16
962 78
609 35
1144 65
734 81
1220 92
904 97
259 86
664 56
755 92
651 33
732 49
421 35
597 46
867 8
809 27
869 80
121 76
469 16
1191 26
1091 45
1199 28
217 19
1019 18
766 6
346 3
780 88
398 70
1064 49
1180 84
500 53
518 49
239 66
688 19
968 24
377 80
693 79
392 11
746 8
191 86
1041 26
376 44
120 74
1009 99
355 40
29 47
1260 29
1037 20
372 70
979 62
637 31
153 25
667 72
368 40
179 93
384 13
717 11
1086 22
641 56
1020 20
117 15
625 56
346 87
1173 79
506 53
1135 46
239 57
306 98
1027 59
771 14
1068 24
162 69
1040 32
986 95
102 38
724 88
1026 38
2 35
865 64
59 10
985 53
605 93
57 77
891 62
1132 72
258 37
398 13
799 90
936 98
1131 53
1075 49
1245 32
1142 83
157 18
740 54
769 97
604 81
651 93
337 36
250 38
267 89
245 64
5 45
620 58
1000 19
36 76
109 43
28 34
748 23
360 20
886 48
1049 40
589 35
431 5
223 45
943 55
647 47
896 34
385 59
547 58
706 70
478 60
1011 64
262 42
83 67
555 69
784 35
1005 22
1038 87
1063 60
515 51
1254 70
1031 65
1228 56
1013 89
1039 69
305 11
919 23
932 20
733 81
480 55
361 47
655 99
504 50
186 40
1189 13
804 83
189 21
379 50
714 48
53 76
223 6
380 74
1197 16
588 31
678 33
514 73
417 72
6 48
520 54
16 9
1082 6
1136 21
1198 50
417 46
851 66
392 3
384 94
300 40
1264 59
42 37
101 15
40 22
1152 7
1147 37
38 37
944 64
140 8
723 25
660 45
1220 79
512 68
642 13
136 86
1218 99
279 83
808 74
25 90
260 94
624 9
612 35
770 60
846 79
365 69
349 23
109 75
121 52
906 92
338 68
174 11
168 4
479 16
363 77
926 22
1123 21
396 89
1098 34
787 8
1034 100
646 28
1249 23
399 7
882 75
553 26
1109 4
818 88
133 97
547 79
1029 38
103 82
552 40
201 73
868 16
745 80
384 10
192 78
1024 17
813 37
392 55
109 25
280 85
661 5
6 75
331 53
311 63
1207 80
44 47
186 37
1195 68
579 58
1253 43
348 49
608 94
1011 82
921 30
404 88
504 67
229 34
167 62
238 97
984 52
169 6
1132 87
591 32
957 22
72 6
115 69
958 41
518 1
585 10
10 52
651 92
136 38
751 33
1046 39
355 95
1172 45
291 86
692 67
1097 39
504 6
1049 53
109 38
1084 100
503 61
815 60
560 45
731 48
1171 50
238 73
871 15
289 89
1154 74
69 8
413 3
698 33
922 74
935 40
567 96
312 99
1201 53
217 95
104 35
294 14
622 44
278 81
483 36
737 86
1088 96
783 52
372 14
146 82
1137 5
814 30
201 69
69 48
322 34
260 95
368 58
92 10
386 19
939 46
1236 10
605 30
935 97
974 60
812 66
509 73
1229 25
601 37
901 95
280 53
51 62
872 40
1230 37
434 9
7 5
1156 49
833 73
734 33
1141 91
289 13
217 31
1080 43
196 56
879 46
1245 94
965 48
1019 61
1199 38
1232 35
1119 27
664 86
20 66
241 97
3 99
395 45
504 44
838 48
111 84
429 48
1120 49
372 36
1016 70
55 49
937 48
1065 22
1160 10
1129 92
1016 73
398 44
241 70
1204 75
386 83
127 54
1062 58
736 50
215 34
587 43
67 91
101 36
852 34
510 63
98 88
553 33
702 87
1199 58
1267 33
1037 81
528 77
592 99
247 41
359 34
652 59
183 37
159 99
1255 68
1169 43
499 46
677 78
453 90
812 5
427 36
1018 67
385 57
90 54
51 53
121 79
354 32
224 45
381 21
340 98
1142 91
800 60
645 25
1100 23
1 41
877 8
76 85
626 90
1237 45
991 75
867 12
1252 17
96 68
240 22
389 88
194 93
1232 98
593 73
657 48
103 45
1265 19
475 41
589 56
821 8
13 34
414 13
551 30
536 28
904 63
60 16
1270 88
1188 79
70 78
794 84
1265 62
151 87
741 61
1103 87
1213 36
660 90
142 50
1233 53
680 19
882 36
46 7
1218 76
931 99
623 43
757 51
521 32
963 82
833 84
174 94
1020 29
907 73
120 19
125 42
694 94
987 74
815 64
1176 60
326 27
413 58
802 48
260 1
1029 35
25 33
1228 71
1027 35
42 26
394 49
730 46
766 6
1256 9
194 86
836 84
240 97
71 21
905 86
255 26
854 90
831 68
