567
63 81
94 98
17 82
47 61
25 4
60 2
84 78
77 70
54 16
91 45
96 6
83 63
61 32
94 94
84 61
92 87
24 43
51 61
45 89
100 91
63 83
28 97
107 78
19 42
113 97
8 33
7 8
96 70
94 97
3 58
88 85
4 62
68 57
88 63
109 94
44 39
9 76
107 73
59 31
111 39
27 51
31 24
52 53
20 76
1 24
53 75
14 89
102 91
11 76
111 58
90 36
64 3
50 65
10 3
78 45
11 9
88 84
28 35
104 90
49 57
1 64
4 68
94 8
65 70
68 99
6 2
44 23
88 7
12 55
54 49
100 70
48 90
112 47
2 61
25 22
34 12
11 7
97 94
66 11
58 35
76 20
51 55
53 5
15 91
72 41
86 16
112 72
23 53
7 87
108 99
31 80
38 89
105 76
62 10
69 64
8 39
82 78
34 14
86 66
2 58
101 42
83 96
94 93
25 18
20 53
42 28
104 72
101 75
63 100
20 81
49 1
71 12
6 94
5 24
1 96
109 98
85 99
5 94
36 30
37 39
36 33
93 22
50 100
53 69
42 4
43 86
33 15
27 97
58 35
75 65
35 33
105 20
23 70
76 53
70 76
109 77
46 69
96 83
37 7
5 44
41 41
26 59
98 1
60 90
8 11
103 93
71 26
81 33
21 93
65 93
104 67
6 94
19 80
70 61
52 98
73 42
1 69
89 21
23 51
17 57
18 19
27 34
77 71
108 5
98 3
59 72
35 34
18 48
68 80
62 81
60 15
45 78
87 96
10 73
92 14
107 92
24 76
8 27
32 69
107 2
47 20
1 29
102 51
32 63
12 56
60 40
99 8
50 28
57 27
85 84
92 93
56 66
60 68
11 99
94 90
85 56
50 6
9 30
29 60
16 26
61 1
49 85
80 60
45 100
89 13
100 60
53 87
39 87
1 31
65 76
51 4
97 95
55 47
1 97
26 55
74 97
14 36
59 19
58 67
67 63
87 10
3 92
73 71
80 38
72 42
38 22
56 69
28 43
66 91
77 3
54 52
19 88
101 91
38 91
110 99
79 86
37 39
79 33
4 32
54 63
11 28
31 75
60 73
76 33
99 80
34 81
75 99
34 44
101 6
106 7
23 39
102 17
56 36
88 30
113 48
37 34
52 54
27 9
3 56
71 100
101 68
53 64
21 97
45 65
51 13
58 50
37 88
10 61
37 86
9 29
48 39
93 90
84 19
33 99
17 41
72 59
43 84
68 69
26 90
39 38
80 46
73 15
22 18
29 60
104 49
107 36
39 12
56 81
4 55
57 44
38 60
46 63
108 77
102 66
15 36
64 52
14 24
105 35
30 31
111 38
30 11
56 81
106 96
91 7
103 64
32 58
29 78
100 69
23 39
104 28
16 54
113 87
102 90
95 79
1 31
3 47
34 18
78 28
5 57
77 22
35 75
77 97
35 81
38 98
104 6
76 93
16 94
18 37
14 67
61 99
63 68
89 25
72 81
101 62
91 53
88 20
29 42
25 38
56 66
97 99
49 77
69 74
41 65
24 31
21 73
100 27
107 85
50 4
79 56
41 52
84 51
91 3
14 57
96 91
9 63
104 65
54 77
38 63
43 92
41 42
110 40
55 42
3 51
78 72
68 61
79 3
48 58
46 27
112 74
26 31
35 30
41 30
2 42
37 65
79 1
20 65
87 27
51 66
98 49
97 57
63 97
42 39
63 19
38 11
42 59
85 96
63 14
37 85
40 38
104 64
53 52
27 27
80 23
84 45
84 3
24 76
105 46
13 34
109 14
18 64
42 18
73 87
73 100
7 17
90 33
37 12
100 13
31 41
51 54
33 32
4 71
8 33
90 64
99 90
85 26
20 8
58 51
103 81
67 100
103 32
68 74
71 20
29 62
68 2
51 71
49 49
95 50
18 48
40 98
16 41
69 51
5 25
72 48
34 38
2 45
79 55
62 9
97 22
64 72
109 87
1 62
30 66
71 12
86 43
44 54
95 56
19 41
44 63
35 6
26 1
61 48
79 82
78 21
92 69
109 78
112 50
112 16
112 91
41 4
22 3
12 8
26 71
20 17
39 40
90 98
38 46
111 92
99 10
62 55
82 93
22 88
70 9
32 72
43 17
89 27
16 59
26 83
4 60
42 83
36 87
74 89
60 87
60 12
57 2
48 58
16 79
10 16
79 25
4 19
18 69
67 92
4 33
19 31
56 16
104 29
36 89
34 64
48 31
42 95
31 11
53 18
85 13
36 81
22 1
94 24
40 34
13 70
16 86
34 78
87 40
32 47
96 90
39 97
16 12
38 77
32 85
74 74
17 54
52 80
66 47
83 48
52 2
53 54
64 83
16 71
88 94
58 84
3 50
91 30
62 36
92 21
105 21
22 3
50 57
29 20
108 1
24 73
94 38
61 61
29 48
104 57
99 6
46 72
90 36
59 24
109 5
101 40
12 24
47 71
14 4
19 60
33 55
59 77
75 28
92 9
89 79
54 9
5 3
86 90
37 42
13 91
47 10
50 72
5 73
1 63
88 51
63 41
8 2
13 87
68 6
70 15
67 10
29 6
13 67
75 52
37 99
31 52
65 62
104 13
14 81
87 60
108 50
8 26
72 56
101 77
22 14
31 57
3 90
19 84
1 98
42 16
93 64
12 19
17 71
30 31
43 41
85 45
44 30
71 14
2 85
1 64
48 77
79 21
74 67
97 8
23 86
94 66
15 100
35 25
112 41
44 61
84 41
8 35
62 97
101 71
76 76
103 67
87 97
92 79
4 46
17 63
87 87
56 50
25 92
73 69
30 23
58 70
7 51
63 68
90 35
2 38
60 22
46 77
20 11
101 5
106 21
60 60
94 59
55 100
25 69
39 81
25 63
40 93
83 28
93 29
4 64
30 36
86 80
97 18
47 92
20 34
6 8
77 26
4 2
5 29
32 18
50 63
96 97
29 21
31 49
44 63
59 15
86 15
38 86
43 28
53 59
34 75
97 82
21 75
46 98
