2112
389 24
319 79
41 31
205 67
84 3
20 20
3 52
379 44
394 72
296 56
272 2
181 93
412 93
83 37
111 51
157 36
417 87
233 16
67 63
62 82
418 55
93 2
46 25
37 54
8 100
327 31
176 6
223 23
136 39
182 43
205 55
148 38
61 53
240 47
48 60
372 7
308 81
272 60
159 71
195 55
326 66
390 23
150 62
237 39
236 30
240 45
409 18
320 78
400 17
126 97
420 94
178 98
123 29
17 98
336 56
345 42
103 35
193 25
187 99
191 1
164 3
313 19
187 18
259 72
402 87
247 100
37 42
282 60
275 94
352 34
372 21
101 54
164 25
280 68
16 53
122 51
157 11
130 47
5 44
86 95
384 38
24 16
65 91
176 8
15 13
346 93
176 77
369 26
229 37
20 97
416 73
298 91
111 25
53 24
152 16
126 20
50 57
189 69
398 34
28 72
332 71
369 34
104 9
378 70
9 81
381 81
105 88
191 64
315 92
281 28
54 31
128 63
149 86
359 56
99 11
313 60
50 9
353 49
382 67
403 43
392 84
202 25
83 16
39 31
410 75
115 67
71 19
187 47
49 42
75 37
233 10
47 17
261 9
86 92
84 39
78 75
265 43
189 15
11 81
386 72
196 60
36 77
165 43
78 83
52 54
259 22
282 20
228 49
62 10
177 83
66 13
271 17
50 5
345 59
277 5
376 4
276 64
376 19
351 98
406 21
413 43
238 77
74 78
217 100
206 67
209 55
78 61
298 50
166 51
282 5
394 15
109 94
281 56
378 29
191 17
320 38
207 98
162 15
352 58
398 40
325 41
296 18
369 14
101 57
380 17
53 47
397 4
381 79
386 89
356 70
155 44
61 16
263 13
34 69
102 63
157 83
126 70
398 55
322 56
9 11
396 54
120 65
238 69
212 88
317 58
403 4
303 78
258 48
304 66
243 74
34 77
353 85
129 44
110 94
19 30
230 85
352 82
250 40
64 70
295 45
402 23
156 59
29 46
2 88
403 7
141 64
94 66
378 67
215 89
49 69
277 18
205 95
397 23
403 71
171 47
270 48
266 42
355 47
228 31
95 7
129 99
205 60
193 54
190 48
267 71
417 27
374 27
122 21
255 99
53 41
264 13
193 75
196 21
153 24
178 48
57 8
213 5
258 44
387 53
410 70
12 81
106 95
338 55
143 6
372 63
289 62
317 82
26 9
136 33
312 10
110 65
103 93
251 63
96 50
353 29
176 37
253 60
145 45
412 18
375 48
405 47
18 27
415 73
187 64
281 12
413 6
383 17
180 23
386 50
325 100
308 77
146 7
382 40
419 17
390 70
132 98
83 68
46 96
341 10
179 100
3 9
157 100
100 6
181 94
27 22
133 14
134 79
54 61
296 91
213 44
171 52
85 90
31 27
260 24
172 43
113 69
393 98
220 90
61 33
239 16
145 98
161 4
23 71
155 79
315 55
398 99
94 21
5 6
66 57
294 43
331 90
73 59
167 46
304 98
401 98
70 90
243 14
168 96
407 41
125 61
159 19
338 60
55 10
12 67
204 63
276 32
169 5
81 85
179 46
384 80
165 63
221 8
66 79
67 27
295 69
162 73
117 84
132 11
362 12
224 23
309 41
268 48
130 33
414 81
269 8
291 18
254 20
25 59
218 17
32 37
256 13
27 96
407 67
253 88
347 60
20 23
34 60
281 40
97 43
49 96
348 13
380 11
134 47
33 85
92 39
362 64
402 55
249 19
135 24
209 66
144 3
176 17
63 31
338 74
204 3
418 100
172 6
405 93
32 72
265 35
298 40
390 68
304 83
360 77
100 93
219 40
198 39
268 53
165 20
216 48
195 19
107 63
75 30
193 79
14 64
15 81
217 62
382 34
165 82
355 100
306 69
291 67
393 74
167 88
166 20
145 66
396 6
195 35
230 35
269 52
329 28
56 27
299 74
271 27
384 68
418 97
326 7
412 65
40 13
1 80
167 2
377 46
109 44
359 73
295 3
263 81
59 64
307 6
130 33
405 58
54 28
27 30
331 92
18 72
172 98
360 62
182 2
388 21
250 90
19 55
280 93
187 98
21 21
44 74
124 23
212 48
150 98
139 61
315 82
283 77
101 91
343 9
172 58
345 69
325 69
49 75
77 69
115 14
47 97
207 29
249 81
232 51
331 1
155 45
45 87
341 8
97 19
415 93
226 70
159 94
247 28
206 74
209 85
157 46
118 90
146 43
188 80
52 33
70 78
377 39
138 41
416 11
311 16
97 89
185 40
90 59
157 63
373 80
37 79
109 17
205 34
127 8
18 34
323 28
335 2
317 60
415 5
175 90
404 82
88 69
136 36
410 59
56 61
309 17
328 5
257 18
346 34
205 28
52 82
278 7
327 37
70 84
243 50
340 93
118 18
58 74
336 81
132 15
234 29
46 54
19 67
59 15
361 74
338 46
342 16
244 55
98 43
87 20
51 95
196 50
86 84
422 89
75 87
210 86
97 13
146 42
183 53
5 58
10 87
167 89
316 58
260 69
255 91
161 72
301 62
144 25
241 96
227 88
245 39
177 54
95 27
20 1
409 73
355 37
278 46
379 95
184 83
119 63
411 49
164 32
112 80
129 11
47 13
380 95
204 56
20 27
147 31
295 7
261 20
367 75
188 86
53 22
396 99
245 91
208 81
395 68
316 89
155 87
268 95
396 21
318 55
311 44
145 40
254 4
268 32
291 85
135 17
180 18
218 98
110 41
152 36
403 26
365 58
74 58
5 23
362 93
263 19
336 30
142 5
169 20
309 51
120 72
193 24
280 36
87 87
380 82
271 73
294 31
108 99
316 76
131 26
83 69
38 22
415 59
32 6
344 4
63 36
183 67
281 51
421 59
162 99
2 87
366 11
238 25
6 42
326 29
40 1
264 20
109 68
371 42
5 96
68 34
315 29
24 89
176 91
141 32
70 15
204 14
16 61
73 66
127 52
129 91
239 13
275 52
408 11
51 85
17 4
80 60
385 33
244 49
57 18
273 2
362 62
105 48
287 17
198 22
62 98
274 74
327 42
316 6
