9930
1155 9
1148 33
1488 15
1579 81
315 82
867 44
1434 80
317 29
131 58
753 69
1823 94
1211 91
1136 93
1166 36
1645 24
1782 99
71 61
546 36
1658 87
1595 59
1800 64
1302 39
68 86
1877 43
1676 58
977 88
664 57
163 60
1418 41
1358 54
813 45
928 74
721 62
1972 80
978 61
1799 73
1896 89
1057 100
479 32
649 91
653 59
1488 4
1270 94
949 47
1397 46
1726 90
1775 97
829 33
1260 66
738 85
1649 43
429 13
1361 60
1427 61
455 26
1528 20
723 12
1441 65
1087 77
1021 32
576 25
1649 38
347 44
1505 55
1056 37
419 82
1824 32
632 39
801 2
848 75
1109 59
325 3
1733 23
170 61
1145 74
226 13
538 38
1059 23
360 50
1807 63
534 67
1891 65
568 63
1613 57
1896 28
150 10
982 35
1013 38
15 56
1915 43
1018 33
1054 70
1206 8
77 58
713 89
322 40
1370 76
1808 27
297 4
513 40
1672 64
490 60
1292 82
1176 6
617 83
562 9
921 47
812 6
1475 27
1595 23
1678 92
1069 55
1614 36
617 74
171 47
5 77
808 31
670 99
1522 28
1286 19
1092 84
640 60
1301 65
1964 14
1701 17
1795 42
399 1
1461 4
182 80
376 75
34 81
537 56
255 46
1323 66
337 42
1457 46
823 44
1072 36
217 43
1090 77
960 86
1115 75
1669 61
1439 2
988 35
282 8
100 6
802 96
1512 37
1784 23
1810 8
939 17
179 23
1196 9
1088 12
907 41
515 77
1253 18
1387 20
1469 67
810 74
441 39
290 63
1571 56
1230 67
340 88
989 5
1184 11
213 93
933 86
436 43
1968 76
1024 73
628 25
1953 79
635 60
1525 23
892 46
314 63
30 23
294 84
739 67
411 18
1604 51
61 41
965 69
668 36
67 3
1487 99
1303 76
264 21
1983 21
1257 3
691 85
845 76
1766 21
554 25
537 43
265 34
1260 89
143 51
1328 8
1711 43
361 97
406 49
1463 74
399 44
1247 27
78 9
1070 61
488 87
744 3
1373 7
792 17
873 25
376 1
1291 12
1724 95
241 65
1 46
52 14
170 96
453 92
353 33
1811 80
580 19
496 18
516 10
27 53
1743 38
1388 26
1342 67
1450 2
444 16
1281 75
552 84
1921 77
576 14
1084 59
1462 12
1947 98
509 34
1752 16
1569 49
258 34
1690 74
738 14
825 88
313 88
1834 48
587 43
1544 71
429 59
1156 37
1905 6
1940 62
453 24
569 69
857 57
258 53
278 61
1102 26
1079 69
1817 68
485 33
1506 30
444 47
616 6
1320 8
437 10
147 90
1250 78
979 99
1300 69
1127 88
54 52
468 62
79 4
397 5
1538 48
1364 13
573 79
1185 88
92 32
1108 2
952 95
1681 80
292 74
933 62
1255 36
473 87
1030 91
873 23
1508 42
1830 27
1338 55
1063 91
573 24
1467 1
1073 63
1565 39
36 86
1939 76
1284 78
689 5
603 65
134 21
1811 12
403 40
1133 99
1834 25
1716 66
305 53
1832 43
131 93
587 23
1579 72
1781 35
1577 22
1115 20
1055 95
162 57
1518 90
290 44
40 64
1953 20
453 77
949 43
305 44
1697 36
852 25
1685 93
1773 6
984 38
1373 24
1917 72
1163 84
1263 45
65 16
1780 69
41 9
1080 45
1704 97
479 56
1487 41
917 64
813 61
969 99
1547 57
220 78
1278 25
724 18
1955 69
1089 48
1004 38
725 100
1108 76
1453 91
1542 16
585 22
1390 62
1106 15
1684 53
1971 25
1214 96
292 19
478 73
255 88
1901 72
1275 5
1148 31
286 75
144 33
845 12
837 79
39 94
344 83
861 62
372 84
1687 55
674 58
1142 86
1769 19
1305 72
1573 89
264 90
1638 8
1318 60
509 39
1278 90
1602 33
538 18
1088 24
1064 56
1520 51
1819 44
1843 27
1368 100
327 73
688 17
1770 100
1908 51
1753 5
677 62
528 70
82 3
356 75
94 3
1107 84
146 13
1764 51
50 17
521 80
996 9
183 8
460 49
194 75
1715 48
1235 25
1462 37
1847 1
660 39
245 9
1889 68
233 53
257 22
959 71
1442 61
1151 84
1667 36
1594 79
1673 30
934 35
274 40
1061 60
1212 84
1119 35
84 34
543 52
338 22
1827 43
1080 34
484 66
1637 17
634 93
1481 94
541 92
1260 86
1308 29
1272 92
654 97
1829 81
461 39
1770 26
435 92
11 10
639 37
1959 53
504 44
1046 53
13 91
1290 91
623 78
1631 72
1748 11
1683 93
1985 3
1603 63
19 21
1561 42
1562 73
930 62
1695 5
1330 74
15 4
1126 35
452 25
659 35
397 54
1522 50
1131 81
1316 68
1207 74
1593 20
714 8
882 79
938 95
1451 74
931 58
626 71
1188 90
119 85
963 15
941 89
492 56
458 79
891 10
416 45
352 42
750 83
45 91
762 25
1522 53
1105 83
736 41
1311 23
100 38
526 10
1478 94
1285 7
197 39
996 71
1641 82
22 48
978 84
389 47
258 11
366 36
1449 66
1613 9
955 46
1878 9
1891 25
875 78
295 94
1373 3
1784 35
1123 88
1774 76
926 34
243 31
1922 33
659 76
1506 87
1984 49
392 79
1240 55
508 100
1630 79
620 92
1342 71
61 51
491 25
602 74
1560 77
652 2
1187 20
330 83
1635 31
157 53
1332 65
930 16
20 12
1447 28
1470 51
179 80
479 63
1646 10
278 76
51 24
116 56
1285 63
168 12
632 65
256 51
1584 52
563 69
1624 8
510 33
610 67
224 40
1650 55
712 52
1501 42
420 58
722 58
1617 59
1646 44
1232 97
1927 44
1789 43
1642 75
739 8
665 76
1202 53
1178 8
1689 53
1383 4
38 24
871 97
1241 64
969 1
1569 88
1114 47
6 32
1087 45
905 87
1635 50
762 77
1713 68
318 71
585 25
130 27
816 68
860 45
399 69
1728 52
841 44
1861 90
1611 29
19 79
313 48
1912 5
981 46
672 98
498 86
967 35
1973 75
847 27
1667 6
834 28
1767 19
857 38
283 97
1209 71
224 5
483 33
555 99
188 95
940 63
1947 50
1211 92
179 37
1273 61
440 36
1299 35
1648 28
1565 2
924 93
583 46
1398 21
1223 97
1031 4
1113 16
669 56
1277 16
1690 22
262 90
1136 34
1373 31
1308 96
1192 65
1902 74
1154 47
1789 76
1783 20
205 9
363 91
1200 86
1868 24
373 43
517 98
1088 2
1084 70
1441 65
968 29
1548 91
1942 99
30 93
1183 87
1518 12
1596 93
1506 73
763 31
1564 69
347 79
367 81
1835 22
778 24
745 60
271 77
1012 71
64 56
36 53
664 81
1495 15
1856 59
1429 85
306 74
1899 69
