2911
129 28
60 97
559 94
252 84
499 9
1 16
269 77
38 96
227 13
527 21
265 82
220 27
554 78
55 34
38 67
372 62
362 66
221 31
153 67
5 62
423 83
376 74
89 96
518 47
115 11
554 87
299 82
549 76
424 3
576 95
333 37
82 71
10 31
436 28
99 16
520 7
436 84
504 81
119 63
461 26
51 10
375 98
552 91
207 87
280 3
78 34
69 79
124 37
532 16
528 75
508 39
150 22
263 29
339 11
15 91
90 65
420 20
89 78
537 47
199 16
310 53
205 21
557 83
339 5
28 73
438 21
553 48
452 64
472 100
446 67
153 3
58 29
136 64
1 84
402 95
462 1
417 64
166 99
307 26
82 56
311 56
497 28
177 57
453 24
374 72
258 74
81 28
397 73
46 60
419 49
41 53
17 49
348 28
356 36
8 81
92 2
101 91
410 99
485 49
231 51
290 31
257 92
562 93
25 46
376 65
458 60
95 81
341 1
203 59
545 71
32 53
554 26
295 91
520 61
116 75
582 56
91 79
26 47
85 36
293 62
102 91
173 86
290 93
419 64
26 83
474 3
359 85
501 9
239 2
580 18
465 80
423 46
11 22
363 80
304 90
84 63
223 91
77 40
90 7
511 44
439 77
19 26
167 14
353 68
98 54
143 30
454 10
460 1
475 18
6 88
361 91
325 11
452 94
455 30
81 95
208 78
464 40
297 86
122 51
140 55
440 27
96 66
396 97
482 7
46 87
118 50
501 31
64 72
211 37
211 34
469 32
223 11
195 11
481 62
41 26
543 54
198 14
106 16
269 81
421 21
376 38
21 56
272 79
165 47
262 35
202 4
325 3
194 74
35 31
266 6
206 44
117 96
217 60
407 98
102 3
28 71
198 10
35 59
451 37
305 31
496 97
76 15
135 77
550 14
114 68
408 6
101 40
342 1
203 6
4 91
30 67
409 12
579 96
6 75
466 85
576 80
134 8
520 21
530 24
480 52
454 56
17 22
250 2
410 9
151 100
317 90
366 27
224 10
128 65
232 57
82 42
175 86
271 83
314 82
96 43
574 73
67 45
221 39
389 6
411 82
483 7
22 74
241 54
56 54
253 8
96 83
251 89
51 65
563 50
315 25
267 88
580 90
75 17
464 46
77 52
236 34
582 73
518 17
15 91
184 57
319 60
131 5
140 90
286 32
214 42
408 86
338 28
202 46
309 23
108 29
420 48
439 74
163 36
339 17
78 23
442 89
242 95
440 51
165 45
271 67
440 67
313 38
346 54
348 97
203 39
295 39
417 73
276 39
442 99
436 44
523 80
101 88
5 13
321 20
308 7
472 73
215 44
523 6
10 100
133 64
50 24
523 30
137 39
404 2
72 36
169 15
233 61
292 56
547 56
76 14
440 26
481 55
522 50
210 84
204 51
103 35
429 41
322 76
181 1
49 94
106 26
378 22
19 19
230 89
472 35
270 19
502 63
275 49
377 88
251 49
281 42
203 47
137 91
266 21
55 27
204 73
181 21
158 42
184 71
239 80
364 58
354 75
267 55
465 11
159 68
555 42
21 98
311 51
217 15
407 87
69 42
209 27
485 42
59 49
438 47
213 71
187 55
1 48
432 28
553 27
375 43
554 75
73 61
164 8
231 27
332 70
261 20
177 28
11 88
396 34
555 94
437 8
79 85
157 50
282 10
104 63
140 35
489 92
573 6
503 12
422 41
390 20
330 94
538 55
267 98
252 38
216 76
270 13
426 8
80 100
249 36
388 52
566 9
414 33
88 24
186 48
406 25
179 46
402 40
343 87
394 92
437 73
462 3
544 5
545 40
190 4
523 7
177 91
442 94
390 8
350 43
17 98
180 63
278 66
60 64
307 67
467 42
561 35
75 79
504 49
190 48
81 50
229 5
237 70
368 1
121 25
157 72
105 49
304 44
199 57
99 92
532 10
364 26
212 100
387 11
288 77
232 43
202 21
229 19
351 57
406 65
372 47
566 33
347 73
19 50
236 13
463 32
390 16
38 87
341 90
423 78
325 14
306 100
187 52
562 56
296 12
301 22
412 61
320 55
423 92
86 31
364 98
296 58
227 65
343 20
434 79
506 32
444 59
49 46
113 73
157 49
4 36
492 76
42 55
311 90
382 15
185 29
223 32
178 10
253 13
187 94
34 8
354 83
487 49
99 21
15 28
162 47
178 48
234 60
403 16
405 48
97 85
206 9
531 32
21 82
205 43
182 17
557 75
138 35
39 11
47 37
372 32
333 40
219 17
201 82
25 21
448 72
300 93
34 56
33 74
168 59
396 62
198 27
571 63
359 11
539 19
393 75
220 27
60 13
457 58
88 22
547 28
432 53
501 17
343 71
110 14
301 18
497 50
504 4
255 30
199 11
500 97
186 18
87 92
75 22
73 19
162 54
572 85
546 25
199 80
231 42
330 54
192 50
486 99
371 3
547 77
61 31
208 23
541 17
214 20
315 32
468 9
459 7
338 51
26 45
448 88
540 50
54 37
375 54
72 100
214 86
387 70
39 46
404 73
36 73
418 25
55 39
247 89
44 59
419 2
540 93
409 71
300 47
409 25
521 66
93 60
333 84
186 64
310 20
491 94
108 64
490 99
353 70
149 10
420 92
240 1
230 36
366 28
570 78
185 89
315 5
288 18
502 42
350 31
139 88
356 55
126 69
561 60
544 90
508 90
25 17
561 28
413 25
57 57
465 76
105 13
258 97
196 84
82 15
110 49
513 95
566 81
73 58
499 30
38 90
113 69
70 73
466 44
392 18
71 73
330 64
515 85
221 73
113 25
377 53
91 93
174 32
448 59
111 13
20 28
493 69
162 81
483 55
353 72
568 60
408 54
54 66
477 99
90 3
148 30
547 4
106 60
421 2
534 5
64 58
285 40
280 74
557 69
355 62
406 26
173 77
153 61
475 2
289 80
51 89
52 64
546 45
244 25
308 28
123 82
514 89
429 38
569 63
340 54
77 93
43 67
135 80
202 54
12 4
571 28
245 58
362 59
341 67
435 34
497 6
231 76
576 82
390 45
341 39
218 58
272 83
569 65
209 100
102 27
136 27
5 69
115 87
148 54
194 72
115 60
131 94
165 79
296 91
169 31
46 96
21 21
370 37
29 94
367 11
130 34
