540
33 84
18 73
3 85
13 3
95 1
48 99
85 80
107 72
83 100
14 16
73 38
40 23
29 62
70 14
75 61
20 43
24 67
9 56
102 52
106 4
62 16
87 23
41 4
95 37
72 90
89 10
82 10
8 37
20 29
30 32
68 47
81 58
102 94
4 73
31 53
35 87
85 56
31 38
80 59
86 26
23 57
4 52
95 15
35 29
98 70
12 5
8 22
43 98
21 80
43 62
42 27
52 2
20 31
105 67
51 71
60 2
104 33
61 70
25 82
52 29
100 28
71 6
31 7
108 62
80 33
9 7
94 56
10 69
29 26
94 96
2 64
80 43
15 96
97 4
55 16
79 36
11 10
21 1
92 29
40 58
101 73
15 81
107 8
6 58
53 50
6 15
66 31
17 46
102 30
34 92
47 53
82 25
81 93
33 97
56 77
21 4
29 78
73 46
2 72
22 53
50 68
21 25
93 86
63 20
36 19
56 99
61 94
92 52
37 22
4 74
92 79
76 20
106 48
49 2
23 39
76 48
50 11
74 37
15 76
93 73
33 49
87 9
79 66
30 1
20 59
16 16
63 63
95 53
107 47
80 17
19 99
82 67
30 68
42 31
105 86
1 24
55 71
80 5
49 25
28 100
67 52
54 81
91 35
85 2
46 74
72 29
71 18
101 30
36 94
14 71
89 4
90 90
76 28
86 69
82 52
100 9
56 9
10 69
9 91
10 12
67 95
1 87
90 4
50 65
4 25
36 2
87 71
76 90
20 11
18 63
5 96
90 72
40 81
32 31
98 89
28 91
23 43
59 41
23 76
35 33
107 33
68 21
6 23
107 41
98 13
23 64
90 27
106 21
55 3
101 21
22 12
78 71
29 50
68 88
2 85
8 53
31 57
5 3
52 51
82 7
79 77
63 3
83 32
67 82
60 36
60 22
7 48
101 1
27 39
24 92
43 72
94 97
73 6
66 4
73 27
42 67
93 79
2 25
85 77
26 21
6 19
18 18
62 7
83 96
55 35
38 9
77 87
91 37
31 69
65 46
33 100
41 45
31 41
29 2
58 94
99 20
101 32
31 32
24 36
99 74
14 86
98 83
25 94
5 46
93 9
27 59
100 67
78 41
75 97
42 46
53 51
74 32
20 42
42 20
92 13
31 47
11 43
103 95
34 24
106 97
1 80
71 41
12 35
50 7
50 89
33 58
32 24
65 57
14 85
6 67
32 11
2 13
21 86
1 36
20 98
44 23
22 57
84 53
108 60
103 68
95 27
100 31
49 51
32 92
92 66
107 87
26 44
43 21
102 42
70 90
73 39
63 43
78 27
25 47
99 10
87 63
5 42
32 59
84 42
70 21
70 6
16 92
82 86
103 16
31 23
20 91
101 84
94 31
96 64
84 92
32 27
76 45
100 15
31 18
62 40
98 13
22 14
52 47
58 12
13 55
100 9
20 94
30 31
57 48
91 42
49 40
98 20
9 45
20 76
69 44
4 12
36 76
27 73
3 66
1 65
85 76
1 99
42 51
87 26
92 89
13 69
97 44
69 77
52 78
18 49
102 32
74 28
5 2
69 95
74 56
72 19
87 99
23 86
60 48
41 69
86 50
68 23
62 52
26 94
79 22
102 66
36 92
35 6
107 84
43 8
36 34
96 32
9 64
29 32
67 20
4 34
18 15
73 6
98 27
2 9
89 16
12 34
22 56
13 38
50 32
35 70
11 37
102 28
73 33
14 8
86 46
34 45
48 50
2 20
14 7
77 95
80 84
101 64
68 51
83 30
16 94
14 41
49 35
52 95
8 33
90 93
4 100
97 31
97 9
4 81
107 62
61 86
1 12
88 32
72 57
83 38
89 39
10 68
25 57
47 48
104 29
10 49
60 89
33 20
78 83
31 62
82 34
43 33
108 90
85 15
97 9
43 68
46 94
17 43
79 83
87 54
94 92
22 10
18 89
6 73
50 51
4 77
11 43
105 88
96 87
94 89
7 95
74 67
70 64
38 100
36 42
104 79
88 86
49 61
77 24
3 29
108 48
2 42
96 23
77 80
20 64
8 3
71 69
94 84
100 6
25 100
88 75
16 62
47 34
104 62
96 100
81 73
26 77
43 23
10 91
60 90
87 51
108 22
69 71
78 79
76 2
108 7
10 99
5 60
84 34
45 62
95 8
11 71
40 97
3 27
32 82
6 36
4 27
17 98
69 69
23 4
22 50
31 91
64 13
99 24
57 28
65 56
47 60
6 74
82 49
36 73
43 77
8 1
85 8
74 65
51 93
92 8
21 45
75 79
11 85
106 38
74 80
84 48
44 57
42 66
35 17
57 1
37 90
57 57
33 59
107 1
85 65
81 36
62 26
70 46
107 49
72 48
75 52
86 62
20 6
17 50
105 27
36 75
16 60
39 11
90 95
104 26
5 96
35 68
33 21
6 48
96 59
84 59
99 80
60 5
52 94
44 11
3 61
24 98
26 27
31 36
20 50
62 31
7 42
49 6
31 34
93 8
21 80
9 78
39 76
73 93
70 51
11 46
34 22
90 34
6 25
61 42
2 29
77 74
86 71
17 34
50 82
69 20
21 86
86 53
19 17
59 51
82 88
47 95
62 88
52 52
30 83
10 13
94 60
101 32
77 6
59 88
94 32
31 83
11 15
24 37
103 79
98 42
44 73
63 45
1 43
77 35
59 4
54 14
93 50
29 67
54 30
65 8
75 35
97 11
62 48
27 22
35 89
67 77
29 48
76 46
53 50
21 55
13 26
87 9
43 61
45 29
88 81
48 43
39 9
43 23
103 20
40 1
81 44
108 25
15 9
82 53
71 67
52 100
84 56
9 97
83 37
34 59
88 80
8 35
3 47
38 27
71 95
103 67
93 54
51 26
65 83
56 23
96 8
77 27
88 59
11 83
5 26
81 24
96 22
28 48
54 15
27 97
62 69
84 56
5 33
13 57
67 98
28 23
74 26
77 83
62 3
103 1
19 80
51 95
85 17
14 97
41 63
71 85
13 100
41 72
50 58
80 33
41 47
72 77
10 68
5 18
90 21
2 88
64 32
46 57
84 13
59 47
6 85
83 57
85 59
33 78
99 72
53 27
80 72
106 61
7 59
44 29
51 95
43 28
50 87
65 100
29 48
6 24
37 1
28 23
70 65
102 18
91 94
84 30
78 79
84 39
8 91
44 95
102 76
