1998
298 55
20 31
379 84
335 51
209 76
251 59
168 2
250 36
15 20
170 97
150 36
190 42
279 40
100 97
377 92
95 20
187 44
99 63
78 93
324 81
22 17
384 8
208 79
384 44
224 90
131 79
208 43
115 73
311 9
230 36
86 73
306 9
303 83
362 19
92 74
287 99
360 60
63 15
358 3
89 29
69 54
226 62
396 23
304 26
345 27
96 92
1 85
103 18
95 57
350 46
282 63
292 55
173 94
266 6
286 27
385 19
149 87
394 48
379 79
159 11
361 19
306 55
212 75
151 83
266 50
64 22
342 17
64 75
217 38
246 43
377 17
172 40
190 99
242 54
292 78
328 94
180 50
57 3
47 54
22 37
159 9
160 65
43 32
56 72
301 1
396 92
53 86
246 38
85 49
87 14
102 73
209 47
343 51
305 31
56 90
363 62
38 26
203 58
14 65
199 61
141 20
232 31
290 57
265 67
253 74
8 86
11 58
158 3
328 41
256 90
127 23
386 53
28 75
67 12
352 54
357 29
269 34
261 72
142 56
128 52
222 78
200 79
91 60
294 11
104 69
327 1
72 41
277 94
262 89
64 87
364 41
228 47
206 61
142 17
358 57
169 76
185 90
191 56
378 9
10 18
370 91
57 46
30 24
259 23
306 25
82 87
361 99
133 90
289 18
350 31
75 81
294 60
188 59
156 44
15 19
121 61
130 28
296 74
184 62
167 20
278 38
188 27
54 76
328 3
293 63
118 89
390 41
316 89
50 5
26 72
10 3
241 93
261 13
222 85
64 28
357 26
254 61
189 96
392 76
213 31
38 33
270 35
378 44
131 3
34 18
232 23
224 55
270 7
167 69
345 35
356 42
65 42
397 97
24 36
258 77
224 95
5 15
33 63
199 37
268 27
295 94
261 6
355 95
263 13
325 16
89 68
343 24
249 99
98 46
321 54
199 64
348 95
281 84
71 10
159 24
153 81
38 6
305 67
109 55
140 4
37 44
297 87
102 67
386 1
210 65
60 72
396 9
236 97
326 53
165 56
287 64
302 66
87 16
177 25
393 34
315 94
159 91
342 92
83 73
315 25
375 39
354 97
207 72
310 57
184 84
223 57
11 98
195 98
147 74
362 83
204 23
230 62
368 55
121 8
188 24
387 22
70 76
132 70
370 30
315 72
307 19
66 31
10 29
372 52
157 74
87 85
267 94
113 33
132 91
256 28
345 62
61 84
39 34
203 58
253 85
300 74
255 32
47 41
173 93
127 87
212 97
387 51
173 61
53 96
299 46
308 75
193 19
19 23
331 9
32 81
88 99
364 30
7 34
266 63
136 17
33 74
108 36
310 45
302 33
302 86
89 74
354 74
316 6
272 6
264 5
253 66
217 19
5 59
164 21
32 90
178 51
275 19
356 60
196 96
146 95
237 34
160 33
56 9
352 3
134 74
308 54
358 89
130 29
168 30
168 10
60 23
84 24
186 55
259 77
90 97
38 27
126 5
235 65
373 22
192 35
77 53
63 37
197 95
208 53
43 39
3 43
186 17
41 13
270 80
255 60
343 79
268 51
173 66
353 31
268 79
382 97
219 87
234 11
284 74
245 32
88 73
149 90
378 17
308 77
345 86
48 29
243 93
90 41
70 56
283 41
380 59
293 98
391 79
61 88
132 12
322 59
348 72
69 14
51 91
357 51
7 25
367 62
62 39
49 83
395 59
81 100
361 17
194 27
135 54
384 51
181 34
1 58
378 55
207 76
1 13
370 4
52 30
130 28
320 34
339 12
242 43
105 89
384 15
391 23
209 56
192 82
290 98
210 62
107 41
306 71
247 56
396 24
59 91
91 99
5 85
137 3
302 24
359 40
385 50
170 79
368 20
81 67
300 88
300 83
189 90
49 20
47 1
223 97
254 59
292 24
33 23
270 67
376 86
267 14
245 48
194 61
261 81
84 74
193 35
151 5
212 92
265 79
393 75
42 48
183 33
343 42
272 22
192 51
115 97
64 70
385 95
106 23
257 90
291 73
20 22
271 28
109 65
394 19
28 41
33 78
55 10
64 72
138 34
164 46
113 100
69 36
116 7
184 50
144 41
61 27
152 55
61 96
25 25
127 55
280 33
218 52
93 27
6 23
11 61
13 16
103 45
154 6
27 98
257 5
127 44
251 71
287 81
11 36
327 63
231 18
145 8
225 66
169 97
55 32
389 16
121 48
358 78
232 24
374 18
321 99
305 6
182 37
19 53
208 50
325 39
268 67
389 84
300 66
359 32
26 67
63 92
264 11
269 31
345 97
230 95
379 87
113 65
232 8
91 98
349 49
331 58
343 76
194 93
154 21
394 46
251 43
170 3
76 69
162 83
365 14
203 72
177 24
71 36
20 24
242 63
186 46
28 56
63 37
150 82
332 95
286 45
233 55
321 2
129 42
245 63
392 46
63 21
26 20
216 29
128 49
100 90
254 36
125 58
116 84
49 66
163 52
125 1
341 94
336 58
93 46
337 5
344 37
227 20
269 61
224 47
368 33
167 94
220 58
160 49
186 76
400 42
50 97
163 58
297 13
400 34
124 24
44 49
275 79
90 39
338 99
346 27
186 42
243 10
296 96
41 45
224 93
90 65
69 69
33 74
60 49
220 37
22 52
82 83
399 49
121 69
254 65
37 93
380 72
257 79
99 86
71 44
183 9
127 8
381 71
255 10
16 12
364 35
385 58
142 48
340 57
255 75
172 29
290 1
236 68
72 86
244 97
320 29
28 84
366 34
334 36
346 16
350 33
206 72
386 32
373 4
295 66
91 81
278 98
366 20
101 2
230 44
68 67
231 24
305 35
337 23
243 19
143 95
361 12
71 88
346 30
349 100
249 73
22 97
33 41
155 18
35 15
166 96
60 77
246 20
232 53
213 97
285 23
69 47
218 50
372 15
382 99
78 8
257 69
280 29
109 87
117 12
224 67
141 59
140 64
377 67
158 69
364 11
226 10
229 79
129 57
173 67
105 15
328 56
19 75
155 13
9 15
59 94
83 19
40 97
79 38
215 33
379 34
47 76
200 72
133 58
198 33
119 48
187 86
20 36
225 51
355 5
98 79
73 67
386 26
334 29
40 20
327 9
351 40
293 72
237 71
394 48
36 13
67 6
83 31
158 89
183 83
7 84
113 30
286 92
35 97
227 18
19 97
22 23
311 66
130 95
71 41
345 63
138 11
211 54
73 13
157 48
29 80
230 36
189 75
220 65
