8093
1191 27
47 37
128 7
656 32
1199 26
521 27
420 93
468 84
1105 100
358 59
790 16
784 95
746 72
1539 56
599 65
486 42
1311 91
66 13
1350 38
547 66
89 19
1566 58
672 77
1482 39
1272 57
358 18
1130 58
1183 35
880 43
940 18
76 78
1340 4
1376 97
349 91
794 1
1210 4
388 28
1280 26
363 14
223 24
488 2
862 80
406 32
1532 26
867 29
1468 20
1198 86
708 94
703 73
17 50
1467 69
1086 77
376 33
207 81
527 100
1132 37
533 30
882 76
1091 79
1435 35
349 67
208 15
1432 56
1141 20
917 51
589 30
381 29
602 53
858 63
1110 82
653 38
1033 2
347 92
1559 47
1320 67
27 48
243 65
1591 24
927 49
466 79
496 56
562 68
540 73
507 26
82 95
1574 3
1273 29
985 99
825 88
219 26
1013 42
996 17
907 64
890 36
1139 57
984 22
432 61
1497 53
447 99
1293 62
533 73
1316 90
1223 87
722 22
1251 47
682 88
406 22
57 31
202 60
555 7
1182 5
163 96
189 11
1527 93
119 56
513 86
841 26
751 45
1584 3
156 63
411 90
1203 57
562 38
427 67
1259 47
1 37
807 6
872 78
1029 43
1206 47
1065 56
1191 32
156 34
1420 45
1366 64
1163 96
1461 18
746 19
493 47
834 9
18 2
502 39
1576 93
592 51
917 37
411 95
1462 25
1288 17
703 3
405 53
199 49
1267 84
1495 89
148 55
1469 88
1417 86
235 93
1374 58
1234 63
355 57
1384 60
400 42
817 49
780 68
1243 25
802 36
1548 77
912 22
624 98
245 65
100 83
670 22
1404 1
431 91
630 84
1194 35
712 7
1586 55
1169 13
971 10
376 31
698 19
806 11
1257 57
215 6
787 43
450 5
1446 28
1432 26
1214 36
398 74
1246 27
360 27
899 47
568 27
1499 29
1212 13
944 18
298 61
1047 51
1008 37
534 55
1051 80
20 65
913 6
571 60
1075 31
900 49
1282 92
613 21
788 46
815 35
702 34
65 16
523 82
915 10
1134 42
1614 61
1257 59
355 96
608 94
737 52
1502 41
1514 21
1520 86
84 75
123 34
622 37
462 15
71 23
799 36
488 49
372 4
613 85
1093 52
1160 93
58 100
1046 45
534 96
22 33
904 52
34 97
926 88
902 88
168 80
909 62
1223 60
1150 58
1451 65
1022 83
1580 39
546 30
1123 90
1308 7
569 2
34 41
952 65
934 83
679 84
645 45
199 85
976 29
1144 51
1540 21
34 3
245 19
756 91
1618 2
824 24
163 31
1316 24
897 79
1105 36
1288 97
1387 48
245 35
1188 37
1374 16
151 51
525 16
1345 43
1262 68
437 12
368 5
849 11
679 74
826 72
203 41
1125 42
1302 27
1322 47
1468 30
1233 85
544 100
1396 79
356 37
140 36
1249 42
339 38
471 100
1397 38
334 18
860 31
258 23
929 57
153 3
445 33
796 86
350 13
322 5
1556 2
265 47
1443 57
1308 7
108 94
88 13
1227 86
747 47
643 40
670 58
515 70
733 82
57 92
177 25
1468 44
901 17
15 67
201 84
433 73
993 10
858 12
377 61
94 21
404 86
441 85
968 44
185 42
419 93
747 48
1159 11
1247 75
1214 98
1165 66
557 10
746 61
1486 36
1233 34
821 98
1371 15
523 96
689 67
544 70
1594 17
1181 100
922 93
89 8
964 23
681 69
748 61
346 85
1052 4
1447 31
431 42
218 74
1121 93
1493 32
1371 65
190 97
36 46
748 16
144 99
334 88
1042 87
419 49
583 56
513 9
671 19
135 76
1161 76
61 12
156 13
1162 49
1605 19
16 43
660 64
1045 26
53 20
1164 100
312 98
1469 21
542 76
658 63
1048 45
553 78
82 10
672 91
1420 48
402 30
1319 68
690 28
64 6
352 45
1377 23
380 86
995 91
22 2
873 4
1128 10
723 90
953 29
42 47
141 61
1550 95
374 91
1062 98
597 100
145 100
186 32
1602 32
510 92
1239 34
24 44
807 3
422 96
411 96
344 47
437 69
1349 5
1261 56
1501 12
1530 88
595 79
1527 93
621 58
891 30
682 45
1050 13
673 75
593 82
135 7
853 37
794 68
93 50
208 60
531 96
925 99
805 82
813 100
240 21
479 5
1383 97
528 31
1235 80
1350 88
589 70
663 3
996 87
1081 86
58 35
183 18
277 32
1151 31
558 57
1550 21
1120 57
31 80
697 3
464 60
716 3
257 62
1555 88
1047 78
1035 29
1054 91
1383 57
1083 14
684 100
193 20
539 72
1004 51
384 8
1396 95
929 83
593 75
414 20
698 86
1284 21
1057 61
1133 30
646 9
587 45
77 61
1565 28
219 20
539 70
958 10
289 89
223 60
677 1
933 44
1178 20
155 23
929 59
1262 95
1130 92
1528 93
1346 36
526 51
163 10
821 40
427 83
1485 40
362 15
552 9
1441 34
1591 42
1268 59
52 51
1424 100
486 87
1587 99
618 76
1069 60
405 85
383 16
175 47
967 26
636 72
53 31
858 96
1502 33
1327 59
803 63
228 97
259 62
364 5
248 1
1562 70
109 45
165 100
1149 36
656 15
1348 46
1071 35
1166 28
90 87
253 96
488 24
1096 1
833 91
1457 12
1522 19
702 27
958 25
806 15
1543 91
306 54
1361 27
780 6
455 72
656 78
502 14
1575 93
690 14
686 48
1529 98
232 13
1470 77
1493 70
1474 20
831 62
1018 3
786 39
557 94
1569 14
1316 86
541 67
335 89
1377 58
843 65
688 4
890 95
392 49
1608 7
913 32
1441 8
1416 67
1 81
206 24
664 6
696 24
929 16
660 47
1412 62
417 82
1544 70
1600 67
1370 87
298 17
1167 1
849 16
520 79
683 36
84 83
250 19
584 15
1016 95
846 61
1087 72
652 14
513 64
960 10
1451 84
125 68
1585 42
1371 8
884 46
774 87
593 26
280 70
1139 92
142 34
1182 5
1110 49
732 97
875 90
246 92
1516 63
775 37
1050 56
1303 99
935 85
966 61
1119 98
1023 53
1205 18
1415 69
430 91
1464 38
840 12
411 39
1473 23
843 13
1030 35
80 58
733 96
835 54
444 5
962 30
1 6
956 71
521 46
1604 79
258 53
466 72
669 28
797 21
1574 8
1014 52
1358 7
726 32
1001 85
1105 14
288 35
733 67
147 20
167 43
1127 7
165 54
1063 77
42 62
418 100
17 76
838 62
1460 20
1560 80
407 100
980 88
1380 27
1443 88
40 25
157 20
329 81
1558 41
1067 80
601 69
1423 63
1515 14
588 5
173 83
683 16
1265 75
332 11
908 95
869 100
1125 57
431 50
1162 41
398 40
1412 96
1452 19
528 79
1377 22
1219 71
1452 51
668 27
50 59
480 56
1023 45
762 16
1409 67
796 14
293 40
401 69
704 44
1067 32
792 7
235 93
887 61
1195 64
794 33
712 31
1341 73
1186 84
1414 34
595 69
684 85
1361 12
543 42
724 100
