4099
653 47
569 2
568 36
565 56
75 14
508 42
122 15
415 74
775 42
717 77
137 79
788 71
424 31
140 59
591 16
401 16
768 3
431 10
112 52
382 86
548 43
216 3
730 10
267 40
705 69
719 1
671 3
448 22
159 11
519 99
331 77
477 58
169 49
422 82
577 68
517 93
740 33
477 92
505 12
157 18
643 26
318 47
244 8
812 25
167 25
140 56
804 26
516 76
343 11
158 100
728 51
181 14
341 84
583 5
541 13
609 37
708 51
14 91
126 30
388 11
268 100
709 57
630 71
38 7
299 88
226 70
446 55
278 80
56 36
250 56
12 36
778 44
37 6
613 51
70 38
33 14
641 7
610 3
725 94
527 67
202 61
175 88
209 93
237 88
702 66
527 85
512 82
222 91
529 98
429 6
548 89
269 98
306 77
223 17
520 2
680 44
604 3
114 23
369 72
738 79
56 2
643 24
143 38
429 29
692 53
285 36
205 6
192 20
301 50
557 37
643 84
332 39
405 21
556 18
437 24
290 59
195 64
340 39
112 72
340 24
327 39
492 61
89 7
552 46
766 68
193 73
456 31
318 77
619 53
181 69
745 50
371 15
81 45
183 43
328 90
577 74
759 13
208 60
147 27
195 96
355 72
492 99
148 1
475 71
699 52
223 9
309 64
736 41
168 34
73 52
764 28
314 67
482 7
613 53
772 94
733 23
263 75
650 94
41 100
473 19
206 9
52 24
492 70
46 55
44 14
449 34
305 90
464 93
459 46
673 82
629 76
411 60
455 87
348 38
529 45
194 18
285 15
129 2
569 28
204 57
810 7
657 92
361 1
818 70
763 55
563 56
685 59
67 63
432 81
348 29
109 60
530 82
611 87
714 57
598 57
674 62
734 29
221 27
799 48
745 81
781 83
219 48
185 46
249 85
525 79
154 76
101 57
796 15
464 82
90 72
101 58
341 27
585 95
210 35
326 3
444 66
173 36
506 35
140 92
767 29
200 16
264 71
564 3
354 19
527 69
231 27
250 27
251 94
438 18
566 9
506 38
314 20
375 81
603 55
727 36
578 7
587 11
329 24
131 90
98 30
599 29
655 98
177 17
369 39
707 86
590 90
427 12
16 68
509 53
508 22
150 53
171 62
606 24
623 40
742 13
432 63
77 98
698 91
4 49
758 9
477 73
577 96
19 17
576 38
48 19
412 56
525 13
164 19
424 59
407 89
569 4
816 24
317 69
574 96
501 60
7 98
116 68
381 76
809 86
174 92
449 56
228 87
371 18
667 92
384 97
110 96
342 42
758 95
103 76
818 43
344 7
50 45
626 100
745 55
814 49
463 63
351 66
355 63
600 67
625 97
636 86
559 57
703 97
350 54
34 10
312 76
4 31
764 82
39 98
526 57
183 66
714 82
153 30
161 5
45 20
528 42
480 30
421 26
28 32
172 31
320 19
116 60
222 88
219 48
230 2
55 36
788 34
733 1
37 51
754 61
69 44
230 85
201 10
613 25
680 21
633 65
330 82
484 25
564 92
306 46
767 6
289 100
65 42
494 96
787 49
241 71
359 89
345 96
286 93
730 4
648 66
159 78
325 43
768 39
352 6
716 82
700 67
161 57
135 84
316 2
216 44
639 97
274 21
127 67
770 41
386 55
4 25
809 3
472 97
231 45
346 74
474 5
88 68
360 74
136 37
138 47
190 26
709 86
779 45
187 6
10 35
91 83
258 77
88 74
199 31
236 30
795 40
218 70
161 60
37 100
781 53
417 78
546 70
648 75
513 99
142 21
263 91
157 49
766 48
513 50
335 34
100 23
117 98
232 80
254 87
92 38
661 13
278 13
16 56
316 78
549 65
376 9
700 8
243 26
382 97
298 37
394 68
319 48
228 3
61 37
179 41
688 61
764 86
439 42
764 46
260 99
166 33
819 78
148 82
661 82
187 93
668 14
339 89
406 91
142 80
567 35
232 75
573 44
238 70
182 79
799 29
663 29
58 83
73 3
167 94
152 33
411 54
624 66
334 15
252 38
635 64
554 14
782 12
626 74
200 24
464 75
91 45
312 58
248 52
588 27
125 21
387 86
419 68
259 77
104 38
605 51
75 9
565 48
498 20
689 80
346 44
29 100
126 28
671 47
705 76
125 51
413 84
613 84
373 25
235 60
83 98
715 89
551 38
464 22
653 47
106 90
720 22
660 59
700 82
544 20
754 97
284 32
168 97
697 95
113 48
227 4
818 49
697 96
370 87
163 83
78 56
390 67
556 42
368 28
339 15
476 96
593 36
495 15
760 36
241 69
604 65
457 73
86 9
310 9
422 5
433 78
654 60
783 23
14 81
806 81
392 34
189 62
369 16
257 28
304 17
362 85
295 70
315 78
423 3
230 81
275 100
179 15
375 65
289 56
491 46
447 95
58 38
115 59
654 67
101 75
590 13
710 78
726 66
768 37
622 24
613 10
241 96
717 71
18 52
78 97
556 40
345 82
700 74
747 63
37 61
501 98
671 69
338 11
281 52
525 31
46 89
391 98
194 7
290 89
347 48
702 14
124 80
144 60
693 4
514 25
168 3
174 98
183 45
343 58
592 92
627 99
476 7
174 65
487 5
119 15
623 85
700 58
673 93
242 61
723 41
789 31
415 88
321 85
318 83
678 41
788 40
30 43
144 24
21 60
543 71
581 8
368 24
196 1
589 15
727 15
294 52
303 35
289 96
395 77
423 75
360 39
447 10
687 85
765 23
267 94
411 60
771 97
144 75
151 21
44 18
531 88
33 96
386 96
438 41
211 29
365 11
772 2
674 8
736 60
739 97
771 10
256 82
672 83
320 72
326 63
289 78
246 64
38 1
379 24
498 67
174 88
134 57
367 6
401 13
6 76
753 72
6 7
652 39
126 26
633 85
791 23
317 39
222 22
17 100
355 59
599 92
291 25
643 1
704 6
139 97
432 82
353 92
158 34
681 57
296 23
205 42
575 65
498 60
492 31
755 22
362 31
557 7
436 59
735 34
725 82
140 95
206 96
201 8
688 17
316 87
340 57
509 15
797 46
161 95
416 93
381 98
383 76
672 88
61 24
22 22
417 34
656 23
399 11
266 28
74 1
338 75
627 50
475 44
449 57
78 17
475 26
51 65
162 90
556 40
482 45
29 4
743 74
334 9
518 88
481 78
232 68
286 70
174 99
353 12
755 54
576 44
293 90
480 60
764 86
391 69
671 19
731 44
774 11
486 62
308 92
372 94
725 99
702 51
63 68
591 38
303 59
231 89
4 98
795 74
387 11
80 74
772 100
306 48
338 42
667 62
142 79
306 77
481 62
239 8
25 33
