1719
165 67
271 38
21 15
84 38
318 18
314 82
245 20
125 27
66 94
30 47
148 61
109 64
2 35
219 57
97 88
42 74
154 54
100 27
148 46
221 70
122 62
295 66
268 22
255 90
207 65
224 45
110 14
52 96
145 27
326 11
264 30
234 68
312 43
235 2
311 91
333 17
27 9
249 57
285 19
104 9
196 41
284 6
4 57
49 46
104 4
151 33
242 90
13 28
343 26
238 83
5 47
306 29
177 82
305 19
272 20
164 55
46 91
294 12
34 64
246 75
210 98
119 96
205 53
134 47
183 82
38 89
258 57
288 59
150 26
11 27
211 54
58 58
249 3
253 100
324 72
92 89
19 94
336 27
195 6
212 51
266 13
245 51
87 37
41 47
187 93
158 1
108 15
64 80
146 85
78 10
17 61
311 10
236 72
256 100
72 61
203 11
240 38
306 24
73 91
174 24
200 77
93 28
194 79
325 33
148 70
341 84
299 92
264 53
251 21
155 58
320 18
29 35
249 23
93 46
243 57
232 62
37 23
45 35
102 70
234 9
98 35
241 46
136 49
89 61
202 34
313 7
170 80
46 84
260 72
265 26
276 91
279 80
279 39
268 30
25 69
126 74
201 11
300 82
190 7
325 6
167 56
254 95
336 70
20 93
195 93
181 90
107 50
228 23
261 35
56 24
307 5
344 93
83 70
21 18
230 46
128 24
299 38
121 9
196 86
322 22
75 25
194 6
235 19
205 22
287 88
335 86
38 22
210 22
67 68
195 33
281 9
40 46
42 36
34 35
274 93
257 34
142 40
32 79
206 23
89 14
22 2
74 13
225 70
308 40
1 28
92 61
264 67
169 47
273 20
331 39
246 38
40 45
237 57
262 24
338 54
42 74
177 72
101 96
333 19
165 33
101 59
315 8
22 73
279 95
66 14
326 65
99 3
215 57
39 62
291 54
255 89
294 69
40 84
294 97
144 69
339 15
210 54
225 90
156 34
25 21
16 90
206 58
161 89
138 63
226 30
218 84
124 53
163 19
176 95
147 98
274 57
5 78
286 16
197 92
222 50
301 59
79 99
306 78
137 94
16 38
108 32
178 35
174 28
229 13
198 29
105 15
184 96
211 69
192 97
246 100
331 65
135 31
124 44
256 99
295 37
163 40
105 8
65 27
229 78
181 79
245 27
144 1
299 9
181 7
20 97
193 76
153 97
81 39
92 93
119 9
49 8
179 23
309 21
274 24
327 93
28 69
241 18
230 29
32 83
288 23
318 65
222 12
239 63
134 35
256 41
15 28
311 82
298 98
289 78
178 20
180 93
316 89
262 49
140 41
101 39
330 100
76 39
317 33
242 14
48 31
258 83
118 81
250 44
97 13
337 4
127 9
225 32
42 70
51 100
317 94
9 3
160 43
88 81
214 6
261 100
339 32
56 35
283 40
215 97
63 74
18 28
128 80
165 45
178 73
1 85
297 41
294 47
193 15
131 28
102 25
144 64
288 40
38 5
181 51
201 29
259 50
205 21
67 70
221 34
28 100
242 94
156 16
264 94
305 37
325 68
224 1
342 75
316 1
329 26
127 3
157 58
298 85
255 45
108 22
158 59
212 96
257 63
44 41
213 58
26 41
137 84
155 31
273 97
230 37
228 62
330 71
49 8
286 74
343 96
265 3
46 30
180 24
51 4
233 13
103 76
95 71
23 7
334 97
114 91
134 37
12 3
251 88
322 33
327 50
52 97
123 76
83 85
313 22
237 65
65 85
126 89
189 47
337 50
120 63
336 12
134 32
307 7
135 98
175 26
338 80
264 67
153 5
134 41
59 63
340 27
15 73
126 88
288 72
180 57
336 58
323 75
160 10
135 23
160 26
199 58
300 80
150 87
30 77
93 44
22 42
123 15
83 5
220 99
153 21
100 59
282 87
152 88
2 17
178 79
325 17
289 61
45 34
334 40
314 34
322 29
17 67
169 46
113 96
209 36
54 3
62 68
2 53
339 83
262 31
46 97
121 100
246 28
213 53
244 46
37 30
27 3
297 55
241 40
146 28
198 8
12 4
214 9
66 90
85 26
179 9
164 2
114 74
262 64
27 8
171 96
65 11
179 90
300 37
195 18
27 38
27 54
94 28
274 84
105 50
332 80
84 91
138 28
192 33
162 94
10 90
287 24
301 6
309 45
148 62
62 84
163 85
203 22
341 3
58 53
136 33
131 1
294 2
158 61
127 37
209 69
152 26
164 19
132 50
334 94
144 28
25 70
116 27
75 20
254 7
268 24
313 51
173 26
2 60
313 1
80 22
254 85
253 26
165 20
8 51
41 90
288 75
132 87
209 43
335 97
138 30
163 46
155 2
189 9
294 76
311 83
23 28
300 11
41 52
39 79
121 90
275 41
135 8
168 22
33 34
74 47
173 52
201 36
337 20
103 52
258 26
206 5
171 86
332 97
206 22
296 98
294 84
281 7
97 40
100 22
305 86
76 28
146 58
264 18
37 45
29 59
22 51
344 14
278 60
329 50
281 49
184 30
17 47
228 61
124 27
56 68
218 64
229 53
200 97
254 8
322 66
257 52
15 22
332 63
96 40
216 47
151 61
222 7
233 58
73 90
28 7
122 77
191 19
287 5
301 54
75 90
17 48
161 8
102 17
156 18
174 41
284 70
209 30
304 84
69 98
210 15
72 76
179 8
98 61
162 97
172 67
262 97
284 11
215 97
194 32
290 16
205 70
199 5
121 39
260 58
5 34
338 44
209 57
186 63
25 92
266 5
298 9
88 59
263 93
180 74
310 64
281 52
204 53
159 62
170 47
95 50
148 53
63 73
33 22
76 32
149 58
279 18
160 91
16 91
60 6
78 67
127 81
161 51
36 46
319 100
300 58
332 3
284 90
17 64
314 12
173 65
141 23
129 17
240 7
219 92
102 9
251 25
182 66
4 65
53 13
274 73
180 21
14 80
88 77
197 59
62 38
270 22
266 53
183 67
230 71
182 25
240 69
291 76
207 55
147 73
272 74
84 93
332 71
67 37
40 83
276 83
257 32
343 76
273 77
343 14
315 51
215 89
316 83
55 66
153 23
181 47
193 73
312 8
148 88
192 20
279 78
144 14
38 69
106 94
187 77
342 1
339 54
114 41
45 11
203 88
202 87
99 83
305 70
251 98
222 3
279 40
198 19
306 96
218 44
47 63
261 27
295 94
262 53
20 67
19 89
289 81
193 1
71 27
252 64
150 50
131 12
337 48
201 58
88 91
37 70
104 77
157 34
245 38
320 3
5 89
97 28
182 75
343 99
177 88
329 97
4 73
111 31
274 32
163 90
173 44
52 55
4 29
24 45
100 6
93 84
164 95
94 25
337 27
140 23
277 20
193 25
