4770
144 66
234 84
824 12
462 39
609 70
160 46
345 41
397 78
567 41
403 78
489 53
249 32
743 76
466 89
502 59
848 25
690 81
111 36
10 17
321 50
591 99
673 30
301 47
445 30
876 15
537 5
167 30
257 28
591 96
341 99
547 53
782 99
411 74
638 85
211 96
239 29
674 23
35 54
309 34
165 18
307 49
398 49
277 99
649 56
775 3
609 2
622 12
86 49
717 54
658 2
341 98
520 51
326 80
162 33
664 4
926 34
514 16
85 100
698 59
747 25
344 64
553 11
619 30
764 26
204 47
224 79
904 4
327 6
899 26
842 76
695 98
139 76
225 71
34 28
382 41
116 78
372 85
210 24
133 8
439 47
941 5
70 99
143 35
515 62
625 4
65 24
656 5
458 12
253 81
182 55
899 36
193 38
422 33
615 67
911 25
544 82
532 98
756 50
706 72
608 65
268 38
168 8
643 90
648 71
179 21
115 24
623 55
802 22
86 16
380 48
104 98
635 52
136 2
871 75
103 61
262 94
862 73
756 18
916 62
492 51
253 65
217 59
842 27
806 49
304 37
4 98
297 92
737 97
50 34
635 86
141 35
418 38
549 73
567 77
697 27
274 64
518 1
653 58
874 27
216 9
538 11
151 16
902 98
154 68
527 4
778 51
857 4
697 55
526 20
512 95
777 40
306 86
655 4
203 20
251 37
2 67
835 68
495 87
207 55
19 48
770 90
362 13
482 28
255 10
42 14
188 5
847 62
513 9
183 69
595 76
178 40
360 78
87 85
914 82
874 85
329 87
666 66
846 45
35 11
117 10
451 55
579 43
243 8
297 78
720 3
653 39
306 80
89 46
154 81
581 58
710 64
189 98
900 71
293 38
608 4
404 25
825 89
534 50
924 95
370 94
470 61
663 88
311 8
290 1
143 50
37 83
541 58
150 64
347 72
681 79
183 64
215 42
504 83
164 34
217 61
864 60
211 81
265 66
401 59
818 85
787 69
878 77
572 17
801 13
789 37
209 72
814 10
810 66
284 87
430 67
599 16
611 20
187 84
212 45
23 67
356 4
566 76
929 26
24 8
148 21
139 25
308 77
217 46
357 81
901 4
873 40
581 36
128 93
410 86
531 47
497 61
61 29
796 9
59 46
586 15
417 54
233 99
777 26
865 10
283 25
699 83
577 71
391 30
184 21
887 78
36 28
116 93
578 40
16 60
40 12
153 20
945 41
237 88
508 39
240 10
487 71
643 55
345 31
846 77
782 64
801 38
477 31
298 21
306 2
497 49
216 79
548 70
842 9
613 96
559 68
742 7
400 42
14 59
637 70
670 36
189 75
950 36
70 75
746 49
39 37
26 29
846 71
250 48
460 16
866 56
766 62
728 43
504 91
630 85
361 5
842 31
252 97
908 6
687 85
399 10
418 39
511 89
420 55
804 88
387 50
14 92
924 13
850 55
293 47
66 3
538 83
198 69
795 3
135 72
667 9
628 70
318 97
52 24
933 23
778 68
784 15
224 78
929 68
374 78
131 70
863 40
75 40
108 49
252 53
768 35
95 91
939 67
434 7
588 10
344 2
77 28
168 37
443 64
838 39
113 91
647 77
911 88
390 63
842 25
171 49
18 91
280 67
690 39
371 56
268 49
247 39
458 78
348 70
563 84
293 24
744 3
214 56
698 28
772 37
676 57
637 76
578 60
426 87
71 31
485 79
451 89
81 60
114 96
420 36
129 84
862 7
624 38
39 22
408 75
751 15
647 51
692 99
672 52
910 13
169 68
490 97
590 95
437 73
875 19
526 52
2 99
727 49
446 11
204 68
99 96
137 1
298 14
686 48
153 63
263 100
471 9
710 80
405 86
822 49
125 90
294 56
650 11
855 91
109 13
873 22
181 66
343 90
882 43
700 4
794 12
574 24
605 50
569 61
818 8
607 53
4 93
341 48
846 51
110 67
196 12
589 6
790 1
183 96
476 97
571 47
748 16
519 30
674 74
82 50
510 40
118 96
4 91
547 29
939 82
883 23
317 57
672 64
694 91
669 83
575 80
831 70
363 21
491 59
338 97
343 98
27 49
128 79
689 11
110 91
795 4
649 56
429 64
525 6
649 19
727 4
371 22
611 41
632 98
770 16
720 50
255 44
918 66
418 95
191 87
826 73
833 97
679 68
733 14
924 97
933 93
697 28
897 18
271 6
727 15
641 83
637 14
654 53
671 58
621 63
524 23
904 64
609 43
243 75
780 61
120 21
498 26
327 19
262 69
579 61
188 27
654 71
26 94
600 51
324 18
810 83
807 65
308 91
771 44
135 18
497 54
104 24
548 74
839 7
326 26
713 30
38 95
179 85
317 40
184 57
897 48
731 59
99 27
928 90
306 83
200 59
734 60
558 7
303 63
563 63
660 56
354 55
162 98
147 78
581 58
455 91
328 11
146 19
519 18
132 14
816 26
689 65
702 83
527 23
809 71
243 75
175 79
421 17
429 66
95 79
522 73
693 61
445 12
236 29
76 17
908 7
399 53
897 55
685 33
265 82
38 27
267 25
441 16
18 60
718 84
483 15
538 97
807 16
132 81
915 93
698 8
842 33
793 83
690 46
301 59
933 62
33 90
539 88
688 56
290 33
186 53
62 75
335 44
757 68
10 43
101 31
849 1
722 37
745 81
60 44
386 8
30 44
774 49
232 68
377 82
604 62
242 100
755 64
881 60
467 48
391 23
259 55
352 42
94 56
6 14
212 11
714 86
271 66
320 95
400 95
615 38
518 5
399 3
482 4
6 21
19 2
628 73
315 88
716 74
280 36
856 36
60 28
721 27
704 21
834 8
897 19
127 4
637 27
41 26
172 72
344 76
476 19
922 89
295 24
953 85
495 29
929 41
757 85
5 22
810 23
670 87
951 12
747 35
808 45
193 72
216 74
880 58
270 52
536 34
574 50
884 80
904 69
144 72
878 51
17 95
236 44
253 38
904 41
559 76
691 64
798 58
828 2
473 66
542 49
506 92
183 70
205 31
717 66
598 18
815 74
799 1
908 59
604 71
182 75
677 12
560 74
796 88
105 74
444 9
117 90
939 94
948 52
771 6
408 21
289 45
368 94
552 68
626 84
286 16
172 55
799 33
458 43
850 75
788 7
27 16
364 45
707 8
943 20
134 60
832 84
335 89
623 20
862 32
276 31
740 40
17 71
856 33
193 85
923 14
930 52
106 18
913 93
80 83
697 25
384 32
951 41
836 1
311 4
231 49
853 2
363 63
675 1
20 70
666 3
832 39
620 7
331 45
761 34
228 40
917 7
662 84
928 80
659 7
715 23
296 76
609 96
63 3
279 29
339 67
185 32
315 7
909 23
254 57
161 3
661 25
323 38
261 78
167 32
272 87
141 63
298 14
366 51
932 24
821 80
401 68
119 53
