693
50 77
101 32
109 6
22 28
41 95
32 92
98 32
5 22
138 91
2 15
132 27
64 88
130 43
33 99
100 61
128 90
10 65
4 95
105 66
70 35
51 8
8 76
115 88
92 58
129 75
118 2
3 97
110 85
77 13
2 9
138 46
43 37
1 60
15 18
31 56
129 99
45 92
105 6
104 54
15 24
92 46
27 13
102 26
15 60
7 26
3 86
31 56
82 43
92 15
132 21
36 75
24 60
114 75
119 13
131 24
76 60
44 62
26 86
68 93
12 1
18 17
3 53
107 76
125 61
42 22
13 27
26 99
71 3
29 24
76 42
80 22
86 17
111 86
92 32
24 47
45 42
138 1
33 54
49 74
120 88
96 95
74 6
52 31
55 46
54 80
18 5
15 58
65 80
75 49
52 9
29 90
20 90
95 64
31 88
53 42
54 56
124 64
52 84
139 77
46 15
101 59
51 24
116 57
37 94
124 7
104 96
99 99
28 88
21 95
57 57
93 5
76 25
82 39
64 92
33 67
15 29
94 94
2 98
5 78
20 74
8 44
92 50
92 31
22 97
60 49
131 90
46 100
132 61
16 78
100 81
85 68
30 81
86 31
105 25
30 60
107 43
74 66
21 47
62 76
60 24
81 58
62 54
88 69
67 80
29 63
117 82
1 62
92 99
29 14
31 63
33 55
2 13
125 62
32 21
70 1
60 37
24 30
132 54
64 86
80 59
23 32
48 89
20 80
67 81
23 70
105 65
86 97
104 56
6 38
133 24
4 21
126 19
36 41
2 9
19 10
115 40
118 49
103 100
113 51
82 14
25 40
65 88
42 46
67 4
82 89
23 5
78 8
85 77
110 83
81 62
14 28
108 38
59 12
78 66
51 87
16 63
10 84
106 53
85 30
136 84
67 51
123 54
61 75
72 67
104 100
126 26
31 14
39 26
132 76
138 99
45 27
55 10
79 31
11 49
109 40
36 13
97 14
62 57
117 17
56 100
123 75
114 35
29 62
118 68
91 56
83 78
34 43
74 1
104 29
135 82
121 57
43 67
57 78
78 56
85 61
138 23
133 100
24 9
124 17
73 43
100 92
95 14
35 33
90 82
74 13
54 32
83 35
130 84
112 36
26 33
27 41
122 61
35 15
25 83
28 23
22 29
86 68
62 76
6 16
108 1
30 72
39 95
105 35
87 20
139 26
6 41
86 33
8 18
7 3
25 46
70 46
42 96
94 91
131 86
67 42
108 4
106 70
28 88
103 22
89 80
112 65
108 58
131 88
108 84
36 99
41 85
86 12
54 49
123 71
43 84
26 27
127 37
96 56
59 74
27 88
18 10
23 42
3 14
105 16
77 76
13 20
14 20
68 8
74 20
40 89
79 77
79 92
12 14
113 4
101 34
49 10
109 27
8 87
117 44
128 3
67 31
124 90
74 64
67 35
86 84
47 24
15 5
55 96
23 30
52 18
27 30
61 50
22 57
23 19
138 43
107 40
17 17
3 62
53 77
64 99
111 53
93 69
63 54
103 26
108 9
54 76
105 62
8 63
47 100
47 71
134 4
31 92
25 100
37 26
45 86
3 69
94 43
73 2
24 57
95 62
61 16
88 37
126 54
88 20
79 15
91 61
80 80
56 38
118 27
4 67
3 70
21 12
31 13
83 60
50 57
56 45
67 94
46 24
125 26
83 69
55 86
21 67
44 14
133 80
41 38
112 23
60 89
5 4
63 7
43 55
110 94
121 97
105 2
90 86
133 22
6 100
84 39
111 97
4 49
95 32
39 81
134 49
2 35
8 36
127 2
127 85
68 87
26 68
26 52
65 1
7 50
109 73
71 29
21 6
51 50
47 18
127 17
111 95
39 52
55 100
18 11
27 77
21 96
136 45
28 30
97 79
133 74
91 80
88 81
69 70
12 66
12 100
3 58
73 34
96 70
9 16
51 40
27 60
5 73
2 34
61 26
3 76
8 81
47 21
115 40
83 88
69 34
55 85
119 40
9 89
47 11
127 91
28 95
133 62
133 76
139 6
111 25
11 97
57 79
126 89
59 26
131 59
5 90
39 36
93 51
9 88
50 38
77 57
23 85
70 42
29 11
97 78
90 91
39 69
101 98
7 15
25 40
114 82
136 37
109 84
111 77
31 39
105 42
47 100
33 8
56 91
39 3
2 52
89 38
112 82
117 62
72 28
50 8
71 71
134 73
11 75
108 89
105 45
35 63
8 80
62 18
22 47
59 49
50 53
109 19
72 35
107 75
45 37
89 27
102 5
29 59
24 86
134 69
22 19
73 93
81 59
75 29
126 93
21 40
7 85
94 77
65 19
4 56
27 68
126 93
10 78
4 23
63 36
75 92
47 78
114 63
133 89
87 55
117 97
131 48
8 29
11 90
68 38
101 62
116 99
9 65
23 31
119 16
73 80
117 11
33 26
83 15
89 80
19 51
65 13
45 42
79 58
75 33
2 54
24 80
46 6
12 87
119 69
65 41
117 28
108 47
77 6
1 44
55 22
27 6
103 82
54 29
53 3
21 53
129 30
34 15
121 7
80 99
59 3
18 26
80 53
14 71
102 68
49 19
91 35
56 72
124 90
89 51
105 49
17 100
79 98
46 4
114 45
121 40
88 92
110 85
14 32
3 3
80 76
106 91
70 6
9 50
13 25
109 62
104 86
108 57
47 73
81 34
123 49
72 64
74 25
109 17
121 62
47 17
42 87
93 83
98 100
53 85
107 83
85 10
20 34
118 67
133 73
57 44
4 23
41 34
76 52
50 85
48 23
109 76
96 80
70 37
107 83
56 19
58 72
27 80
68 32
38 18
83 4
101 52
94 43
122 5
63 25
54 13
101 76
57 85
44 23
26 18
47 82
113 24
20 77
1 72
86 60
8 63
96 62
19 93
122 16
109 51
38 93
65 34
51 93
113 63
4 49
49 73
79 98
67 81
95 56
115 92
51 27
61 30
40 26
5 67
61 53
114 37
123 22
123 92
40 55
43 83
22 87
109 60
114 2
50 59
12 61
107 83
52 98
89 33
114 64
99 27
5 77
129 62
124 83
24 24
31 66
35 16
122 50
44 64
38 76
44 36
136 95
83 37
131 12
20 48
7 85
36 82
18 37
39 37
89 59
70 29
61 88
101 98
98 18
107 68
60 87
52 66
106 17
12 3
24 82
138 90
138 58
118 4
137 72
83 41
135 29
105 74
64 26
130 50
110 32
95 98
19 1
71 77
94 24
88 91
115 53
75 30
61 36
94 53
78 44
34 54
59 43
6 16
110 7
16 53
64 36
92 36
35 45
107 71
86 56
60 15
63 68
23 65
4 2
79 37
130 62
73 28
39 52
112 52
65 60
3 8
82 55
65 98
17 58
15 99
17 87
95 87
100 81
127 21
44 50
5 13
75 40
109 42
23 89
6 91
102 11
16 84
55 31
124 53
18 40
102 31
44 7
10 90
