8368
1496 46
1667 22
1613 70
211 76
1382 6
1462 40
1526 55
451 86
1419 97
498 47
1146 5
804 13
1661 28
1448 4
12 26
418 43
1348 55
621 92
1555 25
219 93
1476 74
1428 81
1456 80
141 15
156 45
970 24
571 3
67 90
881 36
268 9
48 88
455 4
356 80
142 52
1223 62
1648 36
532 48
1674 9
1619 11
420 11
1420 5
1304 47
616 25
1179 15
564 2
1593 1
1642 7
1497 36
748 37
998 75
1563 12
657 82
971 73
1186 60
1199 2
320 73
784 48
874 41
1509 59
901 41
1164 21
1436 21
659 91
223 22
430 99
1037 69
1063 79
17 93
746 5
1534 22
356 65
22 52
1533 1
277 62
1294 22
1177 56
1491 83
1208 44
1619 95
1394 94
281 75
506 18
1543 84
390 5
86 78
1094 27
629 32
456 15
1043 84
657 32
1277 13
273 44
204 23
349 13
1037 41
472 67
953 57
4 22
1193 94
491 86
1071 31
982 26
1050 86
300 46
943 19
914 26
964 4
45 26
1298 12
577 89
683 98
109 67
1596 55
787 38
1280 89
1605 15
1091 78
448 32
1387 62
1649 74
1164 87
624 93
1173 25
1295 4
437 31
764 61
1047 51
377 13
1310 22
402 29
912 31
398 46
1017 71
438 83
710 73
628 91
1258 58
1625 71
1430 28
277 47
1002 88
830 75
500 45
587 21
642 86
1358 98
1609 61
1153 16
1674 39
1661 91
245 16
1603 96
1018 10
1211 82
175 49
1541 36
817 95
401 65
1241 73
603 73
999 16
1609 65
1345 4
1042 50
898 13
24 55
777 20
1119 14
62 91
266 88
1153 80
1537 98
528 59
100 29
324 48
703 53
936 6
1032 82
111 76
1379 65
285 73
684 98
677 46
181 93
873 82
186 48
1456 11
756 18
85 17
1249 84
860 64
945 16
731 94
1603 22
1171 49
17 87
784 88
1348 63
903 64
441 74
1667 22
901 39
535 87
69 84
1279 82
653 81
1011 23
799 9
857 8
176 91
1197 89
109 56
1011 57
928 31
1059 99
1606 54
1305 23
1138 90
746 69
1329 12
181 93
783 23
691 42
1644 90
289 68
886 6
413 10
692 73
1092 55
783 32
61 85
863 88
1666 39
299 100
1670 86
1453 42
143 74
1068 100
1338 5
1402 91
824 21
1209 24
1634 30
1323 70
942 16
477 26
318 37
43 20
1657 74
1460 87
1153 37
1022 67
1023 69
989 18
98 7
552 43
103 63
45 26
1661 38
1316 93
1319 24
1125 76
1417 5
429 94
1443 36
799 47
607 7
386 95
1635 17
228 40
676 93
1438 34
1354 68
1128 23
1570 83
743 66
113 87
1303 28
696 66
500 85
1141 24
1012 7
1583 18
300 96
768 77
724 31
718 52
1238 75
743 64
902 48
477 100
1536 95
1449 77
405 54
932 56
608 49
210 72
1325 36
995 91
291 62
1037 99
506 85
936 92
974 35
993 5
490 77
429 59
1445 19
825 52
1431 23
1474 76
1175 63
72 44
343 94
51 56
16 4
155 54
144 22
1275 55
1616 51
46 18
1460 62
361 20
439 56
1601 33
1000 18
1120 72
368 63
915 27
445 47
197 58
733 41
953 55
488 14
250 59
1392 32
748 54
1114 59
1594 31
107 47
478 11
416 9
473 51
881 83
73 7
997 66
394 2
657 74
1278 97
848 55
104 15
995 24
707 3
1039 69
435 48
215 20
590 80
653 29
24 49
647 25
1420 81
784 95
332 38
292 62
20 35
1425 58
73 73
1342 91
1549 46
406 75
994 32
1025 70
1561 20
409 94
1308 1
1460 6
1558 83
984 100
1276 17
1351 9
1002 73
203 85
728 94
1238 34
773 82
147 66
1331 22
371 49
1307 53
1044 82
548 34
1243 46
854 17
416 81
135 2
1384 52
270 48
1532 61
1074 78
184 64
1051 1
768 15
593 15
663 45
1100 88
1516 99
33 88
666 30
948 34
852 13
754 36
1515 24
1126 8
1280 7
1574 52
288 60
1204 19
1555 53
1389 13
1146 10
1024 43
1450 30
495 56
1015 76
1123 17
28 100
487 1
948 53
1583 22
985 64
1044 28
565 76
104 1
511 62
1239 38
204 87
1025 7
498 18
987 9
680 12
1012 74
1089 41
103 65
927 96
1462 63
350 10
1217 71
905 8
294 2
542 32
442 87
831 6
359 85
137 55
907 71
1569 29
169 18
166 24
305 6
822 37
1258 87
50 60
646 81
247 49
1641 9
1474 11
1094 45
484 56
990 35
100 55
568 57
882 61
426 58
589 46
1209 16
709 29
586 23
149 6
622 34
1129 16
939 66
28 92
904 18
349 75
1292 14
215 10
1347 35
1370 5
1019 19
1620 58
1364 81
592 28
1013 42
368 71
729 8
1623 8
1168 7
1025 45
147 67
646 4
857 8
927 74
549 50
581 40
615 67
499 39
1213 61
1453 63
921 99
1054 21
1239 57
279 38
1646 99
615 42
6 66
124 70
190 44
1357 97
268 91
46 20
1494 92
757 76
174 24
220 48
986 66
957 32
1352 46
1390 53
1158 22
892 65
1578 53
909 79
906 76
1365 91
946 4
1334 12
640 92
371 19
1349 37
224 83
1225 19
201 77
977 96
1407 63
595 2
220 26
1119 65
1011 24
593 31
1360 51
440 7
802 35
1115 66
770 43
441 56
924 93
248 38
225 78
94 84
722 100
1174 32
1458 57
1576 79
75 42
887 12
288 24
20 62
757 13
621 43
889 29
1039 11
628 39
1188 68
442 36
623 98
545 84
244 87
439 41
1270 69
741 5
844 83
1353 3
1436 94
614 3
234 74
332 72
522 57
1364 37
88 65
166 77
568 7
144 24
1373 29
686 45
311 68
1650 63
822 65
941 22
18 35
671 60
1362 62
109 89
1565 77
1070 84
370 30
824 12
1508 45
146 79
354 42
489 72
1471 51
356 43
365 78
1459 49
809 23
523 45
1254 79
878 70
1063 9
486 64
34 1
1048 84
967 36
297 28
572 97
626 9
400 100
1330 73
1266 89
1217 60
1214 7
1186 34
480 65
1291 12
1354 96
1471 10
1265 45
225 3
529 15
210 10
600 97
1340 42
160 52
160 85
251 71
1576 54
856 40
645 89
553 56
1291 38
1497 85
960 64
1220 53
1296 2
463 56
1438 35
445 63
496 7
206 25
1320 25
1611 47
1437 42
893 73
1360 30
1289 2
348 92
777 32
132 72
862 93
13 30
86 60
98 95
1612 36
1407 34
1304 58
949 57
310 99
1343 25
1592 6
109 14
1391 79
1156 56
690 16
98 8
1625 100
557 26
493 86
1254 91
269 27
458 96
567 58
881 75
892 10
1467 66
1107 19
584 13
96 78
1537 84
1435 50
734 66
324 35
1108 52
859 28
106 94
801 94
1248 69
60 15
1033 66
524 53
425 78
781 19
604 21
608 69
232 52
1315 9
1539 36
348 26
272 55
1267 27
1329 36
213 87
62 66
1235 1
909 9
1296 85
121 72
154 31
1167 15
412 21
1155 88
1295 28
155 14
920 31
1639 88
1226 81
1011 25
515 75
1462 7
1486 18
608 44
741 51
300 91
152 67
958 10
73 72
293 87
968 89
1604 81
1324 11
8 19
222 45
834 48
685 67
984 3
259 96
206 8
1000 93
1067 3
1564 68
161 44
1598 58
1052 67
1000 66
88 26
1526 11
1360 76
1378 24
695 64
1651 34
812 98
1198 32
821 76
58 33
113 80
281 47
1039 71
1599 99
267 5
1666 77
704 77
