9804
1336 85
1463 48
1343 56
1146 66
1745 5
312 34
810 12
926 73
208 37
858 10
970 45
1758 54
1403 23
1669 55
1517 12
695 92
1929 73
1412 72
1584 64
513 74
1161 27
1797 35
724 19
716 50
1474 47
1080 53
732 14
1048 33
801 25
1109 24
1676 71
697 7
1444 15
424 9
1019 7
812 66
210 91
1922 24
1814 8
1309 25
1937 35
1211 28
970 24
407 81
1786 63
1883 49
723 66
1805 36
896 18
1607 100
325 64
1494 57
1573 75
584 89
1653 67
1684 32
1529 42
481 16
565 44
1750 90
1464 61
604 24
1220 63
1148 65
577 31
1383 42
825 48
1641 53
1661 50
259 76
1154 98
1410 47
1282 95
1912 1
981 80
694 89
1384 19
1188 67
400 56
1847 56
550 38
1038 36
471 64
1761 2
921 59
896 15
546 40
1397 30
275 89
993 80
1474 44
837 95
1173 40
133 12
1366 67
1730 42
1961 59
1421 19
327 95
332 87
181 83
956 64
288 79
589 70
1439 60
14 12
169 83
1540 81
424 95
406 89
497 8
167 19
1733 84
1330 5
1149 21
1415 76
74 15
929 57
863 9
1029 11
755 45
904 16
1577 96
950 76
1246 39
1911 21
409 78
1649 25
1908 89
1747 93
1059 4
599 97
379 78
499 83
79 43
1620 100
69 49
267 13
1945 77
982 55
1955 49
121 14
1707 96
1765 87
1229 78
1844 4
1277 34
1936 7
1878 15
1728 23
272 62
1214 97
1168 28
697 89
1888 34
1438 85
776 68
118 96
1645 7
1677 3
759 26
1278 85
1735 64
878 61
359 41
163 10
269 30
671 67
1862 12
1718 41
1650 38
793 71
1781 25
517 92
1158 54
504 63
903 56
191 28
1344 63
772 47
893 25
674 3
1209 3
777 50
743 53
372 13
222 29
1088 21
1099 16
364 86
1297 67
500 5
1842 2
1524 96
1848 26
590 70
628 23
1679 20
1907 64
1800 17
620 62
1607 90
1931 100
1518 86
546 9
996 38
165 63
131 20
1251 54
495 6
1533 79
1729 95
588 17
1374 62
702 32
1927 6
994 88
91 34
1473 88
1514 53
1431 92
1119 97
1761 72
433 7
1377 21
1630 72
644 100
205 74
1203 57
308 61
1361 10
1066 11
579 59
1922 94
1218 13
231 22
1627 84
1728 60
1678 46
1050 13
1179 72
1052 17
766 72
1582 29
914 74
13 38
175 82
769 86
598 99
324 42
549 76
638 16
1084 24
821 62
923 12
10 40
394 50
1563 17
1806 66
7 58
687 49
275 38
1859 12
622 56
896 25
1694 28
195 60
1814 17
1259 93
1811 45
811 3
1156 27
1827 13
1305 2
1279 52
32 4
461 9
691 72
435 83
465 73
968 72
244 17
276 31
1544 83
1268 33
480 63
1129 99
176 70
949 68
99 30
99 36
863 6
1627 97
728 29
1134 17
1079 85
1180 57
1477 86
1911 70
891 86
982 56
1680 10
1323 48
1912 87
1863 57
575 26
166 78
1087 32
936 91
1363 58
1232 63
747 43
1336 34
382 85
916 86
228 28
1462 53
391 75
1078 51
1440 70
1637 54
1800 83
1621 48
900 19
911 26
617 75
707 25
1372 51
679 42
1506 69
467 55
1085 84
338 45
1947 42
603 85
698 50
142 39
1437 65
262 57
1509 92
1800 7
747 10
941 17
1850 39
2 77
797 34
1415 86
357 40
1925 14
767 66
1463 94
1699 75
727 70
1321 34
1261 83
1160 63
1500 94
1953 87
988 46
272 19
187 22
982 87
509 100
1230 70
818 17
718 24
107 40
724 58
1601 16
1763 100
730 99
938 47
200 87
543 96
1516 44
1686 97
1170 41
311 6
1783 99
1842 22
1438 38
1657 36
1157 14
1164 9
271 25
1461 49
302 8
441 40
1934 77
420 34
116 100
1427 86
1154 32
414 60
1646 60
238 63
91 26
210 17
1176 18
381 38
955 48
165 26
238 20
27 54
653 97
1711 20
775 47
1706 89
1221 87
1564 64
525 41
777 83
1691 31
1802 77
53 82
463 95
1241 39
1758 27
1124 39
1278 37
1863 85
1133 54
860 29
726 29
76 11
635 81
647 4
523 49
1938 73
1674 53
1427 76
471 34
193 54
733 95
176 37
235 56
1549 64
1836 70
1800 75
990 25
902 100
903 40
1323 78
1124 82
694 75
1400 43
1563 41
878 41
1236 6
452 43
738 99
533 33
464 27
1323 58
86 19
1510 66
1124 77
534 79
228 55
131 62
531 61
554 97
437 43
512 67
1840 90
34 47
1279 89
199 29
1043 53
915 100
816 19
482 62
1719 19
1959 46
451 83
734 26
1237 34
108 23
1374 38
842 88
637 82
117 65
629 14
556 25
1894 74
790 60
629 67
151 32
1399 45
711 63
1127 44
1019 65
210 69
220 55
1950 70
507 76
28 71
1679 35
1699 78
1939 21
880 4
1667 38
680 76
1903 44
942 24
1201 97
1478 90
479 64
201 82
653 43
128 51
1009 5
16 61
669 39
1630 65
1568 34
61 6
1696 73
908 23
421 65
89 14
302 40
1372 30
1579 27
111 31
481 20
491 9
800 60
186 91
156 97
1162 17
76 2
1683 30
565 99
771 98
1547 30
1886 25
1039 80
826 100
766 22
1709 93
1890 73
1443 65
1087 65
313 38
140 44
1386 92
1487 48
1106 57
172 47
1173 38
1405 91
632 28
719 95
25 1
602 89
1494 71
991 41
1562 6
1435 24
469 98
172 93
1024 3
19 4
1782 68
975 80
123 2
282 26
1526 57
1591 98
807 6
941 59
1476 15
72 33
1360 98
1893 32
1570 89
1038 31
191 45
1552 6
1329 57
483 43
744 29
447 4
428 54
1466 44
1308 51
1768 36
661 44
1386 67
71 26
1526 76
1121 15
651 7
1454 41
1400 24
186 18
1220 3
1580 69
579 16
464 52
114 87
1395 48
677 79
1023 18
771 80
579 41
6 75
129 75
503 43
1255 30
58 53
521 37
1837 56
1643 57
1064 42
1167 30
1083 50
900 34
1760 8
1438 13
524 18
1597 55
1070 85
916 1
406 84
1517 13
654 42
1645 36
1838 33
155 24
1169 12
1574 14
716 44
100 37
948 33
1722 8
3 7
1016 69
814 50
240 45
245 72
1642 14
1445 43
885 30
23 16
1083 99
1062 37
1944 71
647 13
1641 89
1869 14
1644 82
1009 25
1534 93
615 96
338 60
961 51
1740 56
1955 90
1338 43
345 68
1629 80
1174 84
555 71
80 46
1150 85
781 44
1460 29
567 87
2 34
1100 1
294 94
1503 23
1812 25
419 76
175 86
767 38
1416 91
1928 85
1407 67
1812 89
1419 17
1902 76
19 80
389 6
107 58
495 64
1255 99
1917 75
1583 26
385 98
584 74
87 29
578 79
1450 64
1919 99
964 11
283 45
517 51
1851 49
776 48
59 72
1684 37
1006 66
1369 99
378 39
408 45
1304 54
1361 81
700 11
1913 69
1371 39
583 53
1403 98
611 30
655 32
1075 41
675 63
229 89
1205 12
533 51
199 68
340 28
1217 75
497 80
1553 20
542 82
286 93
907 61
332 55
1954 20
1926 17
290 77
812 53
748 34
20 14
1476 8
970 16
89 91
48 54
1279 2
916 7
572 32
537 53
1465 82
1604 18
640 16
208 45
666 78
481 55
1321 39
715 17
1102 86
48 22
1787 56
391 99
1694 9
1500 68
643 51
1018 41
1878 43
900 37
942 16
56 26
982 90
1388 20
1914 31
482 38
1910 11
319 58
1770 42
382 9
1607 65
676 62
795 20
43 82
901 86
704 84
1444 1
1481 34
1300 72
823 11
802 2
870 92
828 2
1244 8
1435 50
586 77
1079 3
