6607
565 93
1312 92
169 37
942 68
189 25
75 37
945 9
976 93
899 1
247 40
644 14
335 37
793 65
151 22
705 5
70 47
708 77
895 83
392 17
764 25
1042 97
1189 39
1135 49
1041 93
798 85
164 8
280 31
576 58
767 87
831 16
1114 78
1110 54
657 44
1208 8
790 45
841 96
1208 100
252 14
459 74
1308 4
325 87
1294 55
1290 11
1210 3
325 47
434 37
1085 46
219 12
833 19
1264 95
110 76
534 78
605 82
801 14
712 49
1042 19
550 92
1321 80
853 17
1007 23
715 85
144 11
749 80
738 84
1197 36
299 34
1196 25
404 17
807 85
368 15
352 18
204 53
860 75
1136 77
703 93
406 38
1184 39
1022 92
58 41
828 44
1184 4
985 8
366 65
1100 28
482 50
1267 85
394 92
625 41
1133 60
1122 72
697 16
339 2
761 12
1030 44
1191 78
17 24
258 60
72 6
108 55
858 25
856 56
686 10
49 80
772 64
518 94
718 69
402 3
1105 89
450 92
150 96
427 85
319 94
265 84
694 94
1126 87
485 12
267 3
476 62
1006 92
1126 17
566 95
1159 96
1271 85
875 44
119 59
741 41
499 7
143 83
932 77
469 57
1069 1
1186 16
1267 48
375 53
934 28
822 27
1301 91
470 16
349 90
19 75
31 69
1283 86
883 95
497 33
41 37
93 85
11 71
359 16
660 58
845 43
494 98
310 31
1056 4
1104 75
1191 72
1021 40
325 3
362 6
1294 72
1213 87
583 98
789 93
698 35
173 99
408 97
920 37
269 65
36 55
573 17
539 2
133 20
1139 7
1227 8
1201 47
1126 58
889 56
525 55
118 13
826 62
484 62
60 86
569 96
941 82
941 23
993 83
1318 91
1270 24
809 55
34 60
1156 53
340 83
515 45
454 11
1114 75
1207 94
999 85
530 5
449 28
1098 26
120 86
890 47
44 19
618 95
1104 76
619 84
881 50
1028 70
1152 3
52 52
461 49
694 17
973 6
108 82
275 20
342 67
137 61
1227 45
1216 24
191 11
1131 99
810 78
281 17
286 32
777 13
235 97
4 83
777 25
185 56
716 40
115 15
1007 96
996 89
1008 19
614 81
94 11
791 8
679 4
19 31
263 35
867 99
580 15
497 79
76 50
1185 31
789 17
812 27
765 32
272 55
317 71
391 7
924 12
717 98
957 4
1236 39
943 55
1281 90
1262 56
159 35
829 99
380 55
990 81
808 63
1216 7
597 22
288 21
598 24
673 13
414 72
305 86
1112 77
1265 77
1199 78
1254 35
462 32
672 28
1052 51
308 57
1112 44
1016 79
501 65
143 86
560 8
859 14
1305 20
783 50
45 22
1181 19
921 79
1250 54
1025 77
1020 60
335 24
878 32
441 98
1221 70
962 46
529 66
207 13
1057 12
685 76
902 16
152 68
1109 34
1283 57
641 5
1004 48
88 24
355 24
101 63
1021 13
861 7
625 26
1187 68
21 97
291 89
885 71
1144 83
1029 21
501 31
1191 68
1261 1
706 98
603 94
308 41
562 27
218 50
619 45
896 11
673 4
1191 29
1311 12
802 57
789 97
459 80
867 32
125 28
697 84
212 60
1125 61
465 41
1271 48
1307 20
676 78
902 40
897 54
501 71
141 70
1089 9
1321 25
78 94
1119 57
938 80
1080 47
318 68
376 66
837 79
672 75
1264 75
68 73
417 95
113 26
359 88
903 35
1261 92
1092 21
60 51
1309 79
780 93
127 64
688 51
106 11
1158 81
1170 99
762 32
1281 50
40 76
256 50
534 74
173 60
90 93
1056 30
228 39
1232 97
47 22
364 83
1099 35
683 71
518 3
1301 10
67 25
533 79
1104 47
1285 43
1106 4
1303 93
718 94
1145 36
792 23
1224 70
932 86
905 9
345 48
926 47
808 38
1215 14
661 43
10 25
965 77
59 16
93 15
1269 62
3 13
23 67
232 93
1176 75
1240 21
846 59
318 46
280 23
896 32
1269 13
581 19
915 94
121 14
75 29
416 46
1289 47
832 64
657 17
106 63
919 80
1064 29
268 83
240 51
409 7
878 31
1156 48
359 78
1242 90
392 16
1207 37
1013 98
705 51
302 87
1178 38
1273 81
22 64
186 47
387 15
590 44
231 59
1302 72
819 69
1272 17
1227 80
61 68
889 52
192 11
688 13
426 3
868 69
171 18
23 61
239 68
1043 46
1280 4
773 69
1067 98
666 39
676 53
33 67
416 9
807 23
1320 47
1219 77
780 49
1220 47
1126 54
544 57
1098 10
163 35
575 93
1015 7
970 25
135 68
1010 6
1084 13
1320 21
460 88
1141 82
1277 79
717 55
1015 80
1042 66
1064 69
1022 76
1203 63
1206 90
834 76
747 66
639 6
729 12
1315 19
343 71
446 87
7 18
892 100
833 49
592 25
434 60
1238 42
234 56
464 67
456 98
203 10
454 63
120 97
1138 66
1262 97
701 56
272 97
13 61
137 3
994 92
1210 79
1060 53
1087 27
233 17
31 63
1304 22
187 6
726 57
179 14
588 60
313 90
1096 1
22 30
710 11
968 20
907 78
1164 79
142 41
322 100
480 65
648 20
924 46
54 34
94 47
693 47
100 67
431 22
804 16
1313 16
240 39
373 97
1213 58
948 61
316 60
147 19
555 65
924 87
1008 5
1060 53
1182 79
1112 23
649 70
355 60
707 58
1240 35
869 89
372 77
855 57
1023 91
397 54
247 47
1084 92
1235 46
1184 76
510 55
144 26
683 54
1035 34
721 45
1221 74
233 85
730 46
895 84
788 100
875 15
110 8
182 30
583 28
456 30
944 61
228 56
642 79
329 23
498 25
1158 6
1120 66
523 49
529 68
963 82
1015 74
786 58
191 21
231 43
1124 11
95 92
483 66
33 99
571 51
1006 53
155 69
1210 87
931 30
1294 90
97 16
816 14
298 36
456 1
231 41
593 65
380 50
157 84
297 65
192 82
1139 73
167 42
978 43
1076 38
1266 14
404 53
335 99
780 90
363 75
749 10
130 29
996 37
1273 54
1029 32
716 25
104 1
449 12
1222 13
781 13
1026 74
342 52
1083 34
733 34
72 71
432 1
904 57
1046 44
593 38
1213 94
267 83
535 12
1148 4
526 2
1072 7
846 54
475 91
512 31
614 3
415 12
400 92
9 9
1028 78
582 76
699 49
462 10
312 36
1254 28
461 47
986 6
77 50
841 29
76 87
1062 35
466 51
1068 42
1146 47
656 55
261 35
197 28
489 35
567 55
245 55
558 49
353 27
1250 10
65 55
164 14
1264 10
322 18
190 16
499 85
838 66
718 39
993 14
990 71
319 41
676 35
406 97
235 70
321 16
348 93
887 74
782 66
616 37
1319 51
1211 4
785 35
487 47
922 94
137 94
101 51
729 69
609 98
921 5
1023 34
1015 42
291 99
738 94
343 85
224 12
1112 20
833 14
338 100
1260 57
755 44
1216 28
1288 13
842 29
765 54
568 81
125 96
955 67
347 97
1075 34
231 80
925 47
1284 59
661 17
443 64
1303 95
287 42
263 42
889 95
894 52
599 2
50 23
930 26
696 56
879 5
608 37
1048 62
1282 99
993 79
1105 11
1191 73
459 13
667 80
683 43
1080 54
300 77
202 98
134 17
1017 5
185 63
1205 61
352 50
128 54
519 63
820 13
776 68
386 20
296 74
1232 75
80 18
106 75
602 60
633 54
815 9
817 70
566 54
1098 22
811 56
974 84
1274 90
152 82
877 15
347 61
1091 53
290 72
900 56
118 75
234 36
263 20
