5666
572 60
111 20
85 59
300 6
415 50
1007 47
122 81
263 27
568 89
516 95
858 55
249 94
120 76
95 49
662 76
983 57
499 16
444 95
839 87
623 20
17 42
317 52
635 98
309 24
543 16
1062 7
63 66
131 86
706 66
354 48
523 90
1117 30
548 33
393 85
1035 11
477 92
805 42
364 60
1040 69
162 40
161 85
1087 46
514 98
44 23
904 94
36 1
1124 52
303 12
702 34
481 86
396 86
856 92
200 29
1080 91
226 32
515 59
247 1
704 59
340 89
149 10
1069 13
1022 21
668 3
611 66
630 27
452 76
632 70
1133 90
860 21
479 10
580 70
137 30
372 31
1037 15
932 16
652 42
1103 60
763 18
664 80
663 5
4 2
929 78
565 70
501 83
879 95
275 66
527 23
586 27
912 29
590 15
883 38
1037 88
195 14
263 6
618 54
709 79
571 13
770 72
781 50
872 35
870 34
1109 52
584 56
966 51
123 34
401 17
570 59
404 75
321 96
256 83
725 88
539 25
147 29
379 80
884 37
936 22
188 93
154 86
977 65
399 49
303 70
1131 18
40 88
448 88
362 42
810 95
862 74
334 56
967 44
729 73
1086 94
1053 6
1022 41
1016 63
197 28
51 3
251 35
733 37
484 40
503 35
374 48
686 58
582 2
559 70
980 40
802 68
998 86
715 23
410 66
801 23
297 33
184 5
489 9
1 65
775 38
63 94
437 70
1069 50
615 96
816 57
174 92
1056 62
636 6
155 21
402 51
1006 3
646 78
832 23
97 22
763 47
853 78
432 82
334 41
950 80
427 37
807 20
277 88
743 20
533 41
168 18
12 97
787 75
282 30
235 67
193 43
453 71
241 36
520 86
1072 59
919 79
691 11
378 4
609 8
826 62
1092 38
580 99
372 46
659 25
1059 6
1030 42
216 34
865 2
452 71
976 29
1050 43
430 25
823 98
292 74
129 70
828 3
434 19
521 97
1054 30
306 98
900 39
399 55
155 29
758 34
1014 99
181 50
325 69
158 95
854 68
857 94
417 48
921 32
311 28
518 16
507 65
781 3
519 9
93 61
794 36
813 28
519 24
811 22
759 99
678 97
971 13
189 46
860 11
226 30
1103 96
206 9
676 49
1106 58
443 25
316 15
985 96
283 21
1093 20
446 1
33 9
999 68
549 2
633 87
289 17
1024 38
386 80
763 70
156 7
361 1
484 23
964 15
172 87
170 4
125 58
398 25
46 41
1119 99
126 87
291 45
758 70
953 69
492 96
77 17
988 29
525 40
327 95
218 20
815 89
673 26
579 42
557 63
636 11
848 9
994 68
2 17
235 94
1034 55
914 79
533 63
38 28
1117 17
433 63
925 9
942 6
665 16
1103 3
94 63
839 94
410 47
499 54
196 21
240 89
634 69
570 8
616 30
601 87
156 58
591 63
878 88
582 60
805 30
949 61
758 61
110 38
414 2
1014 29
490 84
76 9
419 35
597 13
954 56
33 77
291 3
152 75
269 71
901 3
728 34
738 12
512 77
42 40
577 82
567 99
473 33
816 80
968 59
998 28
14 54
482 50
1033 46
699 81
643 17
1039 99
729 61
459 78
57 24
727 38
533 40
259 62
951 83
1004 87
799 79
720 3
680 70
840 10
982 92
632 6
1040 78
45 16
490 10
904 23
83 30
1087 31
672 68
215 6
265 11
379 48
283 64
339 49
816 15
1121 27
232 48
704 78
932 11
910 79
701 13
514 90
783 19
73 34
926 31
647 89
670 99
421 72
662 40
579 90
781 9
309 11
733 30
791 30
599 65
770 69
500 58
946 57
644 90
981 60
442 22
172 85
131 33
480 38
1063 78
428 96
75 53
761 91
331 74
532 61
434 98
858 3
885 49
233 17
901 55
978 7
740 23
871 80
543 89
710 62
228 43
150 47
364 72
239 73
151 40
825 51
531 94
1131 39
764 9
502 26
189 4
644 78
950 54
754 41
95 67
408 42
127 50
1006 93
1011 84
1098 71
779 2
441 41
1104 82
905 69
594 3
876 46
665 17
996 30
778 79
67 92
863 70
147 19
1042 62
890 69
969 48
893 97
1094 87
630 9
657 87
12 10
30 52
318 76
975 71
891 59
1109 8
646 43
600 27
556 54
712 74
88 70
655 13
812 11
646 13
726 21
943 64
907 6
346 83
731 64
801 22
7 67
323 34
771 28
135 40
755 50
899 44
835 88
995 14
653 42
1113 40
848 17
964 64
221 69
994 4
1016 22
1047 66
1088 34
146 58
384 43
985 23
286 99
56 73
432 18
38 18
115 64
751 98
376 86
423 3
1090 64
896 75
216 9
333 50
946 10
662 22
507 75
194 38
306 30
938 47
628 61
853 22
881 66
110 89
86 88
460 4
1107 87
102 96
556 84
688 42
725 45
854 58
661 84
815 59
719 6
94 37
84 96
927 28
399 97
968 8
1000 56
650 5
280 92
403 38
923 18
204 26
710 4
179 37
379 31
879 2
964 65
325 23
816 94
935 85
914 2
806 83
10 23
526 50
1033 49
802 74
243 6
335 31
719 28
432 75
247 13
532 89
25 63
143 81
377 75
234 68
134 84
53 78
864 56
892 90
59 36
776 64
572 5
754 36
173 97
615 12
1101 31
997 26
505 47
520 36
186 49
986 20
549 69
748 87
509 78
932 100
899 52
821 76
389 45
225 75
12 86
1037 77
909 50
368 29
80 15
290 8
1005 73
708 79
919 31
96 41
857 21
800 14
311 54
644 92
766 45
820 75
39 10
603 35
980 89
851 46
892 44
108 39
838 16
913 8
1047 7
629 48
166 97
820 53
590 88
1090 73
1079 3
467 72
31 41
523 33
90 33
312 10
491 94
782 98
1105 26
663 77
1001 10
25 48
35 71
324 42
378 14
152 60
892 6
29 15
1015 11
943 77
141 93
854 2
254 2
538 95
190 43
564 30
718 83
391 18
494 57
912 42
106 42
594 77
477 65
594 65
138 74
196 53
1059 29
16 34
252 95
787 5
527 27
259 17
1098 52
596 24
1091 80
937 72
643 6
824 27
549 59
591 88
419 59
1030 55
646 85
274 55
10 5
474 53
450 52
191 5
754 47
258 77
285 92
577 86
698 39
193 70
165 48
844 17
11 43
90 70
222 32
732 10
297 61
1012 63
332 69
623 95
276 94
893 63
118 29
518 4
860 36
488 46
80 90
184 99
922 79
317 9
689 22
945 17
18 82
1108 49
1026 2
330 73
872 90
251 43
250 96
985 22
1099 52
820 38
727 58
467 37
117 79
842 88
606 53
713 69
42 33
913 50
930 50
303 2
998 74
101 27
591 9
246 97
520 54
494 78
401 53
85 91
748 49
875 19
190 81
12 77
568 4
1064 10
615 33
931 36
1109 100
957 1
1012 57
1035 53
33 28
601 13
733 13
728 6
447 59
307 43
773 74
304 94
599 50
243 51
682 84
11 21
264 69
202 16
809 28
104 94
342 25
37 63
21 9
939 82
555 66
65 67
339 38
584 90
76 53
478 31
860 37
119 69
1126 85
656 31
657 80
277 22
967 99
304 9
774 51
717 9
1094 64
69 20
676 3
918 21
927 91
750 3
956 12
826 51
20 10
803 12
292 40
515 82
253 80
413 76
948 74
427 35
824 82
581 98
1057 95
492 56
569 96
976 37
1003 17
895 32
896 17
579 97
492 79
722 12
912 74
279 97
