3743
209 5
135 16
386 38
314 81
108 75
702 36
743 18
240 63
16 60
372 73
457 52
96 39
276 55
701 98
710 17
201 36
521 76
208 3
642 78
305 10
418 60
523 20
80 94
501 5
421 53
33 48
642 17
113 49
110 30
218 5
389 98
563 72
2 8
545 80
652 17
31 24
208 72
407 53
330 12
460 67
600 73
509 89
70 50
230 49
367 70
297 8
190 85
570 33
658 73
681 22
543 66
297 45
97 66
680 85
624 78
200 13
359 73
265 20
374 70
112 54
597 17
541 62
489 27
66 66
57 54
563 5
176 57
489 58
114 88
93 70
507 66
699 43
648 27
425 51
93 68
220 16
50 93
5 87
644 54
138 28
481 11
104 35
246 38
611 59
128 33
331 57
441 31
176 19
473 3
55 81
243 52
312 45
486 44
204 88
430 39
576 95
429 2
340 46
351 71
467 34
173 51
567 28
411 72
362 37
506 86
660 87
57 22
502 96
320 46
394 17
611 14
718 19
477 96
3 58
517 90
343 18
132 10
640 37
76 51
286 91
62 79
140 79
513 56
6 17
5 5
725 28
207 94
431 44
742 9
555 25
77 12
468 55
223 2
409 70
718 47
482 85
446 77
706 71
691 18
561 61
636 84
196 84
46 91
11 65
396 2
405 65
389 10
415 74
161 46
186 11
401 53
337 64
564 64
494 54
278 32
22 92
130 59
644 43
598 79
464 24
129 89
193 34
510 25
310 83
400 25
686 92
300 90
346 98
681 93
371 71
47 69
577 62
85 2
644 76
582 85
338 57
63 69
281 40
59 48
312 37
436 42
32 83
450 71
277 91
228 56
407 42
348 66
658 92
416 60
578 40
309 28
4 3
678 54
726 66
160 3
120 3
159 38
724 97
420 13
294 46
296 99
513 87
151 9
646 96
182 74
234 77
27 76
687 4
335 73
469 8
589 57
712 66
34 76
452 23
607 89
405 61
450 74
683 43
245 31
77 44
676 1
746 92
514 11
299 3
313 15
734 43
716 7
59 8
423 32
125 8
605 86
144 12
645 89
150 25
367 86
58 25
479 55
646 86
704 92
514 23
335 96
62 51
152 35
224 85
504 30
441 10
146 22
408 57
642 69
123 28
443 26
332 92
280 51
741 51
178 86
663 59
577 48
517 78
494 92
498 34
471 98
568 3
74 21
44 29
680 81
559 54
61 49
724 93
649 34
200 56
735 87
248 53
610 84
657 51
631 70
572 63
24 16
165 18
357 41
545 97
728 6
159 52
367 50
319 26
129 39
317 33
189 17
357 15
17 73
313 26
306 78
114 68
265 93
224 86
168 60
226 28
141 3
573 13
312 31
403 30
265 86
306 95
241 35
634 42
25 29
431 71
560 49
692 4
4 46
161 30
104 33
19 24
358 64
201 20
611 59
286 37
119 97
592 29
444 27
370 14
69 35
93 52
179 2
507 53
430 76
555 86
672 87
207 89
159 76
426 48
490 15
212 61
20 10
304 92
677 95
385 24
587 32
95 23
67 87
19 83
358 6
137 58
189 23
701 15
262 13
519 79
533 98
47 99
161 31
693 18
118 39
182 95
559 85
437 76
322 72
24 77
402 91
70 61
573 98
346 94
706 10
435 61
294 99
552 88
603 97
525 93
495 40
546 44
310 14
331 68
472 95
627 56
512 98
317 41
2 19
33 58
493 68
604 14
157 91
188 82
618 50
60 5
254 64
450 24
333 27
172 70
301 66
664 20
640 9
68 94
635 59
683 65
431 25
133 82
468 100
695 11
354 93
653 75
186 46
603 44
677 94
335 49
171 80
654 35
76 54
384 60
669 69
19 83
321 89
597 25
578 95
391 42
100 67
563 50
418 46
335 92
220 2
737 32
139 20
48 66
410 71
553 90
145 43
535 92
528 31
304 76
543 17
373 89
539 45
116 31
654 14
107 83
707 36
720 71
564 98
28 29
427 20
67 69
102 30
158 1
516 75
310 46
321 19
612 40
743 49
59 15
75 21
464 52
626 91
635 8
719 78
252 12
608 37
198 7
74 71
327 44
7 76
709 96
452 43
63 33
664 10
253 23
5 54
714 47
58 87
582 39
58 49
25 17
62 19
144 32
553 38
72 83
352 95
223 75
481 76
723 17
316 49
254 74
434 20
39 75
161 52
293 3
118 89
17 96
340 18
236 76
151 98
268 94
128 1
486 4
168 90
684 13
308 5
705 83
360 66
345 80
524 81
182 56
296 53
396 28
525 30
46 14
721 50
699 38
121 10
79 4
385 44
140 71
143 72
61 38
207 40
15 1
189 76
261 73
541 64
508 42
622 24
234 53
485 50
6 42
46 97
578 8
78 58
84 49
520 79
542 80
706 94
15 91
123 90
44 41
407 15
403 76
469 60
344 84
621 18
106 83
348 10
471 84
406 9
163 10
234 27
519 5
446 48
495 56
79 19
97 92
483 52
615 61
331 68
193 64
271 30
357 85
584 63
265 61
517 31
373 31
52 99
529 72
403 65
330 4
385 68
302 59
313 11
712 11
382 52
725 25
211 81
573 20
489 35
650 97
350 60
467 72
264 79
461 45
422 80
489 97
477 96
308 24
346 32
34 55
609 38
323 99
403 85
39 41
529 85
370 62
241 41
26 92
566 48
71 12
99 6
590 43
728 33
660 8
33 68
479 12
555 74
73 96
427 22
584 51
346 87
121 38
140 34
239 75
441 13
331 4
512 45
509 1
171 71
405 40
635 22
496 100
11 32
495 4
321 46
142 60
646 46
324 22
646 27
245 41
657 68
677 20
688 61
595 50
108 71
303 47
285 70
214 90
393 79
185 46
174 73
321 38
284 8
486 79
84 63
741 9
684 17
91 76
741 19
73 54
648 80
670 73
553 43
128 55
403 29
665 77
277 20
596 21
371 49
636 49
708 90
679 74
262 14
373 57
434 22
233 37
621 48
502 17
57 24
385 44
164 69
582 91
338 96
224 13
25 48
221 46
623 10
353 90
735 50
533 31
231 60
610 73
586 60
275 25
224 69
61 56
298 8
528 70
23 85
612 10
45 40
564 92
334 51
354 30
239 54
737 54
328 21
421 60
223 79
297 48
457 3
463 13
109 1
613 16
493 88
80 35
733 100
540 54
350 45
175 78
174 58
594 58
438 72
241 9
624 71
24 43
36 28
470 97
515 81
383 91
218 33
192 78
95 98
624 98
512 75
18 54
163 76
103 64
716 39
461 31
384 92
537 77
301 17
452 61
682 72
649 63
714 25
125 26
336 7
191 66
154 85
476 68
20 91
275 5
249 28
408 41
310 74
726 59
330 1
382 32
611 46
342 63
650 100
678 8
437 43
542 59
663 39
30 66
387 21
632 49
227 6
74 73
740 32
337 33
42 62
691 100
273 13
53 81
516 94
248 26
658 89
149 2
104 22
5 45
334 69
411 23
379 73
389 43
647 100
430 32
158 36
112 59
321 95
541 79
31 83
92 77
491 23
744 97
511 58
637 22
607 52
147 37
341 70
508 100
252 54
740 87
614 81
453 97
13 14
504 32
397 67
199 87
643 56
52 18
597 47
118 73
739 19
591 19
337 73
533 11
410 62
711 9
60 81
748 99
294 60
310 4
420 23
611 90
260 62
705 22
443 86
622 40
499 74
308 40
432 77
252 75
148 100
257 29
502 76
572 50
