4306
191 100
716 49
687 91
167 79
846 22
556 87
185 9
71 40
47 49
45 33
744 59
743 24
143 10
741 1
848 22
345 43
539 33
301 23
23 93
97 35
733 40
650 43
296 63
784 2
114 15
119 87
563 90
437 84
732 52
519 48
824 46
429 58
316 27
805 66
257 56
602 55
761 5
261 92
558 62
348 10
217 8
50 94
463 29
424 92
814 76
688 76
350 19
610 20
743 38
176 2
373 81
809 8
237 53
242 3
490 68
150 95
19 48
82 78
844 29
82 42
77 86
505 41
526 10
826 41
561 5
377 28
312 93
445 37
411 18
720 8
103 76
99 73
653 77
195 73
474 45
422 37
730 7
835 14
28 16
611 99
710 85
219 8
844 16
853 2
47 99
49 67
790 41
377 54
254 48
799 53
336 27
533 90
29 63
676 29
308 49
162 100
740 51
860 14
183 13
779 87
716 73
148 33
88 6
227 56
237 25
16 100
807 87
473 89
800 98
771 10
35 50
804 68
272 23
312 3
831 93
375 81
112 12
278 92
825 33
772 79
721 6
292 21
403 97
269 32
352 71
360 98
643 45
603 20
58 88
825 9
21 55
388 53
296 26
816 21
336 89
835 15
655 15
189 74
677 23
323 67
127 91
195 96
58 74
803 17
447 78
590 48
789 77
491 43
577 82
625 73
36 68
504 70
133 88
766 18
649 12
741 48
756 64
576 30
752 91
256 77
260 79
89 20
195 13
148 46
358 31
706 76
637 31
652 48
511 61
166 97
258 99
61 26
558 22
225 45
827 51
59 30
530 95
319 97
321 84
264 90
262 70
753 19
588 60
631 9
28 45
79 84
101 47
69 78
192 1
481 1
739 80
301 23
856 33
564 72
544 82
859 21
210 3
241 77
170 15
549 86
277 16
445 70
279 24
834 38
498 72
277 26
146 60
47 80
534 80
521 31
349 29
512 46
566 33
501 27
29 88
59 12
207 49
771 92
328 23
754 27
306 7
857 70
118 72
786 9
249 32
839 55
210 93
825 28
151 55
187 98
120 67
256 50
166 87
313 44
540 72
233 65
566 47
6 79
30 88
366 73
557 97
666 44
754 96
563 71
270 7
308 43
97 22
573 83
8 55
753 6
252 33
556 99
92 22
216 46
174 95
351 24
175 95
517 85
177 53
616 3
368 73
318 49
801 1
749 43
788 54
574 48
203 89
424 96
705 98
511 15
284 28
192 37
21 27
127 82
61 98
592 3
482 99
426 47
264 19
80 26
163 30
758 11
707 97
646 55
481 93
331 36
103 4
479 39
419 3
714 71
283 47
343 49
611 71
350 96
381 100
268 65
112 65
696 54
532 58
410 56
364 51
311 94
86 77
227 13
384 48
805 32
515 77
169 86
812 77
670 63
575 10
639 41
304 35
762 8
559 53
237 55
733 52
253 62
350 20
188 72
814 2
137 10
268 36
580 78
698 84
272 17
632 95
799 3
560 74
45 80
70 88
249 19
636 37
392 51
662 54
542 22
362 45
781 37
672 46
228 63
67 21
79 63
837 88
461 85
284 5
202 82
392 26
55 33
130 5
20 93
698 60
633 83
155 97
481 20
560 50
247 38
348 78
751 33
390 1
400 44
487 42
410 52
306 48
546 52
350 88
519 75
841 80
124 68
594 19
698 10
558 45
534 18
631 11
688 40
464 28
193 20
212 69
68 48
560 87
776 18
347 74
409 69
381 47
138 80
37 84
576 21
407 58
446 79
275 41
505 48
501 38
366 99
489 100
3 4
627 30
851 92
17 48
410 4
392 97
768 80
165 61
16 22
529 98
374 35
2 4
612 73
241 95
273 24
216 73
169 77
775 92
507 63
85 6
214 61
457 17
690 80
314 92
601 83
495 24
100 62
783 86
411 19
98 55
292 61
796 59
496 34
169 28
14 12
328 18
703 74
681 27
720 42
483 42
824 79
259 68
516 50
486 77
2 52
629 69
23 84
537 43
259 87
304 42
773 39
140 43
323 34
184 2
509 81
636 1
823 39
625 74
796 98
581 83
42 91
443 84
768 36
276 83
160 40
442 49
152 72
628 36
846 93
557 10
103 4
278 38
105 64
667 91
670 37
353 80
134 28
580 63
135 60
500 9
587 41
209 72
775 74
290 51
440 78
830 76
701 69
123 98
138 90
690 12
776 8
851 83
214 24
212 20
255 62
161 15
23 16
765 82
303 67
136 48
499 45
820 73
809 90
509 88
623 75
300 17
674 66
207 89
560 75
692 16
303 63
588 4
24 88
745 73
309 55
37 10
587 35
740 38
239 47
778 71
388 10
713 20
100 62
653 55
278 46
107 24
582 84
515 51
245 67
640 3
580 11
312 11
140 72
745 94
711 93
741 45
57 45
91 6
755 75
780 6
420 46
678 71
268 48
381 62
139 97
466 3
491 63
30 26
339 50
219 89
1 99
548 77
134 91
436 4
304 40
748 57
385 20
93 5
578 5
410 16
381 11
359 27
485 99
46 9
839 51
89 84
106 98
56 82
719 70
241 19
354 54
431 37
674 67
718 54
199 42
814 44
479 62
643 3
612 39
579 44
120 8
149 97
168 77
274 32
404 58
62 52
366 6
492 9
390 27
203 32
499 74
627 21
605 14
119 95
89 97
236 24
659 26
216 81
526 12
117 49
842 15
129 57
828 93
647 49
473 29
239 67
476 92
179 73
182 83
489 57
29 96
119 27
245 87
3 3
544 66
22 63
820 67
182 63
833 15
176 70
115 64
362 58
4 37
108 7
363 99
255 44
744 73
695 59
47 33
85 64
228 27
683 17
417 47
609 5
52 50
142 80
781 33
523 93
545 53
209 34
747 27
49 29
487 100
722 34
283 75
584 74
497 10
590 43
622 52
57 6
411 97
157 84
40 40
727 83
505 87
19 4
126 3
26 10
321 99
50 1
293 91
319 85
281 26
129 42
138 14
244 82
278 17
4 5
820 17
331 59
803 26
567 94
303 24
502 61
606 81
856 56
717 98
212 87
58 44
109 95
712 14
247 9
3 69
758 94
417 10
621 73
607 32
682 89
436 79
344 14
220 57
247 100
787 97
280 7
528 63
110 40
81 80
493 29
476 17
292 38
343 97
477 58
583 96
470 40
189 14
357 93
410 59
678 65
769 37
459 69
34 53
432 73
553 77
702 31
500 73
622 43
29 78
573 71
188 21
832 89
385 25
235 89
262 42
346 76
128 40
217 25
408 95
279 80
62 41
349 37
758 71
644 32
833 59
507 14
558 45
51 52
552 69
431 58
196 29
122 85
221 9
263 63
312 79
261 49
558 19
171 16
761 79
709 38
827 28
295 79
572 96
736 17
691 27
90 93
133 91
730 50
620 100
434 36
6 27
275 56
25 31
798 9
140 4
763 89
746 25
56 62
732 1
44 74
165 25
449 57
590 23
32 19
181 69
582 31
49 95
369 90
588 53
633 28
205 78
402 31
566 27
264 83
242 64
753 81
207 91
177 62
396 31
495 31
182 18
643 32
316 77
493 24
75 34
269 22
209 1
443 62
649 88
283 75
709 30
12 16
138 35
804 83
727 65
293 58
141 9
24 2
389 82
42 16
94 87
639 43
831 63
121 3
554 29
848 60
481 70
263 92
703 26
294 63
507 13
516 29
435 84
464 3
447 29
575 26
392 98
756 6
157 38
597 54
458 59
798 3
798 65
2 36
139 79
332 65
56 91
395 85
256 25
