1220
103 23
148 77
7 75
220 98
193 18
200 69
141 26
88 15
155 42
214 81
117 57
127 89
87 69
3 85
73 81
48 58
115 83
210 78
185 74
244 12
29 49
175 2
92 55
224 50
104 21
42 70
13 14
239 68
237 66
107 2
95 68
125 94
98 90
36 41
113 7
174 33
108 84
19 72
203 27
145 32
4 24
165 34
84 64
226 91
98 91
82 82
188 100
23 29
147 44
201 57
230 83
185 17
61 80
35 55
80 53
229 65
203 46
161 13
166 20
16 3
66 34
122 50
75 62
17 95
168 89
221 16
173 66
123 58
201 69
183 27
111 7
28 83
173 4
97 91
103 6
95 49
238 9
224 76
103 47
180 5
185 8
8 55
204 68
214 100
142 100
92 61
33 4
124 88
172 83
26 36
41 29
205 48
93 68
241 12
65 58
118 42
205 21
173 65
203 46
182 95
53 63
233 47
65 4
127 32
114 94
241 32
149 10
70 62
191 9
140 18
67 4
104 39
69 98
72 7
7 39
225 54
111 17
60 62
137 20
63 99
54 7
71 71
66 38
117 24
51 51
74 3
129 36
39 56
151 62
72 44
87 51
75 42
47 53
199 68
235 25
112 65
187 92
53 100
198 34
35 61
201 100
230 17
93 46
146 98
72 10
179 98
144 53
149 88
238 76
37 59
208 53
170 47
50 13
195 75
155 19
60 73
7 28
242 34
25 10
138 55
168 20
231 26
70 65
199 30
128 34
67 10
24 77
237 81
1 98
107 81
205 65
243 47
218 77
43 64
237 83
119 81
5 77
26 61
41 68
213 14
156 83
237 22
189 33
222 35
59 54
84 69
226 15
130 40
234 5
179 4
167 63
9 5
132 41
176 96
180 22
55 87
128 54
77 90
49 72
154 12
181 61
37 71
79 42
241 59
30 51
236 2
141 26
212 43
36 6
171 39
77 17
55 62
150 34
198 88
124 75
82 73
150 53
67 23
60 94
22 82
178 70
134 47
82 90
35 83
206 87
37 84
191 53
214 75
81 25
85 33
158 36
234 30
103 89
177 22
62 44
212 88
232 70
216 33
189 86
87 46
120 8
39 30
209 82
16 82
221 50
97 82
76 91
147 66
137 41
133 7
216 92
102 7
202 41
83 63
220 71
69 95
105 60
92 4
79 46
20 96
79 61
64 65
178 77
119 28
189 4
228 81
177 76
189 60
13 44
237 13
11 31
132 58
89 35
134 62
49 51
223 29
210 64
58 21
203 76
170 27
26 69
199 14
218 34
238 93
209 92
169 33
141 66
38 66
239 74
23 46
113 62
115 9
145 81
187 3
217 17
240 6
184 24
157 41
84 41
29 83
66 16
208 49
17 67
205 73
86 1
91 58
27 77
217 51
89 70
193 55
141 49
84 62
81 89
62 73
6 100
33 71
4 79
61 93
192 15
16 86
176 19
196 64
232 29
158 80
91 75
48 51
140 6
140 66
130 27
102 38
107 16
115 50
172 88
1 89
194 32
126 3
222 91
9 18
145 37
175 19
201 50
219 58
95 71
92 19
6 17
67 31
62 32
134 88
224 91
191 30
177 27
8 92
32 75
186 100
56 48
104 80
26 25
24 46
91 66
68 66
169 93
111 92
103 81
215 15
237 44
238 96
41 10
5 66
142 69
43 68
136 5
117 22
185 96
104 76
132 86
183 79
128 52
134 72
167 47
14 73
19 83
161 47
93 8
38 4
69 76
157 65
68 23
179 59
211 25
219 42
234 69
194 29
125 76
202 80
85 30
56 13
74 91
138 86
232 55
202 71
117 97
116 43
19 89
23 12
56 18
38 16
71 38
214 49
27 30
58 69
79 26
58 25
166 98
207 74
48 39
20 64
54 9
180 27
79 18
127 75
48 40
156 2
79 81
44 57
45 95
185 96
125 61
140 47
101 44
224 86
240 30
231 63
157 60
41 72
31 39
224 39
51 41
12 84
217 77
201 92
140 7
115 32
6 61
54 73
152 2
1 29
232 67
203 89
3 74
32 65
14 7
31 61
230 3
132 83
67 61
205 67
170 5
170 15
119 1
160 73
202 69
102 48
198 70
241 71
182 17
31 20
179 19
176 77
156 99
15 59
93 90
148 54
162 88
187 33
68 66
96 12
214 18
126 9
71 74
131 78
76 91
46 25
242 6
228 88
103 82
244 25
74 80
28 40
85 35
167 5
22 70
178 87
234 64
243 39
47 38
22 46
60 35
142 61
203 66
106 91
104 64
72 64
59 71
22 3
20 40
227 28
14 41
94 33
47 27
155 54
7 82
224 93
162 50
2 97
184 2
99 100
10 65
158 76
122 80
129 56
174 28
152 11
230 68
122 48
51 4
112 11
236 23
157 59
22 62
141 50
241 2
142 73
96 97
64 51
64 35
188 59
107 72
123 18
32 82
197 23
5 19
228 73
233 66
79 28
121 67
95 64
122 60
208 34
124 19
12 96
17 66
119 79
29 98
131 50
48 72
4 80
169 68
119 28
198 39
222 49
1 80
178 30
132 36
242 1
136 46
44 62
241 73
132 45
115 46
163 84
173 54
126 66
171 16
60 30
31 2
78 63
47 65
140 46
195 36
166 83
116 74
26 12
174 77
17 59
210 92
22 9
5 38
122 80
98 62
123 85
239 47
168 66
20 88
118 74
35 3
91 69
58 27
188 40
163 23
105 86
230 36
125 30
225 83
26 55
32 46
111 31
75 41
169 16
15 29
161 46
20 37
244 94
211 32
233 14
17 33
66 20
201 50
3 67
8 56
205 70
80 66
119 98
46 97
239 37
125 66
34 99
81 83
12 27
19 48
214 67
144 71
188 43
50 64
168 49
46 29
137 2
91 93
63 76
135 73
52 49
28 68
45 9
135 91
127 66
66 7
121 93
187 29
112 82
204 96
223 60
63 41
140 92
102 53
193 33
81 84
209 84
131 37
94 39
197 98
186 17
13 82
70 36
120 85
196 68
129 44
240 92
151 38
175 64
20 39
131 36
17 5
90 77
173 22
119 54
189 12
210 27
45 92
17 42
123 82
13 78
158 92
187 42
184 75
17 61
91 62
165 38
31 48
213 63
37 23
170 46
55 33
5 91
30 14
233 3
24 90
215 32
206 71
191 74
175 19
142 33
235 44
9 31
141 2
208 83
184 100
75 15
58 28
2 5
27 76
85 74
205 27
45 17
27 89
59 79
78 45
39 48
158 97
131 35
6 12
148 34
31 2
135 18
124 46
151 90
57 1
48 66
156 50
98 66
17 68
90 49
163 29
93 90
112 98
77 69
167 40
2 29
67 47
229 63
192 30
19 19
139 7
195 25
151 4
178 94
113 32
10 48
198 12
103 95
240 47
77 18
12 24
189 53
99 2
45 23
22 66
203 62
231 64
96 83
127 52
65 67
43 72
231 93
133 36
167 13
10 47
109 28
221 24
81 37
242 73
51 68
237 72
81 36
116 76
160 57
169 60
16 54
16 87
52 80
167 97
214 42
69 33
216 71
44 73
129 93
168 38
191 64
35 20
154 36
234 23
226 71
127 31
78 71
197 69
195 40
183 37
113 93
149 86
20 12
35 44
182 72
234 17
7 58
58 31
6 42
210 2
127 89
162 32
212 43
53 88
200 87
141 86
24 4
59 50
20 59
138 94
80 36
227 6
122 18
109 46
7 59
144 39
39 35
127 28
214 35
78 96
163 33
51 98
73 47
200 83
101 38
185 56
179 17
153 13
201 26
203 69
105 35
101 70
206 46
223 85
50 63
