1156
175 71
220 86
85 42
182 73
69 38
141 85
197 41
83 42
185 83
136 76
128 37
90 18
106 11
187 55
60 18
59 52
102 34
202 18
203 38
51 13
2 98
87 22
181 87
18 51
32 29
21 28
5 58
137 22
166 11
165 46
176 95
206 92
33 84
45 48
153 19
223 85
1 59
36 13
151 5
152 59
195 78
18 76
172 78
158 65
124 18
138 93
88 21
163 24
60 59
90 97
153 18
155 44
114 2
84 5
21 37
198 5
90 49
48 41
103 31
58 8
10 13
144 37
30 33
23 36
165 45
62 59
24 32
92 19
204 62
71 54
164 96
122 47
135 6
170 85
110 65
2 59
29 34
20 85
193 98
27 68
84 83
54 73
116 48
216 35
50 38
164 57
113 94
11 40
122 30
149 21
148 25
54 64
54 59
215 36
75 66
194 100
40 95
121 84
21 96
33 40
78 80
62 42
224 54
192 39
46 100
5 100
195 24
93 16
4 44
59 81
162 31
212 54
59 93
165 75
140 81
207 77
194 4
56 74
125 48
85 1
99 44
108 55
64 58
182 82
118 77
174 50
19 25
209 13
193 100
64 6
133 16
162 33
111 23
102 61
151 91
84 54
95 25
86 1
231 39
142 2
94 18
178 12
145 62
11 83
165 90
124 2
135 36
118 16
93 7
222 70
194 43
179 1
81 85
122 59
98 12
41 78
34 60
218 100
110 15
6 84
170 93
22 69
76 57
122 26
109 90
215 61
209 74
205 86
29 20
178 52
91 23
121 18
148 88
220 21
86 71
190 6
228 76
130 30
159 69
157 63
220 81
99 19
102 27
88 70
206 37
203 17
138 58
209 92
222 34
231 57
153 26
191 52
89 49
122 26
207 71
73 18
35 13
179 28
112 32
22 65
71 34
148 75
204 52
38 90
114 84
54 34
29 32
100 94
114 5
185 34
63 17
180 96
213 97
15 5
180 74
140 4
179 89
174 74
53 65
135 55
31 69
73 95
108 96
103 30
231 71
154 38
152 43
199 87
159 94
168 27
42 82
227 5
209 34
60 19
172 24
164 2
130 29
160 53
108 16
183 97
21 41
140 38
56 82
23 54
227 68
133 33
2 90
90 9
165 88
230 33
106 85
148 23
108 40
69 79
224 58
12 38
180 13
203 32
229 14
181 14
201 56
230 19
202 29
89 92
188 74
17 96
212 24
102 2
165 65
194 83
179 13
83 91
66 58
53 63
44 69
76 71
140 83
18 78
70 79
169 45
78 29
2 57
147 11
166 39
186 44
54 18
78 51
64 100
77 39
144 1
160 60
61 72
200 17
37 49
202 63
76 3
3 37
106 77
25 16
118 83
169 7
16 60
69 76
14 21
28 31
216 56
105 67
150 98
160 11
196 77
212 40
78 47
190 19
129 27
8 82
10 8
186 5
163 13
15 29
37 29
184 54
128 27
229 64
149 55
114 95
154 64
98 23
2 1
42 49
185 77
32 6
129 88
140 77
168 16
124 47
70 18
211 56
189 41
211 62
108 13
38 14
216 75
18 47
222 98
205 73
55 35
144 100
17 59
160 21
195 39
155 6
66 26
219 100
146 85
48 4
64 89
44 100
105 94
19 18
23 93
151 96
142 95
89 58
119 20
196 75
176 82
115 21
68 5
178 66
86 47
68 66
101 92
9 61
170 24
121 83
222 46
111 99
140 68
95 57
32 43
182 18
108 71
78 82
18 49
220 66
130 12
134 64
40 81
100 22
119 27
74 38
30 34
24 22
65 12
78 30
7 44
96 22
19 68
19 74
208 53
198 57
209 32
117 40
22 43
214 67
167 51
96 82
197 46
78 19
199 18
55 39
139 77
127 72
7 33
126 90
176 45
139 19
165 18
49 63
14 42
192 83
59 18
60 61
110 40
199 8
153 8
224 84
47 50
165 76
160 44
105 75
41 30
181 96
138 18
201 16
88 31
164 92
5 58
59 39
226 12
2 63
152 59
48 83
223 90
228 65
153 54
91 2
26 96
213 24
47 25
160 34
81 19
211 64
110 34
67 20
54 80
161 45
98 35
170 54
19 67
4 98
203 9
148 62
14 75
42 46
40 16
23 98
180 12
110 50
100 30
7 93
27 11
67 76
19 24
56 97
226 4
217 65
152 32
150 74
208 50
7 89
23 99
108 89
203 92
214 42
172 49
133 64
217 97
15 82
215 34
182 81
39 62
194 45
118 10
135 80
150 19
228 7
212 28
142 16
108 1
101 100
207 79
153 48
18 44
56 6
12 53
20 72
116 85
121 33
78 35
55 29
151 60
186 10
113 63
18 45
11 33
155 42
172 68
166 35
92 84
57 99
125 85
200 8
39 5
33 54
163 21
126 6
71 72
82 7
178 77
219 1
152 44
96 99
24 17
130 7
127 96
18 4
21 4
124 3
140 96
142 79
72 79
166 38
17 13
100 86
87 62
54 14
1 11
58 67
63 81
211 63
112 2
203 97
73 81
88 39
183 29
15 44
224 69
152 22
18 65
5 37
190 57
124 35
170 72
76 57
230 24
155 56
54 51
10 95
68 33
227 12
79 72
52 8
63 52
79 1
61 84
112 37
226 95
78 32
163 7
35 28
21 85
95 86
119 59
164 19
182 97
129 77
157 96
38 23
58 29
125 78
78 36
153 56
109 94
157 26
150 74
116 55
83 74
116 63
29 47
97 20
116 87
126 100
117 84
164 8
12 51
83 97
197 26
197 73
77 76
200 41
87 64
68 26
89 25
91 26
46 21
64 2
122 27
57 98
204 99
83 98
231 52
20 76
135 59
178 54
113 84
3 72
127 78
133 89
46 56
126 39
133 47
153 65
137 55
68 100
84 44
113 93
118 99
131 20
166 68
167 31
225 46
27 93
133 13
88 25
138 2
90 50
181 96
103 1
148 53
65 13
228 61
63 31
23 21
197 82
155 30
218 77
69 21
128 96
184 41
28 56
128 53
123 2
36 61
10 58
180 70
159 17
25 83
179 71
51 59
120 66
2 3
160 12
59 88
154 28
22 88
55 90
1 90
51 98
36 17
169 23
227 2
171 18
89 56
102 68
221 65
114 95
146 22
125 49
40 51
157 100
138 69
108 54
21 71
39 16
134 63
197 79
94 79
166 95
87 57
209 57
28 59
170 62
117 64
4 97
94 28
131 61
215 95
125 28
58 74
153 49
221 40
2 87
172 24
167 87
40 24
176 82
124 65
184 87
88 31
12 96
231 53
18 95
52 85
46 6
215 22
87 84
61 89
187 96
123 72
124 79
131 46
30 82
28 42
173 74
161 6
206 50
162 49
141 64
43 43
148 7
37 50
75 54
230 14
199 43
170 22
50 80
187 93
85 90
131 31
3 10
75 23
147 18
24 45
23 71
90 51
150 12
16 75
39 68
86 97
121 91
215 38
93 40
43 20
24 59
156 49
75 48
3 92
203 97
197 64
162 51
71 6
60 65
152 69
31 44
13 45
165 25
154 77
205 25
168 25
103 99
54 18
151 3
81 17
216 85
231 12
229 86
59 74
209 26
2 77
170 14
117 46
205 19
182 45
156 51
2 50
185 77
101 12
204 50
149 29
188 95
77 8
22 76
227 97
174 21
210 58
5 69
198 85
11 64
163 1
12 29
41 57
116 13
76 54
174 51
13 19
74 85
117 49
67 61
115 85
88 91
124 2
161 83
114 4
53 10
24 42
218 86
117 62
132 88
221 91
113 97
22 58
14 88
123 85
76 98
211 74
111 67
132 1
137 21
65 49
190 9
16 77
93 58
61 34
153 49
187 29
121 42
11 88
79 65
5 28
