1200
44 68
167 87
53 4
3 17
44 47
77 3
198 55
110 93
136 37
3 3
12 26
97 13
216 25
235 33
10 22
124 42
87 84
112 61
49 69
177 86
98 18
78 21
213 83
7 30
87 74
46 42
182 86
201 7
240 11
135 54
185 63
177 67
96 3
100 58
170 1
159 62
176 99
196 24
187 34
61 22
72 81
130 21
186 4
125 72
76 41
116 100
237 63
237 45
167 100
225 83
84 24
197 80
208 35
199 12
232 7
117 49
217 30
57 82
12 36
103 31
164 45
124 86
98 60
50 2
112 75
61 9
231 77
219 60
182 39
200 61
181 1
42 41
240 37
86 3
97 54
202 56
82 39
231 64
104 21
157 83
15 28
157 59
153 93
2 43
79 71
57 75
63 85
209 70
48 19
197 27
44 76
88 49
199 89
168 45
88 70
178 76
25 74
147 10
166 19
12 83
146 44
215 97
138 48
212 50
192 8
56 72
58 94
81 68
170 89
53 63
126 81
140 53
165 22
98 89
25 12
63 86
108 18
168 47
171 67
165 32
87 14
146 11
41 26
133 39
129 24
25 71
216 41
121 76
111 27
48 68
18 79
134 65
87 17
189 53
162 71
64 50
44 54
95 28
81 29
148 92
148 84
168 16
228 6
162 81
157 54
9 25
38 67
17 43
201 79
20 96
88 1
181 24
113 13
94 70
29 39
41 66
127 37
195 35
67 48
221 85
210 15
211 94
185 66
43 89
31 12
235 78
122 90
89 98
35 21
34 75
120 57
214 74
224 11
175 72
30 91
64 74
171 53
146 69
33 18
98 29
227 8
179 27
117 41
172 98
127 93
197 96
49 43
171 85
70 76
211 77
78 62
15 45
172 67
128 47
81 87
137 62
122 25
175 91
33 78
52 42
220 81
14 46
27 98
32 32
237 5
65 91
38 83
147 55
212 60
103 74
182 89
181 84
160 51
212 21
19 25
90 46
118 15
18 5
25 59
40 42
43 21
137 42
70 34
224 3
104 29
25 69
32 86
225 2
66 48
177 3
37 76
29 26
22 46
137 32
7 78
187 63
175 22
121 82
142 1
225 73
117 43
60 31
235 32
231 68
197 65
145 57
67 51
12 29
74 2
32 25
122 85
20 35
138 86
190 51
111 8
173 76
127 36
105 20
94 16
177 1
62 46
50 60
31 66
41 39
15 96
19 9
42 70
34 15
45 70
125 34
143 32
89 4
49 73
154 4
165 4
12 72
155 64
102 54
4 86
65 11
29 89
74 50
8 81
7 70
215 61
99 81
227 51
121 41
221 70
239 58
203 11
177 81
14 97
137 5
73 25
54 89
170 60
25 58
170 93
11 55
59 40
136 81
122 50
48 52
127 48
141 66
211 71
72 7
202 28
155 51
179 66
203 28
170 7
224 15
221 86
176 37
87 32
166 6
202 97
132 100
206 35
49 66
144 69
38 54
195 55
220 61
181 40
177 54
76 54
132 87
137 94
222 91
227 1
189 42
136 94
161 54
125 100
181 18
212 45
83 4
37 19
216 33
16 9
208 75
179 12
71 70
75 6
91 28
104 34
101 50
98 60
233 74
233 32
189 5
153 29
4 63
70 91
49 33
211 3
41 72
102 50
178 48
158 64
66 85
145 28
76 62
183 26
27 100
4 20
211 50
218 18
66 49
4 16
35 70
180 64
104 19
127 31
235 40
58 87
87 17
216 47
238 7
6 65
81 40
34 62
207 4
191 37
43 26
83 71
169 18
229 12
95 47
169 19
33 77
112 59
216 6
128 47
49 99
101 10
49 72
13 39
212 55
141 96
198 77
219 29
50 21
171 52
33 18
214 27
68 87
157 2
170 24
130 41
80 18
81 17
60 7
137 70
200 84
137 3
68 60
40 41
233 32
175 87
83 47
31 7
114 95
173 89
79 93
182 22
90 94
32 73
103 70
92 55
28 94
120 80
220 64
72 97
224 96
18 28
136 83
159 19
200 4
197 95
185 5
138 81
193 20
37 53
198 63
169 95
93 63
228 64
200 24
126 93
133 38
139 90
126 89
7 42
114 70
41 46
135 13
59 64
170 86
158 71
232 45
24 77
129 94
12 9
78 84
20 45
47 83
7 73
121 63
133 89
144 40
200 36
49 81
45 34
49 95
94 3
221 74
97 68
4 80
110 71
235 21
117 70
48 9
201 90
10 63
155 97
116 72
180 3
122 62
99 50
222 62
54 8
9 11
80 79
38 50
10 87
220 55
9 52
199 23
195 8
89 2
93 31
41 66
170 76
140 29
233 39
175 90
82 35
177 81
165 60
195 62
144 61
74 30
204 78
186 12
104 45
177 90
190 64
70 24
108 45
169 59
65 51
181 8
79 81
209 20
158 3
116 86
189 16
84 18
96 62
53 29
103 25
48 65
5 69
236 25
183 33
179 2
12 45
33 27
111 33
90 27
67 26
85 69
53 38
189 57
22 92
63 77
171 94
78 31
156 28
71 94
220 87
227 23
228 17
200 93
19 49
24 92
84 75
110 79
191 50
56 14
184 3
101 67
107 46
172 3
76 30
141 29
85 42
29 60
54 18
113 54
156 23
207 87
2 28
181 37
152 19
50 91
45 60
175 74
178 18
19 40
160 47
59 99
214 98
31 63
213 32
37 33
240 59
143 27
197 30
48 33
224 59
99 45
165 39
219 86
159 77
136 27
90 77
148 57
17 85
206 73
118 53
159 16
137 78
191 12
183 68
145 35
129 94
210 88
168 95
218 18
47 67
74 54
61 76
18 15
132 30
82 52
13 39
146 37
186 44
90 50
218 58
136 9
160 59
102 87
74 20
133 25
9 66
74 45
202 91
224 28
45 100
48 95
172 25
48 40
196 4
239 39
65 91
190 84
91 95
176 37
124 10
229 62
134 45
151 78
154 15
77 79
60 23
237 87
82 61
133 94
92 33
14 75
201 51
156 48
109 77
13 22
82 77
221 89
48 1
85 13
48 49
165 87
236 90
12 20
79 34
5 36
170 24
177 24
213 16
137 59
90 14
3 36
209 75
45 70
149 94
205 96
214 49
181 53
175 98
156 92
32 43
47 12
92 35
106 30
95 95
96 93
141 32
14 59
60 80
140 47
147 20
17 12
139 28
86 63
47 13
85 55
48 1
155 50
59 68
34 29
62 21
99 56
144 11
182 49
9 18
121 47
135 98
159 15
120 53
81 70
68 54
139 80
20 4
33 11
93 90
58 86
175 23
5 15
205 81
165 38
155 86
168 65
24 85
204 97
196 18
166 91
118 83
84 22
126 30
143 99
207 6
73 3
56 99
198 83
115 89
114 55
44 63
122 92
167 61
34 26
10 20
154 73
116 100
135 80
82 1
182 85
142 56
36 96
226 93
114 39
176 63
220 26
105 86
13 62
162 30
46 80
213 12
55 34
117 14
76 48
235 7
213 17
235 97
188 93
120 43
157 12
159 47
212 29
150 31
143 71
14 70
59 26
41 80
163 24
195 67
78 52
94 49
90 99
26 44
47 63
6 65
214 76
35 50
32 75
168 24
89 82
146 23
34 96
55 19
208 88
32 47
158 78
39 85
116 5
231 81
239 47
192 65
108 99
184 84
237 16
109 1
211 27
91 92
45 91
185 52
81 6
169 38
76 36
99 85
24 88
32 51
232 90
1 30
115 27
71 22
145 80
141 51
74 24
9 62
16 34
71 91
152 99
201 50
25 18
31 68
154 92
110 78
143 69
35 66
124 8
95 45
64 55
98 76
84 59
36 28
77 64
121 47
86 9
92 58
216 4
21 87
104 100
195 54
117 17
135 56
128 4
73 65
143 51
22 17
193 50
170 96
25 42
105 76
209 10
14 78
69 91
