9351
1702 25
346 99
727 22
144 26
325 63
1671 19
1434 5
880 60
199 97
1394 15
1216 82
1149 68
1201 94
1570 95
845 86
1069 14
868 6
1054 71
1565 36
1177 34
734 32
1232 76
1607 100
929 76
1579 59
1163 65
222 21
137 5
1107 20
604 49
1181 67
29 64
111 73
982 32
628 34
588 5
894 15
1771 63
1146 95
364 54
440 100
544 8
996 60
967 42
178 10
1691 57
455 11
1784 41
126 27
649 55
1362 41
1405 3
348 62
884 24
1700 34
780 67
1426 87
1022 2
247 65
990 30
1739 25
969 56
658 57
1349 82
899 64
1019 61
451 20
1127 2
105 51
649 99
1073 17
1381 9
1362 77
1329 8
1561 82
375 19
1258 29
1589 72
1305 91
110 100
225 72
1156 70
1325 26
412 48
806 38
1714 36
886 20
1565 57
85 5
778 91
855 50
1067 10
1749 72
349 45
623 10
1526 93
337 75
1085 58
614 54
1255 64
575 67
1029 9
1717 53
1788 16
1718 6
54 22
797 36
1670 84
421 46
1819 16
1687 88
623 71
590 29
380 47
1783 15
1664 4
1303 86
656 70
25 7
243 4
1493 28
18 71
1242 30
1577 48
1249 92
1660 70
913 49
191 87
1378 59
1484 90
803 92
1428 59
1359 63
968 44
1861 28
1721 23
310 2
1488 64
1076 71
1366 7
1728 55
1119 8
1055 12
1677 29
385 80
1775 30
326 55
919 56
1041 49
1766 86
561 70
663 45
1240 67
1537 53
128 55
501 44
1219 33
421 83
342 58
1370 40
266 7
120 53
940 43
1258 43
1275 46
655 10
1757 28
1590 24
1149 41
1737 63
203 93
110 23
609 52
1136 47
1508 28
286 44
946 20
1699 41
517 61
1309 80
1083 2
106 70
162 66
1505 99
1655 80
1790 1
1835 72
1750 27
1870 4
810 44
1007 45
1526 35
1230 67
378 30
603 48
228 40
965 92
1055 44
955 50
337 8
761 47
1175 11
670 48
1090 36
479 19
851 94
1502 10
777 76
1582 13
1229 74
204 36
1649 15
947 85
1595 18
86 86
407 94
1629 58
1859 94
951 13
771 60
544 15
1752 86
1451 1
865 74
1433 29
158 41
837 18
1087 74
472 47
675 48
405 98
391 79
1419 16
388 77
1650 59
550 42
1484 74
157 4
1328 91
1605 27
834 34
664 57
409 62
574 100
676 98
1343 10
1547 14
1177 23
1476 57
1293 3
732 52
723 88
744 94
612 30
1278 45
318 79
246 33
498 91
1307 77
748 75
1398 13
709 34
636 20
1824 59
1131 34
1693 66
126 83
1212 79
1478 87
1591 50
1425 48
922 21
538 39
902 88
549 13
1609 27
982 60
344 18
1660 59
62 11
1506 46
358 82
1465 1
1456 56
1485 20
972 36
727 92
1308 88
718 7
1683 70
1445 36
471 41
1195 19
59 93
2 13
896 32
981 96
1072 41
1232 10
466 35
1621 62
816 57
392 23
808 93
388 74
350 32
491 24
1058 50
553 59
1271 91
601 78
972 57
1595 5
575 51
67 52
610 57
786 59
880 38
1630 81
762 99
1663 50
702 30
932 72
834 87
1382 5
1209 10
166 31
1340 71
1458 7
1845 47
797 71
785 7
1570 27
1481 38
552 87
110 29
931 16
1738 87
1315 12
50 25
1635 100
1131 4
81 62
889 53
1242 3
1489 25
830 74
1224 53
283 10
1230 65
1715 17
1649 22
621 43
782 44
550 43
1484 95
1135 85
391 60
262 91
1557 3
297 67
947 75
656 98
1297 5
1201 87
1739 49
1638 17
1091 34
1345 66
1290 99
771 38
369 11
1695 14
1395 11
1724 15
956 45
1679 3
239 74
442 52
179 32
112 93
775 60
988 71
1053 12
1613 4
1651 44
1611 59
348 40
1836 47
671 95
1475 43
345 11
624 52
968 30
434 9
355 88
411 63
322 29
1240 56
1031 17
732 24
1797 44
745 27
169 53
1199 48
402 60
1101 29
1845 93
414 50
379 80
817 22
1651 76
438 82
1526 49
192 60
852 79
1574 27
1393 93
1377 38
257 31
384 23
966 36
281 5
694 99
1155 1
934 53
886 74
1403 57
1451 39
654 45
700 47
1615 21
1019 66
1505 89
551 88
802 28
1601 35
365 99
458 84
1727 32
1757 59
605 71
1575 94
783 19
717 8
377 43
900 58
71 38
1263 34
992 32
1011 49
970 84
1842 30
679 22
1394 17
1571 55
1289 15
615 53
710 10
1171 15
1064 33
700 96
281 42
653 59
1469 94
496 34
764 82
744 90
1099 22
438 43
890 35
1619 34
1590 35
998 96
1223 71
380 60
1357 48
1852 47
940 65
820 7
1522 88
913 99
1780 61
1639 48
1653 7
1404 5
593 72
1126 68
1474 82
204 46
810 45
1568 69
1858 18
764 6
460 18
312 22
685 95
597 22
937 50
1017 78
1130 50
347 70
902 37
1589 2
295 59
1150 58
806 52
431 8
1559 55
734 6
963 17
26 11
724 83
1676 4
973 22
354 17
1870 92
115 77
385 71
1661 37
979 41
746 39
1687 17
1707 42
660 12
1222 74
1534 36
984 37
856 7
1200 11
1157 99
872 88
1218 83
1460 99
799 30
30 67
53 40
1680 25
565 40
171 13
159 43
526 87
742 67
695 13
1098 46
1176 63
898 77
317 44
331 42
734 47
1116 37
1259 34
898 83
447 89
380 71
620 5
525 92
1801 31
945 62
1786 53
1728 60
1366 17
1296 11
346 42
676 54
647 60
1128 44
142 64
1221 17
629 46
981 59
564 52
340 54
1377 99
788 94
1749 76
1534 93
1560 86
641 38
1297 54
1783 42
694 38
587 33
273 40
1512 53
832 93
1862 54
869 95
377 19
1078 21
67 46
1048 97
1704 60
165 49
241 25
1426 67
414 88
819 25
808 82
605 82
1313 61
658 48
1624 24
955 52
93 77
1680 39
1787 39
695 32
75 23
169 56
671 29
966 87
810 100
471 64
1287 64
545 9
599 91
789 96
947 7
849 86
935 97
344 4
749 70
1823 37
993 68
748 31
441 95
1522 79
1399 58
97 34
1514 28
1628 47
620 62
544 61
1212 17
1805 9
1477 73
286 41
332 27
578 22
1569 65
319 24
1817 17
1209 64
1687 90
1547 31
1310 9
413 4
1273 74
1729 31
1695 50
1104 80
172 87
1366 49
270 9
201 98
1801 16
139 48
1630 3
1626 22
1488 69
178 71
1759 1
1249 47
1584 24
1466 28
1121 20
409 24
829 84
1356 14
423 93
436 91
1840 39
383 98
1860 52
1113 91
989 47
1116 78
1317 97
715 100
65 68
1479 30
9 42
1189 24
349 38
898 38
178 8
413 74
1419 51
1584 26
81 46
1860 56
555 49
324 30
230 84
1430 33
1067 58
1221 68
1007 22
1207 55
44 13
1666 45
1567 3
476 38
1772 67
1621 81
421 14
1105 1
32 34
1587 77
1782 59
1300 38
1124 50
551 79
1539 39
851 15
1413 51
1009 84
515 96
416 76
1738 39
421 65
943 67
374 11
459 14
929 17
1702 55
1661 3
1399 12
738 44
880 83
1347 31
1332 89
1486 98
1333 52
775 49
1597 95
905 6
487 65
1354 55
830 50
462 34
1042 43
701 64
1189 71
1574 1
1729 91
1011 93
679 10
1705 90
1580 24
868 52
1196 97
1635 33
1200 60
1082 32
1028 42
747 3
683 43
1851 31
1694 33
1285 15
1858 9
649 31
1446 22
1507 13
1090 74
87 62
394 64
1487 91
830 46
1177 13
1320 96
1568 56
53 1
1076 69
288 62
1181 88
286 87
83 34
448 37
416 9
866 94
172 7
625 11
1034 30
149 15
1585 43
33 51
1628 70
1520 14
536 53
249 67
387 39
583 7
1247 14
648 50
1525 69
727 79
1208 85
633 61
829 88
850 22
447 93
656 35
1039 75
1547 56
587 94
1722 53
1002 47
1183 100
1386 60
1510 43
1051 100
1313 7
947 75
1065 47
911 1
173 43
1301 91
1140 63
864 96
636 47
16 6
78 88
1387 83
567 68
330 91
142 1
1491 45
1110 23
139 12
1752 20
1548 56
410 43
1091 47
1207 34
446 10
958 85
129 21
951 34
563 16
1359 41
1107 38
1706 64
594 19
410 30
993 51
1098 28
1552 6
1373 10
1708 58
722 80
326 43
1255 47
1508 77
1759 18
1584 40
526 99
276 67
173 59
1749 46
1438 66
485 20
1771 89
1342 69
1436 15
1521 44
1254 93
554 82
