8765
1158 92
560 3
999 34
1715 42
1226 22
1213 53
845 2
1491 75
809 96
1254 75
290 86
42 55
1724 59
33 58
232 41
1665 17
1635 87
1092 76
1598 98
110 68
1567 93
1325 87
628 36
37 78
1749 27
1563 7
1277 65
1589 14
102 73
1156 46
360 36
636 75
803 66
416 7
1367 96
697 24
1643 71
1304 58
1480 54
1560 50
478 57
1027 65
466 94
1686 51
543 40
1645 77
1229 88
800 66
1388 39
1747 32
1446 39
666 48
1536 60
517 2
1223 47
1584 25
213 2
1371 56
1584 41
1615 47
965 66
27 67
255 25
1733 14
688 36
172 48
956 45
1196 60
495 13
292 17
471 96
343 53
30 47
786 66
893 45
351 81
468 99
772 9
716 50
845 35
1298 63
290 45
1670 92
1009 25
1189 98
1105 14
1447 3
373 81
931 65
984 49
680 54
1099 11
1226 56
32 68
839 40
638 90
851 69
383 45
916 65
337 78
1579 40
974 59
878 57
632 8
1740 74
1097 13
1450 64
669 8
366 70
1405 92
416 81
1509 22
864 35
231 51
450 56
199 37
1083 19
587 77
1658 57
870 34
998 5
1554 67
1390 63
230 86
472 6
1490 95
1212 19
290 32
1035 78
767 80
1569 79
345 27
91 62
1169 74
260 13
619 6
934 7
1337 100
244 33
1535 32
967 65
300 12
849 42
474 44
1560 95
1230 59
292 24
1202 35
677 16
268 85
1498 1
902 78
104 11
1 91
1508 88
874 39
527 96
1447 96
774 74
1461 36
1442 30
176 90
340 23
367 33
1063 97
549 2
459 42
1600 10
1646 41
496 61
1371 21
80 11
467 37
1213 57
897 98
1631 10
340 79
592 8
943 95
575 70
698 65
397 72
855 5
116 42
87 60
252 36
1512 60
805 76
1216 51
118 64
1393 76
1392 61
1161 89
924 28
131 24
16 90
1385 19
1245 41
890 92
910 99
1292 19
1390 78
739 35
184 96
572 8
568 83
880 29
1227 7
1364 7
620 97
1005 64
1130 38
1537 55
1674 34
1490 63
1325 27
419 50
593 1
1299 16
942 7
846 10
128 18
1307 94
1727 6
1154 83
1338 98
358 1
959 88
1113 52
755 63
1199 84
448 66
812 28
1716 95
1708 10
1472 21
1639 43
1576 12
810 39
157 26
681 90
322 8
60 33
1406 7
602 58
1101 20
964 77
1370 43
1152 35
857 9
1179 99
1471 18
404 34
1740 52
574 27
361 52
1087 43
1538 5
1617 63
1323 76
150 91
303 60
1046 63
871 38
507 76
584 44
378 72
439 95
1679 8
1441 40
1096 67
586 6
103 87
47 39
342 60
67 37
811 95
1416 46
493 65
128 39
1045 85
868 19
1303 39
1506 99
40 78
1254 50
369 59
63 91
160 91
1063 55
193 35
1364 6
754 35
889 22
672 38
1198 98
1215 31
1217 33
143 66
1086 99
1228 19
548 64
984 21
1587 50
1182 96
1255 52
116 89
67 98
712 65
989 6
1062 62
496 26
1617 80
1543 86
1017 83
360 14
543 29
672 87
293 35
1051 73
641 37
1666 41
759 70
1699 11
100 83
905 72
1660 90
278 49
765 9
1475 58
866 99
1380 95
840 95
1301 44
1582 79
1712 71
1391 75
832 80
200 62
595 76
1610 70
1032 43
1304 54
937 51
132 7
29 82
1065 26
504 86
1141 93
1092 35
650 96
1209 27
824 22
1638 98
939 46
595 77
456 91
962 55
303 9
847 33
63 100
769 68
1008 10
398 13
24 36
18 75
28 72
410 82
635 97
1525 9
1615 27
330 3
268 79
1238 18
1164 55
450 27
1473 85
569 84
1623 40
1329 51
1500 21
1126 48
126 13
1146 24
931 47
395 89
259 27
157 14
948 19
157 38
922 33
756 50
997 10
1563 82
511 1
1309 50
1516 18
1092 78
465 35
1272 60
981 39
1507 86
1519 74
654 47
126 22
1291 83
407 72
736 52
989 51
1351 70
1690 52
210 42
555 64
623 75
1502 55
560 34
625 10
1434 64
1468 2
521 72
239 64
375 63
291 32
1557 5
701 50
283 44
1408 20
203 51
910 87
833 69
595 3
519 6
7 26
1402 99
1099 47
77 32
1554 82
519 22
1315 24
663 14
419 75
1410 98
247 33
754 51
838 20
1187 49
1432 64
412 39
1247 92
661 16
393 98
1563 64
900 15
1086 53
209 13
256 73
776 60
1248 46
1025 4
1409 67
939 60
441 93
729 39
117 50
1183 37
534 25
1536 35
742 6
482 66
51 82
365 33
1135 84
1487 28
860 1
291 73
21 99
1561 54
1294 75
582 53
516 31
1400 32
1145 37
1146 94
1274 48
1302 51
1436 52
384 60
1346 28
651 19
1074 44
341 18
480 60
1589 31
1537 81
235 89
446 37
473 56
72 20
227 25
1054 81
1560 55
101 56
1053 3
887 32
566 78
583 98
1567 9
476 3
600 96
1748 86
1210 70
178 49
1201 44
214 61
1691 29
1676 8
449 91
1156 87
389 78
14 56
1385 24
106 3
762 32
753 90
1205 65
233 88
1556 67
541 62
472 27
1232 52
222 28
663 100
1257 90
350 22
769 30
668 11
1385 87
207 46
603 28
1076 20
1147 64
1310 14
659 62
1122 75
355 94
291 22
236 15
1677 14
1677 80
457 88
171 78
1727 35
150 51
1018 21
103 55
127 3
1080 13
1423 66
156 95
1613 73
1303 92
1131 98
1474 27
881 44
1346 55
1359 16
926 86
581 59
831 26
1284 56
539 10
1199 80
1457 21
389 38
844 71
1561 92
983 27
620 75
348 10
1515 12
786 91
51 30
173 16
1635 66
1424 2
188 27
1292 16
1225 69
1610 73
505 63
1653 13
1473 61
893 51
1122 38
52 4
1042 11
1092 78
497 63
1564 76
1643 74
1196 46
1726 66
627 89
1331 68
1496 63
1007 69
239 33
929 38
932 1
1420 69
261 91
1553 26
1602 99
1066 1
1141 54
767 80
58 88
988 58
926 7
573 58
1325 98
880 15
1638 88
906 50
221 37
1195 29
1182 23
866 14
455 54
1660 44
529 76
585 67
831 13
1723 64
763 5
682 38
303 68
1197 97
68 91
1410 52
1154 26
1411 79
143 3
1657 51
34 70
1079 88
337 80
491 33
1144 15
356 48
1437 17
1031 42
1244 36
344 76
1219 83
29 28
1688 39
648 53
1085 10
516 44
433 50
331 88
832 10
1289 33
435 97
340 63
149 1
1020 66
429 20
1547 94
733 14
283 39
412 54
41 92
1635 1
1084 4
325 57
1108 61
788 66
145 75
79 84
1596 26
1349 29
1236 44
195 36
1219 4
1113 18
68 42
1475 60
82 78
566 18
1737 12
21 42
34 41
1357 41
1246 17
107 98
977 88
1505 25
1611 57
1691 2
1586 56
1428 21
676 3
1609 70
681 94
1182 7
1281 66
1617 8
202 51
1342 46
404 2
1625 93
81 60
572 90
184 2
1746 16
653 85
1190 92
103 53
357 76
93 87
293 2
235 99
710 54
1249 46
504 11
604 69
1563 49
1678 14
516 35
1007 47
719 24
461 82
559 40
350 35
1331 4
131 11
1435 71
243 16
1671 100
139 45
1220 5
414 14
1523 23
227 2
1283 10
1521 4
770 82
1576 76
1171 43
1699 49
1676 69
973 83
161 60
999 37
1129 46
1431 88
44 21
1179 41
319 88
552 72
1125 88
768 31
79 83
687 97
1559 92
1607 22
190 68
1420 93
1092 46
1625 35
1196 31
1620 15
572 73
1478 44
529 2
783 86
1253 68
200 58
1661 80
642 60
1193 33
722 52
791 28
658 66
824 68
1118 33
797 76
643 51
538 12
685 86
1031 29
929 4
489 57
235 51
819 58
1426 1
57 91
1545 98
240 35
1247 71
397 13
111 69
1173 89
1325 87
1585 66
1454 43
875 40
1542 100
1356 97
1383 61
1464 78
951 44
503 16
468 97
1537 78
1181 50
139 87
1214 53
1610 32
541 73
263 27
737 38
454 12
760 10
458 86
904 56
104 1
801 99
132 53
1530 11
558 97
1164 22
385 79
80 37
21 42
402 10
1461 91
1360 85
1282 37
1164 57
1611 72
1232 59
1404 7
603 9
1030 12
839 33
550 94
492 65
1451 93
1007 88
1314 13
919 59
303 4
659 95
1393 30
213 59
1580 48
1115 23
1430 88
975 87
2 37
401 47
712 20
399 47
492 75
53 22
1323 29
403 9
239 71
465 45
1101 40
1061 84
821 94
380 16
136 5
643 42
1341 68
1051 86
