8839
1718 25
72 28
786 77
1395 45
265 65
1121 45
791 78
1659 69
862 54
1221 14
8 6
221 83
1522 54
404 28
1686 54
1006 45
545 17
1247 1
1169 5
1206 100
1004 38
1054 38
481 85
1518 2
183 37
700 92
62 19
815 50
1610 28
768 30
1037 6
447 91
838 55
1657 51
1049 18
404 53
459 72
276 43
1358 42
1533 74
1501 58
407 59
128 59
1380 10
1446 87
256 75
558 36
528 54
351 50
726 42
207 80
331 31
956 72
1101 75
829 54
1275 13
1093 43
351 3
1390 88
1520 5
1617 82
1066 96
1647 79
946 4
1690 17
764 41
444 20
143 30
569 46
462 76
1369 65
755 50
985 38
11 53
852 41
1549 65
894 88
33 66
167 15
771 28
1040 53
1267 84
1232 7
772 28
197 10
1682 9
979 36
815 8
124 23
162 18
1684 63
1199 8
865 28
555 23
32 61
512 94
809 25
1399 43
935 33
1426 68
1395 5
1045 26
1264 9
749 87
1106 21
148 93
1727 44
1638 27
608 12
931 61
373 16
124 78
1706 85
1766 97
640 60
1689 26
1304 67
1221 29
623 81
1162 66
1398 71
82 98
795 82
644 69
1210 80
17 7
1530 41
512 62
1367 52
74 81
1336 9
1247 51
207 68
1018 14
645 26
724 11
1193 33
1428 32
1374 96
715 4
938 79
1 91
1430 43
1563 76
903 6
590 4
1291 67
748 11
1267 21
711 54
869 13
576 52
900 82
645 50
1085 82
939 95
1195 20
1681 13
189 87
1577 69
1502 1
86 69
298 10
1131 16
642 88
65 22
1326 99
1063 30
811 33
310 9
519 62
1226 4
1129 96
1698 27
1441 30
1532 98
1190 82
912 47
786 23
827 43
1390 14
1297 95
621 32
1696 65
1743 88
694 72
650 68
558 80
1626 87
658 4
1625 93
1061 67
1694 89
16 50
841 59
1540 53
1482 82
1318 90
420 48
307 8
605 27
1379 14
1765 83
1486 91
878 76
99 29
304 30
1556 7
715 23
837 35
1617 62
158 81
259 45
195 52
8 64
1318 21
826 100
1184 54
874 75
954 28
1015 91
1297 79
1300 22
538 83
661 70
1255 48
1009 100
1582 84
1260 78
1136 94
1280 79
566 27
705 55
1578 92
907 39
672 82
1312 28
1382 50
1070 23
1570 48
1417 43
678 13
1359 46
1323 64
658 85
1541 42
1268 12
128 14
1637 99
574 2
959 5
1501 55
1243 66
968 56
758 87
924 70
1675 41
291 17
901 7
1247 36
313 72
1125 30
1152 44
1627 56
924 90
231 49
760 18
891 81
1365 12
1441 12
975 62
309 10
374 46
615 89
1525 5
162 64
1729 64
144 41
529 45
30 97
821 46
364 90
136 39
1369 34
1680 94
1178 29
1421 90
1549 54
1702 11
674 84
1644 75
1519 75
875 66
1394 39
732 58
926 32
1480 44
574 36
192 99
1417 35
277 63
1440 43
672 58
159 29
1234 90
564 87
1214 96
1303 87
516 44
946 77
747 9
1099 47
1383 53
862 65
1438 86
269 46
1576 93
1038 4
885 82
1459 21
160 95
17 59
1261 81
942 89
139 77
212 76
1669 100
1341 42
1278 96
338 20
288 44
785 85
202 63
1606 77
824 49
1234 50
1270 44
343 21
313 47
257 62
806 55
463 79
1030 60
1002 3
540 1
1606 78
1734 49
1465 96
159 26
782 88
172 23
1366 14
1202 20
1252 4
537 71
1174 16
387 30
1565 22
278 78
1220 16
769 36
72 90
1086 84
998 65
93 88
181 36
1561 35
200 37
1264 49
933 52
1211 24
830 72
558 88
211 48
1517 15
1346 86
1540 81
811 18
1384 48
1550 13
1127 16
659 72
653 92
1417 9
560 63
1066 44
1364 55
409 77
430 56
550 17
63 85
829 79
1468 67
1394 15
880 16
66 20
1096 95
201 65
266 81
1750 75
315 40
1185 61
1258 99
519 94
1118 65
730 3
1158 65
477 25
1664 78
1192 95
942 84
1144 14
1073 52
1691 22
1499 11
10 42
971 76
750 10
1577 76
825 19
1277 61
915 15
1575 93
274 37
836 41
425 24
1274 97
1758 51
534 100
818 26
186 45
1601 88
1290 69
1304 4
448 82
262 50
1358 57
1106 33
50 97
899 22
839 40
1177 30
493 44
1189 17
949 26
1055 39
776 55
1465 60
575 10
623 82
1594 36
310 59
1278 8
49 82
265 82
820 33
1452 50
178 28
835 49
1166 57
1359 11
1416 67
812 6
1072 63
316 22
504 70
1704 79
905 19
182 85
574 12
361 68
650 9
175 50
359 55
49 55
874 93
411 90
1498 52
885 99
1515 5
1443 72
420 11
1085 95
374 85
1401 27
1759 82
1568 63
379 34
135 23
1443 54
109 17
864 7
629 88
116 45
1297 89
1667 85
662 99
1288 35
990 50
1276 69
529 89
1549 82
1469 87
798 46
1423 23
376 15
578 8
188 98
92 23
595 7
212 13
1426 40
606 44
1262 22
1040 55
473 95
55 62
594 80
620 57
412 59
999 29
770 71
126 75
53 15
575 70
897 6
483 68
721 78
1737 61
1671 69
500 74
195 71
863 62
1741 42
1742 61
1101 73
270 82
665 99
1713 12
1734 87
1401 20
1518 63
368 16
6 82
1703 94
78 83
431 49
1214 8
544 23
392 91
1416 90
1193 90
910 14
1565 31
1078 6
489 41
718 80
159 17
4 60
869 100
997 39
1751 98
787 93
145 72
593 35
64 60
455 28
1132 86
721 28
661 31
445 72
976 36
908 36
189 96
231 81
1723 49
1265 10
1474 80
1065 37
1445 66
609 34
1208 50
1640 34
1266 74
885 22
383 96
96 51
1577 93
290 98
416 82
1015 6
1138 21
1415 45
44 12
448 24
922 40
1673 32
173 19
1452 33
971 60
1457 57
196 38
798 56
718 91
1484 5
1185 60
143 19
210 18
105 3
249 13
1242 87
234 78
739 69
863 85
1742 23
1050 6
1326 59
1195 60
10 32
473 36
26 97
998 5
1033 47
290 65
1488 10
1699 94
1072 86
637 56
310 63
1736 53
1667 71
283 97
1579 36
1376 44
1687 85
1435 60
1646 34
1713 98
98 46
1045 36
1033 51
907 42
1388 34
362 94
1695 92
264 76
1276 31
1162 20
390 62
766 24
1462 66
1573 53
489 49
1647 56
983 15
1341 43
1204 61
1391 24
677 53
996 90
471 59
473 8
1200 25
919 82
771 17
1585 97
393 54
1149 26
420 47
1454 96
573 60
286 60
254 18
1006 90
385 23
694 23
1494 24
707 6
952 35
574 95
785 91
515 47
331 73
1025 13
1531 38
1350 90
947 6
627 17
1714 89
298 11
876 21
1501 50
1037 45
718 54
103 46
1768 59
1053 42
84 59
1101 48
240 20
1580 35
950 25
764 68
1129 52
448 98
1147 60
1281 17
322 66
824 18
1452 25
1339 100
1762 86
604 50
1220 83
1684 54
1561 3
852 4
1397 34
1227 29
326 11
583 85
1351 14
1568 43
1403 56
1737 79
589 66
433 1
1230 11
1267 24
1201 50
1015 10
1294 50
1217 80
183 52
159 57
318 45
850 16
1372 3
305 66
1241 45
1723 92
1471 9
1514 7
1713 40
393 55
484 21
313 34
1543 96
1417 34
1414 26
280 99
303 14
169 13
1744 95
814 55
407 85
1293 24
450 65
410 41
1248 84
1179 89
1715 26
455 95
1695 29
595 99
83 19
1392 46
1232 89
712 29
1 9
344 18
842 49
1169 69
1675 23
395 34
1309 53
512 51
1509 39
1190 14
181 17
89 63
67 55
1387 15
656 73
1152 48
860 21
98 18
896 100
1102 61
1134 12
706 43
1508 89
1752 91
1096 34
691 49
1301 61
259 10
236 15
766 14
735 31
1359 96
966 44
615 98
172 29
528 57
1644 98
384 13
600 97
235 69
1203 88
626 72
1276 46
798 83
36 36
99 51
588 80
1515 66
156 83
946 50
669 50
910 24
575 33
391 31
888 67
1219 69
1315 23
955 46
692 78
601 15
1065 83
127 47
259 14
1298 40
998 89
634 75
1543 20
398 99
77 90
140 93
1716 10
427 86
1037 26
1345 76
1007 15
527 90
1141 43
740 86
1377 25
1280 45
1105 50
47 5
593 21
1246 46
989 61
1554 72
1511 41
84 93
432 27
1284 92
1155 33
1389 46
627 20
1381 98
53 82
545 66
1719 73
1597 1
818 50
31 73
1392 48
197 19
829 17
13 54
1287 87
1111 89
697 90
1130 5
1329 14
602 49
437 86
550 1
917 54
1236 20
1640 21
1069 3
854 52
1203 48
368 6
627 58
1165 24
