2507
455 69
191 81
331 55
336 15
53 21
158 96
463 5
120 90
475 92
441 83
324 36
420 6
185 87
35 58
364 47
44 80
215 24
348 18
177 46
235 8
213 46
13 78
352 84
495 78
372 41
213 65
39 15
327 71
39 36
157 26
295 3
359 82
484 59
485 58
479 49
188 20
269 23
215 65
326 86
78 76
272 25
230 42
7 95
406 59
107 72
152 8
317 96
58 31
480 80
486 32
229 82
158 61
490 32
55 51
288 59
27 99
437 23
482 11
81 31
308 100
143 1
123 95
200 59
475 17
180 73
259 84
262 1
335 38
337 24
146 78
378 85
206 24
7 76
8 89
153 16
266 100
89 23
416 12
80 49
413 12
344 84
138 47
427 20
186 25
351 20
254 13
460 92
336 38
93 60
139 43
62 93
218 57
483 25
6 12
446 45
38 43
104 83
175 77
142 64
138 19
33 39
34 46
460 67
186 77
70 100
90 96
337 23
193 36
242 34
305 80
185 78
212 34
73 78
146 77
339 97
185 19
110 26
7 18
411 95
224 38
28 38
350 99
41 47
411 15
334 51
474 57
71 43
293 14
45 13
253 6
323 23
476 25
51 6
179 72
57 2
457 47
216 57
195 67
437 34
362 23
443 70
228 57
427 74
120 34
402 86
52 77
376 31
497 68
392 77
183 4
471 29
34 95
317 7
273 22
461 67
364 10
16 78
260 80
282 39
3 7
222 63
420 58
371 29
87 6
186 1
333 3
260 44
150 17
337 91
302 1
125 73
409 36
360 80
104 21
14 36
294 11
87 40
354 65
4 32
200 100
19 48
18 65
38 71
170 47
47 4
489 50
322 14
474 7
157 77
447 83
470 55
34 60
468 74
467 94
403 100
255 17
301 36
493 68
20 21
239 38
320 99
133 13
478 29
166 42
385 89
10 37
470 72
490 38
23 67
366 98
324 83
199 87
177 83
379 96
23 98
254 59
438 26
499 5
434 51
339 22
486 33
61 63
6 56
411 4
443 97
179 64
448 23
322 51
200 80
300 64
240 90
396 75
97 5
252 3
270 89
387 96
381 37
151 25
130 46
309 33
203 72
467 41
77 69
75 93
226 57
479 63
376 48
344 99
109 86
256 69
80 39
358 11
317 65
418 89
126 32
212 26
464 42
458 74
480 75
224 93
39 76
139 30
105 79
341 14
493 68
218 62
31 56
27 5
35 27
354 20
456 11
331 21
417 24
476 43
116 83
413 15
222 1
140 42
494 61
402 39
497 45
269 20
54 83
394 94
473 13
42 59
310 79
108 92
259 25
441 64
462 9
329 30
435 69
182 57
41 51
309 40
100 35
127 99
391 78
262 97
297 99
272 62
405 44
256 44
378 28
85 57
183 37
204 20
3 59
155 51
266 66
63 92
128 42
185 93
362 26
428 19
24 56
139 69
78 100
274 60
297 15
55 5
114 83
292 58
237 34
289 8
257 44
232 30
237 53
354 75
109 36
475 59
233 3
365 38
23 85
148 79
197 70
177 44
283 42
457 13
360 33
238 84
388 56
363 50
288 89
367 16
180 21
19 56
208 35
83 29
85 52
353 72
498 39
300 80
161 90
296 65
309 74
79 48
305 68
111 82
165 70
11 21
353 58
139 54
189 94
264 76
350 66
316 72
399 51
501 79
102 37
53 96
348 22
465 24
91 58
255 40
116 49
131 59
61 1
250 58
370 94
106 6
103 85
488 66
392 8
231 78
145 92
181 69
140 76
207 76
3 15
148 2
12 87
198 4
32 85
296 74
55 48
60 97
434 34
431 24
265 96
148 52
482 83
384 100
287 25
252 19
136 67
90 92
207 49
457 63
355 85
294 99
441 78
388 38
484 63
406 34
19 50
77 85
194 42
486 33
450 60
75 58
74 5
216 45
208 22
138 60
308 29
40 56
68 71
213 67
442 38
296 15
382 55
20 44
65 78
466 32
160 95
382 66
481 84
70 58
213 59
153 87
204 56
33 78
94 24
233 65
167 47
241 90
459 35
144 79
126 99
267 53
315 42
292 43
421 12
240 35
215 100
106 30
260 38
447 32
501 91
64 37
495 18
12 18
236 74
367 89
446 69
288 95
80 87
466 83
500 40
300 41
208 41
493 59
412 52
399 37
435 54
126 36
295 45
286 47
15 65
368 100
50 22
403 14
10 78
239 90
441 87
217 91
32 31
384 9
394 22
331 7
455 11
128 45
287 56
23 63
174 60
190 49
240 27
491 30
261 47
74 71
181 56
371 80
334 42
27 63
383 85
268 93
109 45
316 97
1 5
332 51
119 78
237 30
391 38
24 66
357 11
167 40
358 37
29 77
446 79
215 20
254 57
226 81
265 1
9 35
498 19
291 48
203 48
464 28
43 92
232 51
117 52
68 63
290 40
304 82
196 54
463 24
358 28
278 54
240 16
302 98
454 66
154 46
147 20
398 47
52 18
124 92
20 6
316 70
159 17
300 67
449 52
65 19
117 100
160 65
386 64
469 96
327 17
335 86
319 80
257 53
57 22
341 28
77 75
177 24
378 75
281 21
489 68
426 58
184 94
356 47
138 91
57 59
417 36
129 24
24 66
193 29
300 3
211 62
500 100
267 78
353 1
171 35
337 15
374 81
404 28
26 45
435 91
400 52
17 74
100 41
432 27
215 66
281 80
404 45
433 71
184 18
425 56
394 24
392 56
240 27
451 8
442 40
98 9
9 79
175 23
59 26
334 6
123 56
19 71
293 44
207 23
297 6
256 32
142 38
361 75
435 49
408 52
152 3
443 24
448 52
106 32
437 48
470 21
267 72
469 74
14 39
409 74
333 59
160 47
358 89
377 73
96 52
489 90
51 30
14 60
201 7
245 36
218 58
151 87
163 15
239 26
478 89
386 12
52 4
490 18
113 6
294 16
401 6
388 51
55 69
101 3
353 27
118 6
48 68
369 68
340 94
428 83
341 50
11 2
55 99
486 81
163 21
96 88
167 76
220 29
75 73
195 63
162 9
289 73
205 24
194 69
330 100
132 36
346 60
401 63
97 61
230 49
340 59
73 18
406 29
279 49
208 45
309 99
259 18
459 75
139 25
482 69
206 47
170 50
402 4
152 93
136 32
191 45
176 70
13 14
349 28
261 96
280 96
220 1
367 37
384 64
116 75
331 32
109 2
173 86
34 27
412 87
111 30
229 85
193 16
382 60
389 97
109 12
494 50
130 3
6 88
294 83
243 56
189 46
436 35
283 15
300 26
148 56
17 9
111 26
30 47
146 82
321 88
260 26
168 61
337 49
341 36
323 3
131 91
418 10
306 12
348 3
459 73
411 85
71 19
205 49
119 17
47 37
174 65
326 59
155 12
463 64
165 52
68 41
461 26
413 10
216 43
121 60
414 43
72 72
243 86
12 24
399 8
416 37
488 71
401 80
180 81
280 24
5 16
12 31
400 71
240 7
330 84
342 38
134 92
93 66
151 69
61 81
114 62
384 13
7 34
486 14
114 45
148 26
381 53
5 59
441 50
200 52
183 20
143 85
479 52
13 17
418 88
47 5
387 5
124 24
62 4
111 72
417 42
127 55
420 21
387 21
323 66
82 62
266 40
482 67
167 50
201 79
318 70
34 18
114 75
47 100
434 13
318 6
80 70
284 68
210 12
298 1
199 22
265 94
316 21
352 25
158 35
314 89
231 36
496 54
156 68
193 13
18 50
434 88
470 99
175 22
287 53
280 45
351 95
191 79
455 47
440 54
476 45
104 80
147 81
287 6
176 14
133 81
119 55
417 83
104 41
55 75
402 90
59 26
435 79
378 12
1 74
221 48
49 13
194 7
192 28
443 16
296 55
273 41
4 96
347 77
301 27
493 65
450 38
106 88
272 61
43 15
9 29
298 52
243 70
478 11
129 59
201 29
247 11
105 77
309 97
474 93
77 10
261 27
465 76
442 33
437 27
192 81
2 34
282 48
499 45
192 18
488 89
285 89
256 25
300 23
261 97
110 44
440 24
238 29
310 6
22 6
331 100
145 51
32 77
454 48
118 70
