5234
918 45
284 71
635 91
632 2
284 11
684 81
35 95
816 94
578 18
94 4
89 26
288 10
371 22
688 68
348 43
189 47
557 57
104 51
628 44
60 51
509 78
645 66
402 17
734 37
805 20
505 81
837 81
769 28
1047 23
769 38
173 38
796 65
455 81
258 59
469 62
286 62
353 49
844 67
832 57
292 32
23 58
740 38
116 80
1023 99
63 35
177 45
711 53
880 31
261 65
345 27
83 28
1010 45
861 19
704 33
815 34
17 94
466 45
192 90
335 22
937 4
6 83
923 60
224 59
102 58
701 16
962 52
462 42
183 14
1040 18
488 1
470 48
886 38
470 60
456 39
223 9
325 96
31 98
760 94
295 50
91 48
707 79
274 92
89 3
391 10
593 2
85 93
582 96
795 86
509 51
899 61
21 10
50 23
223 59
397 74
533 39
470 36
121 61
501 90
918 3
342 57
367 44
135 19
616 19
627 77
504 74
521 39
613 9
96 67
570 47
868 11
916 85
981 87
349 84
107 19
631 47
710 40
962 51
751 78
385 13
371 54
661 68
842 29
928 44
600 22
437 48
451 3
943 65
359 96
194 33
452 21
482 47
172 81
1032 28
804 89
779 74
819 96
896 42
615 5
666 47
211 41
847 85
1001 54
612 67
317 37
78 71
60 5
205 2
402 87
309 40
846 6
217 57
961 34
624 12
23 45
919 7
27 7
777 86
239 17
24 27
769 85
930 10
510 45
553 54
965 3
295 44
303 26
117 18
132 32
273 40
890 94
902 89
532 38
497 18
296 93
77 16
660 100
377 65
663 65
1 40
287 27
8 48
791 2
451 49
226 73
447 65
1045 95
222 47
977 7
105 58
324 43
882 4
635 85
114 15
11 5
205 46
470 12
937 95
77 6
620 9
839 82
817 44
980 66
412 26
1005 73
416 63
687 48
630 26
958 12
139 33
543 74
88 24
672 43
761 73
420 23
448 12
688 23
369 54
571 59
157 51
153 9
701 22
153 23
999 54
35 52
177 34
326 45
871 13
671 41
784 82
1047 32
505 7
60 66
388 68
390 79
657 92
549 33
66 69
228 40
246 48
112 84
118 13
996 63
810 74
323 42
695 74
197 65
217 35
336 32
241 4
165 82
572 1
310 86
625 12
1007 68
1004 77
587 63
76 94
9 78
767 77
80 59
1014 43
1008 35
569 48
748 50
1033 58
1026 97
741 68
941 66
739 69
44 12
72 78
738 63
832 17
769 5
179 80
990 53
291 87
598 18
960 7
15 4
728 50
677 23
774 53
730 36
55 89
787 61
699 26
56 42
763 93
507 85
970 52
132 34
763 40
653 72
322 54
773 35
387 89
88 8
966 50
110 70
774 85
281 17
657 11
204 55
1025 34
222 47
946 53
332 53
120 72
992 43
662 76
164 16
860 100
311 18
887 53
797 44
682 85
161 19
560 30
242 74
434 87
640 52
737 99
736 41
1021 94
350 22
51 71
722 50
263 49
1015 29
868 52
766 92
13 39
829 55
923 15
942 73
560 77
158 40
403 34
551 58
916 50
647 41
572 40
899 4
270 32
560 22
416 34
314 3
31 76
993 73
449 31
348 60
893 28
453 85
629 2
719 30
140 31
569 16
318 99
163 64
446 7
1031 77
798 94
625 91
543 75
887 70
818 78
992 20
220 17
956 90
623 15
331 59
176 47
394 74
799 86
53 21
498 24
660 15
423 1
290 34
459 82
767 87
814 54
518 61
400 35
100 10
232 4
205 13
728 5
175 92
611 67
974 82
691 33
678 17
940 30
68 54
198 6
519 26
803 42
330 88
410 25
94 3
714 17
299 91
471 42
444 1
488 48
1002 42
804 80
859 69
132 54
18 32
981 50
928 6
850 88
918 89
14 69
856 38
947 9
506 76
953 35
1035 87
75 72
589 20
409 9
276 91
781 77
138 87
537 53
720 53
784 71
257 15
756 66
467 69
794 7
54 45
619 3
363 46
391 92
323 51
327 23
622 69
451 1
700 12
417 75
925 14
789 71
892 21
967 36
857 78
754 65
617 64
76 12
111 70
806 9
445 55
58 92
796 44
966 72
145 88
55 51
430 71
989 63
862 84
676 66
445 100
1026 41
955 85
331 15
925 50
800 14
411 41
901 10
739 61
603 13
393 15
736 50
639 68
464 6
103 77
196 62
709 20
116 36
325 32
381 67
501 90
789 56
4 56
770 36
17 73
739 27
485 49
1035 20
861 88
978 85
933 4
134 28
569 73
696 34
14 80
876 34
762 72
885 62
350 71
1015 72
508 17
650 61
311 56
787 97
969 60
398 67
553 66
194 14
66 1
621 36
399 78
60 11
376 53
465 24
444 54
130 76
353 77
832 62
156 45
715 38
778 24
330 87
772 18
66 75
41 48
253 98
121 35
590 70
337 12
96 62
683 19
679 91
331 58
463 69
548 16
574 33
750 59
768 57
981 85
244 29
316 72
769 82
299 83
757 8
664 12
984 41
363 65
58 28
1040 20
534 59
703 72
228 67
115 68
982 38
576 38
582 37
600 15
351 23
711 35
558 5
30 69
911 79
903 20
746 94
79 39
681 81
483 98
700 29
117 63
1011 32
96 68
514 60
578 86
73 9
126 14
137 69
615 18
1009 14
100 19
279 57
604 38
932 65
440 98
101 37
676 55
270 22
453 76
46 64
427 99
342 35
525 55
848 48
893 68
876 9
599 86
122 45
733 97
422 84
429 4
470 46
252 73
741 17
697 88
66 58
485 76
718 87
191 42
1034 64
947 49
992 58
807 24
26 73
4 42
781 88
488 82
630 88
338 22
13 90
765 33
905 75
277 20
991 52
224 53
439 91
403 53
391 71
553 50
368 92
497 24
327 87
925 7
158 59
1014 98
950 66
615 89
585 21
608 64
548 5
50 62
1029 98
939 48
730 57
507 44
735 59
594 10
592 21
336 59
220 95
509 56
367 89
873 65
421 51
277 37
539 83
674 91
949 46
188 1
800 9
406 17
562 58
627 59
656 68
500 58
171 88
542 4
782 91
742 100
76 62
217 2
752 93
457 23
793 23
107 72
880 59
65 17
943 64
235 30
29 49
289 72
987 55
951 88
531 16
530 85
217 1
105 38
941 82
261 90
1027 53
671 21
27 81
847 23
136 82
901 96
948 39
413 62
241 55
876 55
3 15
265 31
562 49
395 64
420 63
169 76
293 33
392 33
198 82
975 63
649 21
887 48
745 97
1003 79
564 22
59 71
925 22
480 92
392 96
1002 2
940 49
773 53
509 8
664 8
589 34
265 8
1026 9
277 17
948 37
681 36
1033 78
332 42
201 89
124 25
931 37
459 87
496 34
403 32
65 23
160 85
588 22
123 6
496 5
775 44
404 42
967 78
562 20
385 47
499 100
652 27
494 59
720 66
875 98
383 29
941 87
838 69
471 32
526 32
558 47
945 42
827 1
943 53
7 5
275 86
59 36
1031 60
786 68
643 79
482 86
141 74
99 78
1038 71
529 84
413 85
39 4
358 41
586 12
197 82
313 96
320 24
559 81
400 29
399 2
702 80
469 71
789 10
810 85
938 41
177 18
76 22
648 95
567 70
76 80
499 6
378 50
95 9
917 48
8 100
836 13
933 48
836 18
786 27
155 31
640 40
604 64
1003 26
278 20
303 85
94 68
648 68
226 80
879 85
942 57
967 37
325 63
499 88
609 49
797 52
710 49
882 1
157 69
1042 33
930 20
174 39
322 76
985 16
263 63
378 23
500 98
166 29
104 87
209 35
244 69
453 72
746 67
97 82
685 89
945 19
600 9
703 12
964 30
708 99
733 56
397 96
406 87
753 38
565 37
1026 29
744 15
384 63
169 93
195 8
112 85
400 7
694 79
430 33
474 56
67 19
129 42
182 10
685 78
576 71
107 87
1006 75
462 31
935 27
317 21
230 5
697 54
326 13
428 65
516 38
528 39
932 87
715 19
813 47
129 39
595 40
967 16
48 10
588 85
991 30
18 71
216 93
1009 88
36 27
50 17
552 63
697 2
827 76
722 49
1032 10
360 92
624 35
18 25
146 41
438 80
1030 74
495 86
807 56
312 47
634 75
299 42
499 92
80 5
126 5
325 96
795 40
