8379
775 13
561 60
986 32
1488 2
363 42
1361 75
856 64
279 24
650 11
1174 13
608 97
1311 47
1651 91
1563 69
859 79
10 67
1641 2
39 3
1520 21
1486 44
1238 22
1360 10
683 28
611 91
1477 53
1139 73
472 97
524 98
1402 34
744 25
1564 47
219 84
525 92
1278 34
967 39
861 100
1355 29
510 75
1662 27
664 25
1665 98
967 41
1357 59
617 85
125 5
1489 14
843 47
467 50
73 66
1071 57
107 8
163 27
1483 41
1350 74
465 27
416 81
1193 71
1310 20
456 21
1277 72
722 43
1001 34
1505 63
339 41
1109 42
1634 78
974 100
204 74
1397 34
1533 26
991 2
138 66
209 54
704 18
671 9
475 68
1430 38
1671 17
1376 52
779 1
1332 65
1149 68
1400 33
565 17
1565 56
1105 48
673 94
944 35
387 61
924 72
1297 71
613 24
1360 94
804 33
592 96
1510 45
414 81
547 59
172 56
795 32
277 7
532 27
1649 72
871 34
675 38
240 33
482 80
468 4
587 36
1327 34
953 13
1159 33
696 69
1294 94
379 73
1659 34
226 3
1655 24
1186 8
289 74
101 21
1284 66
1625 9
933 81
294 53
881 28
1263 45
1416 50
113 88
308 83
597 21
489 60
1407 84
722 23
1054 9
1212 48
130 99
1073 14
270 5
53 32
295 84
1146 59
1284 34
954 76
829 47
528 26
834 52
170 64
11 78
243 12
208 16
493 34
63 88
939 66
612 97
490 42
1295 67
454 64
760 91
398 7
1445 7
1343 88
945 42
900 56
948 1
1623 56
984 25
891 53
1320 10
113 9
869 98
830 74
417 16
353 62
543 17
1112 97
882 38
1380 62
1610 36
1237 12
849 19
485 68
66 48
256 2
912 5
1509 18
1617 98
610 22
1406 80
1404 98
810 73
394 29
609 96
1635 23
73 24
1296 59
1487 10
947 24
279 54
33 14
1068 93
1484 59
1301 47
330 37
1674 68
1614 17
117 16
1144 29
225 51
346 32
98 14
426 67
378 13
708 76
834 13
890 19
188 71
889 7
555 37
1145 53
670 94
9 74
547 44
846 51
1603 22
1464 23
784 33
525 20
309 96
579 10
1633 12
1055 81
1071 52
713 70
216 17
515 43
1486 89
755 27
461 77
255 63
52 43
1514 40
705 28
706 10
351 56
831 73
1480 18
67 34
507 59
1045 15
62 75
1295 25
814 71
1365 26
1666 57
329 87
84 5
984 84
518 60
1227 99
338 27
1403 17
739 59
743 18
861 90
1166 84
1323 27
1575 71
643 6
873 13
675 68
1210 26
110 32
260 55
62 83
556 13
1205 8
648 8
1638 92
884 14
1516 10
644 49
1202 54
442 35
329 72
935 19
534 20
1574 68
884 25
848 61
982 53
140 79
474 94
1601 5
473 45
1642 98
781 4
885 12
905 34
181 32
112 90
852 90
1217 7
583 55
1321 82
687 21
506 91
652 33
1175 49
221 90
1440 84
979 49
1266 9
1269 41
1433 46
1397 73
720 76
1387 58
1671 99
1177 61
724 70
962 50
1281 60
1014 73
923 81
369 77
575 65
550 69
464 90
1073 51
1449 25
552 67
1192 75
699 89
1029 85
1077 7
151 75
1478 17
1537 50
194 82
428 69
915 54
493 25
322 59
1542 97
1178 33
1038 6
721 74
354 60
573 23
263 52
1076 21
333 98
749 24
964 88
597 56
1662 61
1530 90
668 96
116 46
289 18
1067 89
782 52
1346 8
1213 58
1127 31
1168 11
759 37
1525 7
488 23
1617 56
1656 40
157 25
768 35
1097 18
1150 3
172 83
547 39
962 35
411 43
1329 39
668 17
234 81
1296 52
1001 97
1143 17
1299 47
238 9
956 85
1499 57
842 65
1303 90
273 44
426 31
1406 26
208 62
665 84
763 93
342 5
1136 94
968 9
1466 80
217 2
1450 74
962 10
901 39
692 71
1211 12
82 78
500 12
574 1
55 37
1482 71
1316 82
1312 33
44 67
1540 58
1608 7
1460 84
1506 47
1152 81
1248 27
105 84
1444 71
1226 8
996 34
607 42
1449 76
1426 76
1377 70
829 71
1293 20
469 24
1262 83
779 44
49 84
991 72
574 100
24 55
623 58
726 27
1590 71
626 12
894 83
524 22
809 58
1279 85
1344 53
868 82
995 1
892 5
1613 27
523 81
1200 5
1376 15
204 98
877 97
398 87
1142 78
161 36
111 44
1659 16
1469 58
68 19
706 32
382 21
672 9
897 63
1072 13
1580 9
1438 97
1321 32
1648 39
1483 49
1264 92
657 33
678 72
308 67
198 65
850 8
923 25
1044 6
1409 25
256 7
1611 92
1208 22
1301 80
1319 40
171 77
808 57
1203 46
599 10
1273 63
1182 20
1246 44
788 61
1643 28
850 35
1674 78
748 67
334 23
658 20
456 2
568 32
59 81
45 23
18 65
1622 95
1475 54
497 24
1578 45
583 99
478 87
159 96
823 54
377 42
1588 74
1553 62
1058 40
387 33
1609 91
31 58
1535 70
916 14
528 10
703 62
717 92
1027 6
600 28
664 98
791 69
512 26
260 52
674 97
288 25
1028 21
919 62
1073 12
714 23
1371 56
1332 90
746 70
396 80
1577 45
1658 61
1455 28
241 6
1320 82
615 91
345 35
353 88
1323 93
719 46
593 99
759 61
174 47
823 9
617 52
548 89
879 92
191 49
186 76
695 33
945 61
1176 58
344 70
1155 88
1321 83
577 9
1487 79
650 19
96 77
1618 15
1505 86
739 95
108 16
157 80
1613 53
240 23
442 38
827 8
228 66
1576 30
749 90
844 58
592 13
1583 88
715 68
442 74
379 23
1278 55
866 68
822 65
852 12
933 51
1424 64
711 86
1376 30
1476 55
909 5
249 24
967 52
1175 86
523 13
52 44
1051 56
646 85
246 54
302 8
70 41
394 75
339 97
1164 99
1015 44
1113 56
777 10
1008 51
142 81
1250 62
1491 99
345 86
975 22
1088 32
18 71
284 37
192 85
901 53
1557 85
1146 52
492 26
1086 34
326 79
304 31
329 43
582 79
1201 81
638 83
727 75
319 64
1012 46
702 69
851 93
1255 3
183 59
187 63
1420 45
1665 85
1072 71
1000 49
6 41
1324 49
871 71
1235 21
1147 86
583 10
382 13
1230 28
396 26
1417 70
1441 59
931 23
125 96
451 8
444 27
1247 36
689 12
1098 6
1539 68
1489 22
1524 68
791 86
7 74
597 57
423 57
426 72
262 9
143 73
1177 41
906 19
1211 73
383 29
860 12
1600 42
1518 98
937 74
1019 97
1156 5
1606 26
517 19
895 58
118 92
993 76
700 29
817 59
1639 15
668 21
1116 10
1559 14
1005 71
1207 11
1469 12
373 87
407 52
1070 13
839 5
761 77
1020 18
560 87
929 27
986 22
132 29
10 66
1045 68
175 65
738 9
1271 30
1671 77
1269 69
1051 66
279 78
614 7
955 59
617 79
190 100
1195 42
584 90
751 88
1357 99
1433 15
1606 65
355 52
802 27
83 61
690 93
136 95
109 10
316 17
145 71
1121 59
367 66
1174 24
1600 18
788 38
1648 91
846 94
655 56
955 82
1291 57
1144 68
315 28
188 45
374 82
1078 44
933 88
1210 2
1399 32
1270 98
615 54
195 99
1509 25
1651 35
1068 98
522 41
425 6
1125 41
95 64
434 89
294 47
88 10
1274 56
967 56
657 57
700 77
568 40
1572 78
395 63
1300 90
1352 5
812 75
669 45
1371 96
884 34
433 73
11 68
622 64
1029 78
340 87
1335 47
985 8
444 64
504 68
409 37
1066 5
148 14
919 21
599 22
757 82
1214 15
793 97
1497 27
1610 94
61 92
988 45
128 7
50 30
4 10
356 100
292 68
490 100
1388 76
1463 4
1422 48
74 73
445 97
167 72
205 92
686 62
191 24
686 54
1436 45
1575 24
1668 65
1471 21
1141 22
709 51
1383 95
1218 42
1478 66
1129 7
348 30
921 53
1031 27
351 76
1007 16
410 31
1373 12
495 41
498 38
1332 23
464 32
714 95
1673 58
892 54
612 92
1469 100
1279 83
1482 34
80 70
438 80
450 8
1128 99
1465 66
812 95
1460 21
967 24
1134 75
850 9
177 39
205 4
107 22
940 52
197 53
522 64
1184 41
811 35
764 51
1632 83
1265 6
665 92
795 81
344 57
52 96
681 85
1046 82
1438 23
809 6
1604 98
1450 78
691 31
1022 70
378 16
510 92
1232 25
989 11
120 24
1561 99
669 91
830 11
948 62
417 83
1063 10
1513 31
1265 37
1456 65
793 22
337 40
320 31
1214 13
1169 69
1349 94
1635 6
884 46
436 86
1078 27
1432 17
479 23
1346 72
919 43
947 43
712 80
702 32
863 78
1006 31
877 55
1442 84
274 42
1495 32
1067 5
1341 96
1460 23
