8022
1191 76
388 28
95 50
1 69
95 40
273 64
1002 73
1502 89
1222 20
288 30
338 87
1084 77
328 72
1366 66
1115 73
969 74
741 44
1552 86
486 19
348 35
599 4
1139 65
130 58
701 47
632 64
851 90
440 72
273 46
292 44
644 5
950 26
200 89
541 85
73 22
433 100
914 92
1177 6
1261 87
1137 83
22 9
1169 42
376 87
1415 29
732 65
527 51
1450 62
42 60
1044 49
1241 5
638 95
287 16
1577 30
917 94
68 49
940 7
725 23
1384 76
676 6
1085 2
1541 47
221 21
1168 85
571 97
614 62
181 55
1430 4
974 82
1109 29
459 100
1331 95
1006 35
865 97
94 16
227 94
480 63
1189 43
941 61
676 18
1286 21
1235 85
782 45
185 10
500 65
735 99
511 61
974 71
439 100
327 23
1472 8
1414 88
1555 41
929 42
992 42
749 7
1571 54
519 23
1000 86
347 20
442 31
1217 83
61 6
1596 55
919 87
609 14
60 30
753 52
383 87
1071 53
323 35
955 96
74 3
459 42
833 25
563 18
409 79
312 96
452 96
94 91
1475 92
322 63
650 27
77 89
1133 10
1139 1
555 8
55 48
71 79
896 36
424 73
303 51
1181 39
206 11
1253 46
1589 62
998 92
538 83
815 7
1162 93
657 62
634 56
168 51
185 9
555 39
699 60
1381 21
17 59
1449 79
1326 98
878 42
1258 96
1247 94
1439 56
513 31
328 39
546 64
960 24
598 23
262 100
901 49
782 56
949 46
1225 41
863 11
1285 62
54 27
1157 48
419 32
1272 99
413 99
1033 42
671 63
421 78
1038 42
619 29
122 71
1194 74
1275 79
368 71
390 28
688 62
132 68
456 13
12 63
627 65
32 34
416 29
154 14
823 75
1482 92
1327 95
939 34
959 70
567 74
437 1
338 8
944 5
1306 48
95 57
1263 16
227 93
1441 96
1365 47
1375 85
107 66
686 53
256 32
407 48
93 37
382 22
1549 12
1004 33
993 45
1151 14
871 95
410 78
1458 91
1244 51
1599 63
567 56
680 97
13 75
391 16
1563 15
872 77
290 5
1582 91
626 2
1594 22
1332 39
714 87
362 33
402 1
827 94
1189 51
1219 69
171 40
305 23
1194 31
1153 100
955 19
1456 43
819 30
730 22
531 2
410 40
1182 35
794 97
620 91
592 55
882 14
1094 12
811 81
1555 73
965 11
130 16
446 35
147 73
676 35
1552 91
988 19
1338 4
120 12
341 24
1253 99
377 61
1378 26
33 55
522 68
454 36
460 44
505 74
440 9
1550 2
1164 78
888 91
1285 76
27 6
1369 67
799 91
484 69
563 14
448 31
717 96
1044 19
307 69
845 17
1517 83
317 78
1429 53
1008 42
286 17
837 43
349 11
118 2
1112 55
910 19
1311 89
1121 88
310 43
1347 60
691 12
861 41
908 88
638 33
741 63
54 89
933 73
1182 53
281 97
981 64
732 7
1073 57
1564 4
421 40
240 57
431 22
580 91
1318 24
1085 72
1440 29
552 7
336 89
1006 89
704 26
1111 57
436 43
1187 6
14 72
100 57
834 16
155 78
111 47
155 12
1577 87
979 93
340 10
1354 27
702 50
418 47
952 49
389 98
293 76
629 38
701 68
1327 70
1300 20
78 52
670 57
83 48
1415 16
832 85
1025 40
226 58
1505 22
829 78
1500 13
303 14
1328 84
1077 64
863 87
1114 5
948 73
698 62
1158 1
3 59
1078 32
723 55
308 50
1573 47
884 80
949 22
1123 64
114 95
1475 79
479 74
436 88
1070 47
774 97
1558 6
743 57
1006 32
1193 15
249 2
280 80
110 51
704 80
218 85
1113 92
203 34
1335 100
25 26
1373 36
980 38
652 4
717 13
742 32
728 13
723 3
1461 100
59 53
1073 44
1017 79
490 68
791 87
1069 29
1032 16
394 41
828 8
998 71
931 72
1241 49
1326 87
840 39
657 47
1551 99
634 30
461 37
1445 6
1362 53
930 94
17 55
1397 69
262 58
65 52
457 49
1407 31
869 24
1001 30
673 37
917 97
187 46
572 87
1397 30
355 10
1503 86
621 16
6 65
350 49
859 63
230 55
980 6
1095 99
784 56
607 92
1111 68
69 56
781 69
1586 50
1544 41
881 96
1378 97
505 72
660 53
1536 64
405 42
567 44
69 55
456 49
344 77
1206 66
970 41
1357 12
535 73
945 18
964 33
1278 85
1199 88
400 69
1358 81
1002 23
1195 81
267 77
480 70
456 29
1466 26
1249 70
380 32
1543 65
259 53
866 50
333 39
1513 19
554 48
1382 1
1298 76
15 31
1270 6
790 80
1211 52
931 52
336 40
793 55
1198 4
1100 15
801 38
358 48
744 75
816 65
316 60
595 84
814 52
515 20
1574 41
687 86
77 21
555 33
397 55
904 27
538 15
1423 47
324 43
356 20
1314 83
258 16
463 15
399 72
1122 93
1123 69
1091 44
1522 85
191 87
1541 79
559 37
512 78
1365 1
525 60
383 43
1390 19
737 97
1223 84
583 72
736 8
186 83
328 98
77 8
1034 19
767 82
865 46
1273 59
164 96
1232 8
1088 7
634 63
731 77
227 58
522 75
1512 65
1124 69
394 18
213 76
1362 38
1117 37
1273 32
417 85
1207 57
50 95
375 3
1026 19
136 49
56 71
469 19
945 63
252 12
135 25
644 19
1326 10
1391 13
495 7
110 80
1007 4
497 23
1176 36
1350 61
88 36
224 41
1478 17
924 54
350 80
1079 50
263 92
1494 53
1255 57
305 82
1220 15
1047 15
1008 54
770 70
500 88
343 32
506 18
510 36
1436 89
269 9
652 1
757 79
456 46
359 30
230 66
549 93
1118 61
1025 20
1358 61
1273 55
758 63
118 6
1420 61
1218 95
1192 98
600 3
1447 59
1579 50
1480 35
995 14
709 6
1199 21
1439 28
1452 36
731 53
1336 84
913 38
1506 50
1267 20
572 14
3 20
550 76
237 88
867 17
1392 11
81 98
264 29
949 2
1121 92
82 71
420 53
658 15
954 84
1495 95
1443 51
220 90
906 41
479 45
1050 36
1492 39
1455 83
1408 40
1527 59
1325 47
314 57
1584 62
1376 12
645 69
1597 88
643 14
204 48
1 34
1284 86
185 79
395 81
622 95
1490 14
1133 29
794 96
1271 15
656 58
821 91
464 71
358 67
757 42
1567 45
205 13
723 47
137 1
629 100
1362 23
1206 2
783 14
301 91
1481 51
745 14
485 72
687 17
1079 93
453 80
149 84
1332 74
972 76
456 49
10 93
431 50
1146 6
862 70
1266 70
382 87
1528 40
96 2
723 10
979 3
401 33
1116 17
698 73
119 96
1461 34
279 17
974 20
1264 43
570 4
116 22
1198 54
632 76
1553 22
1452 67
992 76
1197 48
982 35
779 87
1143 26
1322 22
1427 62
737 49
168 46
291 15
1392 3
1342 3
760 49
1561 30
1431 56
18 13
157 34
1076 22
170 47
59 27
579 87
370 92
912 25
1323 98
1112 62
612 14
1348 32
28 14
784 27
10 27
281 28
821 32
391 92
10 2
92 44
601 38
1262 13
1117 45
1415 1
947 23
17 60
1496 25
683 88
289 4
1 36
1109 69
627 61
614 46
408 61
1367 80
1455 18
983 52
763 69
76 16
355 25
1568 9
312 73
210 17
944 44
320 45
79 47
42 38
285 11
1147 57
1123 35
1467 33
1418 81
1271 94
184 45
597 70
789 62
1499 2
437 5
321 46
1078 61
633 19
841 3
1421 47
800 81
185 9
909 58
185 19
85 79
1263 32
1232 67
31 83
1550 83
787 61
886 67
1603 51
1305 90
291 100
924 27
225 84
1003 16
590 19
261 24
736 33
876 80
1016 75
190 73
574 72
287 29
1132 60
497 64
1227 47
973 72
1336 26
1113 19
196 83
32 10
498 16
1583 5
1294 12
844 64
354 79
425 100
238 48
88 87
854 38
324 43
512 70
1574 44
883 100
721 92
1389 97
236 57
150 78
1383 70
524 39
1421 97
843 87
647 57
66 36
868 26
263 3
1465 48
757 42
1154 2
940 65
977 53
248 9
1087 78
646 81
1451 40
35 2
161 90
5 76
379 18
249 26
541 23
616 75
706 98
1031 72
1507 94
515 10
1144 80
1412 57
1254 76
1160 24
112 65
173 54
1193 54
1204 14
1602 80
331 64
1395 49
1272 49
785 51
187 15
17 68
694 26
1218 84
1281 46
944 89
181 21
102 2
240 16
684 15
834 18
1090 32
642 27
1296 78
1343 7
1190 55
1507 12
1146 11
1227 3
637 59
454 82
1159 43
454 45
948 28
713 7
1425 43
1236 46
276 16
325 6
447 5
1505 47
745 44
975 4
1253 25
173 74
829 48
949 15
932 16
885 39
1238 86
414 38
551 60
62 16
389 77
811 68
882 82
944 3
376 42
1526 20
987 46
