4283
835 7
826 72
538 51
224 69
310 45
364 25
243 71
589 35
239 55
509 42
611 57
826 96
166 72
748 16
445 11
772 79
24 31
846 6
194 34
30 14
614 8
214 56
803 89
107 57
700 4
828 77
94 60
439 35
384 64
32 13
750 58
334 39
641 98
390 40
525 94
86 74
517 62
812 35
650 44
162 33
723 13
598 43
824 97
673 92
421 42
201 65
260 95
175 91
283 13
598 100
361 75
223 2
730 68
790 61
156 61
759 66
224 53
129 73
304 81
225 66
813 1
463 2
684 2
63 28
664 44
714 16
586 68
240 77
616 33
653 11
394 65
655 76
434 45
377 84
674 8
40 83
420 82
197 59
133 91
113 24
552 44
419 56
606 68
391 27
519 86
574 55
673 1
714 60
216 61
822 33
207 57
695 97
180 26
315 83
373 94
764 44
655 63
521 67
321 4
786 99
529 73
584 35
347 28
378 7
476 76
364 93
334 68
494 21
767 5
85 2
331 10
294 22
83 5
329 75
512 85
111 12
556 92
759 98
234 17
596 8
91 34
769 93
828 80
765 52
529 42
53 97
448 98
535 20
47 1
246 25
631 66
108 85
857 41
547 54
823 98
28 23
421 97
505 96
262 91
528 44
727 76
25 100
715 6
609 62
489 91
141 68
385 60
306 17
134 19
117 90
80 74
648 50
59 3
779 73
149 55
233 17
110 99
334 19
823 80
442 70
25 9
257 20
295 61
565 10
419 46
376 56
736 43
584 34
379 63
695 54
313 96
772 47
528 80
138 100
857 15
33 99
773 63
757 42
187 15
608 8
18 93
47 46
520 40
635 56
851 73
167 75
263 53
84 41
135 55
387 74
849 92
576 60
172 88
128 17
478 6
352 66
615 93
597 27
511 41
180 78
114 34
712 5
475 11
16 65
602 70
182 41
292 1
23 82
367 93
590 15
397 66
653 24
60 75
849 63
660 22
95 78
792 90
636 59
585 44
658 52
469 44
674 3
822 53
85 89
598 99
677 54
721 86
361 55
302 48
86 15
165 8
426 70
693 12
29 56
22 91
140 50
436 5
224 15
728 9
587 70
237 64
363 45
280 49
534 10
260 37
546 64
149 86
370 88
676 42
702 13
700 59
333 63
567 67
726 14
394 12
314 51
677 95
359 51
740 100
92 99
463 2
361 53
52 50
258 28
347 37
303 36
466 50
51 21
1 87
855 89
562 21
117 2
101 46
239 39
10 84
437 43
732 2
724 42
664 12
571 75
759 81
410 25
842 3
117 95
253 80
723 76
579 49
262 17
211 99
194 70
500 31
720 36
394 7
67 68
529 9
461 19
671 13
32 13
134 19
376 68
481 29
709 19
55 93
536 57
780 63
275 29
713 34
637 49
48 7
185 35
164 25
79 1
688 81
694 47
666 3
669 12
557 79
846 63
782 52
313 60
578 34
744 61
139 83
409 57
847 8
282 60
671 84
658 51
343 25
452 1
38 90
248 5
487 46
243 77
587 40
815 92
547 6
803 63
713 67
853 88
619 46
721 1
135 82
836 85
765 71
381 8
786 19
390 13
344 44
319 93
117 47
47 34
520 86
662 22
358 26
615 39
603 25
549 32
319 99
264 26
228 93
252 79
809 18
616 100
334 54
425 12
237 71
569 22
400 80
254 55
842 66
191 59
486 48
219 99
58 94
802 35
234 4
694 57
580 87
756 79
425 42
565 41
672 74
326 28
504 65
450 96
441 54
735 16
703 7
747 2
604 64
254 67
825 86
821 65
635 93
763 18
394 3
657 38
720 80
642 89
747 48
128 46
142 36
680 32
601 24
663 83
521 3
543 77
70 91
791 88
100 89
551 55
334 94
239 30
349 20
148 33
454 13
121 13
656 83
149 79
21 70
166 79
316 12
293 34
570 43
241 45
438 14
439 34
781 81
47 76
527 92
187 42
149 49
219 64
658 55
86 71
790 92
93 22
103 87
551 30
262 53
146 47
78 84
725 93
720 93
439 29
280 76
413 12
406 73
498 43
502 20
852 8
747 72
131 32
317 73
85 33
222 12
785 52
623 59
548 1
424 86
610 50
638 63
102 49
358 34
89 83
2 61
777 8
493 71
167 44
416 38
738 21
572 5
574 59
301 90
758 21
701 23
605 30
285 89
10 35
754 35
272 3
78 23
132 53
830 8
750 95
14 19
606 75
72 53
581 2
653 79
560 87
504 63
428 66
589 73
304 12
533 81
275 65
76 8
399 46
18 45
448 58
324 24
482 63
406 19
502 85
223 12
584 18
459 44
340 20
688 19
808 10
493 74
384 23
288 60
114 96
249 49
35 63
822 44
373 21
157 40
204 48
805 63
595 47
796 90
660 7
370 87
143 66
777 34
385 24
338 21
56 17
271 8
604 15
215 60
766 72
472 51
25 97
402 44
660 89
277 8
113 88
472 33
660 19
222 78
265 47
782 49
462 95
404 22
401 77
483 3
497 98
246 41
271 45
566 69
597 16
153 31
423 80
274 62
439 94
104 75
46 60
791 33
352 32
3 17
293 12
385 18
674 49
253 75
421 45
784 59
104 56
90 16
299 92
278 100
854 67
530 78
724 58
410 63
125 52
494 93
433 72
614 76
615 73
287 14
590 90
269 85
553 54
357 41
179 32
22 96
22 94
494 85
571 93
783 46
796 84
27 9
194 30
781 52
687 77
75 80
786 68
432 99
47 90
334 75
668 89
431 81
73 93
390 53
831 65
7 90
717 78
88 32
1 94
60 50
477 55
181 2
111 28
732 30
14 14
749 67
332 6
281 17
804 14
758 65
633 74
126 86
850 93
526 99
332 76
155 56
405 92
155 63
563 56
598 44
508 73
731 19
460 24
765 80
313 93
658 3
457 51
231 31
374 10
463 95
256 16
748 66
114 20
444 84
258 97
422 97
677 22
196 58
320 13
40 60
786 41
281 94
280 2
538 26
337 58
353 84
572 96
772 25
615 90
697 27
413 21
180 34
602 27
680 24
475 35
755 26
528 4
649 43
689 8
100 61
442 44
744 5
717 16
451 95
306 77
321 96
74 15
634 48
130 97
832 29
736 65
736 89
23 76
729 31
811 46
794 74
816 59
753 52
599 22
742 19
357 2
765 36
304 7
730 39
764 44
342 80
307 35
792 65
385 5
323 91
510 32
160 39
525 19
531 75
370 15
316 85
564 14
688 25
803 60
781 47
44 85
459 21
322 21
610 6
260 32
146 71
492 47
371 54
533 55
206 47
224 63
351 34
291 33
853 100
370 44
564 47
33 37
839 24
795 78
294 26
300 78
651 3
734 18
729 24
503 18
741 3
359 20
416 76
796 57
559 60
748 60
273 48
347 71
410 83
543 10
6 51
757 84
588 95
87 24
664 22
309 78
712 20
828 27
658 63
795 23
414 54
231 75
420 17
721 100
810 82
384 64
645 44
649 4
234 99
334 13
184 83
803 9
208 28
171 41
403 16
116 91
731 43
760 94
225 30
651 60
136 42
470 93
293 36
701 77
494 76
684 63
126 16
297 28
141 94
134 1
846 3
590 17
311 1
849 57
407 41
643 22
259 8
582 3
4 82
762 49
450 60
686 84
565 2
258 35
792 29
795 9
410 44
338 27
104 78
284 92
818 34
809 50
483 51
543 43
736 36
733 70
683 54
471 73
771 84
446 6
477 40
716 31
376 81
160 77
123 42
228 88
367 32
237 13
553 60
750 35
505 58
699 83
745 80
639 99
17 44
46 68
503 86
385 83
749 87
409 85
81 35
579 49
765 53
136 64
244 8
813 24
408 69
22 10
166 10
192 96
585 19
744 97
802 68
817 87
61 5
435 34
376 66
47 93
416 67
35 11
61 92
541 90
747 42
634 64
378 35
304 41
172 75
689 92
353 27
584 72
527 99
106 25
526 86
256 34
183 35
838 67
461 58
154 13
680 51
42 93
248 85
453 100
583 76
763 59
52 70
560 20
154 33
44 37
426 35
395 31
852 1
456 22
325 76
730 2
557 41
815 85
720 42
625 64
576 99
408 14
627 6
266 85
586 90
149 58
501 20
25 30
56 17
508 21
629 96
303 33
219 15
55 52
209 67
566 94
607 87
776 11
257 9
235 19
710 53
628 92
288 36
650 64
616 7
137 26
781 66
369 88
637 24
632 18
559 30
385 27
463 27
771 85
789 42
626 53
438 59
135 12
486 37
591 23
305 6
755 66
