4101
786 58
75 42
17 13
251 37
327 31
32 52
24 100
572 57
7 8
363 48
115 40
227 45
205 46
188 10
9 60
390 19
780 16
716 13
614 91
163 59
755 94
544 51
138 9
764 81
190 38
513 70
45 91
455 28
62 48
46 78
352 56
292 37
184 1
706 90
415 2
349 34
536 68
356 74
552 7
147 11
375 22
315 3
26 64
377 37
123 48
615 73
131 48
18 67
512 83
589 43
108 40
392 11
579 93
242 90
61 77
52 34
154 85
286 71
271 47
359 15
807 97
707 96
321 47
420 74
112 53
34 94
427 45
786 10
271 84
593 68
85 92
162 66
595 44
309 92
592 93
793 1
72 85
407 50
453 35
718 48
507 96
287 56
423 89
422 17
177 59
452 9
140 50
664 55
463 74
264 37
1 78
294 34
102 44
388 14
722 15
773 55
611 52
385 75
165 52
399 51
158 84
481 85
240 15
499 25
161 4
535 32
65 98
100 6
811 26
233 19
540 90
622 35
99 11
473 98
317 72
178 51
643 71
19 33
156 95
475 6
697 38
574 55
338 93
585 87
693 43
538 14
409 97
239 65
765 81
77 22
722 87
11 43
786 25
356 16
286 81
538 29
402 73
112 82
530 22
131 11
755 46
138 96
246 64
626 8
151 8
711 30
380 62
623 85
547 38
475 61
86 10
372 87
491 26
479 45
812 29
2 47
280 3
279 66
255 18
182 4
596 27
114 21
333 8
190 25
68 8
815 46
98 70
33 11
232 31
476 86
556 40
203 35
568 34
20 45
637 33
300 7
243 9
638 44
535 12
469 43
384 98
746 48
807 34
470 14
570 34
803 81
2 66
166 62
328 39
318 14
101 52
577 14
281 24
136 20
736 59
429 33
699 82
310 95
499 50
211 92
532 55
489 28
586 91
451 31
115 4
233 78
201 72
595 70
443 19
312 81
184 3
674 58
214 36
740 3
155 82
796 45
441 66
216 73
769 10
686 36
198 64
804 96
496 6
352 58
690 92
322 15
810 30
301 28
26 2
494 77
307 66
206 81
332 15
489 15
568 58
164 1
670 52
137 50
719 74
328 13
491 72
541 22
189 3
114 94
454 22
366 88
620 10
575 82
476 46
111 91
108 95
179 13
397 74
176 51
465 51
7 72
546 18
391 77
323 8
563 65
143 100
390 17
75 1
641 74
503 85
628 72
286 33
257 46
83 14
516 16
544 78
666 37
654 89
254 35
118 47
149 83
625 89
617 2
117 29
579 87
251 21
646 29
120 37
72 33
340 54
158 31
812 7
239 98
467 68
352 92
565 60
766 32
361 94
583 27
442 41
132 40
425 60
634 99
332 29
139 28
244 79
331 92
492 78
430 24
808 94
313 92
44 13
479 52
29 27
535 86
506 58
343 95
520 4
182 13
680 15
693 14
681 76
248 92
742 62
470 78
757 74
683 24
374 13
787 13
223 27
216 6
320 84
445 51
364 85
741 9
703 71
404 62
804 49
707 6
26 8
476 19
701 9
320 8
51 52
335 21
146 54
460 36
457 1
721 84
633 61
738 81
2 30
464 12
794 65
411 38
8 76
524 83
802 42
786 43
709 80
358 62
765 65
137 22
704 11
124 42
284 8
300 22
352 66
367 31
89 41
278 17
466 44
597 53
324 77
732 59
479 50
437 79
573 4
617 36
691 79
328 47
244 34
701 71
537 40
101 53
464 88
55 49
500 68
344 81
299 99
277 23
650 100
668 5
334 18
249 84
329 26
550 26
365 28
416 91
58 15
153 75
730 88
591 56
299 65
60 7
618 93
807 48
716 46
498 59
240 64
480 99
501 78
655 69
502 1
49 95
647 34
197 33
678 30
340 35
28 30
385 31
735 54
486 90
686 73
73 88
189 75
171 37
50 58
767 59
644 52
59 72
468 63
58 15
659 20
178 44
85 37
580 59
107 77
630 17
348 40
627 14
293 83
737 63
214 94
560 32
356 86
784 21
170 70
706 85
498 75
67 94
478 5
507 53
4 55
335 27
736 25
124 79
258 31
488 37
482 69
412 42
448 75
474 67
505 11
65 51
46 45
335 16
241 74
432 40
694 52
220 79
104 75
125 48
697 75
37 92
673 28
714 65
482 23
683 90
374 71
231 82
774 5
383 83
567 27
89 74
536 67
665 76
60 40
341 11
30 96
187 47
810 74
537 35
506 57
19 45
662 10
294 49
253 73
560 81
14 4
44 56
137 20
233 6
490 63
69 24
753 61
372 41
455 84
333 96
403 65
335 57
384 58
351 8
542 16
569 7
202 41
768 30
576 13
654 35
252 54
609 93
591 39
698 97
639 57
446 57
451 11
651 86
177 68
658 20
284 58
8 51
686 100
622 42
548 21
28 9
788 63
77 2
287 29
551 24
638 84
128 4
98 99
639 39
128 94
781 35
581 28
311 28
93 69
471 37
352 84
421 28
458 18
671 66
571 99
276 99
740 16
744 86
391 48
87 28
174 2
95 45
532 57
417 23
8 3
682 84
167 64
574 29
794 71
281 37
217 65
201 34
778 35
133 82
764 78
627 31
743 15
688 3
435 20
392 59
395 49
225 87
820 76
454 59
694 88
366 95
727 37
320 35
483 40
411 89
391 11
251 62
234 78
132 92
799 67
118 43
226 39
161 65
784 10
312 90
738 89
695 80
778 84
520 81
608 22
603 76
227 69
652 82
469 31
512 56
552 25
518 16
785 20
6 93
534 81
654 45
725 15
785 44
244 47
411 32
10 25
147 67
717 17
212 41
820 90
596 89
376 75
656 74
281 25
493 15
407 15
298 7
763 49
144 88
429 38
61 69
55 97
46 23
72 29
206 73
194 51
463 16
133 55
655 93
534 70
683 24
269 19
510 74
251 51
416 80
619 48
708 36
219 47
557 62
528 57
295 29
273 70
58 42
348 90
578 90
309 21
156 15
348 73
715 87
608 32
246 92
671 44
772 32
19 22
476 68
122 70
204 62
548 5
104 7
556 4
771 91
228 34
815 82
659 80
225 100
689 75
717 34
456 46
353 74
409 56
385 1
366 27
695 20
667 44
43 13
730 70
58 4
611 35
209 13
206 95
372 37
519 1
134 97
328 35
798 1
123 65
423 57
152 33
343 48
224 26
730 53
687 56
10 27
13 87
576 65
804 24
272 82
88 44
363 82
713 43
176 41
643 35
125 95
502 52
196 96
472 27
180 28
789 32
177 71
291 97
381 32
392 89
333 33
433 38
21 56
376 93
205 99
788 1
479 4
621 95
181 66
364 32
8 54
191 69
211 1
387 6
194 58
590 66
261 53
652 57
692 93
747 29
468 56
65 51
647 48
579 98
486 60
346 13
433 76
225 97
231 79
647 75
79 85
301 4
407 57
609 76
674 78
677 49
82 56
337 38
765 32
272 86
284 47
67 95
240 47
224 11
287 2
599 9
227 60
194 23
711 41
672 53
544 83
166 51
490 23
447 62
803 4
445 51
162 65
524 2
733 91
743 68
354 47
215 49
818 57
70 74
786 1
738 17
220 3
185 77
511 21
329 12
603 29
755 35
126 85
792 58
439 78
371 77
62 69
551 59
408 67
175 32
676 25
384 86
33 1
468 73
18 72
482 80
53 6
548 3
183 86
621 87
78 99
454 35
776 5
425 50
468 28
709 59
491 37
252 60
99 65
592 80
764 93
196 80
584 92
42 81
132 57
276 67
175 12
599 99
195 76
742 30
466 4
675 82
498 93
785 56
214 55
227 60
53 99
5 8
353 24
787 81
546 37
119 99
21 60
289 98
705 8
739 81
506 59
489 14
118 73
210 27
350 39
11 17
24 63
301 52
148 18
416 34
148 35
91 29
323 53
337 98
814 81
380 32
577 100
794 7
521 74
248 34
369 99
267 70
416 27
484 22
679 19
469 58
783 85
681 23
402 17
77 88
797 36
696 96
554 41
351 67
674 91
643 13
793 19
474 37
800 85
645 41
164 53
744 55
670 62
134 70
613 55
765 13
752 10
313 41
87 33
812 50
761 40
794 54
73 41
68 42
673 28
638 31
690 91
789 17
615 79
497 43
238 87
257 60
82 46
180 73
69 80
812 42
734 28
526 89
650 69
390 73
535 1
588 11
763 33
596 92
91 45
181 87
236 38
309 59
119 48
125 95
74 81
568 70
733 38
338 67
461 65
697 69
128 70
767 69
212 50
471 5
648 84
395 55
376 52
432 38
552 76
284 5
293 81
654 74
696 34
472 52
667 75
180 1
745 10
