6332
152 30
161 7
530 57
289 21
255 27
1167 97
523 16
766 52
723 70
850 7
919 31
755 47
11 49
439 63
161 24
278 26
740 72
803 99
821 11
596 97
749 35
420 34
1104 98
936 44
181 38
997 69
1173 31
540 68
99 99
929 55
449 100
1128 1
998 76
48 70
156 48
1050 21
822 36
337 34
682 95
553 65
612 8
509 65
16 95
531 44
976 75
67 64
1004 58
1069 24
612 7
1145 10
847 75
306 32
1139 1
938 99
493 68
21 99
337 90
33 44
469 81
550 68
1250 13
685 38
1155 100
112 49
598 76
296 6
635 82
134 81
1012 56
1207 17
75 94
165 98
115 41
384 9
1134 51
1214 51
1089 80
235 26
1162 27
825 85
817 100
1201 27
1024 72
565 23
814 44
894 92
1128 58
268 16
898 54
837 92
285 64
1128 93
62 72
583 60
1208 95
223 47
1010 59
748 27
348 44
30 65
669 23
939 44
984 4
1006 17
1150 37
1072 84
1135 37
314 20
940 87
1095 90
774 69
873 71
142 37
485 7
1215 63
1135 100
290 12
1091 67
1205 52
1096 75
977 67
819 36
944 57
1052 9
873 89
679 44
1215 91
592 68
984 28
769 29
207 74
186 39
680 10
492 75
987 25
932 43
442 24
551 84
60 45
1075 62
612 17
1104 95
628 81
576 75
412 58
397 10
784 12
1237 63
11 6
56 32
208 84
1041 76
352 16
204 63
941 53
950 74
378 50
952 85
343 32
619 36
733 23
552 92
6 9
896 39
386 74
171 51
479 61
358 8
803 32
457 4
447 54
1235 63
906 60
261 67
407 30
74 37
1214 20
176 83
794 1
732 36
871 99
959 32
207 68
479 81
844 38
210 7
406 90
192 19
186 97
987 78
628 29
91 69
1233 8
173 57
819 42
472 41
134 9
46 51
1074 62
869 76
23 63
209 37
769 54
532 63
1149 3
1244 61
1011 11
805 31
275 24
1027 60
744 55
684 77
738 70
377 24
1264 57
37 71
111 5
800 92
330 44
1033 72
748 25
644 57
473 90
252 42
180 70
514 3
114 17
560 43
927 19
667 85
551 35
824 22
544 10
560 72
392 95
1058 90
544 90
137 4
1102 53
699 9
87 90
49 62
295 81
998 22
38 1
1061 54
488 26
962 45
231 75
174 82
930 64
988 78
1248 8
1202 55
26 58
638 55
24 47
421 66
276 26
768 6
105 24
311 87
105 57
1009 30
143 81
379 70
477 35
836 36
1051 6
24 64
1222 83
973 58
64 57
966 22
210 49
754 91
1029 30
667 38
734 52
960 45
1126 16
1031 11
90 31
14 2
1201 21
816 68
1162 22
1060 48
468 26
347 75
22 65
230 72
185 9
173 79
1120 93
768 68
587 51
962 40
1126 58
247 33
965 49
605 100
953 93
8 76
918 20
38 98
662 21
597 61
1237 35
871 1
207 4
1008 35
139 63
687 50
1257 11
599 40
877 32
62 95
506 75
1090 47
280 22
204 58
1238 11
878 85
432 15
149 5
1250 80
104 85
288 51
423 32
824 24
79 55
992 51
426 52
858 76
278 65
1001 27
267 91
233 53
1256 85
1030 76
136 99
1156 92
5 10
759 10
1 3
365 9
516 19
147 80
972 74
186 13
1241 64
960 70
1176 52
1115 62
944 18
357 60
1116 87
1035 23
897 53
877 22
913 75
165 83
889 5
652 35
234 60
71 33
1066 35
30 56
78 2
731 4
826 40
1127 6
190 5
919 5
735 23
833 33
841 17
1070 1
142 88
734 39
539 23
659 95
742 42
332 28
597 18
560 69
883 69
605 4
148 52
526 56
894 4
1185 45
1250 73
961 97
657 74
286 20
937 97
355 52
710 15
1082 80
927 95
247 78
620 87
30 95
691 14
299 28
185 16
600 28
828 50
1026 23
902 51
1096 1
61 55
451 14
270 12
879 12
951 28
27 12
914 13
146 46
697 10
1087 47
207 60
318 61
195 1
565 69
872 64
756 51
1073 29
238 2
423 5
963 29
776 86
1059 96
1082 54
75 8
804 75
1265 27
56 31
134 23
521 35
6 50
20 35
970 30
1125 35
227 14
918 51
910 65
1092 69
1228 71
913 15
1036 27
584 93
401 42
924 36
1056 33
754 29
381 37
1126 32
950 50
593 60
661 71
472 72
575 40
1045 38
300 42
237 14
1097 81
758 27
654 44
1251 17
176 31
850 48
431 18
113 78
1121 85
1054 93
246 91
476 29
868 9
33 96
1207 94
678 31
1034 20
809 14
177 98
318 58
563 90
249 17
7 96
673 75
378 2
695 10
774 37
707 57
798 2
330 12
1097 37
831 63
839 83
473 78
1090 70
1012 97
723 21
576 34
400 75
932 26
571 48
814 48
957 77
352 77
884 46
912 82
438 81
746 44
181 1
1066 70
175 52
13 91
189 98
361 75
1007 48
566 78
764 1
771 79
1151 37
1095 7
723 54
1194 71
63 96
1210 63
212 67
995 52
833 92
328 92
312 76
269 80
1056 88
1021 69
975 51
617 14
712 35
945 42
65 68
1096 33
1260 42
369 63
512 36
477 95
143 64
287 75
707 82
785 28
131 38
957 9
178 91
455 82
184 21
100 19
802 39
329 24
1214 25
1096 99
1265 51
726 86
1247 90
103 35
771 55
911 73
62 95
53 87
716 67
439 51
379 95
1001 10
817 93
507 6
907 1
617 86
952 25
1162 15
32 3
910 6
695 6
734 100
348 80
915 16
802 74
456 59
671 51
1069 25
931 92
208 22
1050 22
123 33
453 43
198 13
415 31
1002 41
37 14
147 31
1246 51
800 35
1180 6
1049 51
1227 10
395 39
492 94
185 27
220 8
224 90
694 8
301 1
6 18
182 86
290 55
977 33
810 49
583 63
1226 63
1085 58
294 18
179 31
783 11
699 100
974 82
454 26
564 100
476 19
279 52
486 83
192 65
1042 30
161 75
715 49
488 88
383 69
543 26
1197 24
244 18
971 8
1085 95
1224 13
292 11
489 44
762 6
1078 5
1060 27
415 97
270 32
733 55
401 56
1206 97
874 35
298 17
389 37
429 50
1158 31
634 44
486 30
825 68
857 51
1116 12
654 25
101 35
1129 90
261 5
539 32
1208 9
228 82
975 50
389 89
422 34
559 97
533 92
178 23
355 39
127 2
1065 81
1146 90
243 36
345 52
434 78
624 75
979 75
174 37
117 96
578 3
605 42
850 40
22 4
758 22
640 69
734 2
938 93
584 85
199 77
1118 4
486 46
836 38
998 76
487 73
796 95
1258 21
15 20
491 62
263 26
848 41
294 75
1245 94
776 15
97 96
1236 25
466 50
942 25
60 49
113 97
303 15
719 97
92 91
182 98
766 68
273 22
22 26
956 11
214 75
78 97
302 99
788 16
87 5
1057 6
231 76
296 87
135 19
590 31
672 8
469 96
123 36
929 7
1105 68
584 69
22 54
711 61
226 11
1157 78
1027 72
222 40
125 65
873 58
503 96
584 32
1167 52
197 61
547 25
267 38
803 83
547 55
106 79
986 84
818 99
433 8
288 34
164 5
79 16
569 55
859 86
308 100
1119 43
674 89
505 51
1173 39
369 61
1220 57
890 87
284 46
1046 5
546 6
363 30
1145 6
897 57
687 84
835 48
265 95
726 95
513 49
455 75
1070 22
720 51
1098 11
765 77
283 61
1204 88
246 40
993 91
997 7
428 31
109 42
1217 61
985 82
1113 56
741 14
894 63
1189 98
1085 13
1005 37
748 86
623 74
1093 16
3 35
920 79
240 43
1175 55
1118 84
1261 39
1240 97
457 37
249 27
1227 28
798 39
913 4
1095 69
1263 63
705 97
783 57
628 49
4 65
552 80
1007 84
985 25
57 10
312 63
1067 53
1131 62
227 29
1214 24
811 62
452 33
154 51
1148 30
1057 3
257 28
348 63
178 31
777 21
824 100
524 44
1112 98
381 1
207 31
576 7
110 22
965 31
570 51
405 15
1206 52
430 55
1246 19
1048 57
907 24
911 14
1221 97
760 72
890 5
881 80
144 100
185 99
22 91
276 59
190 80
1147 44
473 29
1175 73
905 65
395 27
336 87
1138 92
250 13
1074 23
164 62
448 85
813 62
1252 39
545 40
680 22
949 17
901 82
1233 89
466 56
1085 72
809 91
588 32
235 10
201 11
694 26
645 42
340 71
138 20
846 14
795 91
466 39
269 33
984 8
517 31
930 77
993 20
684 54
439 75
1220 4
1125 88
374 29
632 69
227 17
565 10
68 41
177 85
16 97
12 7
175 18
1248 13
666 82
702 44
1034 49
389 25
1018 45
842 75
748 50
1116 36
629 79
286 56
1149 8
389 31
830 28
212 74
870 94
608 29
418 81
255 69
1214 98
105 67
924 74
1180 52
1119 3
937 37
958 32
1077 51
803 12
303 71
997 98
379 44
805 8
382 11
986 18
1206 6
207 14
161 83
5 10
1174 87
337 50
191 90
