8974
440 46
864 19
1168 77
455 5
911 40
76 19
1285 72
1035 61
736 88
138 11
1331 82
1095 93
1277 87
194 29
552 4
1203 54
886 43
820 72
1262 20
155 16
53 44
305 56
1079 49
86 24
764 7
1310 39
1782 69
408 67
652 77
1529 34
628 69
290 2
185 85
474 25
1281 45
709 15
1742 17
1069 65
715 12
264 8
1352 51
1330 92
1129 42
1246 25
610 85
512 6
58 23
1114 59
1213 30
1421 39
929 38
450 96
1164 37
1439 51
191 90
1120 41
1488 21
1053 60
1072 3
336 68
1551 25
354 12
1467 26
838 88
979 16
1622 83
842 1
1727 36
201 48
213 75
388 22
534 3
786 25
477 25
21 56
224 17
37 26
258 44
1600 60
1044 92
928 31
204 85
1227 99
264 75
143 73
1208 61
1029 13
893 88
855 82
1240 24
766 51
1425 70
957 82
95 8
767 72
1185 29
148 26
683 87
1737 18
268 97
833 57
1679 25
740 5
42 27
1141 17
258 18
969 31
1493 29
554 25
1587 26
1170 77
1368 50
1338 37
760 24
732 8
1297 91
791 4
1355 45
393 23
292 71
1531 92
13 42
229 67
706 24
645 72
1420 24
1457 84
458 89
671 87
1566 75
1046 74
883 95
1011 65
1693 94
1271 92
1281 37
563 45
1321 61
1678 35
78 5
588 63
1122 8
1423 79
451 62
1024 52
641 99
1001 14
875 41
1108 41
601 24
1146 52
195 8
1599 47
1565 23
82 57
666 29
441 69
469 96
1170 87
1228 85
1736 46
1203 34
1642 70
187 31
360 60
1710 59
917 68
692 10
1346 24
284 24
258 18
1310 2
1662 39
1657 21
898 2
1018 5
1271 64
369 42
1 68
307 46
1458 33
400 89
846 21
1412 49
1716 59
1004 54
1172 16
1578 13
1603 100
936 61
146 26
775 57
1295 78
855 67
1586 89
1097 96
1192 35
1682 57
1572 61
1188 59
171 54
609 60
502 2
418 44
1414 14
1706 76
881 34
53 38
1554 56
541 14
1484 48
1341 71
647 17
1495 16
731 99
1392 57
704 11
1255 82
606 79
1005 99
1764 94
293 3
939 3
1133 98
807 93
684 5
636 3
267 70
915 25
770 35
523 84
93 57
1200 66
1092 51
1096 93
282 31
866 79
1362 39
907 77
353 22
13 38
916 15
1016 56
1582 14
1659 8
719 7
1 18
1670 13
1235 80
1274 9
1183 71
158 60
257 62
830 72
1330 79
1753 17
761 73
1593 28
510 38
1116 5
634 14
1323 44
555 12
293 6
784 10
529 37
430 41
203 63
182 41
1360 50
790 17
745 94
276 1
1012 5
636 14
1770 68
1702 44
1357 67
778 29
1205 49
1661 4
529 84
1264 69
1738 43
1081 66
302 75
230 71
1682 92
1682 37
728 4
1324 58
1733 83
525 26
1488 60
286 12
1196 39
43 38
1046 10
66 33
840 76
199 36
1512 95
1573 20
1780 44
455 83
57 87
1115 68
1405 80
693 61
1336 47
420 10
83 2
935 16
611 68
846 39
1312 51
271 59
1395 60
1764 91
511 78
1080 83
231 67
1763 51
272 96
1467 35
447 31
97 57
1311 62
229 2
1777 13
231 34
1203 23
405 90
547 16
102 7
1118 55
900 25
996 55
850 32
1399 73
970 48
1516 32
1765 80
202 14
1128 15
831 37
1739 58
529 28
1655 59
1759 2
838 14
1105 59
936 92
566 85
1792 30
1022 78
1628 66
679 28
1376 14
949 14
754 45
1635 46
1726 19
1740 30
895 36
1253 47
378 9
177 88
547 36
1599 34
269 72
7 90
1384 19
359 49
1376 39
807 36
342 48
1223 93
1323 28
1575 57
484 99
1160 63
59 39
1284 61
1589 6
530 89
887 11
1122 51
808 5
1045 95
181 97
302 23
1222 79
911 12
770 88
953 35
1030 39
975 15
34 17
1454 98
392 72
155 28
892 36
968 97
1230 29
464 55
1639 16
1315 56
1246 68
1202 93
1126 96
1386 78
1702 39
1673 65
101 69
980 60
302 90
1294 26
1118 27
1387 17
401 40
176 7
1446 5
1396 50
974 18
1097 81
591 33
1101 51
823 95
858 45
1650 69
1016 19
1483 55
1671 92
764 15
31 34
1477 29
267 59
13 33
1444 62
1200 51
1594 75
1366 32
1368 29
1628 9
883 77
1473 32
1296 11
771 16
1078 73
1747 36
1613 32
748 8
147 2
872 37
1762 69
1357 38
42 61
1393 80
686 99
1735 34
1535 88
1247 20
627 41
949 97
388 38
921 66
1144 11
1738 26
1245 66
1488 83
756 50
1247 91
1689 98
1248 73
915 84
887 10
325 54
60 28
420 35
1731 56
876 5
1340 85
895 7
1574 50
516 61
1304 86
1589 26
1509 60
154 79
552 20
1310 79
1632 18
1126 53
1755 91
1255 37
414 78
1150 100
553 39
1645 95
1679 32
951 26
1111 75
1467 24
791 9
1451 79
1701 86
786 4
1507 87
214 8
319 99
978 57
149 98
427 20
1169 52
694 58
1142 94
624 51
765 69
1152 50
1513 29
138 6
1129 18
1456 54
611 80
1506 74
1777 25
37 76
1156 20
740 26
116 98
468 37
1015 81
259 52
1509 12
625 29
377 53
486 64
1096 47
1503 34
1622 100
593 54
821 29
1677 68
1293 14
165 87
273 10
597 55
10 55
1531 35
1473 89
449 75
290 49
1185 70
1624 99
876 79
638 59
1466 96
582 41
926 79
794 46
888 44
1468 52
1379 48
1100 21
947 77
48 95
1127 10
407 100
221 88
1012 73
1087 18
102 65
1435 40
1042 28
1553 22
1087 51
289 8
925 8
1247 79
311 4
1413 97
1520 67
1067 35
111 9
1322 64
1021 10
458 41
351 72
1383 42
212 23
242 19
774 29
1370 51
1788 81
1769 35
712 15
1220 48
562 53
1329 96
1744 34
247 27
609 53
352 97
340 77
637 9
477 19
804 74
302 63
276 24
929 88
928 64
748 91
50 6
875 78
1379 32
670 98
344 65
1594 6
97 49
725 41
201 84
23 15
1491 64
301 96
883 56
1699 92
374 74
624 52
1584 32
731 42
299 53
282 95
874 50
264 17
1411 42
1609 35
269 97
525 81
253 88
871 71
971 88
739 33
606 82
31 77
337 22
565 63
248 12
1675 40
90 30
390 58
413 91
693 23
1409 3
1751 45
1751 13
1556 72
725 58
1561 37
635 49
1001 97
1750 31
377 1
1607 86
1402 32
431 79
897 9
239 80
1302 84
877 17
949 94
1470 80
386 21
1786 13
334 25
181 95
995 30
1379 45
459 16
242 13
1501 96
1582 66
943 9
94 19
482 21
174 70
1683 46
1259 49
1151 19
732 47
281 23
302 47
401 28
721 94
217 87
1725 15
330 79
66 93
579 50
1238 53
332 34
1356 100
134 1
115 71
1174 33
1690 84
1436 32
156 43
697 29
1735 8
1650 29
1010 17
63 22
1566 75
1344 25
672 45
1511 11
1308 73
1500 21
1004 16
461 38
695 97
1324 68
377 99
1484 91
448 33
1356 49
1779 53
762 65
790 44
946 64
1562 48
805 7
1654 26
967 24
1472 48
139 94
366 70
1687 7
915 68
1681 4
1499 43
967 48
998 79
543 87
1772 13
588 34
1545 32
1188 46
1181 51
696 12
66 10
388 47
706 50
1340 97
852 31
552 33
528 81
1791 69
987 53
1564 76
1193 90
1204 60
361 69
1660 46
462 59
953 62
227 36
257 55
1206 88
913 35
1678 31
1185 14
1341 81
735 40
1712 12
714 41
807 35
284 43
218 89
336 24
919 64
498 6
1305 4
43 70
719 5
1020 31
1019 62
1063 6
1466 56
395 71
778 70
1396 19
1269 49
372 40
561 20
498 82
1092 54
950 91
1177 21
346 41
1075 11
419 51
1501 48
1082 3
1382 29
1711 77
804 40
87 13
1520 96
355 87
1582 88
631 75
1768 35
348 27
727 94
971 69
1617 33
1746 92
1278 69
838 65
462 59
206 2
1432 92
1077 32
120 35
314 68
927 16
1297 46
218 14
684 42
1269 79
1557 18
390 66
303 30
1557 21
112 69
514 32
240 16
8 8
778 46
963 66
1770 37
1179 47
1280 48
1259 51
980 14
1156 75
333 23
25 84
31 49
1179 94
1725 95
1028 14
1614 96
1620 73
980 54
658 68
89 99
685 44
1678 96
1080 89
178 47
1544 41
1723 76
1319 22
960 3
1587 72
1772 14
627 66
575 77
1452 5
631 92
16 6
780 71
70 79
929 20
338 5
970 55
1188 15
879 87
144 86
1486 16
283 63
349 83
709 76
5 39
1389 69
629 29
1766 95
850 49
237 46
31 22
327 7
277 55
164 58
482 82
1579 59
429 69
1787 35
695 24
1486 98
1439 47
990 1
906 58
1486 57
1769 51
679 31
48 43
859 97
580 64
461 24
1559 49
1051 92
228 69
328 22
1492 75
1103 93
1282 68
1408 78
1525 94
375 12
292 34
1545 45
1325 61
1636 91
508 80
520 82
1477 86
163 2
345 2
401 91
813 40
1330 32
330 5
148 37
756 45
896 46
246 39
1068 84
1553 25
740 55
725 81
1203 78
915 68
184 41
1100 34
1307 71
635 56
503 86
1280 55
1628 37
971 14
115 86
357 39
1248 26
1457 73
1678 35
364 16
816 40
935 33
339 74
1457 54
652 83
43 22
1037 23
779 82
1582 45
709 66
1320 63
