1194
133 37
48 89
226 81
52 8
20 29
42 36
153 9
196 33
142 49
196 26
204 65
180 84
164 14
172 20
120 65
104 64
47 14
165 59
57 31
83 41
49 58
215 19
213 71
35 43
124 12
184 59
36 37
46 78
32 52
194 90
141 5
170 14
137 26
31 45
166 59
174 86
153 61
19 98
176 63
216 83
61 68
141 53
41 99
176 82
15 46
97 85
144 97
155 4
86 18
41 90
68 23
231 90
52 16
169 87
229 9
88 42
10 49
102 99
178 87
50 71
139 3
43 84
171 72
15 14
223 72
185 11
3 85
88 83
212 13
201 58
77 20
117 70
24 52
148 57
153 82
43 76
169 85
173 78
189 4
188 49
235 97
187 75
203 82
23 15
38 77
87 11
85 26
38 9
175 13
45 94
16 3
143 81
98 38
89 5
144 99
160 54
66 69
67 17
42 70
239 59
161 55
206 19
79 29
65 38
178 79
9 29
150 100
222 87
17 40
116 22
211 30
30 54
216 85
228 23
43 41
16 18
126 98
78 40
193 80
150 39
148 44
19 97
9 71
88 10
170 82
186 26
21 78
109 70
109 44
207 27
17 50
90 28
173 12
21 34
146 25
100 96
76 74
224 70
163 35
48 82
160 69
157 27
152 98
23 75
80 41
231 35
168 92
114 20
69 99
88 81
120 57
139 74
237 64
16 93
204 98
13 51
184 47
36 92
181 46
214 40
198 26
147 63
22 37
137 15
38 46
60 61
34 62
211 22
151 80
127 54
73 67
177 19
6 19
168 79
151 53
48 34
63 84
93 81
140 45
194 91
180 45
151 24
235 66
177 85
60 9
207 19
163 43
63 63
96 40
140 84
168 30
67 86
22 61
57 89
198 27
196 83
183 22
31 74
183 9
21 51
130 23
46 77
153 91
198 64
42 61
34 22
159 67
110 43
219 85
190 75
168 34
198 72
68 87
237 64
227 50
134 21
149 33
39 61
214 45
7 36
109 42
27 20
129 27
105 16
210 46
88 24
95 36
26 40
49 23
84 50
95 12
37 9
54 44
150 57
222 2
18 70
15 84
147 58
212 5
208 35
121 10
17 6
165 60
49 52
239 95
91 50
162 87
176 35
98 98
160 48
182 66
162 16
83 10
193 58
101 84
145 53
84 70
50 85
161 37
229 38
96 91
170 2
75 43
63 15
6 70
148 17
238 86
53 55
219 60
43 44
49 50
224 2
184 2
84 26
44 74
118 50
113 82
109 87
235 69
236 29
137 6
127 59
162 70
235 66
129 52
165 90
43 62
174 25
223 8
185 29
153 68
191 17
79 16
85 14
181 30
203 59
185 24
100 82
207 8
53 86
20 16
213 4
205 26
154 34
107 49
1 60
230 2
183 67
127 18
46 68
196 47
96 44
223 99
75 93
6 61
192 58
229 34
43 63
68 73
202 61
34 68
97 85
23 18
140 68
17 47
234 11
107 1
238 10
105 62
74 4
185 84
233 35
137 68
87 59
13 49
11 18
151 93
67 92
102 6
188 91
43 23
26 1
175 29
60 68
200 29
19 87
151 22
151 98
37 12
105 19
185 4
92 29
59 2
212 76
207 84
4 54
127 100
136 45
68 11
139 4
164 73
82 85
94 36
44 72
200 67
207 12
40 9
218 17
176 49
105 22
81 75
2 44
166 42
169 83
232 26
110 47
144 20
110 57
201 47
160 59
63 55
121 81
15 61
111 86
67 21
61 50
9 43
86 50
133 7
21 18
1 69
112 63
21 75
60 27
230 64
5 4
239 35
30 71
118 71
127 86
130 2
234 96
180 68
94 33
21 83
181 14
23 1
239 82
55 57
233 14
65 23
148 94
238 86
149 29
234 24
12 94
153 40
217 45
191 7
36 86
4 20
226 50
171 96
193 71
207 15
15 75
84 36
157 21
35 55
8 61
15 92
108 96
239 21
60 74
42 54
117 98
227 90
206 99
111 61
4 52
141 96
135 52
135 48
74 29
37 90
155 1
93 3
119 19
102 55
9 85
67 29
155 66
105 19
38 54
36 49
117 68
191 6
74 14
144 34
233 30
149 57
57 65
67 94
232 97
89 61
68 28
13 8
102 35
79 42
116 63
223 37
92 93
138 91
239 21
116 68
168 67
196 61
172 22
98 80
155 35
178 93
145 64
179 82
4 11
90 44
177 79
3 16
137 72
28 40
221 48
65 79
102 69
191 42
93 5
18 73
64 3
174 90
207 100
167 29
210 35
62 60
77 70
215 36
170 79
108 16
135 71
210 43
223 68
136 84
60 100
155 15
100 17
1 96
154 32
159 37
51 39
137 30
160 63
111 15
67 62
186 34
145 66
69 28
99 13
114 97
162 40
28 28
10 79
160 37
171 49
63 82
58 46
17 25
147 85
124 45
238 65
14 49
235 23
89 54
138 59
206 47
108 16
133 9
95 53
62 63
111 57
113 9
24 81
130 42
19 67
57 44
205 30
208 54
161 23
20 50
210 77
54 58
85 10
178 32
40 23
99 51
156 60
83 14
200 66
44 48
54 38
13 1
214 83
183 77
79 48
167 19
115 22
200 90
176 40
45 33
210 76
99 29
212 44
96 38
184 55
102 95
42 1
21 96
214 56
57 50
130 1
197 11
117 94
145 90
228 74
88 33
93 62
85 29
163 92
168 40
71 46
25 81
208 86
104 45
48 87
24 61
145 80
55 17
89 3
229 82
203 70
188 44
133 82
171 95
192 64
124 19
130 5
73 23
125 95
163 28
226 89
79 70
19 73
61 34
35 7
158 43
176 17
239 28
216 41
53 43
120 54
109 88
169 78
204 50
98 90
73 38
209 13
144 29
144 7
208 21
194 29
10 86
96 11
63 2
227 21
196 90
72 74
157 87
131 39
233 76
138 24
35 12
93 6
223 85
231 76
53 96
128 8
206 77
93 97
133 44
20 96
91 5
88 73
233 11
106 100
77 83
220 6
72 92
141 27
144 48
203 32
89 31
168 47
65 49
228 10
89 100
203 43
181 97
80 85
162 54
206 42
195 32
38 25
17 13
154 80
185 66
147 68
46 69
191 78
49 65
156 44
33 66
202 58
4 65
116 7
149 10
84 74
2 97
103 70
162 18
165 35
121 15
188 83
72 47
71 39
166 54
162 50
76 63
81 75
50 92
195 24
162 13
190 47
24 73
94 78
211 67
146 82
222 61
177 63
73 96
218 75
169 79
176 78
30 25
237 76
192 73
126 11
44 40
229 70
114 21
74 23
219 80
186 7
132 39
74 9
119 87
186 31
194 68
150 89
137 84
96 7
117 38
29 89
179 2
65 25
219 97
21 18
37 13
160 35
34 24
90 35
33 49
9 96
88 60
209 20
84 100
230 31
134 28
205 30
43 95
226 20
227 30
66 87
225 61
39 43
232 76
109 51
202 42
36 98
39 89
239 28
202 42
59 23
174 98
38 9
37 80
132 64
30 96
226 7
202 67
34 19
189 49
84 25
81 26
21 70
108 27
147 87
55 66
41 93
118 7
113 68
78 7
83 89
113 91
232 52
74 84
97 15
1 89
141 1
68 65
65 41
110 100
201 35
193 97
129 89
17 77
140 47
153 60
50 3
49 96
47 21
103 31
28 2
90 52
172 12
153 35
23 92
161 19
19 3
209 31
193 75
104 17
89 50
195 40
108 3
233 31
161 79
118 46
187 80
228 79
37 46
169 72
158 1
89 91
90 1
125 26
186 4
100 6
76 76
126 3
155 44
131 25
141 27
194 88
230 75
136 1
222 25
104 72
107 26
51 86
83 34
54 52
71 30
12 31
103 84
159 68
235 14
71 56
228 93
66 61
135 89
77 64
14 55
105 16
97 99
4 95
224 79
150 93
123 14
203 92
55 54
24 22
60 95
228 20
181 48
59 5
160 92
125 60
94 3
125 56
117 88
8 23
177 61
133 44
154 56
193 5
150 11
237 72
136 95
221 57
201 3
147 30
64 64
28 63
151 84
41 36
130 75
125 98
223 70
173 39
122 17
65 11
216 6
239 34
81 65
11 63
144 2
208 52
5 61
171 21
79 63
214 59
28 51
56 50
217 14
70 35
184 61
15 23
152 62
185 69
118 76
158 36
31 78
50 33
115 76
97 24
116 72
233 58
148 89
42 73
26 43
60 31
198 60
157 61
96 33
140 51
55 5
46 59
191 99
203 57
109 95
155 51
172 12
31 33
139 70
53 58
92 25
93 99
68 41
107 55
208 43
132 36
193 11
184 32
32 30
84 42
43 25
154 52
111 62
140 17
27 3
167 49
173 92
186 58
93 43
229 88
182 86
34 74
32 11
223 2
166 66
80 54
162 22
126 58
58 41
144 76
152 60
151 16
164 28
128 76
171 11
64 31
44 36
131 94
83 21
