640
22 90
98 87
73 58
93 90
76 80
101 71
119 2
67 71
63 95
4 64
98 71
73 32
101 49
59 34
71 20
83 18
64 49
12 69
119 98
109 100
45 99
49 70
61 64
79 14
121 93
34 85
48 2
23 85
103 78
110 42
73 94
32 37
85 86
110 77
48 77
49 34
8 22
60 48
42 17
50 91
65 78
13 32
84 9
99 77
84 42
107 39
11 45
16 74
58 94
68 31
46 66
104 40
118 66
127 37
74 61
77 86
50 80
80 73
64 72
27 32
70 85
16 100
60 39
65 3
43 26
90 55
94 81
59 89
105 58
82 41
22 34
18 38
69 93
53 23
12 100
39 67
78 83
110 25
101 63
12 34
54 57
99 23
7 69
124 29
72 41
33 64
82 68
26 55
55 12
29 16
86 39
111 92
64 85
120 51
106 40
22 68
79 11
118 71
44 92
71 23
24 24
111 71
125 45
108 23
126 51
20 34
19 41
55 92
44 61
128 83
2 88
66 51
74 88
41 66
118 71
81 81
102 69
82 68
25 52
104 62
30 66
73 20
113 26
91 48
22 97
105 62
50 18
56 48
43 55
37 39
83 41
11 54
36 4
57 47
68 91
79 16
75 94
112 66
49 91
81 89
37 80
91 56
50 40
98 21
68 68
51 13
67 37
21 76
108 98
24 29
11 20
111 98
54 95
22 17
58 1
30 83
70 90
41 73
22 76
75 8
38 49
55 42
87 62
111 45
64 99
117 88
69 44
57 52
105 55
122 38
118 91
6 17
28 44
67 51
97 38
39 49
25 44
119 30
73 52
94 95
94 100
119 29
41 98
60 4
35 45
30 89
99 65
54 29
80 64
27 3
90 8
104 13
52 84
26 31
56 20
57 57
48 53
44 76
74 89
124 74
57 77
38 13
66 2
45 65
43 7
2 81
34 78
81 82
39 17
73 39
24 16
34 53
115 6
51 66
83 72
115 71
42 60
92 7
27 15
77 78
1 69
102 48
27 80
112 45
68 32
8 2
51 46
28 30
69 3
93 34
52 21
103 45
88 72
112 99
92 40
58 10
32 75
29 62
93 7
85 63
30 55
73 17
16 54
106 14
113 67
56 24
114 49
92 2
68 69
42 81
53 3
125 70
74 74
1 22
25 28
42 5
18 42
53 95
58 67
121 76
60 19
112 3
73 31
70 72
124 29
17 67
54 27
11 13
102 55
28 70
126 45
13 97
114 55
82 95
98 98
53 95
9 45
111 52
19 77
54 66
60 79
30 67
35 23
102 85
106 52
34 46
55 44
104 95
69 28
30 66
89 48
75 37
14 59
42 22
121 37
27 78
80 57
33 42
95 84
102 88
112 41
23 96
125 47
105 66
48 74
32 27
18 51
122 63
10 24
97 10
79 55
98 61
68 75
128 96
35 6
15 3
112 46
47 75
92 35
48 25
12 43
44 56
96 62
69 32
95 91
35 53
75 54
69 33
84 48
100 95
124 24
76 67
18 76
52 55
94 41
61 48
124 86
41 99
13 48
10 93
77 50
13 77
38 53
44 22
86 1
27 92
38 10
53 74
80 48
33 98
34 53
18 55
52 44
40 76
31 72
53 96
18 66
107 88
25 75
42 56
48 61
120 56
123 80
121 86
12 70
118 33
68 50
50 50
56 87
102 16
97 76
17 38
83 25
88 51
20 55
120 74
43 36
126 52
68 16
13 28
101 29
105 8
58 63
99 57
19 74
37 27
19 40
30 33
82 34
43 7
41 55
33 7
100 61
107 11
25 62
50 29
40 33
86 28
46 8
125 71
28 57
77 9
93 25
92 79
111 95
17 15
71 82
95 72
68 100
83 25
100 3
92 91
71 40
71 5
63 51
50 63
53 27
27 68
92 71
100 42
70 35
87 47
54 42
123 44
30 49
36 76
29 41
116 45
43 90
32 35
90 61
70 95
87 10
115 45
33 10
37 83
115 92
90 75
79 70
71 69
43 100
55 22
59 16
9 50
95 76
15 41
36 41
110 56
9 33
10 6
22 15
31 41
103 65
25 8
67 38
12 63
90 84
95 93
65 95
119 16
84 83
81 87
66 76
39 93
13 42
123 73
34 4
55 35
117 55
22 37
102 82
61 12
20 27
13 90
14 24
22 19
64 20
121 44
10 55
105 50
35 45
6 41
88 36
66 9
120 85
44 62
73 85
12 41
127 42
112 82
84 99
32 24
36 95
67 21
127 76
26 4
111 66
82 12
64 88
122 30
128 41
55 83
44 19
82 51
22 83
89 55
36 70
106 18
127 42
94 77
5 47
92 84
116 5
120 68
70 37
73 86
87 58
3 72
62 90
87 92
64 91
110 94
11 46
40 22
12 75
81 5
109 100
10 8
94 71
47 35
93 97
101 26
52 21
116 23
80 49
48 71
75 93
76 80
8 45
91 62
95 70
67 92
31 84
10 99
21 26
50 3
31 62
59 34
89 63
9 9
92 91
127 75
123 49
101 48
83 63
99 53
89 25
61 18
95 30
12 63
113 4
84 99
64 74
96 34
3 2
109 100
39 60
124 95
5 62
67 5
75 16
70 71
39 80
3 82
54 46
108 76
89 71
78 53
127 2
61 63
85 55
50 2
84 34
113 38
43 54
117 42
127 38
56 84
105 61
93 35
54 95
110 79
97 27
32 83
95 74
53 80
42 26
103 20
107 31
96 68
97 84
78 24
31 97
22 92
107 22
69 8
85 3
94 100
93 75
107 47
8 51
22 94
42 63
87 31
111 16
116 54
89 70
122 94
98 23
29 32
79 3
112 13
55 55
60 15
12 82
121 8
119 84
125 97
63 33
127 60
100 53
97 46
69 28
107 19
111 34
39 28
48 6
26 96
49 15
101 39
116 67
42 36
87 88
45 73
57 35
74 58
10 56
9 54
121 59
63 84
105 71
108 53
15 52
109 33
59 21
50 69
47 66
109 46
99 68
79 10
124 83
76 60
92 48
84 89
15 25
37 3
38 42
65 96
84 8
35 9
112 29
104 5
120 22
7 23
101 1
83 32
84 20
96 11
50 85
4 72
23 6
122 29
78 18
38 83
51 77
24 62
103 20
52 23
109 73
4 37
55 94
111 98
12 30
66 62
117 97
42 8
55 81
71 100
111 73
91 83
19 16
48 10
10 67
128 31
11 96
104 53
56 48
30 6
127 75
81 73
49 76
1 62
40 92
49 93
75 72
23 81
108 49
102 50
51 16
47 90
59 38
63 4
125 47
5 44
83 78
57 96
37 14
32 45
115 65
51 9
64 6
73 11
47 13
83 85
117 65
9 99
102 44
65 93
77 22
93 81
79 76
26 39
15 6
42 3
26 43
95 19
33 8
32 73
110 11
9 45
12 67
95 87
75 2
6 99
33 31
54 33
61 48
72 64
109 81
117 72
17 39
14 17
74 87
51 33
3 91
77 49
3 72
11 68
116 89
96 76
4 16
8 48
83 65
94 23
38 37
55 43
46 32
34 83
50 30
8 52
13 12
46 8
29 58
119 34
120 71
126 20
90 14
17 99
73 14
11 97
11 8
81 97
112 25
89 62
12 37
66 60
16 42
123 46
92 69
84 6
110 60
87 30
84 59
53 71
92 77
124 7
53 11
55 19
17 4
109 5
32 14
28 39
78 86
26 46
106 94
42 100
41 76
48 17
1 62
4 62
90 47
123 23
78 32
118 80
46 36
20 7
13 49
124 46
109 19
61 25
48 89
29 92
3 26
91 10
95 80
111 13
15 80
103 94
4 35
85 82
1 4
119 67
81 93
13 72
74 58
88 77
78 51
87 10
108 53
46 28
63 65
8 81
104 62
45 36
84 40
38 54
32 88
123 17
16 83
89 73
85 17
70 64
1 18
44 42
41 47
39 82
41 25
87 60
21 95
59 70
124 54
127 54
23 84
85 71
112 67
38 89
126 48
108 90
75 27
57 21
26 94
23 83
44 10
55 50
38 78
43 53
62 4
52 61
18 21
82 9
31 88
10 36
71 86
38 49
11 31
68 67
73 18
65 29
83 84
82 77
66 84
65 45
81 74
19 46
41 89
113 13
27 26
109 62
67 32
35 88
2 39
78 82
66 42
15 8
103 86
54 23
25 85
73 45
80 62
65 21
103 59
61 44
16 29
123 24
70 5
89 80
112 38
105 60
29 21
121 2
13 14
50 19
10 86
21 76
80 86
28 32
85 28
74 51
74 42
43 36
64 79
116 73
118 93
9 25
74 36
43 79
101 86
113 61
77 28
27 73
53 83
107 27
105 87
112 70
128 54
93 64
2 68
40 77
120 63
88 2
102 29
9 20
55 74
20 10
128 82
97 64
61 13
47 41
70 74
17 7
96 37
56 99
58 74
60 7
43 88
13 100
74 43
59 58
52 32
37 46
8 24
91 67
9 49
85 20
79 93
3 35
7 73
90 27
67 65
120 16
