2703
382 57
305 81
21 50
425 88
334 89
411 47
450 41
140 84
386 55
280 76
460 3
34 87
95 46
37 11
314 11
256 24
237 84
21 29
101 16
161 66
243 14
460 48
341 82
211 97
487 24
504 10
264 15
469 39
453 17
479 70
109 14
290 66
104 100
315 28
228 96
381 4
533 53
399 17
307 18
374 44
103 58
276 80
199 76
5 64
490 20
296 51
312 98
250 89
165 83
100 7
526 52
37 93
452 32
246 25
322 71
423 77
38 3
376 73
192 62
423 19
215 43
101 86
246 59
229 86
382 17
121 95
378 58
293 98
525 34
431 63
170 17
337 35
524 94
441 90
391 31
68 95
341 43
473 68
374 95
334 41
452 96
55 76
483 40
289 24
506 9
343 77
464 67
158 3
316 15
287 24
248 96
357 55
67 35
382 31
319 68
302 44
347 86
527 8
360 38
404 85
146 68
434 23
500 83
440 87
378 25
471 79
83 30
33 55
475 26
209 15
481 9
198 20
17 83
84 33
178 41
61 88
155 13
310 8
465 49
366 36
519 63
295 40
485 46
210 16
403 80
430 59
166 4
258 10
109 17
404 27
150 77
516 57
107 38
390 48
393 68
320 35
261 9
10 98
178 32
411 44
45 4
345 98
371 60
182 38
305 57
446 52
41 7
176 60
20 32
231 58
22 99
156 38
483 4
257 71
314 64
488 40
58 100
338 1
486 62
368 65
279 3
162 77
246 31
180 15
409 94
84 82
49 100
349 38
90 45
177 55
527 4
136 47
340 24
389 22
467 7
178 34
170 62
500 55
269 42
378 42
1 30
54 64
375 51
99 89
410 44
514 99
342 30
188 32
147 21
469 23
394 87
16 25
49 35
116 41
20 46
43 25
217 43
311 52
407 39
474 11
84 51
373 62
397 69
484 22
499 64
81 4
452 7
249 57
379 28
35 87
481 21
72 41
143 95
270 6
28 83
469 97
417 24
189 37
403 25
244 98
88 73
183 78
121 21
44 20
325 95
114 13
265 40
163 27
119 11
479 35
303 54
280 29
47 60
467 80
313 82
13 16
173 64
407 15
206 19
384 38
115 19
458 83
298 72
49 21
474 84
453 33
207 37
105 1
360 2
107 67
4 76
332 43
269 73
254 41
163 39
521 19
89 88
145 48
355 86
107 97
325 37
379 12
513 98
130 17
256 34
262 20
384 14
373 18
493 48
442 24
465 26
393 94
297 6
129 1
304 39
279 83
399 47
249 74
50 14
208 56
507 2
210 17
322 25
46 65
63 58
251 89
97 3
504 27
206 96
276 9
91 58
36 7
41 46
248 22
449 3
226 62
358 55
513 7
325 77
215 62
9 41
206 58
400 81
57 7
38 14
419 98
396 57
106 53
191 9
250 57
185 13
358 77
451 8
361 86
523 72
435 30
230 10
535 88
485 39
309 62
155 83
78 26
432 73
15 83
274 19
326 31
199 45
222 10
177 10
414 96
293 67
475 43
466 87
52 65
148 93
201 59
173 65
455 66
200 80
524 100
79 53
306 93
446 36
324 4
260 42
283 68
246 84
113 61
320 66
508 27
318 81
272 75
213 93
477 9
156 98
379 10
356 23
388 82
220 88
144 2
244 61
69 30
159 35
357 37
499 92
55 63
340 72
219 39
1 40
131 57
431 4
210 31
31 88
511 4
401 32
373 70
132 68
295 14
284 3
354 3
427 61
316 46
400 11
383 29
130 95
469 81
47 33
189 64
211 54
31 85
258 49
244 30
259 38
202 81
58 26
326 42
20 78
50 48
106 80
216 2
196 94
173 37
82 55
395 27
362 24
323 30
176 18
374 70
131 47
383 54
162 47
468 54
208 27
364 38
23 64
73 72
30 59
267 51
283 44
10 99
15 98
301 61
132 82
164 84
420 70
49 30
361 60
27 70
414 61
77 99
340 98
422 54
368 75
74 46
92 42
295 39
483 69
55 100
80 15
400 20
256 88
412 57
194 26
407 32
349 51
358 80
66 23
422 87
298 28
392 100
377 1
326 86
242 97
222 45
537 48
9 65
232 25
78 83
55 94
137 88
103 37
43 56
494 98
363 76
430 2
216 44
483 93
126 24
239 68
15 80
538 9
252 98
227 99
119 5
164 19
39 91
293 18
157 69
149 99
539 9
175 25
391 69
86 90
411 52
99 69
110 83
354 75
540 11
233 92
94 95
425 33
46 62
166 58
94 67
494 91
453 83
109 50
396 47
491 47
392 99
259 28
394 50
36 31
360 36
9 75
270 58
23 43
93 74
54 46
526 30
224 57
432 49
74 94
100 46
327 82
73 83
406 82
345 63
400 83
253 83
180 33
468 60
433 88
122 96
344 9
210 93
141 10
374 1
507 85
466 17
278 73
384 78
188 9
223 6
477 91
50 16
395 87
433 40
338 71
120 55
119 78
130 27
447 48
210 2
359 87
145 8
167 18
162 21
8 43
205 78
486 59
330 87
95 66
142 30
78 53
399 19
94 89
364 9
526 81
247 97
53 63
373 61
336 38
466 29
500 99
54 86
465 71
15 37
532 11
313 91
466 53
69 55
444 8
86 35
191 87
254 23
381 17
178 22
110 62
436 7
308 27
37 79
356 99
267 11
358 49
190 81
333 7
228 67
21 85
288 4
452 54
328 15
19 40
317 8
510 38
228 75
205 73
272 3
234 6
247 84
105 51
152 21
154 73
297 17
537 54
186 78
294 14
332 84
485 26
323 49
402 34
505 82
68 7
373 97
533 9
136 96
483 13
313 75
395 7
483 76
46 30
122 48
346 82
196 44
305 33
229 64
99 99
306 61
53 41
483 6
420 2
473 81
31 53
114 99
410 77
249 43
56 62
240 56
198 71
460 17
142 2
420 46
461 4
171 1
500 16
477 26
496 35
405 67
187 39
494 12
502 8
228 1
448 91
161 73
264 19
320 71
147 90
283 70
353 49
305 89
512 91
338 85
497 81
404 41
31 16
199 26
44 12
181 13
493 32
159 3
28 72
466 3
117 42
328 39
300 9
281 45
291 26
199 42
37 60
340 90
324 59
255 79
246 92
203 25
207 44
325 30
158 37
66 77
537 99
175 18
523 58
483 94
310 33
442 24
309 15
171 48
457 9
517 44
177 69
198 1
382 72
88 96
143 25
384 14
37 48
11 28
169 67
57 90
175 85
538 69
488 73
269 6
124 32
194 40
413 52
113 81
482 17
442 91
402 57
530 84
2 44
453 53
443 85
446 83
205 14
375 12
458 90
195 57
329 77
409 97
218 47
75 78
284 63
330 45
217 44
199 38
246 37
271 53
113 75
322 91
290 22
493 62
378 92
25 100
174 17
325 66
326 20
291 5
167 93
107 20
323 72
170 18
303 74
321 15
256 68
343 58
317 59
32 26
171 71
154 97
399 65
286 22
383 87
149 84
29 36
277 63
141 12
426 33
390 15
157 39
78 65
94 16
354 90
294 35
152 92
52 30
367 2
253 39
389 72
274 21
154 31
362 14
457 90
302 88
164 43
503 27
386 77
516 17
468 23
200 77
385 30
74 78
443 44
358 71
93 65
540 38
468 50
150 23
64 82
64 78
206 57
104 41
153 51
470 27
424 77
16 26
337 42
320 35
374 35
10 88
305 9
413 81
407 58
8 35
367 18
186 24
1 39
108 95
342 23
335 9
227 12
376 86
85 62
306 73
106 14
54 27
179 56
534 99
126 80
321 57
432 63
484 7
294 17
254 9
198 79
68 54
106 88
101 58
115 63
188 56
481 76
159 76
355 14
214 26
197 24
48 83
267 69
201 22
528 16
269 20
147 90
366 98
263 21
169 18
518 77
1 65
411 91
104 35
326 10
209 3
479 9
133 37
154 3
67 3
329 56
501 11
221 73
11 90
25 27
199 68
421 37
33 8
345 79
191 87
304 35
410 69
26 65
33 54
510 36
5 2
22 44
182 99
128 89
88 39
37 89
332 15
474 52
516 34
303 9
174 49
362 36
350 68
335 89
448 11
448 85
243 79
126 56
370 72
87 96
227 80
415 28
473 79
51 52
326 22
326 25
119 69
508 68
480 3
291 26
412 87
132 94
454 67
279 84
379 39
321 11
423 83
139 96
357 42
421 50
201 16
301 28
335 19
434 45
419 78
387 33
476 34
540 35
349 21
460 37
129 69
252 34
500 10
83 24
500 71
442 95
428 4
436 46
405 47
326 38
101 27
69 14
40 89
449 7
79 66
52 99
232 58
405 99
461 61
534 64
60 80
496 84
451 6
199 3
123 72
372 6
31 75
516 17
374 42
21 46
21 81
456 50
517 82
489 58
306 95
244 99
263 66
224 90
380 54
191 65
59 11
340 14
144 14
271 28
316 46
174 1
328 27
51 22
393 65
425 44
403 65
109 59
470 31
478 27
200 23
214 54
469 78
2 38
212 77
467 77
432 60
500 5
180 14
353 89
342 39
378 9
77 60
263 46
46 7
234 32
438 81
