5493
355 83
49 97
546 83
1059 80
398 87
424 48
980 50
856 86
492 66
1065 58
436 11
799 58
586 8
560 74
337 65
602 83
43 4
863 68
841 97
504 5
835 6
145 83
214 30
152 68
767 47
431 99
116 32
967 86
435 2
115 83
1004 91
428 20
594 25
873 51
1020 15
936 75
661 76
227 93
458 81
1005 42
469 40
471 75
982 69
549 10
1004 18
468 6
60 94
745 38
102 34
930 1
643 39
701 82
291 35
1060 12
292 36
416 21
875 81
735 77
1051 84
27 9
96 72
480 24
162 77
94 63
612 40
59 29
733 80
899 57
888 44
944 78
835 27
1011 69
368 75
410 21
28 36
1091 84
1095 6
637 61
812 28
490 72
405 54
859 51
95 94
799 46
318 87
392 47
99 35
669 54
34 6
635 64
141 16
91 33
310 31
603 35
358 77
116 58
477 8
945 79
250 20
106 9
376 32
840 44
529 28
977 72
74 29
1060 36
339 45
141 14
538 94
155 1
1082 74
72 14
809 51
582 69
320 87
384 12
644 52
1056 6
827 91
838 36
120 38
47 29
11 72
697 54
286 25
316 38
405 80
912 27
829 47
904 48
240 54
332 70
607 53
191 3
938 5
396 40
826 14
352 73
45 63
811 37
104 32
345 37
763 64
423 51
479 86
639 5
637 25
595 39
1069 28
724 36
612 21
260 25
359 84
804 69
552 58
148 87
630 91
764 39
183 60
560 79
694 65
6 8
1087 19
131 2
758 79
1083 36
809 78
706 73
633 13
276 2
904 96
654 89
555 47
203 87
214 46
93 34
816 97
12 91
1007 37
418 79
836 77
189 91
792 39
265 74
820 27
1012 64
483 51
625 65
200 57
959 36
250 53
691 61
683 74
289 14
1099 100
381 26
289 72
506 100
589 8
359 61
758 36
389 46
1099 21
614 58
620 15
985 7
181 11
923 48
635 82
477 17
25 44
932 83
744 9
401 64
8 10
137 76
559 26
1075 30
668 44
204 86
401 60
89 53
794 35
638 75
103 77
569 63
853 53
471 45
289 8
174 21
647 21
67 16
1036 4
124 39
197 24
262 53
1096 94
504 29
175 60
298 76
484 82
656 84
1013 49
683 100
185 61
836 44
807 1
952 51
179 6
358 71
813 54
559 37
1049 20
959 78
649 96
972 10
88 99
473 50
508 38
148 76
108 1
40 87
546 36
529 13
454 30
723 47
426 14
390 66
972 31
255 34
441 61
394 34
315 15
412 74
967 30
353 46
452 7
155 58
551 52
911 25
1080 60
765 91
646 8
1081 19
784 33
702 66
423 87
476 97
230 14
865 79
1048 48
157 80
186 34
519 59
158 3
424 46
1028 52
126 10
416 69
70 49
273 99
892 17
1094 35
574 76
95 34
175 67
664 21
220 98
481 24
445 51
324 79
1090 27
769 94
629 35
723 78
387 98
69 19
318 8
941 47
43 84
1088 23
1078 84
694 62
129 47
239 78
124 31
801 52
1039 86
520 53
684 98
910 31
87 81
583 20
333 85
768 28
19 10
1048 8
542 68
1027 38
1049 12
663 83
166 41
328 29
424 14
613 10
671 48
1005 25
197 12
824 6
730 41
637 15
28 18
225 62
768 60
717 76
843 93
348 57
630 57
186 84
275 100
206 54
371 64
775 63
471 47
617 16
598 1
721 64
147 82
164 1
750 87
528 7
1078 53
33 17
769 70
755 97
719 93
109 44
566 64
699 54
655 9
693 33
965 72
439 90
1000 16
972 8
881 8
94 50
840 83
1004 1
192 67
1016 43
969 21
397 51
769 16
836 94
1069 15
1086 33
508 49
512 58
535 83
402 72
408 4
490 6
333 17
18 19
35 23
412 51
1008 90
959 34
969 31
778 74
352 55
674 98
1 51
1012 5
563 18
286 3
329 98
991 26
588 50
1065 65
911 4
1083 49
43 78
172 97
5 70
992 28
881 84
618 16
860 95
58 60
1093 64
813 76
454 78
722 78
520 73
772 9
699 19
403 94
737 73
1008 57
890 30
757 14
142 38
605 7
132 56
947 9
217 39
50 85
827 92
310 92
68 71
477 48
51 79
166 98
697 81
42 76
192 50
694 81
487 17
427 20
299 41
1057 23
778 3
1067 92
29 39
376 41
1072 27
795 44
296 10
383 98
732 3
960 69
769 67
759 3
1084 62
966 33
551 76
265 72
719 95
1010 82
1031 68
939 69
626 86
545 48
590 92
196 10
1081 22
598 87
1094 23
1053 67
84 21
555 43
507 64
905 55
733 92
114 5
483 35
899 10
810 22
91 40
723 38
1071 25
465 72
334 7
86 5
696 85
811 41
45 69
631 20
718 75
690 24
191 92
168 61
991 34
574 88
323 83
673 67
610 67
730 61
273 38
1079 72
119 91
232 35
1081 28
1036 26
1043 84
391 46
937 36
508 80
264 64
1022 62
758 98
279 96
8 82
906 34
506 12
383 9
94 30
337 16
1035 93
683 78
854 62
909 28
77 75
955 42
1012 75
700 82
332 52
727 20
197 23
125 56
395 80
972 28
710 79
118 2
736 83
1061 60
862 50
831 48
112 80
1004 19
331 96
854 68
399 65
977 10
848 92
599 23
794 66
365 75
54 50
381 26
696 70
123 2
356 74
28 41
457 58
804 78
509 34
393 52
752 13
741 10
853 27
662 63
608 86
94 91
1008 36
827 47
675 55
255 35
75 72
564 48
675 11
74 31
104 81
976 50
274 81
81 73
469 28
92 38
717 25
811 34
652 37
618 67
280 57
1035 34
1034 79
13 75
843 83
948 55
602 33
244 86
842 74
727 4
887 90
389 46
378 87
158 50
784 86
404 82
903 42
114 42
195 80
1089 27
686 43
270 25
499 61
163 58
654 15
1001 38
988 78
793 26
161 72
682 28
890 16
58 84
646 17
1013 49
38 66
486 68
755 42
684 17
467 37
232 26
569 4
246 33
167 30
36 50
111 66
721 53
119 100
353 48
447 3
398 79
651 48
479 64
69 55
757 92
711 52
182 11
232 39
1094 85
203 71
298 93
127 3
343 37
772 89
630 19
391 29
1027 53
95 13
409 9
28 39
948 50
235 83
1002 20
429 43
146 65
444 7
739 72
570 86
378 15
996 46
522 73
624 79
759 27
1033 76
909 80
662 27
695 14
136 95
584 2
1049 40
1044 16
791 50
925 61
703 20
990 54
493 11
331 79
991 77
457 93
187 10
874 96
979 7
314 22
165 38
845 55
1073 58
28 12
281 10
667 86
654 74
307 8
239 31
1046 98
993 81
617 92
374 37
438 82
688 65
64 40
111 19
51 88
521 33
357 97
394 67
519 99
524 48
184 80
993 42
996 48
726 78
771 66
870 66
1018 88
964 40
984 9
511 79
102 37
240 18
720 8
295 88
500 39
344 35
467 70
670 49
316 9
447 25
703 5
764 11
62 65
810 79
201 74
638 85
132 88
57 84
1064 56
323 51
936 100
562 7
339 26
966 73
281 60
1069 32
45 23
288 46
356 62
106 26
681 2
624 24
1040 86
424 16
339 80
202 72
1006 39
295 26
1064 59
895 22
278 70
459 60
582 100
303 94
409 89
961 26
461 65
452 60
572 23
735 50
962 29
1035 31
354 64
294 63
107 8
36 21
92 22
701 68
285 60
312 56
666 100
910 2
185 96
435 57
636 23
527 62
148 39
69 35
377 1
764 38
96 73
360 53
799 94
645 64
190 47
890 72
375 42
635 27
926 36
791 1
822 48
797 16
39 21
456 67
447 58
361 19
356 47
941 58
797 41
948 12
876 45
595 17
326 95
647 10
883 32
500 50
910 35
233 14
416 93
893 33
825 62
961 67
851 50
189 72
902 95
357 4
100 77
408 7
100 36
776 50
598 43
1078 48
293 64
997 70
520 70
758 84
880 94
1094 61
534 96
868 35
432 36
13 57
3 79
801 60
517 66
822 55
557 64
1063 50
1043 83
759 45
606 41
578 99
480 20
512 74
903 71
99 14
332 50
788 58
808 35
115 83
1 58
880 33
370 95
96 42
142 67
988 20
314 55
109 1
1026 66
907 96
78 73
929 19
69 18
681 8
819 94
768 23
913 77
907 32
784 59
765 16
286 92
389 100
940 50
1063 90
684 48
717 58
560 71
81 53
695 57
228 37
665 82
129 32
906 1
699 62
1057 63
660 98
210 73
589 24
593 22
595 66
856 70
152 14
708 77
1049 53
670 48
662 35
209 77
914 28
557 65
858 62
750 27
606 5
1098 25
651 52
720 35
931 88
1059 4
1061 29
611 11
120 37
1097 13
278 28
299 41
12 39
556 44
969 63
974 21
1043 6
222 85
370 45
737 45
91 43
385 11
171 38
451 18
895 16
708 75
849 8
1007 75
562 66
201 21
583 14
299 50
256 38
423 12
377 90
1036 11
1069 93
878 13
113 44
998 85
432 7
154 55
261 21
800 26
233 15
691 42
657 78
218 84
706 94
172 34
695 13
558 8
415 55
886 30
540 82
742 71
1063 46
1023 98
158 2
802 63
892 73
115 98
987 91
974 41
1032 68
1032 85
230 78
985 100
202 77
911 42
1052 7
1028 22
22 99
625 24
1094 62
213 80
597 42
988 28
75 94
7 82
