551
3 76
38 25
41 99
35 89
14 39
101 85
47 19
33 74
21 41
108 60
26 3
60 36
65 54
92 22
34 76
76 49
56 60
22 13
27 32
47 51
83 51
87 29
87 3
45 73
11 74
106 48
25 85
38 29
30 74
93 93
63 37
8 55
27 25
79 32
56 69
26 76
40 16
41 12
45 78
107 55
78 22
53 66
22 96
47 71
92 3
97 73
26 91
27 64
26 1
38 1
14 94
2 40
72 58
6 97
4 3
62 54
106 95
70 71
19 62
78 62
55 23
57 15
58 2
20 78
9 89
56 35
9 72
57 37
8 55
32 72
74 31
61 14
102 27
39 66
66 85
10 70
68 87
23 2
84 73
69 50
39 63
20 4
87 71
40 38
61 72
30 35
20 95
98 28
26 72
91 9
19 94
48 23
12 45
82 90
97 66
68 21
40 47
9 10
76 100
79 21
33 5
14 1
34 72
110 87
41 27
105 42
64 7
81 23
15 49
17 33
105 11
69 33
3 52
14 79
17 61
6 26
67 16
24 65
5 10
69 38
22 72
25 59
20 36
18 18
53 15
25 56
31 44
55 17
75 18
31 61
84 91
105 74
20 20
5 68
29 41
73 19
91 40
89 43
20 77
31 99
49 93
48 32
46 48
9 59
105 80
31 45
97 64
31 52
32 53
42 24
10 59
41 49
92 94
86 17
66 15
46 65
41 75
1 12
92 91
95 91
64 93
59 52
90 34
48 37
24 25
42 25
52 9
19 2
2 96
8 62
106 74
28 86
99 8
72 95
15 18
34 1
90 65
58 95
53 9
61 7
14 24
34 31
41 5
61 8
6 31
35 32
82 76
53 6
93 14
28 29
83 40
64 98
84 31
33 32
26 41
30 100
55 53
38 76
102 89
94 22
98 97
60 76
9 87
80 4
90 12
52 86
93 19
44 44
56 54
110 56
104 30
65 80
45 92
9 32
42 82
32 80
88 46
95 42
54 55
35 94
11 97
86 26
23 45
64 20
48 93
29 4
18 50
91 10
103 67
3 11
11 61
12 49
19 13
99 8
62 14
13 45
13 100
106 48
9 48
8 78
17 43
36 21
31 96
110 73
20 16
98 19
75 27
73 42
20 25
98 74
60 36
90 36
22 67
65 16
53 72
77 30
26 32
42 12
89 38
99 70
69 84
30 68
12 37
106 82
25 87
79 85
16 10
24 6
42 69
34 54
78 58
84 18
75 14
67 41
57 61
42 83
85 64
17 89
99 50
43 41
48 42
7 4
63 23
77 77
12 23
61 92
47 57
96 32
15 68
6 12
108 96
75 11
87 31
13 39
44 9
50 17
21 59
72 52
47 45
76 95
66 53
36 16
81 43
52 61
101 88
60 55
63 50
61 20
49 83
25 18
71 43
87 24
46 43
75 36
24 82
19 45
109 58
15 55
5 17
35 33
47 66
70 93
64 31
46 67
29 93
94 21
65 59
33 31
36 81
36 41
107 90
73 83
20 63
48 59
107 31
56 89
56 20
12 61
71 89
5 25
55 98
21 59
109 63
97 34
6 56
102 69
29 75
46 15
42 56
69 43
70 34
8 64
74 18
64 40
40 75
92 70
25 85
76 11
84 77
83 76
67 39
33 77
99 65
62 60
58 44
88 77
67 21
92 96
23 56
110 92
56 68
29 40
21 42
48 35
57 88
104 93
80 49
55 99
104 39
103 80
20 45
20 24
78 70
53 18
73 62
32 85
33 93
88 87
46 86
46 52
60 23
89 31
31 33
91 2
99 45
67 41
10 38
27 57
54 21
64 12
110 90
34 12
15 85
1 70
43 43
82 64
52 81
2 37
75 72
73 60
38 98
57 8
62 82
10 54
61 60
61 5
27 28
40 21
7 75
68 10
101 44
40 27
63 84
58 41
105 30
96 78
64 19
26 13
85 33
50 18
37 5
75 37
57 11
57 79
74 4
54 9
76 31
103 55
78 90
41 98
29 96
76 17
110 20
96 69
49 72
68 3
28 13
96 58
96 90
61 22
97 85
106 94
34 97
31 92
39 92
76 65
69 80
6 97
96 66
36 42
95 1
91 87
66 33
78 61
103 55
61 41
56 9
58 99
34 76
41 61
105 23
28 50
87 1
53 27
65 11
4 39
106 8
52 73
89 21
58 27
76 95
96 14
2 2
77 14
63 89
10 64
102 39
110 83
71 7
85 93
12 70
104 60
89 67
97 42
5 14
53 68
78 32
101 57
98 24
106 75
23 2
89 34
16 90
78 93
56 2
18 5
78 42
20 100
83 97
92 24
31 84
75 96
71 44
45 63
106 80
50 36
88 31
46 50
39 100
35 18
68 41
106 93
76 69
78 44
14 4
23 18
29 5
44 84
46 42
76 13
67 22
42 59
79 60
3 96
45 77
84 12
60 74
81 43
59 57
41 65
50 18
16 31
1 13
101 48
63 15
56 16
50 68
35 8
12 81
23 29
56 33
26 13
45 57
92 46
71 5
4 33
21 88
7 29
107 52
57 54
9 76
77 18
53 80
83 35
8 25
63 11
21 25
19 85
34 70
103 99
80 58
11 93
94 45
30 94
19 41
20 64
24 5
22 37
4 76
88 29
23 27
70 44
107 55
86 7
54 4
17 63
73 53
77 94
6 32
76 7
90 45
76 88
96 54
54 1
48 96
8 80
75 25
31 48
78 29
79 9
85 34
35 9
91 18
30 79
24 66
59 35
67 32
40 41
33 18
110 54
62 63
12 75
68 73
58 6
11 22
40 66
72 96
101 81
41 79
74 94
65 82
65 93
26 45
41 50
23 74
33 54
53 88
15 68
29 4
22 40
67 22
26 91
93 48
86 11
86 87
92 26
29 81
13 55
96 13
7 41
33 16
5 96
107 78
48 49
41 61
67 64
92 84
94 14
8 87
46 93
90 42
22 85
20 60
98 54
80 75
37 55
49 52
87 49
102 65
89 38
31 64
61 97
19 68
83 13
49 69
52 15
10 38
77 96
17 6
93 59
9 81
6 17
55 44
10 53
15 39
5 99
2 32
42 13
29 43
87 81
100 33
24 75
10 62
27 75
11 99
27 55
93 32
44 34
93 39
97 9
15 72
90 82
66 76
97 63
62 1
10 39
51 64
40 87
79 73
42 80
106 20
60 70
100 79
12 41
102 30
82 14
40 95
67 27
66 46
21 71
46 78
12 72
89 29
80 30
31 15
30 55
52 76
82 65
88 66
110 35
29 20
55 79
65 81
22 100
53 36
96 80
57 54
8 17
39 59
108 97
12 69
91 46
53 58
52 14
8 71
110 50
105 45
97 56
61 26
17 65
19 72
31 47
58 25
61 12
63 1
28 58
27 15
70 24
42 97
54 49
47 71
28 6
80 38
62 13
25 36
104 53
106 83
12 80
81 75
13 2
29 51
17 2
46 97
30 78
31 70
41 31
94 21
75 92
11 58
97 15
12 60
17 90
9 9
80 92
83 38
77 10
38 59
42 78
82 51
95 93
56 21
45 52
98 100
15 70
50 20
4 51
43 69
87 54
3 26
97 24
31 83
72 83
24 43
67 100
60 48
17 32
92 17
89 62
65 91
52 57
33 58
20 43
11 99
75 37
70 10
28 67
20 12
59 71
6 22
2 96
65 74
66 73
34 16
45 79
67 2
65 87
68 13
48 18
19 56
95 29
54 94
110 94
93 10
55 82
18 73
11 39
3 51
54 59
43 15
60 83
42 81
6 28
6 4
33 80
23 42
46 70
46 62
107 39
65 61
59 32
97 83
8 82
103 56
42 21
100 50
72 16
108 49
28 11
87 72
43 20
108 82
82 41
5 27
48 37
70 78
95 39
84 52
54 46
11 53
98 57
49 76
97 2
11 65
36 12
103 74
75 55
27 48
94 83
77 22
49 79
69 68
94 18
36 33
103 96
69 47
110 83
53 89
13 10
4 43
77 84
62 96
34 71
51 92
94 18
11 59
63 84
99 67
74 75
2 58
85 23
84 42
68 9
73 75
69 58
66 43
39 28
104 29
41 55
96 67
104 76
29 16
19 62
22 86
67 1
104 3
18 59
58 100
9 17
77 58
86 40
54 69
62 57
39 19
31 1
107 30
40 88
38 49
87 43
93 62
52 23
88 91
45 60
62 33
29 80
49 21
36 14
32 2
78 88
109 93
54 72
15 29
36 80
13 47
108 6
100 57
63 13
19 80
57 66
21 43
28 7
58 55
108 68
61 65
49 82
14 78
84 25
57 9
38 14
7 86
50 32
110 34
80 76
21 72
2 86
15 77
45 45
87 53
84 34
47 58
43 27
59 26
68 84
34 80
34 94
73 94
55 14
99 2
43 76
27 11
34 93
92 65
29 73
21 58
66 15
93 93
46 99
55 18
13 98
53 77
29 22
13 56
48 66
22 88
79 79
86 61
75 87
9 38
68 95
73 14
12 7
110 31
34 65
80 86
5 68
84 27
19 94
72 21
35 9
18 71
37 90
3 6
82 14
88 87
26 7
51 43
98 20
11 74
48 79
44 51
43 69
48 74
2 27
84 32
14 53
108 85
11 3
7 9
23 65
61 75
59 48
