588
34 31
53 90
77 53
53 74
27 6
90 69
101 34
40 83
36 74
32 9
11 18
104 87
49 48
76 87
19 48
33 32
113 57
15 64
6 41
65 1
63 93
107 24
15 93
79 34
41 79
39 32
93 64
77 74
9 78
12 43
118 13
24 10
16 71
100 81
94 99
82 74
91 98
116 74
37 27
62 63
32 85
116 77
4 73
70 43
1 13
42 7
23 12
43 45
11 43
23 28
76 97
56 21
19 99
77 24
118 14
71 67
57 11
48 18
95 82
93 40
14 68
117 98
63 44
118 98
112 5
25 38
2 2
68 48
98 94
68 99
71 9
14 86
117 28
115 37
71 10
67 8
85 41
45 40
102 26
24 35
36 77
57 54
102 70
54 12
18 83
71 31
34 52
65 88
92 15
3 73
60 47
79 34
110 66
14 87
34 61
89 12
75 81
115 41
66 62
92 27
113 3
75 72
51 2
49 76
40 18
101 25
82 24
88 66
34 79
28 84
58 17
103 20
67 17
49 74
39 23
114 31
66 78
16 83
28 39
51 58
73 71
112 71
27 94
69 77
68 83
50 24
116 92
101 32
66 2
37 84
94 52
8 8
109 33
4 58
22 20
89 2
11 74
53 10
70 59
1 48
43 6
38 88
95 40
37 41
6 83
11 16
113 65
100 52
43 7
116 100
60 25
12 72
11 99
88 17
74 56
59 83
40 96
73 50
51 50
50 13
97 93
16 56
71 81
83 9
118 27
85 59
62 40
48 52
52 16
87 90
18 14
66 94
88 71
116 73
92 14
92 15
29 94
1 15
5 50
90 21
62 94
73 26
114 17
6 51
115 4
15 21
108 16
41 84
107 100
104 98
56 77
57 27
78 96
16 56
79 99
92 35
16 18
85 50
33 24
33 5
2 48
35 65
112 34
80 4
80 89
93 5
3 14
58 30
15 29
5 11
92 32
84 30
108 5
45 22
1 64
16 33
109 6
67 81
62 19
61 85
8 27
47 54
47 54
113 7
84 21
11 78
26 78
53 46
105 82
94 53
23 69
110 94
65 4
43 19
77 86
100 85
43 31
85 69
112 44
12 83
19 7
109 5
101 53
5 81
86 33
65 52
86 17
116 51
31 93
90 91
72 92
54 76
13 97
23 33
5 78
6 49
8 76
65 10
12 93
91 32
70 90
86 92
42 15
113 10
65 2
3 88
50 58
87 29
107 1
4 89
22 13
69 45
113 52
49 83
26 2
41 58
21 55
107 2
80 19
35 100
113 51
70 44
100 95
32 13
29 18
111 8
82 9
105 58
97 11
27 59
26 34
32 64
31 83
16 30
14 81
79 79
68 12
71 2
82 71
110 6
3 47
77 27
27 12
28 26
7 42
96 83
83 42
118 56
69 80
56 98
113 47
112 61
114 11
65 36
2 61
19 57
77 93
56 28
97 3
11 76
113 83
52 33
55 29
87 16
93 11
110 24
34 18
36 76
34 53
90 97
83 54
57 50
72 60
50 31
80 97
48 98
5 91
87 76
107 86
23 5
38 26
38 82
39 64
49 43
87 59
69 14
43 58
113 9
43 88
17 71
94 98
110 49
13 33
37 91
37 37
75 94
117 37
64 93
66 100
70 99
23 60
54 88
80 56
47 24
56 21
107 9
11 70
9 69
83 48
72 88
113 11
37 38
58 8
116 68
57 87
66 28
62 44
52 85
85 91
97 82
90 79
18 1
100 76
89 44
40 77
48 71
35 81
99 55
67 29
80 80
20 31
22 18
80 13
89 96
117 54
32 32
90 81
8 81
15 56
19 20
99 43
3 57
10 92
59 59
83 14
44 33
86 32
21 92
115 31
78 24
118 96
59 32
13 43
10 9
31 67
59 75
100 12
12 50
1 22
105 88
100 36
96 94
12 86
42 55
107 83
4 1
70 26
110 85
52 53
26 11
88 84
42 62
14 70
36 45
27 25
39 54
115 10
34 79
76 44
99 68
65 35
18 18
21 67
107 77
81 69
118 48
118 11
50 93
17 22
114 56
69 80
59 43
73 49
23 75
48 96
78 100
68 65
86 44
75 60
97 84
33 52
101 71
93 82
64 35
98 70
108 33
54 13
39 38
53 81
60 74
115 16
46 67
53 10
73 20
8 23
104 13
109 50
89 92
59 96
7 99
85 41
19 22
34 68
73 76
8 60
33 74
109 46
102 84
26 18
66 57
23 49
40 88
6 97
38 33
117 70
58 28
16 73
114 84
27 31
88 65
107 30
116 99
36 52
28 46
104 39
70 91
55 56
58 45
106 54
95 61
67 68
110 64
45 25
78 79
38 86
10 12
55 45
44 23
64 30
8 33
55 48
34 44
118 97
41 56
60 24
38 27
102 13
97 41
76 80
62 1
107 90
103 63
30 65
95 50
47 23
37 9
9 8
29 19
3 36
79 71
87 23
68 89
100 67
69 49
48 16
65 28
34 43
62 11
64 47
62 37
31 53
94 42
81 4
82 76
4 100
22 64
24 100
81 72
5 40
84 18
39 20
5 65
8 65
30 55
78 51
12 96
99 51
98 52
13 29
109 1
84 76
107 93
97 96
7 96
43 72
96 51
79 19
17 12
106 47
72 45
101 74
67 94
84 12
80 63
33 44
106 19
43 19
62 12
46 1
67 5
80 51
20 70
49 67
40 22
64 82
64 27
57 10
84 44
11 14
4 34
47 27
34 44
7 95
56 95
89 50
47 75
83 65
99 56
106 72
54 37
94 21
62 91
89 21
42 18
75 98
108 13
97 87
13 86
53 26
23 75
86 85
21 24
68 21
84 31
47 3
53 14
86 46
109 15
17 44
5 19
5 91
95 54
37 57
31 22
22 81
33 69
54 61
103 26
14 84
117 58
112 61
81 13
109 34
110 83
109 25
55 21
44 71
107 4
109 55
117 94
97 12
7 47
92 52
105 29
62 3
24 80
40 52
37 65
53 66
113 57
118 56
21 99
43 26
101 45
103 44
61 67
68 56
98 41
51 3
74 21
108 66
15 15
77 34
31 92
113 96
63 41
35 63
58 86
28 83
31 49
53 60
45 61
14 58
50 30
46 8
6 48
101 98
35 22
118 51
115 7
82 90
106 53
17 76
112 53
42 86
75 17
99 16
54 61
71 34
11 12
108 27
111 74
62 61
115 47
29 1
38 33
47 33
47 33
9 84
109 67
91 79
3 69
88 90
87 55
105 18
108 5
7 52
82 61
95 42
100 28
23 23
4 60
15 9
37 60
114 19
95 67
102 59
53 38
19 90
84 21
50 51
34 30
27 46
45 98
72 25
21 45
38 45
68 40
98 16
42 90
44 3
50 55
117 65
97 93
115 58
64 6
25 30
80 96
46 92
8 75
16 63
64 14
56 15
62 62
28 68
38 68
107 10
44 48
36 61
82 40
105 73
113 43
8 35
108 100
31 28
46 7
117 67
34 34
32 10
110 85
90 54
48 88
54 87
56 28
34 38
9 10
9 61
51 19
79 42
99 87
9 87
42 71
22 50
15 51
103 59
45 97
110 16
80 92
78 46
37 68
40 6
64 34
2 29
50 87
111 89
40 63
6 13
65 17
86 64
13 30
40 92
88 81
39 22
54 40
48 95
110 30
38 88
39 60
82 97
53 34
31 29
34 52
18 66
81 28
104 2
65 54
55 94
117 85
69 92
29 14
64 75
38 89
81 95
17 90
96 84
114 60
49 79
47 79
31 1
23 100
39 87
109 72
65 67
60 34
81 46
8 85
96 2
20 63
64 70
76 92
14 95
5 18
82 88
14 19
63 84
44 95
80 92
54 10
30 30
10 87
55 85
60 11
105 49
48 67
95 79
38 31
10 36
1 47
50 9
48 68
68 42
41 54
104 46
112 36
31 16
59 54
41 61
113 62
40 87
96 85
101 66
2 21
77 75
42 37
115 4
118 97
26 66
39 84
110 86
6 20
44 73
79 73
90 42
10 48
55 65
24 72
35 75
97 66
56 42
74 11
38 71
96 22
117 36
28 21
55 9
68 91
65 46
54 84
20 45
77 24
87 100
114 76
44 98
37 13
25 47
85 36
113 55
90 28
24 96
112 31
108 34
36 87
63 89
40 59
107 79
41 91
49 52
94 46
96 19
37 73
55 16
69 23
96 5
17 44
98 61
70 61
52 31
25 53
45 58
74 14
71 46
41 41
59 92
99 22
96 97
12 90
99 86
36 87
47 29
13 100
48 89
101 51
22 96
22 48
41 42
54 16
82 60
110 34
61 13
43 7
55 52
114 66
63 84
52 52
71 66
117 48
95 79
7 24
78 71
21 61
68 5
5 92
95 20
30 94
64 89
70 35
69 39
9 83
16 99
107 56
66 7
67 72
55 71
102 80
36 78
113 15
22 29
33 31
115 6
73 98
22 90
56 40
100 74
94 5
4 66
42 18
33 26
82 58
48 84
118 54
116 5
28 70
74 66
21 27
9 74
10 73
98 33
47 33
20 28
29 10
67 56
113 18
13 35
7 81
87 42
38 38
18 2
81 86
112 86
47 93
53 61
23 76
101 42
13 51
42 34
99 70
2 12
109 60
47 73
95 87
112 83
58 53
79 83
34 78
82 75
97 86
17 96
32 63
82 27
102 49
