3206
33 26
537 75
576 42
600 43
255 88
445 46
374 1
56 77
183 12
463 44
339 50
38 82
116 97
58 49
464 57
413 9
258 82
487 14
110 69
328 30
127 47
379 57
339 46
202 56
241 91
79 51
232 100
149 5
535 38
329 98
429 9
300 68
398 86
541 44
275 91
242 69
412 64
378 2
175 48
88 1
519 39
243 81
283 93
545 69
418 98
18 67
129 83
33 85
198 43
31 63
625 70
131 72
539 18
365 15
493 10
451 88
637 57
215 30
350 90
74 59
153 74
499 17
440 15
322 53
340 92
253 69
583 87
44 16
305 20
262 63
532 83
432 98
141 64
247 6
576 14
137 83
99 54
499 17
222 81
45 49
247 51
245 92
492 79
407 11
105 75
181 60
254 10
523 12
625 99
75 61
392 96
333 10
57 10
53 88
340 68
104 49
560 88
14 74
71 69
577 26
485 67
374 49
57 38
528 23
4 83
287 49
566 71
123 14
576 93
261 58
478 82
259 61
263 45
216 15
227 9
433 34
170 61
626 82
615 60
599 62
261 12
308 48
350 36
38 16
239 14
121 49
621 87
186 98
444 28
268 83
629 9
415 54
449 71
457 59
169 68
158 36
426 24
321 46
66 37
392 86
536 84
46 52
112 7
88 24
574 25
177 48
482 32
318 60
309 86
35 41
238 89
460 36
130 84
114 4
489 65
495 55
278 10
265 66
134 37
216 23
569 3
240 9
536 70
521 17
388 98
484 83
176 96
30 80
348 71
365 25
613 82
246 14
22 77
624 11
13 19
110 87
193 19
86 58
271 94
562 52
634 59
638 9
271 94
309 98
404 32
77 68
335 32
125 84
236 22
115 31
54 81
242 89
490 58
266 42
463 10
163 2
43 74
394 28
543 30
10 22
360 43
105 98
495 15
118 46
640 35
107 24
274 1
111 55
199 60
503 95
351 81
338 60
201 75
176 86
598 28
249 3
221 43
479 35
620 63
449 53
108 13
24 4
613 2
349 23
465 83
25 29
548 17
504 37
188 1
478 79
639 6
181 83
264 18
525 97
556 2
205 6
241 41
175 67
588 87
627 36
266 22
441 61
133 46
22 39
72 44
210 50
467 46
209 12
579 96
199 20
520 25
364 46
637 73
95 77
51 25
474 47
504 20
145 53
408 70
172 63
235 94
260 8
451 9
290 76
473 92
282 31
305 24
55 58
629 2
628 15
75 25
565 51
79 69
568 2
215 75
134 60
437 52
445 86
149 69
218 29
384 85
496 81
172 97
359 19
23 11
444 73
169 57
201 24
277 29
626 74
419 26
493 44
623 33
196 84
55 43
494 55
323 61
157 72
364 27
252 25
136 16
216 27
236 53
159 3
292 16
334 2
520 69
358 55
324 8
456 56
444 86
631 13
595 83
397 64
587 23
456 50
398 34
100 91
318 26
164 90
61 18
260 88
98 14
519 58
131 53
578 93
8 61
132 94
606 82
596 30
309 32
190 16
225 61
353 65
69 64
368 34
268 54
440 67
257 45
265 81
22 99
83 64
569 35
93 25
62 46
262 43
36 51
234 4
265 16
559 41
266 69
541 89
489 77
83 31
497 11
20 14
467 89
589 44
566 62
426 12
261 24
496 46
342 4
540 52
35 51
65 39
44 54
447 36
160 63
557 40
77 82
516 60
138 18
520 84
604 48
486 35
158 92
467 85
431 73
304 99
399 24
385 33
255 6
464 47
116 31
220 92
594 71
552 15
67 85
130 3
193 81
537 76
334 63
138 17
85 52
434 32
482 30
5 51
132 49
565 63
394 65
286 17
512 76
263 93
488 96
27 75
113 99
390 49
110 9
394 45
60 38
442 61
316 19
16 88
333 34
267 92
93 13
364 22
626 92
188 4
38 92
485 39
391 34
3 31
514 85
207 76
546 24
637 11
161 16
94 46
375 40
137 32
240 63
15 65
77 29
293 12
429 54
228 67
186 4
355 94
20 76
13 90
83 55
544 32
636 62
551 67
557 66
418 30
534 52
615 22
413 5
622 54
398 90
605 22
249 13
371 16
178 46
587 29
104 87
268 57
206 88
71 54
163 53
589 8
376 65
122 34
407 14
238 38
516 100
557 5
232 17
111 52
561 77
192 86
39 50
258 18
253 70
629 86
175 24
639 38
91 60
472 8
270 47
624 91
391 73
589 74
129 47
267 19
272 31
550 22
527 95
5 15
314 50
585 7
508 45
255 65
360 96
302 48
68 34
331 91
180 41
376 89
285 71
226 24
157 9
516 8
319 71
136 79
377 20
40 87
468 78
149 91
418 81
586 61
151 61
74 88
351 16
408 67
371 47
131 72
323 100
321 57
518 75
461 94
550 80
596 63
402 57
159 6
166 58
320 78
468 32
496 41
592 73
358 8
463 8
413 31
164 12
135 100
623 60
517 91
533 24
38 76
74 5
420 35
356 70
62 79
594 78
56 43
305 40
265 34
72 57
508 11
100 37
536 77
53 60
153 83
580 52
166 86
210 42
357 90
230 37
465 62
269 57
1 73
542 49
515 30
367 88
524 47
528 94
480 25
114 3
389 79
527 24
574 44
230 9
323 6
89 83
606 16
71 70
340 68
494 31
574 27
329 58
164 58
519 86
183 29
201 10
143 58
317 16
254 17
137 78
106 50
36 75
564 22
233 76
623 75
174 25
91 58
159 49
24 89
614 29
329 89
344 71
328 19
56 12
96 39
544 15
230 30
132 67
325 86
256 75
606 16
317 90
240 47
463 97
138 99
499 79
454 53
257 77
93 60
295 28
57 66
343 25
447 27
591 78
190 33
623 31
141 40
575 76
378 5
456 33
347 2
45 64
51 12
329 71
51 68
355 70
31 95
245 80
87 7
490 56
380 73
271 81
512 13
414 66
630 5
116 40
510 82
23 79
472 35
40 4
381 24
491 70
263 46
64 2
500 54
135 63
531 40
266 51
238 86
324 82
335 46
60 26
186 59
147 40
6 10
148 10
224 38
315 18
388 19
332 37
240 56
226 51
343 77
388 28
442 62
609 72
240 29
117 91
121 29
332 24
177 47
327 99
484 61
217 75
283 10
105 46
611 22
547 38
338 33
131 81
513 46
53 41
266 85
532 18
168 60
106 35
234 45
578 7
349 78
496 49
21 83
619 93
531 71
364 25
446 95
264 42
637 10
590 74
568 33
605 49
86 80
511 14
155 16
355 14
340 72
632 14
344 100
354 2
514 68
508 31
6 81
255 34
446 27
14 66
37 77
102 35
152 92
80 68
565 61
368 85
115 59
184 65
545 52
288 41
15 12
457 26
269 6
375 97
570 52
5 34
180 53
218 24
585 57
385 47
592 19
380 72
171 42
248 17
209 77
30 11
86 16
289 99
51 30
200 16
1 67
635 32
506 65
638 63
627 100
159 55
27 55
631 77
493 94
548 37
213 38
381 80
19 92
40 88
72 34
260 38
530 66
572 74
428 50
367 7
465 95
450 40
236 13
334 37
517 21
499 44
511 24
120 93
44 77
28 72
538 27
211 41
286 76
292 100
634 63
32 89
153 18
605 32
420 86
85 55
455 68
528 71
459 4
5 72
513 8
123 49
459 66
368 62
57 93
476 28
336 93
110 6
95 48
307 49
385 82
171 78
527 64
119 81
160 91
5 74
115 10
182 11
594 83
373 90
556 54
370 75
314 100
470 75
72 79
292 6
117 29
319 55
219 24
317 48
442 85
300 67
41 4
122 76
177 10
448 79
207 65
451 39
408 16
256 58
416 26
189 53
62 100
153 7
385 35
310 100
12 76
414 82
20 16
109 31
154 20
432 70
461 95
133 35
558 84
275 6
39 100
498 82
180 24
429 6
387 66
71 43
221 90
118 31
95 40
563 51
231 99
75 1
195 59
442 53
116 12
410 24
451 4
113 43
13 36
139 70
478 20
347 69
73 82
252 46
482 84
309 85
55 55
558 31
78 82
116 85
454 73
301 56
123 95
314 8
525 77
612 88
558 66
621 69
532 79
521 13
197 23
370 17
326 90
287 88
621 48
453 93
106 33
396 76
511 86
471 27
587 95
168 50
610 17
110 79
230 100
242 61
296 26
205 88
470 41
248 51
27 99
298 74
33 45
385 85
339 44
280 50
611 60
419 15
636 35
348 77
239 20
96 21
388 89
507 98
420 84
39 19
561 72
63 32
116 7
641 71
164 85
368 7
109 51
6 98
592 2
161 65
471 70
333 95
80 5
33 46
612 50
553 11
64 4
94 70
573 50
154 5
451 20
624 96
448 80
515 5
450 83
236 3
152 8
413 91
511 73
201 47
370 100
240 43
517 69
224 43
148 41
117 27
51 99
616 19
620 81
315 47
599 17
262 14
524 86
339 1
580 22
462 79
262 46
214 30
268 26
550 11
421 25
498 23
549 43
480 56
457 70
275 6
524 48
16 88
277 14
419 59
173 66
568 7
556 77
538 17
13 79
194 55
264 64
327 35
61 24
614 70
83 15
112 80
558 87
204 99
470 94
93 77
270 85
220 48
439 6
490 88
385 56
545 81
529 4
215 41
7 3
474 80
68 98
191 97
559 6
136 41
527 29
291 34
502 84
263 52
181 45
407 86
275 72
201 17
293 3
277 47
312 54
607 82
362 55
394 26
253 8
235 22
41 93
480 48
543 13
