5100
779 33
955 85
854 58
67 71
531 49
31 31
570 74
607 8
99 88
185 97
824 23
686 35
862 94
826 2
707 25
443 67
827 57
886 36
376 52
966 39
644 89
657 40
567 3
784 6
927 52
338 7
110 36
737 57
493 43
843 78
288 18
286 94
551 58
956 65
559 34
839 55
1002 10
946 6
938 49
969 79
871 96
951 58
119 34
479 96
107 75
24 40
230 74
856 99
611 2
528 30
693 57
82 72
724 59
799 86
876 42
945 93
181 36
527 33
487 98
875 13
5 72
979 52
764 2
346 83
938 97
100 58
399 14
398 25
389 99
598 72
472 99
546 79
860 14
73 81
301 50
648 16
1018 2
243 18
215 22
185 11
483 55
519 77
809 91
956 91
936 1
703 44
43 13
891 71
132 74
159 17
446 36
331 22
7 100
263 74
973 44
945 64
959 62
857 50
954 75
738 53
850 26
447 55
774 32
736 100
602 73
521 8
324 86
690 28
406 44
146 15
25 72
778 98
177 83
756 84
584 82
562 79
418 35
900 12
312 94
28 68
971 59
489 47
117 56
271 52
983 34
299 37
158 84
298 83
800 38
619 8
841 30
185 79
46 25
489 54
877 43
243 74
538 100
227 55
400 72
686 8
159 12
647 41
494 32
216 87
474 20
808 19
660 89
149 40
125 5
945 41
313 67
533 19
104 47
371 91
131 39
378 26
640 55
191 29
468 73
1008 65
208 88
816 68
744 73
541 26
333 84
724 75
341 14
276 7
68 25
92 41
700 28
507 80
428 41
864 39
442 83
191 12
209 93
426 56
298 39
689 89
508 90
943 52
728 70
872 37
255 62
598 63
78 20
994 89
991 97
527 79
674 71
537 23
943 29
457 26
94 74
1005 98
697 19
514 3
945 74
240 83
341 93
236 8
488 85
645 25
415 52
889 4
868 50
380 25
963 17
882 91
340 63
315 65
642 87
672 64
489 48
268 73
162 95
591 40
989 13
486 8
287 27
577 9
576 65
739 40
149 83
385 82
365 4
939 49
557 73
747 2
492 7
841 4
1003 38
557 31
203 99
906 11
181 69
156 53
402 17
864 37
591 53
717 70
1005 8
775 100
520 31
927 8
563 58
846 57
818 2
841 37
674 37
800 43
122 6
915 31
628 34
866 20
165 61
799 70
399 26
657 29
198 10
833 1
208 22
741 15
102 86
294 15
568 61
155 37
443 4
767 16
733 6
235 5
387 57
1002 25
33 35
1008 59
713 15
79 36
666 35
633 77
589 79
540 49
876 17
952 5
979 75
325 61
342 32
1019 96
947 30
615 96
194 4
857 67
739 5
123 81
144 41
815 31
571 95
853 58
730 65
547 90
438 57
202 69
748 32
39 41
45 14
758 42
306 39
898 59
728 9
770 16
689 27
561 49
842 62
355 42
671 51
616 99
599 36
492 43
836 43
544 41
749 88
103 100
467 57
1004 65
361 74
575 9
872 17
165 6
82 88
834 43
220 38
966 37
251 85
133 98
425 32
887 69
9 77
495 70
593 41
731 22
435 79
312 26
809 70
476 71
983 13
2 19
659 65
162 84
309 97
884 81
573 66
882 56
259 98
725 75
879 47
658 3
13 96
333 8
492 11
137 45
877 71
13 12
408 92
851 83
407 93
288 8
135 6
142 97
179 41
252 68
870 24
836 77
686 49
380 96
319 64
432 36
779 21
147 50
685 53
24 26
359 32
536 44
856 57
763 76
40 100
822 12
434 28
437 100
579 33
373 21
416 21
889 73
450 29
274 26
385 79
668 91
155 82
681 68
461 74
196 23
482 30
395 95
171 74
476 77
720 50
794 66
777 24
35 38
996 93
500 90
961 95
194 80
670 93
933 1
951 46
89 40
648 5
425 86
911 26
1002 100
665 54
585 89
710 7
136 91
857 33
17 50
574 50
498 65
694 69
626 3
348 10
136 67
184 50
872 91
198 27
847 37
941 54
434 31
191 59
205 40
789 44
390 64
80 6
902 10
622 12
320 84
534 83
268 57
596 32
972 92
495 54
360 63
303 53
637 76
712 1
506 4
150 12
601 41
543 55
989 54
50 85
806 87
555 4
759 24
145 50
452 34
472 89
282 65
176 59
35 62
759 65
79 50
246 20
1008 97
668 79
142 53
320 56
347 72
244 15
982 13
739 88
697 78
642 98
971 58
612 71
999 21
325 25
467 41
823 55
844 100
348 1
999 89
497 22
355 95
260 71
962 81
87 67
2 53
358 76
780 34
241 91
22 65
265 2
739 22
582 67
659 74
664 86
264 78
115 64
646 99
257 9
614 70
331 16
914 92
757 77
918 7
705 71
849 74
508 56
978 16
611 5
574 99
787 31
584 54
1020 6
716 14
985 24
1014 57
314 26
797 76
30 63
602 20
533 31
878 21
435 83
735 25
168 61
734 90
871 32
684 67
37 14
486 57
988 10
832 10
296 31
478 50
234 28
396 80
505 34
17 52
991 74
379 34
225 76
235 81
777 16
813 67
440 29
973 82
625 27
536 10
342 58
243 50
246 98
778 47
71 97
740 80
947 86
812 15
783 100
549 63
904 55
830 61
48 100
715 37
697 72
902 55
67 26
279 61
774 51
107 92
400 60
893 89
333 13
734 52
165 6
862 81
332 41
372 41
832 67
27 23
506 34
673 70
463 31
872 78
51 91
367 68
219 72
625 72
415 12
490 82
123 55
276 47
303 41
816 51
755 96
301 63
332 85
855 86
523 54
130 66
614 38
187 74
861 6
401 41
83 15
399 64
23 73
98 73
4 27
926 7
39 30
893 90
680 36
835 12
163 87
251 17
922 11
390 37
370 33
382 68
608 73
585 52
345 86
566 29
119 23
34 76
333 4
893 93
697 89
417 34
86 8
623 49
456 24
445 10
482 17
687 6
62 82
12 60
116 54
194 77
909 60
96 72
378 74
181 8
169 13
246 77
69 51
42 80
354 29
693 59
577 62
727 36
798 51
469 7
500 65
1000 27
900 94
179 36
842 88
432 12
857 63
627 96
425 60
671 97
42 37
346 87
320 61
654 63
864 22
854 54
284 14
361 90
932 26
493 96
157 34
353 63
388 63
370 44
518 45
12 11
40 72
620 92
563 4
152 95
1004 32
247 100
811 61
267 83
658 89
272 5
103 30
690 40
51 46
622 87
993 25
460 6
918 12
712 16
867 46
135 8
705 62
976 42
76 9
887 5
105 53
761 12
553 41
718 80
171 96
359 32
272 40
329 67
1006 11
506 84
459 66
722 76
726 81
268 89
39 91
739 41
674 2
723 37
900 9
383 62
712 97
468 30
898 64
306 45
254 39
820 100
479 98
524 44
855 49
1001 95
702 8
445 75
131 97
774 64
175 2
910 71
611 91
39 37
339 64
994 3
864 74
295 61
634 33
625 18
449 73
240 22
954 56
94 74
707 20
651 99
851 38
232 87
539 80
523 15
84 71
114 39
40 12
861 15
665 81
886 30
24 71
179 60
932 34
756 89
363 78
968 37
410 32
973 52
767 49
870 91
809 9
863 47
991 71
615 94
423 30
699 24
447 51
545 92
262 9
648 72
345 28
971 49
419 90
880 47
46 14
886 76
753 88
561 24
602 63
482 62
418 16
755 94
648 17
456 97
121 44
288 45
900 27
801 51
839 33
867 25
178 71
712 50
285 65
277 89
772 54
992 70
553 95
718 15
870 88
869 19
782 77
378 84
164 58
859 45
381 77
185 32
398 46
1010 64
297 94
266 26
805 10
912 23
252 59
661 48
545 72
948 66
817 60
480 63
525 5
710 75
202 42
598 66
974 16
61 7
783 5
404 56
322 24
662 24
677 98
772 57
69 48
505 100
947 28
758 74
530 65
463 1
337 89
257 16
341 42
565 76
337 48
510 9
408 9
353 27
708 28
913 92
678 68
941 4
962 75
688 50
619 23
157 19
450 13
983 42
394 3
203 47
47 73
735 27
262 17
448 71
412 57
574 22
115 70
743 35
797 24
34 50
912 51
992 25
770 89
763 5
474 97
165 71
136 36
998 70
329 46
331 56
319 30
713 40
412 94
876 25
646 4
738 18
413 6
155 79
845 37
215 37
222 43
894 46
336 18
734 34
1002 86
284 60
530 83
600 70
462 47
311 48
457 15
349 68
682 19
101 2
523 88
1000 33
85 9
807 11
203 65
342 26
460 33
880 42
597 37
353 41
56 90
181 37
179 52
149 79
586 69
611 2
532 79
709 54
879 94
122 58
258 86
993 10
636 87
15 51
190 84
961 90
869 17
627 97
453 32
754 21
505 87
864 53
701 28
88 19
58 69
490 10
709 7
967 4
554 10
125 59
51 17
951 28
417 33
444 35
995 55
721 12
614 96
368 78
83 23
769 96
478 65
502 2
444 24
7 3
83 73
389 60
953 57
144 32
530 20
803 19
271 2
938 55
408 67
105 12
18 81
78 46
197 79
380 4
76 99
242 57
980 32
623 68
447 14
865 19
59 23
344 26
293 46
59 4
679 74
966 23
186 45
272 86
109 52
86 100
920 23
139 27
220 62
787 51
137 59
618 32
792 76
327 54
399 9
30 38
696 26
751 70
238 17
977 45
737 98
775 76
499 35
646 56
806 7
765 95
65 55
586 60
865 90
693 25
897 84
804 75
327 60
52 19
743 8
554 100
69 6
87 57
342 5
590 72
293 17
219 78
699 55
779 92
635 20
609 37
964 6
122 50
