1103
199 82
151 50
178 71
16 1
214 47
144 100
142 60
43 63
161 70
196 28
70 35
148 78
24 15
139 100
212 99
117 52
4 47
125 22
37 97
37 26
129 54
119 42
92 17
108 91
28 30
94 59
116 27
35 89
37 56
165 42
97 34
217 47
127 44
171 25
86 26
152 96
70 9
70 22
25 91
178 3
152 87
200 91
152 82
100 34
158 18
217 2
82 61
98 87
57 99
28 8
141 93
81 2
73 55
41 68
10 95
153 16
87 39
81 74
45 27
132 91
100 70
87 73
52 34
2 79
140 45
16 51
90 78
121 25
3 98
51 99
163 96
15 24
169 50
94 33
192 31
50 61
194 94
65 58
59 15
3 30
63 22
208 38
150 18
141 31
210 39
144 97
67 57
48 14
69 92
14 60
182 35
86 98
114 5
105 48
6 11
67 67
186 83
125 40
106 48
115 78
115 31
175 45
122 47
7 30
167 56
1 34
82 40
71 40
43 99
8 95
125 93
92 54
201 14
195 100
96 9
157 95
94 1
98 24
175 41
45 78
141 87
213 81
58 35
184 25
218 25
58 50
95 50
11 88
179 60
50 55
86 74
79 6
75 23
201 7
163 57
142 66
160 70
51 54
137 88
47 53
151 97
92 71
28 9
219 89
78 91
186 71
164 57
186 37
91 53
32 70
191 41
184 13
185 33
29 32
29 63
26 21
88 87
28 25
12 56
92 100
128 38
73 18
32 6
123 48
145 100
50 62
63 61
151 90
23 88
75 10
126 99
131 18
190 96
166 29
183 27
132 52
185 88
146 67
41 87
27 13
100 73
180 2
90 44
50 48
59 2
155 19
159 37
62 33
184 21
144 28
211 5
106 27
118 3
219 20
177 73
66 65
152 23
4 100
74 25
206 55
33 66
72 18
19 50
99 53
3 37
207 68
126 73
89 18
105 82
207 96
203 100
180 88
102 84
100 5
7 67
219 65
26 4
95 25
198 30
176 39
106 54
98 10
141 52
181 10
79 95
104 51
89 64
36 69
110 6
140 86
29 19
97 73
125 29
221 3
17 98
14 1
162 60
118 12
134 69
78 4
158 47
218 46
142 98
136 86
170 96
210 43
18 13
194 70
114 46
79 45
119 97
185 53
73 44
73 15
18 93
207 75
27 42
76 49
75 66
64 58
77 2
124 16
152 48
203 94
5 100
140 24
191 83
60 20
84 58
150 70
81 38
100 99
140 49
156 100
198 68
71 28
171 34
165 100
130 9
203 48
32 37
197 28
58 87
55 52
189 43
9 28
76 63
89 39
15 23
71 5
90 70
39 13
180 6
82 37
200 10
117 23
85 23
180 44
218 64
75 29
79 75
180 16
169 100
182 92
155 62
164 34
203 79
76 7
87 98
74 71
64 11
15 13
162 35
187 60
208 11
51 33
6 62
175 4
120 60
46 18
70 61
210 73
182 99
221 74
12 98
184 77
28 12
213 73
1 20
168 34
45 62
7 5
150 26
93 14
25 81
211 23
177 94
89 58
44 83
193 71
6 14
95 11
7 40
218 30
217 26
38 26
3 91
193 40
90 18
61 18
172 38
188 57
170 39
92 30
154 100
162 30
217 38
174 63
105 94
178 7
42 49
95 93
89 78
163 76
139 99
137 31
129 18
109 61
103 37
195 66
202 76
42 85
161 75
218 57
81 13
13 34
123 24
191 58
98 61
15 25
157 78
52 84
162 31
6 43
72 28
166 78
170 52
71 14
215 92
11 14
13 37
187 84
54 51
133 98
152 79
94 29
97 60
201 63
186 2
185 49
212 25
11 20
75 29
30 100
1 45
49 24
89 53
171 73
196 92
93 48
191 3
57 89
4 94
57 32
13 81
115 61
1 56
146 49
141 38
139 89
118 3
135 69
173 55
115 54
193 51
149 69
85 13
34 81
206 26
125 93
4 24
70 95
212 10
10 98
12 38
212 54
59 25
141 83
60 74
61 78
30 61
56 45
15 8
16 11
80 54
204 15
168 63
196 94
70 96
100 56
50 3
7 76
32 80
152 80
1 75
199 54
107 14
5 21
62 79
53 37
121 68
35 69
175 44
150 22
179 82
138 17
24 81
131 51
27 88
212 92
63 9
124 89
112 82
72 87
205 46
42 29
166 49
188 70
140 61
119 93
114 69
173 69
204 21
154 85
91 77
18 5
119 38
92 26
189 99
109 34
122 43
12 70
142 1
96 9
220 37
169 62
51 93
168 52
18 37
220 85
78 70
87 14
175 13
101 19
58 78
213 87
26 55
53 50
83 76
207 32
31 100
23 46
105 90
56 5
90 35
210 28
53 17
157 56
18 42
202 78
32 34
80 42
192 54
15 80
157 22
106 56
67 8
35 84
12 81
101 65
57 12
91 50
220 89
213 69
2 9
37 51
116 37
4 2
1 59
208 82
26 9
42 44
129 87
41 30
131 95
133 30
114 97
99 74
115 3
11 100
172 48
68 61
62 36
178 83
146 57
216 52
58 77
138 70
129 29
98 69
27 9
53 2
212 59
202 17
112 49
115 29
163 58
124 81
175 60
153 74
120 60
100 32
204 7
111 49
184 35
193 8
144 49
118 89
61 57
148 53
97 46
7 8
149 9
196 31
99 24
203 63
186 51
140 44
60 31
56 65
5 63
216 10
89 100
175 77
187 32
219 66
158 90
169 96
202 3
8 20
205 27
36 75
124 50
156 63
166 57
68 96
207 94
47 84
17 55
146 43
66 60
72 10
121 60
63 51
157 90
86 10
221 40
185 66
81 100
33 9
161 42
50 19
165 18
165 97
163 57
47 3
71 80
152 95
166 75
21 37
84 74
181 54
128 54
159 66
27 44
102 30
162 40
129 58
66 78
114 96
207 82
90 24
208 5
195 55
152 83
117 97
74 91
124 75
169 21
154 55
132 58
100 35
139 16
2 12
63 52
145 27
201 62
204 10
110 87
63 40
212 22
149 78
76 5
213 87
171 8
57 20
72 40
134 5
60 32
7 50
199 92
157 32
181 80
1 14
198 74
100 59
207 73
96 47
104 1
212 91
99 86
140 85
140 73
88 78
61 52
14 45
155 25
7 49
127 76
88 55
133 57
101 13
117 18
87 95
6 27
41 13
139 27
12 65
48 40
60 58
67 73
162 67
80 7
149 60
216 59
174 54
164 30
145 54
163 44
2 21
45 44
1 79
94 90
136 94
116 53
98 94
212 34
24 16
7 59
113 52
81 13
219 33
137 13
134 27
180 30
170 44
4 80
106 42
102 70
59 65
129 22
11 69
182 2
51 57
59 4
180 100
100 40
40 88
6 44
22 26
51 31
108 14
184 68
64 96
67 96
71 97
204 75
44 2
130 59
82 75
201 79
105 34
146 83
105 53
217 61
37 81
118 34
120 39
213 10
87 16
15 91
202 32
83 10
213 78
143 71
180 44
104 12
219 67
179 51
90 99
145 41
181 70
154 76
77 26
52 28
96 65
89 42
93 53
137 26
106 28
3 63
209 90
64 13
112 92
186 42
173 74
122 38
129 71
153 59
28 9
112 59
187 54
84 46
152 64
69 53
16 49
120 42
212 1
189 59
9 36
220 92
87 50
10 1
49 60
216 43
125 43
3 35
14 73
10 53
115 90
87 39
162 40
51 11
20 31
2 30
26 69
46 75
148 65
97 23
55 37
205 2
79 51
70 50
127 62
114 62
116 42
91 35
186 42
82 33
195 33
34 44
167 91
39 73
68 94
163 61
158 71
74 100
139 17
189 10
74 2
10 89
26 86
204 70
207 95
39 99
193 12
109 85
4 78
98 27
181 86
5 21
117 61
96 29
96 98
221 13
93 47
151 10
82 30
199 91
117 60
115 44
133 73
195 22
36 63
80 29
204 46
3 96
78 21
147 57
172 27
217 20
125 38
192 34
112 15
22 72
47 55
22 9
64 52
110 23
65 43
27 45
155 2
140 44
110 57
41 55
164 78
28 30
98 44
20 78
136 38
70 60
124 65
160 32
134 37
6 46
30 2
208 70
109 93
115 65
67 93
164 10
167 99
58 46
148 53
144 97
151 46
207 85
156 21
72 21
58 87
216 15
96 100
8 96
117 54
62 1
17 47
214 79
166 66
158 48
4 80
7 40
19 2
134 11
72 68
144 35
50 3
48 82
90 33
172 32
74 29
167 27
215 95
92 4
148 98
89 98
156 100
187 43
117 36
117 37
200 46
188 11
157 4
190 25
89 36
93 31
158 93
200 26
177 13
70 1
123 22
195 27
183 90
37 11
68 76
47 64
88 13
193 71
194 72
185 49
90 95
171 55
155 10
104 67
175 15
137 70
209 41
201 14
91 30
158 18
186 12
7 22
214 60
136 53
217 50
115 77
177 42
145 91
157 57
82 93
55 59
164 77
73 78
9 82
183 60
103 4
193 8
176 25
207 66
179 47
20 71
203 84
49 12
36 70
191 97
86 15
170 79
153 25
195 60
203 96
64 59
14 13
139 71
197 68
95 13
209 66
71 76
135 83
16 84
97 67
1 70
22 36
23 5
69 43
137 5
75 40
198 86
117 60
166 6
136 33
14 73
83 21
2 5
38 27
172 77
116 53
17 6
59 13
23 18
95 34
35 7
70 89
148 58
9 14
2 32
133 49
64 4
78 41
22 36
18 62
182 73
52 22
179 52
129 33
57 62
71 51
92 32
49 75
133 11
181 50
221 31
10 52
104 58
82 52
137 23
115 47
133 67
209 10
88 73
105 23
84 48
212 77
103 69
160 4
183 21
39 19
35 51
34 36
208 84
180 62
210 27
