7246
726 52
1035 88
366 96
917 96
142 34
640 29
766 53
1141 30
723 10
838 50
930 17
376 35
297 43
589 79
408 36
235 5
1270 52
1183 6
58 72
180 74
454 74
71 86
448 90
1325 23
222 38
689 52
706 42
444 49
68 60
1440 53
994 24
1217 78
674 15
281 39
788 68
115 4
1444 46
1007 26
1374 98
1095 92
1138 38
620 3
10 46
177 89
150 84
1342 93
74 31
1009 9
496 90
685 6
168 20
1334 25
422 77
397 55
1275 77
634 56
1062 22
1040 82
880 23
187 69
1220 71
55 60
1401 72
1425 15
195 64
348 35
937 12
361 37
973 63
506 86
13 69
872 27
1074 78
409 2
303 46
74 93
1037 3
888 32
383 54
947 27
676 67
753 68
557 16
1313 38
212 64
281 65
757 75
834 90
1390 52
1338 23
689 26
370 90
1423 25
592 93
1246 92
786 80
1320 91
898 52
208 22
780 4
890 47
579 49
1205 64
1447 57
1067 73
1230 26
663 47
34 18
466 70
420 56
752 100
25 30
801 40
1202 95
564 67
931 31
1289 81
590 100
621 17
157 59
949 16
1088 56
826 59
36 93
314 52
591 13
1036 61
877 79
720 97
1327 88
928 4
502 4
273 11
802 45
714 83
57 80
123 37
683 33
1136 32
1033 91
330 40
379 59
555 29
839 87
1339 42
370 13
1188 14
1114 55
1359 34
453 80
1008 36
1139 42
645 81
1138 67
1248 58
941 35
211 74
1167 64
104 92
1428 8
787 48
1221 9
190 56
1349 33
1205 86
346 100
1182 79
984 20
521 81
757 81
993 91
630 100
708 25
312 9
1283 16
764 78
1037 23
856 28
799 19
89 24
861 36
504 53
933 99
429 93
1172 94
209 81
228 53
158 98
136 97
1124 85
951 97
138 23
1420 37
921 88
1324 62
1367 56
1387 23
542 95
854 5
541 30
614 23
334 64
1420 53
679 43
279 85
1081 99
856 79
458 66
505 30
882 26
95 50
59 43
1356 73
652 54
1011 20
1024 37
589 8
1280 60
1138 84
703 11
1227 65
187 87
1099 55
1152 58
715 95
751 60
1142 22
654 47
252 90
184 54
190 59
549 21
933 9
29 53
1280 98
1080 73
558 64
882 48
871 37
829 89
1141 33
1330 21
1021 66
1444 40
1082 2
974 7
92 56
367 94
220 30
420 83
1446 67
98 4
1030 62
233 35
855 11
1308 27
302 53
995 16
1124 76
727 10
478 58
129 61
501 94
1326 29
126 71
358 40
1391 54
283 61
1236 38
231 13
681 43
108 92
672 51
85 81
646 27
1395 29
1042 20
169 4
140 5
1346 11
677 41
52 7
167 89
1014 74
1277 36
1446 51
518 16
396 57
1118 80
728 67
110 25
1340 92
847 12
296 18
936 2
670 49
1136 85
995 80
388 14
22 56
515 60
356 56
1024 78
1444 30
1040 25
889 46
908 21
505 55
974 22
888 73
623 39
705 3
159 41
1244 51
50 88
1164 70
884 25
419 6
874 99
639 24
9 32
1309 48
624 30
1198 18
1287 35
342 72
698 19
98 8
84 54
243 94
115 52
197 77
1363 31
976 6
518 61
1413 76
659 3
109 7
941 76
743 86
1045 39
175 84
627 15
637 4
1363 36
162 7
646 47
311 79
331 44
277 80
11 40
492 85
1220 33
329 100
123 52
773 57
700 47
1357 4
921 28
470 77
1372 11
650 1
448 72
44 38
317 36
969 77
1002 6
1094 78
776 88
442 65
336 86
801 29
450 28
742 14
1239 2
1309 50
479 5
1083 49
1421 75
252 98
1161 66
14 76
829 31
672 10
181 41
132 53
833 78
148 32
488 35
1148 23
759 66
675 88
999 31
397 21
1118 44
1361 80
628 23
106 2
1367 99
1168 55
271 51
207 71
1392 32
1191 80
486 48
1232 97
920 15
1247 76
378 96
299 51
733 20
40 96
939 16
1446 41
1090 12
1348 8
107 57
309 78
670 5
1338 77
728 37
1049 38
588 75
407 70
1053 46
1065 10
1184 36
1309 92
731 66
364 47
674 81
878 30
424 55
35 81
1222 59
706 56
575 57
417 50
118 43
564 89
713 96
116 54
1286 30
1288 92
1319 89
1307 23
290 93
1126 85
756 56
936 48
310 48
153 58
696 79
1230 12
639 96
1019 94
812 53
1318 4
1305 14
870 37
1106 66
624 23
640 67
806 8
589 35
654 54
1164 56
22 36
234 37
1428 88
115 10
838 7
610 48
1002 69
183 17
756 87
441 56
869 39
200 2
1385 71
363 92
1083 86
455 34
599 5
808 22
475 88
64 34
782 11
952 49
497 42
1059 21
1282 89
962 25
188 36
146 35
1077 10
1145 62
1292 60
468 3
501 54
4 88
595 40
929 87
120 52
871 57
777 36
212 92
245 29
945 8
1359 70
231 54
480 88
163 15
1033 53
238 32
674 92
293 15
219 81
1071 90
1060 24
995 25
1379 16
235 28
492 5
232 7
101 57
80 7
915 24
79 38
1181 93
580 28
172 34
199 68
1152 64
447 57
1104 4
1291 41
458 2
840 77
573 87
918 29
1058 88
246 4
925 6
17 2
201 69
738 61
1278 78
314 25
752 64
284 15
1213 1
1053 2
1311 74
269 95
1189 28
706 23
1234 20
1274 76
1167 75
669 81
1140 52
874 48
974 78
1043 18
1364 19
257 66
940 41
284 73
478 72
1311 68
1037 18
1226 30
1043 5
986 3
1258 4
22 13
711 30
153 30
545 85
545 83
1406 45
411 90
383 7
969 96
953 93
974 9
1226 27
866 36
171 1
623 41
796 86
618 66
621 74
1238 9
639 52
244 5
950 85
550 93
1410 15
1332 51
3 18
1308 3
382 54
1267 19
463 69
639 2
1361 22
1106 83
353 37
514 29
743 79
654 53
22 79
837 100
1182 57
618 54
32 71
1127 60
875 18
557 58
890 63
1251 82
756 60
1268 1
17 94
1279 31
487 13
930 33
671 1
934 82
1424 45
602 34
1340 62
562 9
509 11
128 16
761 91
576 83
993 93
123 47
626 29
459 22
625 31
1325 73
346 54
720 33
358 52
614 52
1180 45
415 3
12 30
792 94
439 92
529 62
684 18
752 90
864 69
170 63
112 69
1246 40
1284 27
848 80
770 23
1044 36
500 26
502 19
735 97
577 37
885 70
1108 16
1227 79
323 47
986 11
1184 64
1102 43
381 40
1068 45
1290 46
247 31
1011 4
235 5
587 20
235 29
611 10
627 10
1020 96
136 72
1327 3
647 85
321 75
964 37
439 56
269 29
345 63
901 22
1400 90
1442 57
46 49
51 95
915 17
460 99
1022 100
1039 64
1118 4
1072 30
506 10
167 52
902 61
8 26
43 74
498 87
678 48
317 92
297 88
848 19
348 84
84 20
902 48
1273 48
1385 30
1401 40
1409 33
594 82
28 5
234 26
1047 70
1233 79
1161 10
64 97
180 23
629 63
917 33
755 38
1156 49
1243 66
583 83
283 91
653 62
1197 69
1126 29
652 28
1263 83
666 64
913 35
751 24
142 19
878 47
1282 53
994 14
442 9
152 66
21 95
1096 49
939 77
1203 12
493 91
588 62
1156 18
407 74
293 34
205 37
1168 10
492 55
939 70
923 93
1050 55
1418 34
764 89
746 30
615 47
904 32
954 98
324 88
1320 17
915 30
838 26
1115 45
1334 9
904 21
533 93
1334 68
128 9
1256 14
82 79
1133 89
987 9
334 11
268 22
1137 91
1102 18
582 46
1361 9
1111 42
541 61
4 46
1037 92
774 64
334 10
837 24
887 98
1181 27
206 11
457 64
732 89
393 91
499 10
1356 7
1272 57
1398 55
323 10
556 40
1224 93
1416 94
957 51
285 49
715 63
231 82
71 79
1150 6
1405 22
1256 64
814 83
1260 23
1090 76
1273 26
1265 8
48 94
418 47
815 60
195 23
770 37
879 11
624 1
7 15
758 44
292 30
1293 54
532 32
874 27
347 93
176 12
299 34
3 24
1009 65
878 7
219 85
873 42
1258 93
978 88
857 17
985 37
1335 77
885 21
1350 93
666 57
136 12
561 32
348 43
1008 68
712 87
727 89
1137 84
347 8
1168 12
689 100
572 4
747 15
582 60
1105 28
127 7
82 62
650 38
265 50
816 72
191 44
847 9
825 14
1206 39
67 79
848 79
363 84
363 71
1055 94
1197 50
641 76
435 24
385 17
530 47
1132 97
463 32
1177 17
466 84
1044 75
535 89
813 9
232 83
740 63
853 85
1111 63
178 77
1320 13
881 41
320 88
904 5
1148 30
254 27
1044 63
840 13
58 76
153 78
196 42
480 21
318 53
1380 91
564 47
512 91
532 92
237 7
781 33
612 15
474 66
414 6
215 11
886 1
1254 46
219 15
612 22
29 38
1132 45
405 2
37 21
725 63
398 11
903 56
455 78
346 3
834 1
702 82
470 2
789 95
687 96
554 4
843 4
232 83
1188 57
694 44
236 98
1009 14
1066 64
777 10
100 50
1168 37
1162 11
385 48
852 8
741 42
496 27
757 89
765 24
179 100
1167 5
1414 51
538 80
936 9
790 26
780 53
527 37
160 96
404 91
1045 85
1141 13
1140 5
946 65
63 39
853 67
780 24
797 62
1052 47
1050 22
419 100
386 61
995 11
763 97
1415 99
584 13
701 75
1162 38
522 44
762 7
1309 94
445 67
826 29
330 80
442 16
1368 88
38 56
1070 66
522 48
692 66
1399 87
1361 7
801 17
563 95
1278 33
999 12
1352 44
1387 99
372 96
954 96
298 54
959 30
26 99
1155 98
108 56
773 42
1113 61
687 93
687 65
1196 88
673 58
914 83
674 72
878 75
706 84
1278 13
1318 21
545 20
177 25
413 18
530 33
23 43
1130 86
852 97
442 57
304 88
331 30
266 21
382 42
1164 5
1277 33
1398 2
175 35
399 96
41 19
1049 72
1273 5
57 32
464 49
655 24
1157 89
373 85
26 36
1005 36
1107 86
678 49
1376 26
929 25
1004 3
943 40
442 62
1436 43
744 97
1284 88
830 24
1326 4
396 92
771 34
975 1
949 25
1289 71
800 61
1358 46
689 74
645 68
1384 78
884 86
1392 55
1410 69
461 8
