7059
281 92
1270 13
100 91
922 90
81 74
582 100
1355 73
276 6
945 96
225 81
900 70
96 69
1277 48
859 13
816 46
302 86
849 29
1372 28
847 95
788 5
305 55
1282 40
807 4
754 94
799 40
589 12
52 70
979 99
955 50
183 93
90 7
247 27
115 87
175 39
1336 34
1063 50
287 9
179 20
477 83
618 38
957 4
1004 57
977 80
987 21
663 12
959 37
105 78
1065 33
119 84
469 92
1100 76
285 43
276 19
344 51
134 53
1381 98
1367 75
1323 43
556 94
1090 42
914 84
1087 23
1111 53
390 44
768 44
96 95
319 85
642 98
221 5
1404 17
55 31
608 23
387 84
410 82
218 9
40 87
893 17
1373 66
75 32
838 72
531 22
805 97
316 16
988 96
660 26
292 11
1164 48
275 85
1046 81
527 16
459 33
468 84
540 72
598 3
476 57
73 10
780 57
825 33
13 29
1168 79
636 10
1302 19
1031 80
549 54
1329 29
944 43
177 94
391 48
109 7
1408 12
1126 77
801 97
398 2
924 38
244 99
361 16
631 54
991 29
180 19
137 13
1411 32
120 22
1295 33
985 47
547 40
1329 93
503 11
1263 4
902 29
1064 34
73 51
777 7
729 75
21 55
506 37
623 78
365 46
657 80
59 26
371 71
1400 41
61 11
1086 65
1258 19
1111 28
998 28
582 47
346 23
1374 36
930 18
1043 1
637 88
1383 56
414 12
542 40
886 32
560 1
858 22
575 26
1252 50
1166 18
700 58
897 70
1090 45
165 93
1237 85
362 82
65 40
1001 13
582 30
1163 52
1012 95
769 75
481 96
1316 75
81 95
67 12
614 84
770 45
965 33
258 55
846 57
537 72
28 64
1105 28
818 52
177 7
422 23
110 67
404 5
601 38
310 65
277 1
118 62
1319 57
546 11
446 61
227 4
926 77
760 17
683 82
180 48
996 25
211 51
751 15
1089 77
1121 75
36 13
70 44
394 72
55 82
1259 48
919 57
58 46
1247 38
1327 28
806 48
259 97
387 26
1028 79
1033 66
29 98
500 4
806 72
295 13
244 95
967 78
1323 100
760 67
305 4
520 14
350 70
34 96
824 33
861 8
253 45
1178 87
19 93
146 24
267 31
507 77
1309 86
516 10
1193 25
1305 72
975 64
450 12
929 74
1224 54
661 17
1301 27
157 32
358 11
807 98
587 78
725 73
1303 85
462 71
855 67
164 27
719 63
47 89
123 98
1083 11
908 15
865 24
561 44
1045 65
468 44
975 100
695 100
1270 90
585 17
48 70
525 36
614 33
583 28
199 56
194 89
16 77
958 38
1294 26
176 20
1257 6
790 82
677 73
158 1
995 97
433 12
23 16
1307 56
1051 73
390 47
347 76
768 64
479 29
154 89
1192 19
513 68
709 57
245 51
1042 76
189 19
1324 36
901 83
1379 35
265 27
1006 47
773 5
375 1
308 17
1173 51
1207 83
302 41
1078 100
461 92
982 48
786 77
698 58
1279 63
740 36
127 21
238 65
662 48
671 56
676 42
86 19
1384 63
728 43
1302 53
414 58
1078 6
617 53
1300 27
1233 31
1230 36
647 9
556 90
404 98
946 20
1324 43
462 22
877 63
834 38
590 21
1197 41
780 65
357 57
1181 86
138 40
987 7
975 100
1211 97
877 55
885 98
501 20
1265 29
913 38
625 33
1286 98
1025 20
1367 22
417 56
949 98
32 27
460 74
1 42
902 43
1262 83
1388 59
635 77
247 2
1002 60
661 89
693 7
877 89
1294 93
421 38
1066 61
886 9
3 52
365 19
417 91
129 11
108 58
552 93
1184 20
151 72
1135 78
656 60
1200 85
64 48
353 50
863 35
374 58
658 8
1343 5
913 14
222 32
202 71
525 100
445 35
448 47
718 71
919 57
27 50
60 15
729 97
634 42
689 71
1108 96
1016 37
1346 15
1050 71
1096 80
431 63
828 68
1233 35
889 59
788 100
1333 22
832 15
549 41
1267 49
487 56
1080 76
47 64
81 52
244 83
620 88
341 66
867 60
534 43
101 76
75 55
975 97
526 31
1014 78
291 64
927 58
338 47
722 57
1021 11
287 5
1391 43
712 35
1405 82
937 60
529 5
836 95
1046 13
1277 14
1234 95
787 55
936 49
111 7
138 94
1196 83
383 17
241 4
872 70
752 32
355 20
312 77
1257 77
575 32
1094 44
895 24
770 18
96 79
1161 32
794 30
789 94
806 8
1040 83
1139 71
539 36
915 35
106 63
424 61
658 47
1036 77
801 50
10 47
267 91
187 40
1196 45
1310 54
527 40
1285 9
160 78
370 42
1126 31
94 41
547 20
151 36
900 77
480 91
612 4
428 72
592 7
1271 23
21 54
142 14
411 10
96 48
549 10
111 100
155 64
1010 76
430 64
1178 54
1017 83
788 96
1299 67
676 36
283 97
1265 18
637 30
1056 84
615 46
1408 22
49 17
644 3
1200 77
472 61
641 46
684 97
284 35
1236 100
1160 75
1203 74
553 32
119 19
1242 35
406 30
778 3
1315 79
1399 11
395 41
1393 55
664 86
1134 73
645 82
496 81
487 19
511 91
469 85
79 14
1068 58
299 68
372 17
36 12
766 29
763 33
848 77
836 37
1316 48
1201 96
779 7
424 82
1180 95
675 4
1124 42
1137 18
958 26
94 62
1014 61
647 51
182 32
6 57
1184 87
409 83
440 28
299 23
1095 18
289 98
897 88
1008 71
337 92
633 98
447 21
1310 82
1273 68
998 75
597 8
310 27
817 42
475 30
1096 72
1189 91
1244 74
743 57
776 51
1226 69
1401 65
595 82
203 2
1053 48
1279 18
306 97
1175 14
1126 76
1356 37
1070 10
1375 28
870 31
910 60
913 95
142 8
207 93
877 39
1220 68
553 77
297 11
353 85
300 71
465 11
356 37
574 20
1084 3
150 10
580 79
405 91
261 94
87 13
66 41
1340 76
135 33
1359 7
1160 87
1274 61
1384 69
1104 82
1227 98
452 83
1366 93
245 52
25 2
733 58
620 63
415 64
927 48
301 29
154 20
153 91
220 69
64 71
1174 20
455 98
437 86
554 34
661 78
1391 50
298 77
383 62
553 80
890 57
1077 47
212 17
1272 60
779 47
1324 88
658 33
1145 26
684 24
770 6
826 28
1176 27
64 34
1295 67
258 84
553 94
1357 25
660 66
1396 56
409 15
618 55
1111 94
86 57
1136 96
551 49
446 2
762 20
491 7
1204 87
590 49
323 24
141 20
925 58
1339 38
605 55
553 94
345 75
839 25
89 99
472 46
945 47
142 29
1089 25
35 85
195 47
1253 35
1335 50
843 22
376 33
151 77
1333 84
256 37
993 36
1066 8
1408 70
1046 67
1169 97
149 95
866 48
1160 27
362 93
507 35
504 23
498 24
1141 87
235 41
1238 49
1187 72
1190 93
1389 66
904 77
1183 31
1059 53
70 39
227 38
587 38
269 58
595 71
217 9
1 40
744 14
322 41
462 47
616 100
1179 68
1405 9
985 66
385 82
304 82
473 58
71 73
1405 13
1269 19
680 12
877 28
930 3
1388 39
800 5
263 24
78 62
259 22
929 86
1096 98
1406 84
734 52
297 57
1025 85
601 96
1260 88
260 85
85 46
297 41
154 65
401 13
371 37
185 64
1004 80
68 82
888 64
1363 62
543 52
1100 23
207 83
1398 4
293 83
1234 35
629 89
954 21
1337 98
926 4
568 99
1255 85
137 68
615 64
1124 13
323 3
1035 34
613 51
63 62
904 28
575 7
1077 54
1151 79
579 89
958 90
772 98
1043 51
1014 46
1119 1
1062 27
257 74
304 3
1026 14
957 11
608 56
382 96
1111 21
279 68
246 98
378 82
894 32
1298 8
75 48
837 43
330 98
649 36
1158 81
181 50
300 60
714 92
634 36
983 75
107 52
598 12
998 23
544 63
1374 69
1204 75
1161 93
240 85
1309 92
635 22
639 17
847 23
81 1
945 11
69 46
944 75
468 36
754 1
597 39
1226 20
45 19
1050 17
794 99
282 57
368 72
326 71
1363 79
289 27
749 72
350 7
1316 72
348 42
929 2
1098 13
900 97
401 8
1374 95
1310 21
1164 70
457 59
32 8
267 2
298 40
580 26
494 77
1296 36
1138 51
47 40
862 54
918 88
1140 83
1377 99
306 54
712 13
1292 81
466 37
1131 90
623 95
820 93
446 99
455 89
48 57
165 30
485 40
1004 19
591 36
438 46
471 42
519 90
39 1
1220 62
282 11
1314 68
1347 78
915 49
71 100
806 86
463 100
1048 3
441 5
894 68
228 88
379 50
511 72
273 62
1241 26
53 37
330 93
471 73
1390 45
527 22
215 57
958 30
619 37
1374 53
341 5
350 37
225 8
772 82
399 26
638 81
381 52
403 62
1107 68
145 6
552 43
151 76
1265 1
1055 13
412 42
744 13
541 83
610 33
375 80
469 99
842 30
1328 57
201 43
1356 21
14 78
1352 35
1178 70
118 95
506 40
960 4
1197 16
773 91
1330 62
1116 66
449 48
102 24
763 21
928 80
244 92
1087 5
110 51
504 98
1275 29
978 41
1133 21
1132 50
922 70
144 39
320 91
33 79
727 83
395 72
1384 80
492 79
1293 32
474 44
649 82
534 53
1381 78
218 21
222 34
1170 76
1244 53
1283 74
576 63
678 75
163 61
908 8
917 96
908 95
46 38
306 5
27 55
1053 24
1223 39
217 35
782 2
532 26
1292 38
690 97
237 74
563 95
1247 14
842 57
637 100
400 18
1384 25
163 26
732 66
1186 15
1008 34
35 81
718 32
309 67
894 94
1337 41
491 59
1387 45
489 94
866 63
1136 13
446 6
1411 93
730 61
237 44
157 60
1261 28
1158 39
123 23
736 80
700 46
628 89
720 91
1390 52
195 52
1347 72
1316 15
283 76
376 37
544 84
1317 72
800 27
349 41
1269 51
357 15
582 92
751 12
802 16
255 14
227 4
751 11
387 75
1193 38
584 54
509 36
853 34
84 95
1098 86
790 43
438 52
654 70
1052 61
1103 75
103 64
696 61
1133 79
277 19
1181 44
330 61
283 5
46 91
818 15
746 99
1003 34
210 63
599 2
305 100
515 57
1092 32
388 22
1376 56
98 77
723 43
158 62
414 30
1110 91
