3095
354 94
162 39
195 5
198 31
191 96
560 16
456 70
592 67
371 37
306 50
609 92
507 28
203 10
193 33
194 67
118 92
558 2
616 93
268 80
113 86
72 33
61 2
251 81
416 8
27 55
184 85
498 100
371 19
487 74
576 14
21 62
241 37
214 86
484 38
11 86
445 16
299 38
324 47
408 85
40 97
417 75
273 45
313 60
237 74
208 64
87 28
188 60
240 84
523 68
437 40
197 46
264 77
584 95
119 35
167 16
75 39
381 13
411 22
472 95
228 64
425 37
205 53
313 36
347 53
476 40
10 19
567 78
203 25
381 44
290 88
402 15
12 78
261 77
406 12
284 55
486 60
525 40
39 59
210 64
482 31
531 12
140 89
103 78
219 30
411 73
383 59
47 50
551 79
62 14
274 57
283 74
237 31
414 27
590 87
214 28
148 42
497 60
329 93
226 60
383 38
506 39
449 23
600 22
153 79
471 74
213 85
199 14
275 68
298 27
536 38
93 30
357 41
285 10
284 6
240 10
128 69
50 10
47 23
347 70
73 66
322 14
544 25
89 22
175 15
59 58
318 20
611 52
421 79
612 4
192 15
510 54
369 57
293 59
282 86
591 33
366 27
298 15
164 24
57 25
417 62
314 26
355 11
394 57
242 77
154 46
1 36
613 7
267 88
533 85
93 56
237 32
290 44
123 69
590 5
333 58
90 71
196 29
326 86
38 71
508 42
354 12
534 40
169 81
71 70
2 58
159 58
208 79
353 25
299 34
352 82
77 74
158 79
475 75
110 72
283 22
505 74
319 96
240 21
138 94
276 52
59 94
319 70
50 40
585 99
289 76
336 31
394 68
225 42
202 11
226 89
235 53
324 53
606 6
529 33
256 25
181 8
528 28
526 23
159 48
433 50
325 79
254 97
502 82
3 4
481 53
251 73
451 9
474 3
610 43
102 17
205 22
199 8
410 41
354 4
86 52
383 86
305 78
575 20
567 33
271 51
265 44
152 23
609 35
36 97
409 32
152 77
125 96
415 17
607 35
175 12
49 49
574 72
551 50
49 52
518 66
338 57
77 31
45 9
269 100
219 27
546 38
53 26
103 66
537 36
360 12
590 71
55 88
395 37
355 73
486 91
474 26
521 34
46 9
92 70
262 46
378 44
490 71
38 61
177 69
613 84
433 54
338 38
421 11
223 23
341 16
69 71
54 87
10 58
515 2
326 48
296 17
308 30
551 68
589 73
500 78
243 58
361 75
535 69
419 16
105 34
267 82
565 14
510 18
296 47
338 39
111 74
463 71
244 84
308 71
539 56
532 94
103 14
490 12
128 49
158 65
519 21
384 22
182 26
334 91
305 100
79 94
327 57
470 43
292 100
422 61
454 85
77 43
513 31
177 73
250 66
564 85
367 45
294 9
379 31
427 36
512 21
228 56
610 60
352 71
183 10
205 52
156 41
408 41
241 39
609 24
59 53
98 85
565 89
466 96
124 55
419 33
610 71
276 37
222 42
574 68
519 79
184 8
591 21
56 19
371 85
10 3
214 76
409 7
61 89
401 28
124 80
74 43
165 88
450 15
159 47
148 31
52 38
161 99
238 69
555 60
168 30
504 73
513 92
267 65
392 64
609 51
323 65
183 85
274 51
2 88
154 2
128 87
153 57
216 53
46 93
81 58
90 2
516 80
277 41
304 23
336 41
473 41
437 59
557 90
170 40
249 59
206 83
530 50
197 30
382 69
295 19
532 19
7 42
247 19
511 60
399 54
507 77
73 27
30 50
218 40
404 54
106 71
213 12
215 49
26 20
80 70
108 66
293 94
56 2
602 99
253 77
550 71
80 86
20 83
457 76
441 41
326 38
206 90
95 89
160 74
279 25
390 54
435 59
495 81
134 98
257 44
49 14
528 56
66 65
152 24
315 41
538 57
529 68
402 55
356 84
521 82
99 18
502 34
444 39
348 41
275 14
557 35
546 76
402 42
165 65
411 100
360 42
525 18
372 44
288 15
212 80
429 5
8 90
143 69
554 46
538 90
540 64
127 55
23 72
191 20
345 54
110 30
281 50
467 51
17 36
537 43
415 63
2 59
205 67
285 87
477 70
310 35
616 15
385 19
353 24
167 34
453 23
1 100
182 80
603 73
266 13
581 71
523 70
505 16
386 95
220 87
553 15
539 32
94 79
505 52
594 67
605 44
569 48
483 45
216 82
294 60
122 66
133 30
559 45
441 57
379 78
115 19
581 65
1 8
362 19
318 78
505 45
281 57
296 23
325 77
527 8
87 62
22 84
459 8
74 31
235 35
173 40
419 17
4 31
440 28
205 22
618 61
74 51
460 100
404 64
538 44
487 10
267 96
516 34
132 80
356 39
400 67
30 91
529 20
471 98
411 36
367 67
520 96
608 52
466 73
79 42
351 39
30 20
520 19
531 38
263 75
123 71
459 26
376 56
363 26
382 96
459 87
10 57
245 43
24 49
134 38
230 37
330 55
426 5
120 97
136 53
173 89
44 4
480 39
267 57
31 56
560 24
563 96
529 70
309 56
533 28
416 91
259 48
225 10
552 21
305 57
456 57
153 26
265 79
23 83
417 19
593 16
161 70
521 4
85 13
588 45
86 93
115 51
314 43
541 26
526 99
474 94
595 25
14 10
252 32
458 28
257 65
198 52
161 3
366 90
13 5
209 68
295 38
119 14
253 80
26 20
340 22
502 15
524 32
45 7
138 52
371 20
252 40
62 61
223 84
615 40
19 27
497 23
612 28
32 70
208 51
85 76
84 68
604 78
481 89
294 93
70 70
565 84
279 94
296 6
539 23
12 26
279 62
64 67
222 77
607 2
314 23
556 86
601 15
417 59
227 86
90 57
478 17
599 79
110 64
538 63
217 53
503 33
542 1
400 80
165 16
324 13
240 90
350 95
70 21
20 23
143 86
470 75
226 11
428 44
387 78
613 27
482 42
125 84
112 2
563 37
421 17
547 47
9 44
391 22
613 6
330 33
235 84
52 97
281 63
516 67
158 18
456 65
151 20
57 29
51 49
328 96
308 70
282 33
16 95
413 71
103 83
144 34
346 34
191 39
155 71
606 95
42 88
522 100
165 76
504 24
132 87
564 83
50 69
390 30
11 36
148 95
528 65
31 16
301 34
402 89
436 71
203 71
370 12
118 64
333 46
356 30
313 73
88 56
231 26
68 40
281 78
231 3
548 41
162 22
489 96
234 15
8 47
53 89
489 15
473 50
99 71
182 63
108 84
7 60
409 8
218 72
318 67
285 25
385 87
80 62
160 35
589 53
495 88
565 20
225 76
63 53
526 15
515 14
129 55
382 31
344 15
49 13
515 39
325 17
270 93
537 70
132 1
300 47
456 38
459 42
35 48
109 76
457 66
608 90
116 85
459 46
203 93
226 41
115 93
547 88
55 84
387 29
419 42
596 30
541 46
450 27
248 10
174 53
512 76
89 80
289 57
35 33
555 24
205 71
218 99
398 86
413 18
155 50
78 37
343 99
361 96
174 20
125 26
406 6
591 52
12 26
539 74
572 100
327 5
480 49
9 55
172 35
176 50
136 42
497 60
293 52
153 40
419 46
311 65
131 55
321 84
136 20
365 80
361 72
127 30
238 46
533 80
300 30
474 38
35 3
138 100
150 25
155 80
125 57
285 55
228 26
20 50
10 96
203 82
219 82
410 48
587 2
137 40
402 10
584 70
181 18
427 88
493 12
471 18
542 76
460 4
281 86
134 97
593 48
189 81
2 63
235 47
50 6
269 82
597 37
205 82
344 74
49 56
356 18
275 96
182 83
562 7
49 23
257 74
89 85
616 99
343 65
319 10
280 20
554 52
581 97
222 77
359 38
392 32
145 89
318 73
515 47
518 22
189 25
95 39
465 64
167 22
613 84
240 87
274 51
76 19
107 46
385 63
211 21
551 78
411 13
283 73
494 2
257 61
65 55
327 91
40 55
549 11
531 89
416 30
167 34
91 47
553 43
59 84
112 11
405 9
501 100
414 4
186 10
544 37
65 22
403 35
614 56
436 56
179 16
106 28
510 56
475 18
128 83
520 23
342 89
59 49
73 59
62 1
156 90
238 53
260 55
399 49
398 72
200 97
297 52
252 39
222 9
62 85
484 97
586 48
554 14
170 17
330 77
475 80
192 95
569 37
73 72
48 26
446 7
472 45
298 12
486 10
198 47
236 14
315 5
50 42
304 99
24 72
538 86
264 5
201 52
332 73
131 19
226 46
358 77
368 70
264 1
467 32
52 76
204 24
606 29
163 74
579 2
610 11
256 11
110 18
31 89
583 1
184 40
18 15
339 79
612 96
522 76
126 59
65 51
110 6
51 61
370 61
611 76
364 86
296 99
361 22
519 29
615 31
492 95
489 40
21 38
234 16
423 46
466 45
176 35
386 44
527 21
55 58
533 1
488 35
416 90
271 13
395 15
30 1
298 65
525 4
27 100
184 83
162 13
540 56
203 59
71 42
399 93
439 34
334 75
16 28
385 51
25 84
316 2
419 94
411 22
408 69
319 39
99 31
419 71
551 8
599 68
30 20
320 92
342 8
599 32
602 64
583 20
56 53
188 12
334 99
557 38
553 5
155 60
307 51
278 98
118 69
282 57
109 80
488 98
458 88
559 44
301 92
24 33
312 10
487 84
81 49
213 38
237 38
68 28
188 66
301 51
62 4
328 79
60 89
427 32
208 20
148 95
143 28
331 72
613 39
413 39
562 80
548 62
554 75
132 11
504 27
114 54
602 81
455 100
339 1
301 31
256 61
532 27
177 64
107 72
542 42
593 60
225 60
39 7
256 39
249 2
224 30
613 90
512 14
614 15
297 99
6 62
427 51
448 37
119 74
430 40
270 7
298 17
537 2
418 2
128 41
18 60
347 3
27 92
157 51
127 97
500 77
550 91
308 91
280 85
260 4
