2061
268 47
242 82
193 3
393 70
153 72
242 31
209 95
369 73
288 53
101 84
65 93
297 94
143 93
32 95
38 28
360 15
167 29
69 59
55 20
368 52
186 58
167 53
41 63
204 64
31 77
316 8
175 26
370 38
295 29
120 1
262 10
228 96
32 53
368 13
208 17
111 34
97 40
290 23
399 51
255 97
85 93
201 65
236 80
332 22
407 1
76 40
303 67
344 21
185 81
354 42
398 31
17 4
397 99
389 57
317 17
316 95
157 56
184 5
258 66
194 54
148 62
28 96
209 35
219 6
186 95
100 37
315 78
47 90
225 13
35 83
187 8
102 7
27 20
114 39
194 60
166 31
394 43
204 46
51 72
199 63
198 52
328 74
339 70
290 85
301 23
196 29
329 55
3 41
196 90
347 86
23 52
4 73
120 28
260 76
202 27
404 74
144 58
25 23
240 81
162 92
381 16
234 97
131 51
304 82
28 42
279 10
377 54
292 40
200 72
247 44
273 90
409 96
54 98
283 90
210 72
65 35
340 50
6 5
246 67
313 23
383 98
21 70
186 49
360 31
402 5
4 8
47 100
256 21
218 79
254 20
125 98
74 76
128 36
84 52
9 73
162 1
333 36
95 19
231 79
23 23
46 35
62 47
115 60
139 97
260 22
154 22
122 11
314 40
133 96
269 27
351 96
5 3
401 57
312 42
171 56
22 11
293 48
213 75
89 77
190 76
189 4
238 27
124 100
208 14
99 89
371 7
291 19
162 90
307 12
200 26
352 44
310 1
292 46
217 33
106 84
113 65
144 49
349 76
228 51
138 53
115 75
377 45
27 38
353 40
312 97
371 58
379 100
326 39
343 51
379 99
384 33
379 66
195 85
332 16
219 22
202 36
16 26
310 51
368 100
338 2
408 72
367 54
132 71
63 1
191 3
96 69
213 17
383 94
337 87
356 60
229 7
171 23
407 69
116 94
15 96
9 92
271 20
369 21
119 71
7 63
298 33
249 30
296 37
208 78
352 47
365 21
139 87
258 51
8 5
191 97
355 22
308 100
269 70
401 26
54 30
262 50
368 13
186 25
296 47
47 69
199 16
231 67
47 81
373 56
405 99
261 45
342 75
137 18
372 99
22 11
289 37
205 81
116 34
32 87
180 56
197 69
25 55
412 13
11 77
73 97
4 84
337 80
215 67
112 46
391 38
401 47
391 48
181 18
342 19
251 77
322 67
246 12
150 16
257 37
376 20
216 59
351 67
194 67
178 29
253 83
331 13
146 96
381 86
98 96
252 59
285 51
35 31
61 93
383 59
292 45
184 14
20 26
41 59
284 70
41 54
160 3
298 15
304 10
195 24
406 1
65 92
4 75
308 94
5 23
4 93
340 19
329 85
297 65
35 1
339 47
406 92
77 76
253 1
218 39
143 76
237 94
340 25
295 67
198 31
202 96
253 36
131 28
263 53
223 40
253 61
258 16
153 1
290 61
273 61
297 43
66 3
165 63
409 52
107 38
15 62
138 8
368 58
119 91
110 47
375 70
403 4
37 12
197 10
401 23
322 80
32 46
276 20
14 22
50 9
44 56
219 66
199 54
361 66
373 99
123 90
321 37
411 54
64 30
201 19
307 84
254 44
252 93
218 24
242 34
114 1
84 78
167 68
127 49
320 75
115 79
350 73
391 2
84 11
91 98
96 68
37 92
399 82
321 51
56 29
340 100
199 91
111 2
172 39
391 90
210 85
101 87
336 88
60 43
242 17
225 11
88 56
1 62
127 40
354 60
203 22
201 31
116 70
216 27
179 12
101 41
133 39
330 27
213 50
77 26
407 41
202 64
227 67
28 83
150 43
46 9
203 59
286 21
216 30
4 79
51 100
154 66
307 26
33 15
124 70
125 28
215 98
304 20
47 84
4 64
106 68
251 13
353 8
42 36
211 41
180 73
117 82
290 26
263 18
321 61
282 64
270 47
218 33
93 73
178 38
32 73
234 50
158 89
196 29
87 17
120 34
187 4
261 13
228 61
329 44
138 11
403 76
228 5
200 48
156 93
89 81
400 39
194 93
136 18
32 43
84 53
388 21
154 61
202 52
128 12
5 9
291 72
160 52
110 76
191 15
146 48
104 29
107 71
191 91
79 58
199 22
141 38
350 90
229 72
22 12
174 4
85 74
169 72
288 22
316 75
325 19
100 85
132 77
356 56
31 95
49 12
264 20
295 61
366 32
188 6
359 40
81 70
270 68
4 18
92 9
100 76
12 55
409 2
216 43
334 43
119 92
255 1
130 85
307 10
280 30
134 41
405 16
318 21
344 37
224 60
33 69
92 13
343 92
141 9
363 95
85 86
97 3
49 90
124 87
286 25
64 67
110 91
24 44
105 18
70 18
402 56
192 98
284 20
322 79
327 53
339 3
13 53
177 50
128 29
371 8
216 17
173 7
43 28
166 50
55 39
132 98
240 2
333 27
280 73
313 13
58 100
318 3
156 55
303 65
196 86
296 74
388 54
373 19
80 19
383 26
201 54
58 67
254 51
63 13
221 55
119 52
227 18
149 90
80 80
280 20
223 71
136 84
51 83
115 97
82 71
68 43
50 73
76 60
266 74
279 93
382 68
333 60
61 8
282 58
244 7
370 79
261 66
248 95
42 83
31 18
116 63
139 10
196 92
144 92
143 15
410 51
136 77
318 5
114 7
83 44
399 18
228 83
91 53
201 17
134 75
294 58
134 12
124 23
159 10
335 53
371 26
10 69
272 24
225 68
14 15
148 100
171 57
110 52
124 61
73 23
361 20
55 95
20 36
305 96
311 88
190 25
49 96
72 13
212 69
90 41
19 54
282 38
32 62
343 14
54 27
159 33
110 20
31 21
338 95
108 37
386 26
296 4
162 22
160 78
146 98
311 57
186 69
267 92
325 75
361 84
315 92
236 17
63 73
180 7
276 50
229 30
62 18
145 88
390 35
363 6
396 80
68 87
295 82
312 15
219 3
387 20
388 45
248 46
343 5
116 38
149 83
38 44
303 63
223 11
117 11
252 6
167 48
366 39
161 48
165 65
407 25
380 17
288 59
331 19
9 94
18 100
220 24
104 48
412 81
251 35
73 33
360 33
78 39
217 67
252 92
219 19
290 46
110 99
6 54
26 81
392 64
366 69
174 77
145 100
143 93
314 37
333 69
254 93
315 71
121 66
267 91
49 55
319 68
337 25
71 34
73 21
90 10
272 23
233 99
199 70
142 38
371 70
232 2
112 5
160 37
292 34
122 93
382 19
144 23
19 41
319 5
113 63
92 23
241 12
53 1
326 46
14 8
315 6
136 51
17 42
382 68
373 21
409 82
53 59
67 36
63 93
164 77
215 57
221 78
396 87
182 8
203 82
388 59
239 64
269 80
246 25
210 30
144 88
229 63
195 78
29 96
237 55
17 33
157 99
105 69
405 98
77 81
71 38
401 4
353 65
351 47
363 33
118 99
355 43
212 41
397 48
89 46
380 76
77 10
235 70
230 94
102 1
205 96
225 47
321 8
301 8
249 26
32 64
249 94
294 29
270 75
113 66
332 12
193 81
397 93
243 84
215 62
63 56
131 2
227 50
282 27
342 37
256 8
218 90
325 50
312 1
25 74
288 93
284 8
69 11
201 31
305 28
172 50
204 79
128 29
334 40
32 45
386 43
294 61
317 70
305 84
186 84
367 50
79 98
397 45
315 83
51 92
378 14
397 32
350 66
230 67
282 74
325 93
27 96
316 21
191 34
146 52
171 6
245 31
188 42
224 86
390 7
168 38
378 85
287 84
245 58
358 38
284 51
230 5
177 80
380 45
218 62
339 88
161 66
271 6
247 51
37 3
384 70
189 7
345 89
305 84
80 100
269 77
286 12
85 48
84 47
326 11
382 54
233 81
288 37
250 81
136 35
92 22
286 66
46 67
292 73
177 9
391 88
60 89
104 65
387 24
279 3
221 80
229 84
221 57
291 31
159 47
121 56
323 40
308 14
334 81
335 57
61 34
314 51
211 48
214 31
194 77
50 39
399 9
346 40
81 47
44 16
185 78
78 51
280 87
268 64
22 13
30 66
181 6
132 21
407 43
64 3
271 93
181 77
16 6
27 64
28 45
114 42
85 84
330 37
210 98
189 36
48 93
14 97
402 53
187 6
51 100
36 99
204 75
245 96
228 31
354 99
403 59
402 50
18 11
293 6
25 60
10 76
29 9
282 43
332 21
339 33
92 64
342 30
48 80
74 89
144 39
215 9
229 16
337 20
59 60
142 41
329 2
198 71
313 3
60 61
327 85
164 91
123 3
250 83
326 50
224 15
195 28
292 14
178 19
79 12
214 62
293 41
241 63
269 98
259 90
232 92
334 48
75 65
399 84
93 29
123 99
99 55
284 39
80 31
17 74
74 4
163 22
372 68
268 1
178 62
32 54
53 84
26 15
48 53
230 65
139 66
320 5
31 1
51 37
355 46
271 61
98 65
106 78
26 89
396 6
292 20
224 68
35 38
295 9
31 57
329 78
236 28
87 48
248 92
157 97
181 55
261 52
351 39
108 49
305 13
59 5
378 53
352 38
134 75
310 77
9 51
143 69
14 65
110 82
176 74
363 58
171 46
54 74
283 14
97 48
372 30
293 53
260 26
4 50
260 68
230 92
399 24
88 67
326 97
308 36
182 98
70 9
32 54
333 74
115 89
16 67
330 30
161 33
96 1
72 70
132 19
309 89
196 55
123 46
164 23
20 22
285 41
287 38
185 15
57 97
155 52
324 95
111 35
179 9
129 35
316 46
220 29
285 79
250 56
67 55
79 91
382 53
165 6
284 24
155 65
178 56
7 98
196 91
311 60
108 10
352 59
343 60
287 82
218 31
212 12
305 67
248 96
168 13
51 85
51 23
249 65
151 82
372 80
73 29
119 52
4 8
345 36
340 47
160 44
43 80
287 99
106 20
333 22
375 35
303 11
142 80
164 30
138 55
31 22
1 59
