6105
396 37
665 49
1216 73
101 40
1191 3
29 16
144 24
412 2
1065 64
857 47
485 61
862 63
853 17
226 73
351 21
521 55
119 44
190 36
630 59
426 39
272 97
1021 91
40 95
580 82
465 26
88 18
562 14
84 97
235 17
1017 10
1150 42
1169 58
332 25
1187 84
652 69
800 19
957 78
1006 81
602 15
4 93
39 26
443 94
1015 63
135 47
1017 92
112 68
78 33
71 18
331 50
305 47
633 50
787 82
897 87
841 91
485 79
15 14
324 68
149 100
176 65
295 11
249 17
315 16
1107 22
930 18
34 26
1023 92
915 31
771 24
642 16
979 1
988 84
734 19
510 14
534 75
857 53
671 86
517 43
800 95
983 87
953 76
3 1
1191 75
94 52
924 92
502 85
368 68
801 64
175 73
644 84
656 74
309 4
137 34
275 90
255 77
673 55
46 93
449 84
686 4
648 68
964 1
1080 10
563 78
298 46
200 60
390 15
302 93
601 24
1002 74
955 39
224 49
118 38
33 26
1136 88
779 55
796 46
863 18
611 29
325 37
289 78
147 91
360 89
1213 23
26 56
454 48
1061 20
404 15
984 40
1085 46
902 81
215 84
199 77
926 81
188 74
1043 17
156 7
200 84
826 79
667 41
992 32
253 43
1137 70
891 97
674 19
499 13
969 2
881 39
164 41
123 30
763 31
1094 60
996 94
948 5
477 71
834 44
321 68
395 60
1142 37
968 70
728 70
1099 82
754 53
629 98
327 1
266 71
413 25
505 7
703 43
283 77
60 52
1195 9
808 31
849 39
950 3
688 84
857 47
524 93
706 15
378 29
529 18
707 67
67 100
1111 85
48 68
144 84
1094 94
904 18
31 63
432 18
801 84
949 33
469 21
154 70
525 35
732 88
89 60
217 76
964 22
546 81
214 11
66 26
980 18
860 75
577 52
442 71
757 1
14 37
515 49
1084 92
363 39
58 86
909 52
598 92
172 12
268 35
202 80
398 92
985 14
33 51
700 6
207 42
793 92
124 70
1005 99
526 2
136 42
8 93
150 61
237 21
816 70
293 95
372 97
829 88
645 63
640 56
150 54
589 94
1012 91
835 60
541 30
871 61
477 15
575 10
399 67
1088 25
872 88
542 12
1025 60
1114 29
899 11
604 10
473 46
148 17
508 53
403 82
95 11
317 28
55 23
84 82
1090 55
1185 20
1053 99
1184 92
93 89
1181 58
774 35
1001 94
831 5
898 70
1194 1
92 85
440 23
731 91
398 78
1081 80
682 34
720 73
1084 80
624 85
855 71
646 56
1208 88
157 6
187 4
117 90
576 74
38 35
908 48
452 41
639 67
891 47
146 90
879 10
905 37
1199 16
1211 55
499 12
706 55
156 1
87 13
1177 8
274 51
257 55
1042 32
627 99
974 66
659 1
20 61
1160 70
444 7
209 7
1104 6
927 12
183 91
456 37
1016 12
105 20
1172 54
441 6
1091 45
291 44
1196 27
286 69
1100 7
1147 38
910 92
62 97
450 12
140 4
604 93
317 1
49 28
259 61
236 58
346 14
55 56
1198 37
419 61
98 61
735 15
636 58
85 37
744 89
967 82
15 4
1083 83
676 52
1013 88
641 79
628 89
377 90
976 6
615 46
1130 2
1212 74
143 6
47 78
463 51
535 100
1014 46
1160 87
352 60
908 73
692 80
420 64
761 52
529 10
1182 92
932 1
756 10
106 7
122 23
1220 9
370 100
1010 24
723 69
656 59
696 80
722 70
315 53
647 56
947 23
746 63
283 13
699 96
38 60
351 6
1067 70
826 23
318 100
432 10
632 36
180 36
459 84
655 67
27 63
572 83
216 80
179 92
504 49
1203 68
1131 22
195 65
1163 30
115 96
113 94
814 83
1052 43
963 44
862 3
299 49
224 1
430 82
730 89
817 80
1136 45
931 46
1125 76
193 31
498 75
724 54
1051 89
595 64
225 44
932 34
879 75
222 94
442 79
467 98
197 99
614 13
887 38
801 47
736 74
483 55
72 1
1162 37
747 58
955 74
464 9
1196 89
1166 71
137 37
1011 71
945 100
199 90
751 98
1150 77
509 4
103 84
538 12
545 13
133 48
254 22
787 88
975 23
581 45
788 49
1019 14
947 80
644 92
990 49
62 60
1164 98
737 80
874 78
1007 79
25 66
356 6
1163 55
905 83
298 69
627 52
37 53
745 6
303 11
593 27
85 24
1141 99
263 73
249 98
1055 46
253 44
1072 33
39 99
633 63
149 100
501 78
287 37
1128 21
1218 76
892 48
1067 52
267 2
418 52
991 59
1016 86
793 10
54 13
760 79
238 62
1016 5
992 29
903 38
268 43
269 64
184 2
565 84
136 54
508 53
786 51
525 77
852 21
42 97
1018 78
359 65
1181 99
912 97
972 72
290 33
557 99
821 12
676 93
1025 49
481 46
1164 1
1104 51
910 65
650 12
1116 19
305 89
341 30
142 80
106 24
636 52
114 59
994 60
866 62
68 2
306 60
1028 33
625 74
1068 24
553 70
1032 86
8 3
405 52
164 15
763 100
50 81
1161 71
473 48
388 35
1123 67
289 56
713 14
97 81
96 16
268 39
872 77
571 28
998 58
1070 70
484 1
52 2
1009 6
1129 51
126 46
761 59
836 5
787 42
773 33
727 81
354 42
564 22
1166 19
348 47
121 48
619 68
192 44
840 13
702 100
511 10
883 73
1001 80
428 59
235 63
1017 56
528 92
335 12
95 41
552 66
329 54
622 26
525 77
43 38
1112 49
783 27
23 54
1220 12
562 72
638 54
185 66
829 95
677 95
700 33
573 58
567 93
308 97
728 82
152 26
122 96
844 100
558 68
882 91
319 19
353 23
1029 82
375 90
475 17
114 91
94 71
63 20
904 72
55 76
344 93
545 69
478 38
135 35
1024 81
1154 44
470 55
261 24
428 69
1095 48
977 58
733 39
45 59
663 38
937 60
1119 43
1178 19
1201 87
537 87
292 9
165 87
696 18
677 2
825 48
72 52
1055 41
479 86
298 23
315 88
170 11
1132 23
1161 20
462 50
281 93
1099 42
148 47
54 4
681 9
141 16
52 11
288 94
508 43
1208 97
1139 25
1211 53
827 48
403 86
392 95
541 54
1095 34
1185 75
194 63
634 23
776 82
628 39
829 46
658 88
632 61
571 20
1012 69
33 34
357 60
1141 89
1040 40
1000 92
915 29
64 1
430 33
82 56
746 64
241 60
1107 70
174 5
1005 7
693 44
559 40
845 60
166 3
296 16
249 74
317 2
443 93
988 94
649 82
48 69
263 91
928 7
81 35
382 68
134 72
754 94
1109 73
119 9
426 87
235 91
330 24
1116 100
731 74
417 73
847 81
81 95
726 48
1009 11
644 3
205 73
950 100
592 8
1008 28
1087 18
153 88
1009 95
568 16
248 13
670 70
103 92
1107 70
946 41
813 64
849 79
664 51
1157 72
1156 42
266 47
872 52
1128 12
1126 55
382 42
727 8
59 91
1176 84
643 65
693 20
1055 23
494 3
53 47
1092 17
688 29
553 11
529 51
335 34
852 27
474 64
935 76
744 79
309 97
757 22
129 84
445 44
1084 34
16 55
304 27
386 100
767 99
580 84
693 50
1137 46
459 37
208 92
60 58
13 33
363 95
420 41
395 37
287 70
1013 66
898 20
1094 93
480 41
356 12
169 5
1143 91
254 82
574 54
679 31
137 52
48 71
147 17
108 51
884 5
474 96
1151 56
649 44
64 7
659 2
880 82
104 27
186 92
378 57
160 70
729 77
1051 24
260 45
314 73
383 94
546 72
162 28
653 95
816 43
913 73
809 63
994 58
316 18
520 77
1162 62
5 64
725 14
435 55
872 61
653 17
837 91
130 58
108 83
316 30
26 94
621 14
1111 2
919 60
421 37
293 27
994 43
963 28
689 26
396 27
1149 2
301 61
264 72
1196 28
427 36
63 63
1029 56
263 2
1103 33
916 45
316 37
892 48
842 37
826 70
752 43
1131 70
227 76
1114 61
1090 19
905 94
528 12
1105 46
153 62
24 10
903 35
81 65
854 14
909 38
847 53
836 95
475 58
155 52
939 68
1069 76
881 96
96 42
364 72
383 45
503 33
685 34
794 69
1202 100
744 74
345 11
767 100
363 19
894 11
402 99
1141 79
986 86
503 82
779 31
1037 62
412 28
794 63
1162 41
314 29
264 54
250 16
512 80
299 28
1108 44
794 78
313 92
502 29
539 45
46 67
109 32
369 46
977 95
330 42
732 89
681 34
1039 53
143 53
1135 30
42 20
1211 35
655 30
33 47
673 63
353 53
593 84
529 33
33 27
789 50
1029 31
24 80
866 78
1079 83
361 53
368 55
597 21
822 56
1183 73
906 1
677 85
959 55
257 36
1201 90
493 14
437 34
377 51
169 48
373 39
1140 45
772 68
847 9
988 46
1097 60
233 19
803 82
554 25
994 94
56 29
448 51
1037 37
533 93
78 79
153 27
1021 73
365 98
844 61
814 14
662 45
501 15
31 97
526 39
105 90
4 65
81 7
13 32
216 43
623 63
397 92
1144 92
1122 8
174 12
759 4
701 47
767 3
807 60
565 10
560 60
438 26
1182 65
567 71
400 88
685 12
659 74
809 25
890 94
362 82
1013 20
1148 44
1001 79
282 5
310 54
308 91
978 58
511 93
1208 68
463 73
205 29
1044 79
1082 39
913 52
331 47
688 42
321 8
766 66
1176 21
681 60
792 98
285 91
279 24
329 23
261 15
514 23
122 31
1041 83
420 95
757 51
984 44
1090 46
563 65
819 25
1164 84
105 20
998 44
726 88
502 88
227 40
866 18
1117 9
922 77
739 20
787 73
1220 93
912 51
885 57
103 3
294 73
1000 31
362 93
38 88
1063 87
575 54
593 85
257 22
82 91
288 90
787 15
859 54
928 60
1138 93
802 86
893 73
1007 34
470 42
64 22
715 28
608 47
525 78
201 77
896 33
220 56
355 48
486 93
1187 59
1157 3
120 32
435 100
894 81
225 32
350 41
1001 100
286 52
1163 66
848 38
341 14
776 82
1216 94
913 61
505 58
377 26
1014 75
867 34
253 81
1175 19
502 43
610 99
186 82
116 34
783 91
643 80
460 66
479 25
372 27
400 33
735 6
895 86
737 36
355 67
93 96
410 85
577 53
343 16
808 32
394 37
11 9
48 39
1063 98
