6081
1144 58
287 69
653 24
608 4
208 32
105 64
1167 99
548 90
917 29
538 79
809 24
542 5
1017 64
980 40
421 22
92 37
310 6
68 48
1028 69
132 42
399 77
1009 4
734 18
959 37
182 79
761 69
645 5
564 98
373 25
741 70
103 81
180 84
611 50
815 46
319 70
885 81
1059 3
417 12
954 99
417 10
441 36
809 76
110 20
721 8
156 75
25 82
430 91
1002 17
742 16
1128 83
734 15
158 70
1100 59
1207 12
746 36
1105 76
1138 54
658 74
1055 71
1121 97
957 54
272 56
1051 50
1158 94
587 74
62 24
838 76
902 31
746 6
164 68
53 3
1028 92
371 2
851 95
826 91
300 21
968 36
79 69
727 98
29 58
1095 48
967 83
497 25
71 53
955 1
1194 71
591 26
565 11
230 79
81 14
801 23
778 17
1162 56
443 53
1212 100
340 33
1187 99
312 47
826 44
832 32
33 36
258 55
534 92
639 41
609 98
168 90
296 11
635 66
921 30
400 71
689 84
1204 22
414 52
292 10
429 63
766 98
730 19
681 77
693 1
162 31
1131 80
22 82
1086 2
844 56
291 35
122 92
971 6
962 77
1068 45
938 52
930 28
1003 98
821 57
31 37
1188 10
735 26
401 5
403 73
1021 88
561 21
830 76
87 6
263 83
630 18
846 16
396 61
965 81
647 55
926 26
984 22
301 89
1095 8
1064 13
1137 27
49 29
1214 19
519 84
634 63
935 51
673 24
352 68
258 2
946 39
633 42
747 7
18 31
773 49
1207 17
1112 98
660 50
982 8
601 57
1172 50
1206 38
21 70
875 77
432 68
614 35
407 38
720 99
106 85
137 43
223 44
1214 81
871 7
45 52
270 13
375 44
566 64
9 16
954 18
679 91
438 97
1139 83
973 85
919 66
515 91
243 57
487 69
608 39
1049 56
1080 84
135 24
573 77
63 16
121 54
159 41
308 34
544 57
188 30
76 67
1150 92
64 63
686 49
406 100
160 92
1178 46
1096 55
465 71
591 64
1093 61
199 69
144 44
249 62
901 83
352 96
537 20
289 96
710 41
123 97
797 35
1063 47
88 90
484 90
522 59
1005 77
891 73
1125 23
1131 65
732 40
1007 44
78 94
1164 15
1063 66
488 63
1020 33
553 79
118 84
586 47
746 44
1160 22
186 76
892 28
69 4
587 56
903 1
1133 99
683 28
362 57
420 50
21 87
100 60
85 83
396 68
52 19
699 42
343 85
611 31
559 46
658 32
918 78
476 4
232 5
150 32
1042 70
876 5
514 18
1132 58
993 90
246 25
917 9
76 66
320 100
271 29
763 72
1087 56
555 84
196 16
1059 81
257 68
1136 73
1055 73
492 23
879 19
927 100
322 92
117 60
742 91
1001 62
859 75
648 92
147 71
328 23
363 44
1133 69
307 8
310 99
162 27
1022 16
175 17
768 100
753 37
117 78
153 82
506 48
749 38
18 97
1153 87
218 11
870 37
525 41
75 63
53 61
1059 41
611 23
871 36
1079 32
36 6
825 83
1030 7
886 68
1201 14
816 82
502 28
949 39
163 86
895 47
845 71
1202 2
579 92
373 1
926 76
31 45
617 24
152 9
445 39
148 95
1067 10
166 27
92 45
4 91
65 61
949 24
264 36
499 84
440 12
919 6
188 99
922 69
456 13
1089 89
599 99
176 38
442 51
251 76
225 72
647 22
809 4
282 84
390 69
1081 49
1005 42
963 28
790 56
552 74
214 56
552 77
547 99
549 35
27 38
456 9
1046 85
1078 61
423 52
369 1
1036 17
29 86
213 34
370 93
341 52
353 52
350 76
301 2
974 45
878 75
168 21
692 49
49 53
1003 66
671 54
427 14
57 60
344 37
523 65
1010 59
588 82
213 93
1189 72
1081 96
3 11
621 26
428 16
1183 64
817 17
643 75
142 60
56 68
799 8
574 23
644 8
678 70
525 88
1136 63
851 48
1106 27
172 39
460 43
835 38
886 62
562 87
347 12
1205 40
405 80
1138 23
212 100
616 44
715 2
456 22
841 85
69 70
133 78
1176 78
296 22
296 84
1112 40
669 98
1203 1
378 58
44 33
978 66
75 44
455 71
521 33
550 61
943 20
603 66
218 85
791 42
247 11
288 69
784 52
101 39
959 100
623 53
714 73
110 42
231 1
595 89
206 87
889 24
988 16
603 90
547 9
89 19
572 40
571 69
1 90
210 44
173 85
27 84
723 75
154 10
35 80
1199 90
319 55
1137 29
122 56
333 36
829 10
1106 96
282 35
1024 11
901 15
151 38
1101 78
790 9
1084 44
596 58
1190 74
488 82
194 4
354 94
739 64
374 79
217 93
120 34
920 57
284 87
916 15
1042 6
553 90
1002 95
831 90
531 88
193 53
774 70
1063 86
489 91
332 63
1169 45
1019 63
933 24
144 76
57 51
510 30
402 58
175 59
408 28
336 67
99 86
45 96
359 43
695 61
982 58
1073 44
1039 61
505 7
809 91
672 87
649 33
1171 51
391 94
261 91
649 8
726 22
691 54
211 38
1124 17
876 14
241 18
1010 89
39 83
579 60
233 80
527 79
153 52
548 62
611 82
1094 79
862 84
314 65
431 22
494 47
319 90
581 50
1166 25
584 63
242 72
193 48
624 87
27 95
982 19
1030 94
1110 35
635 86
767 66
953 7
443 39
216 4
622 25
376 30
547 40
1204 57
66 55
442 23
936 84
426 53
214 9
856 23
449 32
632 34
641 97
445 19
725 56
196 51
1023 72
1154 52
481 54
1179 32
504 31
259 54
374 2
517 62
1115 68
24 81
1180 14
389 27
630 60
126 35
681 54
358 100
1214 32
1170 74
1068 5
794 86
63 39
436 16
388 85
436 87
708 34
1087 58
568 45
719 100
444 76
210 29
666 15
638 55
368 82
691 88
521 79
334 35
289 53
571 50
640 98
844 82
189 26
326 64
744 6
42 39
4 90
60 19
40 23
915 22
36 44
641 63
401 80
1153 3
95 92
1019 5
1183 12
483 14
493 72
423 48
233 97
547 31
26 53
1212 35
350 84
372 23
456 13
1104 98
16 78
765 91
1006 63
818 3
868 42
565 63
222 26
549 67
257 51
1135 46
466 95
1215 77
139 6
1004 22
205 81
1154 25
590 73
69 44
530 42
660 3
486 9
681 19
408 90
61 31
118 2
543 17
702 10
250 25
234 48
691 100
36 14
342 36
870 6
1149 11
213 40
848 4
1115 58
683 74
961 38
644 20
2 29
1054 62
1054 67
367 49
998 48
616 90
1186 77
652 70
1198 87
838 94
244 60
804 65
1071 79
996 64
300 71
1172 28
1107 40
423 33
688 60
981 51
493 47
607 9
352 87
200 41
579 95
1137 68
1178 70
459 46
659 98
544 14
151 7
795 86
1145 11
905 12
979 2
270 10
100 41
780 88
523 88
782 55
316 83
22 71
1012 29
273 38
714 47
653 2
77 11
602 62
346 100
18 85
736 5
427 31
332 18
133 73
220 6
577 9
978 45
845 64
892 41
966 81
81 49
974 100
55 35
1041 62
1139 45
996 35
840 8
645 96
876 99
1124 86
220 67
401 86
593 12
414 53
1135 29
733 13
523 96
1126 37
293 8
436 14
412 50
519 79
901 82
8 83
663 50
16 34
131 46
511 83
159 55
624 56
13 16
637 21
264 34
323 48
250 96
238 97
735 15
1216 50
1066 16
658 90
957 97
537 7
1206 64
170 87
146 71
455 71
1042 88
1054 89
41 4
329 55
1023 26
547 18
393 100
838 82
202 82
586 63
598 93
38 69
728 7
929 15
684 97
831 11
1066 61
797 45
1216 39
703 45
29 25
820 83
720 19
637 72
1092 32
695 11
1068 86
53 55
392 58
962 44
609 70
29 82
745 82
154 9
472 41
1183 30
713 44
1182 2
464 56
382 84
767 87
1072 29
58 86
490 68
1078 46
119 100
167 76
348 99
196 74
634 26
349 5
716 3
7 94
387 58
767 14
1074 43
794 5
6 69
307 5
877 72
127 58
386 67
141 80
1208 37
1076 99
11 34
950 91
295 37
772 48
342 61
304 26
1017 10
1156 19
275 9
432 96
389 88
592 51
249 23
508 28
611 87
136 61
366 74
844 46
533 43
1203 44
1175 51
970 75
1135 7
323 8
551 98
958 4
38 19
56 46
10 93
289 10
1108 99
777 8
952 59
24 24
225 17
299 90
1028 80
886 51
727 81
723 2
811 53
968 37
533 74
651 2
885 62
77 34
628 62
771 38
372 41
75 51
800 97
433 28
984 6
62 58
107 88
1182 85
268 19
96 75
666 25
952 44
1063 83
667 78
802 64
77 81
658 97
512 76
845 49
73 67
533 91
245 17
158 8
1111 60
559 3
219 18
522 31
405 75
910 90
1005 42
267 37
627 66
994 93
753 34
1126 49
221 86
1018 5
848 74
233 38
1067 40
632 22
288 43
1074 34
240 13
1178 36
208 45
1147 44
597 57
1164 63
429 9
503 48
984 46
221 45
917 62
16 71
94 7
463 93
261 59
420 9
867 59
320 58
422 14
1183 70
220 33
178 2
39 54
251 70
227 41
714 92
1065 80
278 1
296 7
691 71
76 43
16 51
603 75
1010 84
352 67
962 11
136 27
791 15
74 48
845 99
976 46
78 90
750 84
389 60
1182 17
487 90
649 38
754 56
337 98
866 83
428 6
33 68
8 44
552 50
606 65
290 67
919 49
846 13
688 54
283 95
712 16
28 31
976 44
912 30
473 33
1012 46
685 17
902 63
595 86
544 70
326 48
257 25
920 38
374 45
992 91
1146 58
973 80
1054 92
1105 45
172 7
888 28
455 3
978 65
1087 16
753 99
737 82
772 88
178 65
165 61
301 76
1014 58
599 2
797 32
415 13
25 10
882 28
471 57
932 98
1175 99
632 58
834 62
1122 66
918 55
1104 94
862 34
894 60
388 27
717 15
525 12
881 8
1125 38
664 95
585 99
322 3
1081 51
861 11
57 69
291 99
63 34
1128 37
19 60
397 29
1159 56
939 16
456 73
858 47
193 65
816 88
119 98
161 74
427 31
922 100
193 67
1084 62
184 86
922 98
789 39
654 54
166 55
72 50
210 4
1113 57
572 28
467 7
107 14
227 66
1001 38
1158 93
277 77
981 49
284 21
216 78
61 55
406 91
639 91
1214 93
821 42
779 93
847 82
366 50
686 70
335 28
79 86
938 77
487 12
1015 33
571 65
