9105
696 84
1595 57
1264 32
239 54
1244 66
99 24
1387 19
5 32
1637 44
210 44
120 71
1284 1
414 13
8 57
1684 23
149 50
50 96
1332 91
270 31
1216 87
1091 84
951 84
118 57
1019 26
961 22
1172 33
121 57
821 42
858 36
111 60
1013 83
428 22
1371 78
1569 92
854 71
246 95
1555 95
697 3
426 92
1301 64
598 23
149 23
911 97
666 20
952 9
1348 5
337 27
489 87
1489 80
619 65
737 44
291 57
1741 19
1417 18
1070 99
1083 41
1648 60
1216 6
747 32
1476 41
907 10
1108 42
1429 12
1684 88
292 84
1516 22
325 45
8 42
230 31
633 73
985 15
1048 91
456 76
116 91
1551 93
1723 98
857 97
1214 41
421 56
867 10
973 33
1127 40
410 33
853 58
1022 68
581 22
525 49
80 91
1 33
1661 90
1203 22
1472 55
1091 24
1575 61
860 19
1165 70
1224 50
1185 66
1352 64
1376 91
1775 74
1173 85
1046 63
1460 33
993 8
634 64
1632 73
689 19
1606 57
201 64
1286 47
1164 65
49 6
267 78
1766 8
374 93
1068 14
1058 12
225 1
295 22
416 14
1445 36
301 26
217 96
1672 84
1393 15
1257 64
279 67
1563 65
1412 59
1511 48
209 59
1697 52
594 72
342 64
1632 72
1669 64
676 81
37 39
840 32
517 21
23 50
1475 66
407 57
320 81
203 43
869 69
699 19
1415 42
1362 35
42 86
550 48
191 32
523 41
817 91
119 6
1180 92
1076 60
1792 88
1700 79
1663 10
224 64
693 25
1137 77
1205 90
1298 85
1406 20
902 28
41 5
867 52
70 25
1602 65
1752 52
106 60
507 66
1481 85
1134 40
649 76
1269 87
852 9
1689 12
1114 36
1502 52
908 45
233 38
1016 80
667 79
1012 2
721 27
511 80
663 73
1056 14
1759 6
1625 7
1747 16
655 30
411 80
674 91
16 62
437 65
930 100
613 6
221 3
1804 70
1221 37
1214 1
1008 10
964 1
868 84
1416 80
441 60
1756 25
1594 86
104 38
1296 96
1460 4
178 18
758 88
1599 86
1126 69
310 3
574 77
1540 50
801 21
1338 21
991 28
1024 34
1193 75
1288 31
1505 21
791 99
24 49
1396 72
1146 64
1751 20
817 36
755 52
625 75
608 13
1819 21
827 73
1084 18
139 34
1024 16
1774 60
1707 13
1015 76
665 67
1783 100
1689 69
600 54
872 77
1559 47
92 10
1517 92
1281 25
1104 46
1623 80
815 17
683 80
194 67
262 13
366 15
552 77
1035 32
833 52
1698 37
219 35
626 16
765 52
910 24
773 9
1812 22
446 8
1302 9
292 87
52 53
115 55
1813 63
1808 43
1206 6
1124 50
1481 80
960 30
1584 99
688 97
1205 17
495 7
126 25
504 13
231 5
1314 9
623 47
333 24
1267 49
1067 78
454 50
981 52
287 11
230 82
1158 52
527 49
1001 51
894 69
114 66
754 6
834 17
773 20
385 70
609 80
901 27
376 2
164 48
258 66
1117 61
1593 58
1033 54
62 2
982 52
681 30
1652 39
893 16
1295 29
143 89
274 38
1541 91
700 68
1792 46
558 59
484 89
695 39
706 37
182 17
1657 96
1546 85
697 66
118 65
55 67
1543 20
27 89
655 58
656 56
1071 85
1602 1
1126 45
685 91
747 85
1109 91
1651 68
1556 10
1397 68
965 36
1346 56
770 24
928 75
516 91
187 34
1111 6
611 1
1664 68
1519 88
1081 90
1626 24
550 69
968 56
313 95
377 76
1337 86
311 19
329 58
1671 81
1420 88
1548 68
920 45
1041 85
1003 21
1815 94
1774 70
1047 32
802 44
1390 60
428 49
1396 22
1326 71
1331 29
1383 79
318 18
1001 94
974 12
1819 59
1644 94
1391 62
1542 79
247 20
339 72
1439 10
657 95
543 9
786 19
1139 42
433 93
663 22
293 43
620 19
990 18
895 38
216 31
1592 53
246 57
1489 12
781 45
574 88
1626 42
1429 42
1424 96
1621 84
406 83
1063 5
1221 99
607 76
827 95
567 46
1120 37
1136 27
1745 63
230 63
1195 80
1650 98
1470 40
6 55
187 47
326 51
810 63
245 2
1574 37
367 84
1138 10
414 59
1574 78
1211 41
829 20
810 29
925 78
1039 44
1144 35
1105 90
1354 5
1608 15
270 79
1816 51
63 59
1406 14
1648 62
191 91
1088 89
1788 87
248 64
398 83
908 49
1237 34
1136 42
543 14
1278 54
1601 78
185 66
174 11
1111 95
643 34
932 72
1384 5
1413 25
870 8
425 77
207 31
582 53
858 25
233 43
1044 67
687 24
758 28
253 93
1010 58
20 10
869 64
415 16
1325 62
19 7
697 90
1736 85
483 71
1752 69
916 54
1374 48
356 6
1802 79
466 2
839 41
16 12
1636 68
798 54
968 32
649 17
1559 97
1181 37
631 40
543 48
542 29
957 26
726 13
514 36
1466 81
1040 68
634 88
572 85
1025 62
1315 48
857 34
1184 18
1586 16
1464 31
1759 31
1388 96
692 86
453 53
1080 37
703 47
742 26
965 89
286 56
1052 80
82 43
1628 73
1805 31
421 31
894 66
178 15
1808 39
1246 36
1511 98
68 27
372 75
154 25
650 96
324 70
775 82
1697 39
194 56
213 33
1322 49
1060 95
157 11
273 77
1317 25
1751 15
1657 12
209 26
1157 8
454 78
98 35
434 94
1692 90
1320 98
888 96
522 4
87 41
1119 100
1094 26
1242 56
1050 50
123 99
484 47
1433 49
1534 77
495 57
716 23
1696 69
445 94
473 27
775 97
1796 99
1247 83
343 9
60 32
1112 3
1229 85
704 83
432 58
832 3
451 85
1448 20
620 76
731 30
332 98
495 50
1090 74
8 45
955 42
328 6
136 54
1317 85
440 42
810 70
136 92
432 45
256 53
428 87
918 20
1274 17
1724 48
1445 89
46 81
243 23
288 79
1625 38
1467 7
958 54
610 29
571 85
1369 92
1439 38
222 26
1581 97
1557 56
1632 20
36 61
1178 10
316 92
950 67
84 17
137 35
2 63
1539 24
23 12
1524 78
619 60
1100 89
1266 29
1291 62
30 19
534 43
1130 49
1526 26
394 35
1748 94
306 46
1741 68
1222 65
1410 4
1684 71
1460 41
3 99
1539 26
661 84
670 20
1548 63
1383 40
52 77
541 91
509 65
1246 53
1725 7
1360 98
223 32
1267 23
455 24
1734 79
1609 67
1045 19
1814 86
673 12
858 63
1397 23
1478 66
826 43
1761 95
1674 70
298 4
294 1
939 11
325 55
1081 44
1079 17
599 74
1129 45
1788 81
309 92
1660 58
950 4
633 10
1650 72
1371 53
1444 39
1504 28
775 75
974 5
1366 20
1004 18
567 18
581 75
759 73
553 59
117 88
955 35
33 11
1603 79
1114 86
1305 71
963 80
1357 18
952 26
1776 58
537 4
77 34
1194 12
134 63
1084 17
267 31
1516 79
1 59
1048 45
377 39
852 73
769 77
1771 65
874 83
1389 64
84 16
1362 6
484 78
1108 100
145 55
934 51
44 70
1114 19
1122 53
263 31
1201 82
613 96
956 29
626 72
1407 89
1203 4
469 47
51 40
219 60
1255 13
805 99
785 66
1142 63
1698 1
45 91
999 76
144 60
39 53
1739 48
77 76
636 41
94 41
235 59
165 4
66 13
570 83
425 47
1462 34
1563 74
1264 2
1715 70
11 93
1505 55
381 79
361 37
1801 35
882 70
299 83
1270 74
201 77
828 96
1296 3
126 41
1388 75
1451 95
147 91
1508 29
980 76
179 94
1784 36
1698 40
419 24
1278 96
137 95
1334 81
1783 2
681 13
1528 11
930 78
535 7
591 4
1782 11
410 42
286 12
1700 89
588 38
271 40
1204 32
932 72
1081 70
684 83
1765 46
1704 20
1648 9
697 32
1435 33
1377 11
426 66
1233 73
82 76
868 27
889 28
322 25
538 74
990 33
203 41
445 84
567 70
71 50
1217 83
582 66
125 53
992 17
56 92
759 14
619 37
960 50
1351 48
1555 18
154 95
1105 95
562 27
1446 67
215 8
323 68
446 13
792 56
433 28
1439 11
197 49
1736 42
1395 28
795 87
644 8
221 78
1361 56
263 39
420 22
513 85
787 81
1210 85
1155 76
205 9
1426 86
1396 97
1519 51
50 10
609 9
1534 99
1269 3
1235 72
870 14
1415 29
140 60
70 71
1025 95
996 89
383 6
672 25
1766 67
266 19
536 36
1348 12
1005 21
1309 68
1052 48
1343 6
473 84
1106 88
236 52
1681 95
1224 70
544 91
1102 35
8 50
1094 58
1362 35
650 1
230 11
517 49
110 48
579 74
1746 98
1647 88
945 67
1707 42
473 44
745 66
1295 12
1247 98
469 25
532 60
1638 84
1360 31
1643 85
1449 84
696 53
1381 62
1805 5
1695 9
198 85
1018 89
1492 71
925 6
1140 90
22 88
1269 71
1132 28
931 20
1437 90
1054 51
679 52
1077 47
858 21
1180 24
1161 97
469 39
391 88
1725 39
1618 68
1637 83
897 25
1311 87
1455 88
361 44
484 97
1551 22
715 91
1298 15
1109 63
1291 62
1780 100
690 46
394 93
1172 59
1689 61
1 8
459 81
1396 74
11 98
326 46
206 19
775 70
843 100
975 31
858 87
469 72
915 40
620 71
849 15
81 57
334 89
1567 97
1257 37
9 23
515 8
1721 46
1155 88
586 80
1459 64
612 35
911 9
1229 70
1492 39
1084 56
903 29
1381 93
243 33
215 85
331 59
58 36
1129 76
1261 28
798 36
1534 7
1144 83
960 83
1556 12
917 45
343 90
240 69
82 46
1294 69
289 60
1730 48
332 61
416 70
40 14
1399 40
456 45
511 93
1762 74
1582 15
140 55
685 51
1320 60
1258 58
1600 55
412 61
267 91
1272 33
1701 73
1270 83
55 20
1494 26
1583 75
588 60
1301 32
415 6
878 31
1440 8
128 12
1544 70
375 96
453 65
499 74
728 18
318 81
742 61
1476 82
390 55
636 25
816 95
1718 64
973 70
249 33
604 92
482 22
1672 82
1342 34
1667 46
1752 56
1370 89
1131 22
13 32
211 49
1086 30
670 80
1409 36
1680 57
1314 54
1780 60
389 83
1732 24
1592 81
386 71
302 100
1485 86
1183 71
1766 51
1738 100
1812 48
968 2
17 71
638 37
1818 88
117 32
1782 12
1476 28
1677 61
749 67
1437 50
1633 90
1309 22
97 81
11 40
700 23
32 51
1236 26
811 3
1481 15
1395 90
1151 68
1605 24
942 44
906 44
479 15
887 53
910 61
736 20
65 45
25 44
1300 8
1228 55
904 77
1234 47
1075 12
39 52
740 2
71 49
758 47
37 60
1813 74
213 73
1380 33
393 79
1558 77
733 38
1185 34
700 88
671 13
1483 70
156 39
1477 94
531 80
1335 88
925 15
645 52
954 63
426 89
1418 15
1798 23
1262 5
805 63
1024 39
400 43
152 63
647 54
177 17
868 11
1350 54
1094 37
466 16
1558 65
821 89
1274 61
1208 73
452 67
1774 19
818 47
990 47
1311 43
354 76
1387 40
263 97
742 65
1116 61
102 88
391 89
1320 72
673 16
326 29
688 71
878 99
