1196
221 13
110 66
138 88
18 80
67 26
137 25
106 42
135 60
82 37
220 26
52 26
192 45
182 26
211 24
176 21
99 64
161 49
194 20
133 18
125 63
134 79
11 73
179 71
142 8
97 24
67 5
213 37
104 63
145 53
112 61
86 99
134 68
16 2
58 60
212 63
2 94
238 15
97 37
140 22
4 60
75 83
58 45
35 37
24 73
178 7
214 33
35 38
52 100
171 46
91 35
15 69
124 53
70 81
96 20
35 36
114 40
79 7
139 50
68 42
182 81
223 72
63 64
151 38
34 86
143 79
208 16
31 47
35 99
216 69
115 13
36 42
6 62
79 79
210 83
239 80
74 28
45 90
23 74
19 76
184 56
173 9
44 77
63 72
220 39
231 72
154 95
208 17
174 13
134 47
219 3
33 57
161 48
187 87
95 3
151 68
99 28
168 42
149 80
209 47
83 72
157 78
113 88
80 95
220 92
226 99
200 68
162 41
168 65
135 86
42 51
221 96
130 22
59 19
195 3
103 49
33 43
113 10
192 60
111 80
125 30
226 26
213 43
1 16
162 26
233 81
108 80
79 61
68 15
214 38
16 84
222 86
152 16
7 61
63 81
96 64
158 21
73 78
180 38
1 79
26 19
11 41
93 91
119 66
154 80
84 46
153 19
236 4
9 52
239 77
20 9
153 12
89 77
137 45
82 97
131 9
194 43
227 89
152 46
193 75
109 59
94 89
58 94
205 3
154 87
173 35
227 86
229 91
80 87
228 32
39 17
8 18
34 84
52 90
136 60
166 23
3 6
62 8
139 34
69 4
86 53
135 67
79 30
238 64
132 34
113 17
32 96
135 81
109 77
60 35
206 73
56 14
94 69
197 81
209 79
44 76
95 21
158 6
204 3
210 52
126 69
92 71
233 9
17 74
146 79
5 91
73 94
14 65
185 58
23 98
227 96
148 69
20 26
126 83
147 46
157 11
174 15
23 93
216 65
10 88
81 60
35 97
96 29
18 28
143 96
107 62
189 93
185 25
12 86
103 68
148 94
162 85
100 55
51 79
206 87
136 41
204 55
37 78
211 48
204 25
196 49
114 28
188 80
27 47
215 72
56 41
201 5
222 21
228 98
182 10
70 67
106 51
121 63
83 77
161 4
198 56
31 81
173 13
227 47
166 86
145 48
23 12
23 73
175 35
120 13
215 83
194 60
207 30
161 80
178 29
46 8
206 71
169 96
103 6
84 58
33 36
45 15
231 25
150 63
134 7
158 34
13 71
18 53
28 19
73 71
126 66
113 72
211 5
136 37
180 80
217 12
206 15
199 42
209 14
155 76
230 41
75 98
6 36
199 32
53 67
228 73
67 27
149 17
17 81
213 78
126 39
71 50
239 8
211 75
113 54
85 81
32 86
115 55
214 7
156 63
148 35
225 64
60 87
206 30
26 30
137 56
94 83
166 14
91 54
227 7
102 16
98 58
221 99
143 81
144 41
56 72
239 78
153 39
143 58
203 92
53 93
104 65
173 83
169 86
145 85
108 3
141 25
74 63
203 9
222 77
6 60
61 90
69 43
220 3
15 79
197 18
106 66
39 15
143 10
58 27
93 63
238 14
146 66
17 37
219 3
228 27
174 78
78 35
131 93
189 22
130 65
114 94
156 13
224 79
236 10
60 92
92 8
230 3
151 5
43 12
147 43
44 47
205 2
204 5
23 58
47 63
75 55
56 53
48 67
201 68
183 33
18 62
175 89
181 27
177 47
6 48
57 59
203 51
117 67
102 57
179 47
157 68
8 55
123 28
6 28
52 23
107 93
136 32
149 61
91 52
15 66
104 17
125 23
124 51
191 66
203 9
33 72
158 50
137 55
70 77
164 36
49 78
126 69
220 56
97 83
207 98
203 74
190 10
172 1
69 4
132 4
187 81
176 95
228 61
148 24
218 54
35 34
230 56
118 83
9 58
233 19
70 33
7 92
62 3
193 7
81 9
137 33
186 33
17 68
126 65
177 37
60 14
17 26
178 2
19 9
30 98
208 48
141 100
69 62
16 50
34 26
59 17
184 51
38 91
121 9
185 12
182 19
189 52
46 37
103 86
114 59
160 43
68 78
53 86
5 68
187 92
8 76
177 65
90 15
94 26
96 20
73 40
63 21
88 88
239 67
30 73
116 11
45 39
167 32
92 39
168 84
161 30
48 79
113 15
219 43
209 76
233 3
41 23
174 89
193 6
124 13
222 61
171 14
33 51
100 46
41 56
91 38
205 11
59 11
93 66
160 5
25 2
35 4
164 74
32 70
68 68
10 25
173 18
78 69
238 95
101 12
21 36
105 71
130 88
139 1
233 54
34 3
51 3
148 28
162 31
223 15
174 61
159 22
117 85
95 61
9 85
36 20
128 33
27 20
154 89
142 65
51 21
36 88
76 83
162 13
137 3
35 92
75 100
190 94
235 41
11 29
233 70
84 82
37 13
75 32
68 42
58 58
24 58
133 62
206 95
55 76
55 4
207 79
38 58
154 24
119 54
48 83
144 32
167 96
115 37
79 10
99 58
212 53
16 67
195 45
206 56
161 11
114 36
190 53
213 64
119 59
202 31
219 57
165 4
24 78
219 93
18 48
70 9
161 31
37 24
137 81
174 68
50 37
97 36
64 20
5 53
87 2
25 5
210 89
161 9
215 15
87 70
116 65
159 64
112 85
89 28
153 8
8 87
67 50
64 68
135 32
121 54
9 28
143 80
88 19
233 50
216 92
124 69
177 10
79 69
214 8
89 30
196 71
84 39
57 54
195 46
105 16
10 83
172 65
199 30
155 56
117 52
41 31
182 55
239 52
19 56
172 49
23 34
156 35
156 39
233 37
216 72
63 91
60 85
48 28
53 68
17 8
197 2
7 96
113 90
102 23
1 53
197 6
150 4
161 76
26 39
224 39
16 37
165 21
40 1
161 76
68 68
134 42
43 11
31 6
113 59
154 52
204 41
233 26
124 13
127 43
137 7
27 6
166 60
28 7
19 84
10 59
179 33
99 80
64 63
117 87
209 12
166 27
132 90
159 94
223 7
17 29
23 32
71 98
56 2
209 2
152 82
19 54
113 6
112 74
193 46
107 63
87 54
131 67
199 27
238 13
190 73
97 52
106 5
155 23
15 90
99 100
185 40
86 47
163 26
74 13
164 17
88 18
140 41
182 81
97 91
191 22
6 83
40 60
70 22
113 68
82 86
131 61
113 60
223 93
127 78
99 92
154 80
84 63
114 66
159 55
215 97
118 21
38 30
234 92
38 76
123 25
67 25
48 78
139 91
62 22
238 49
31 74
67 77
218 2
232 15
35 69
13 34
190 73
173 50
16 51
141 14
191 36
74 6
38 52
5 1
94 85
125 17
88 6
26 73
67 11
153 34
99 46
117 31
184 20
176 24
232 39
27 7
174 13
193 9
190 44
4 85
196 88
4 94
157 55
24 10
4 28
3 81
156 9
22 91
4 26
103 80
200 11
51 75
45 42
218 52
237 73
199 22
112 29
35 25
186 28
25 74
125 6
30 76
14 69
75 12
18 87
203 65
55 83
70 7
190 73
60 62
140 27
125 77
96 60
42 8
186 25
214 76
29 44
138 29
20 15
116 21
86 63
105 92
191 48
180 88
135 100
142 3
147 62
103 54
227 56
119 27
163 42
42 33
173 12
46 15
17 35
144 60
121 73
232 31
99 34
186 90
99 6
19 14
100 41
93 56
218 34
22 60
223 3
73 7
107 46
234 17
115 32
39 86
69 33
206 8
152 62
204 74
227 19
113 50
170 86
223 10
50 26
15 29
132 44
108 73
105 58
38 10
139 47
65 72
84 29
230 7
188 75
7 39
123 5
178 69
205 85
135 13
83 28
178 82
171 34
26 91
93 73
55 1
175 67
102 13
225 60
194 22
142 42
34 100
144 100
15 94
105 100
226 57
215 98
232 63
6 18
114 21
6 38
208 93
45 29
135 44
165 46
121 70
19 5
107 88
52 27
138 76
52 17
165 46
95 12
140 5
14 53
93 36
14 25
39 80
109 74
34 32
195 68
49 10
14 95
179 29
34 61
182 4
131 20
234 19
15 74
56 58
18 88
5 25
122 23
234 13
31 33
231 20
45 68
144 99
81 58
130 31
148 89
141 1
129 71
41 6
56 51
28 89
7 100
102 75
173 41
160 58
95 52
45 4
72 29
131 92
178 60
124 64
18 16
153 28
33 42
94 80
194 29
29 43
67 40
118 49
47 84
171 78
208 85
229 35
148 20
189 24
228 56
42 42
5 78
125 26
103 3
51 88
118 34
192 35
137 95
150 96
142 58
2 75
235 99
227 33
81 8
38 98
56 64
189 61
68 2
208 32
198 37
5 59
220 47
71 70
108 40
185 83
113 70
113 85
31 53
115 1
226 55
34 17
17 55
159 40
158 99
39 44
236 31
121 60
101 9
102 57
209 24
85 89
110 56
156 18
227 41
194 100
217 72
43 52
99 63
148 18
85 60
34 80
120 94
3 74
27 83
138 45
1 96
10 61
152 24
152 77
127 95
49 12
210 28
150 37
30 92
178 39
129 65
75 71
133 59
193 81
91 2
16 49
41 67
43 65
220 35
168 33
91 78
60 58
175 81
186 9
172 36
125 28
87 74
193 31
14 29
137 42
111 46
229 7
58 81
99 14
216 86
176 92
163 49
195 5
223 32
59 95
155 56
184 96
120 45
236 77
72 55
43 53
158 17
130 3
115 6
162 19
139 38
174 94
187 46
195 94
54 79
61 90
5 26
212 84
65 18
170 42
148 33
50 78
2 37
23 47
183 23
143 32
13 26
3 25
134 97
126 92
123 68
153 99
126 79
123 93
202 1
117 33
137 78
127 17
126 54
142 23
1 62
119 15
29 4
91 22
181 57
99 38
17 75
109 2
60 72
124 88
187 19
158 28
39 55
2 12
3 20
137 11
35 1
129 47
129 44
141 53
12 53
148 71
156 84
99 24
45 17
67 98
211 5
146 24
121 60
80 8
71 14
106 12
222 7
202 55
147 13
26 76
15 98
201 86
44 27
123 93
42 48
41 58
89 71
14 31
169 13
116 64
2 96
82 26
38 96
201 54
101 42
15 23
203 97
84 49
96 69
159 68
228 8
126 34
129 60
215 24
198 37
25 43
235 26
83 13
112 29
196 38
91 99
224 49
72 78
217 13
147 39
49 41
191 72
14 8
239 6
70 40
131 44
234 36
238 36
66 100
172 51
187 71
