2049
321 28
41 16
359 14
73 17
104 13
96 45
166 75
63 96
110 91
117 43
226 34
234 11
25 30
92 26
91 78
364 71
299 79
357 90
67 37
303 10
250 23
366 14
337 83
396 99
346 89
278 21
408 11
138 70
327 15
50 30
365 85
170 62
260 35
139 57
328 57
99 10
115 8
355 72
123 22
120 89
344 32
326 51
384 95
321 52
66 3
290 96
334 79
249 76
239 71
379 14
306 18
136 37
256 67
176 93
211 52
70 100
208 14
142 81
289 86
243 79
51 95
174 76
71 18
90 83
309 24
185 18
168 68
299 94
41 54
347 3
133 57
256 16
35 84
73 54
107 91
202 16
299 71
222 13
150 42
121 42
248 100
40 3
282 39
85 93
373 7
350 41
387 34
98 12
359 87
68 55
110 73
372 91
363 69
49 83
254 45
151 32
305 55
141 42
247 8
8 84
357 96
257 78
364 63
254 48
340 20
220 43
62 50
200 72
304 27
296 59
253 100
76 72
151 73
30 95
75 62
60 14
268 52
203 38
386 74
32 67
192 31
400 13
116 69
366 3
15 21
410 75
128 100
256 29
408 39
374 44
340 59
341 10
221 21
77 80
86 76
250 26
200 15
10 60
339 90
260 26
153 22
153 69
117 44
381 70
28 4
28 5
73 64
12 3
132 56
223 70
373 45
99 71
51 77
403 46
379 86
119 20
121 49
366 51
389 53
231 54
135 19
380 88
308 51
123 5
93 92
278 70
95 37
11 70
210 18
9 5
273 29
117 64
28 22
311 92
207 26
406 93
48 99
227 14
227 48
69 99
17 99
343 79
91 88
374 33
6 90
283 9
385 54
137 33
353 97
334 43
325 99
354 70
314 6
151 94
408 23
403 67
97 53
58 16
288 28
360 42
175 34
50 77
62 81
200 36
48 93
63 25
211 100
118 36
10 76
218 1
408 58
333 31
393 49
319 91
176 17
400 2
22 87
195 92
6 45
363 51
57 50
103 15
295 54
108 39
110 53
337 21
328 18
398 23
189 50
125 72
144 13
208 93
112 40
379 17
253 19
404 78
393 16
42 24
53 40
100 42
78 4
345 49
212 50
292 95
56 26
166 4
150 78
365 67
186 4
110 99
82 80
102 80
308 99
387 69
188 99
316 2
350 71
99 49
356 91
408 10
328 46
65 44
7 2
89 72
290 51
369 39
352 70
105 47
27 4
389 33
128 17
303 65
126 82
229 3
266 65
338 88
241 87
116 23
373 86
264 81
258 28
197 39
33 26
373 98
91 97
366 41
302 83
164 23
65 75
32 85
242 16
39 98
84 12
393 81
144 56
56 75
6 2
385 97
23 38
93 15
364 20
344 88
54 12
285 8
320 1
380 95
342 7
256 100
266 71
167 15
167 51
190 9
270 85
178 75
389 33
96 65
121 28
217 11
31 57
283 92
43 72
195 35
10 13
190 55
335 30
185 47
58 23
295 64
164 81
20 47
140 22
31 32
233 71
338 53
174 86
292 47
190 95
41 93
359 42
136 28
349 86
277 1
357 56
71 34
258 50
81 7
197 37
165 96
111 31
144 25
4 25
245 83
299 57
228 95
14 30
185 20
229 79
133 43
304 58
285 73
4 2
366 48
332 82
262 2
248 60
161 44
132 18
171 30
183 83
343 68
124 54
165 11
128 10
328 29
252 51
86 21
259 13
106 46
372 55
48 52
353 45
142 56
98 18
116 30
390 89
103 58
388 13
262 10
123 60
4 40
113 68
213 29
93 82
74 80
75 8
268 1
302 41
158 31
280 26
381 36
228 10
169 99
27 15
36 88
112 37
320 10
289 89
192 41
103 92
142 17
134 99
134 51
58 52
325 3
228 73
117 67
300 70
365 79
211 80
316 26
161 10
350 28
112 48
192 30
238 62
272 33
402 25
177 61
166 9
156 40
300 67
329 24
67 3
253 41
283 69
303 55
230 18
155 46
297 83
353 67
252 7
262 87
353 99
117 96
349 100
94 3
392 57
21 29
394 79
91 40
208 24
254 59
227 8
16 32
223 4
348 78
255 91
132 26
363 76
91 8
59 73
274 12
380 61
5 10
45 72
173 66
361 79
97 36
128 1
184 98
103 3
372 38
189 24
256 70
21 34
255 76
180 83
283 64
312 4
46 34
67 57
22 99
122 64
277 3
4 52
382 23
124 62
229 8
142 40
222 100
47 55
88 20
105 21
251 16
120 48
407 56
117 30
375 65
274 16
95 30
22 16
250 98
148 97
330 82
330 25
113 39
223 5
222 69
153 45
233 39
12 98
65 59
356 61
308 40
402 65
217 64
129 40
147 56
257 70
97 18
389 40
327 11
255 89
82 73
300 46
242 88
58 19
126 79
10 48
230 13
95 84
262 61
146 85
32 36
92 42
216 28
274 57
395 48
410 76
395 89
104 3
83 47
269 31
410 84
209 66
148 1
162 45
322 79
261 19
26 41
10 15
100 87
135 80
352 7
381 20
232 23
194 24
11 31
383 3
149 43
153 43
221 76
15 83
364 78
194 59
78 14
235 32
404 39
292 38
33 15
306 82
343 77
227 78
2 79
410 62
232 65
288 94
376 72
55 13
235 81
284 11
245 37
157 19
383 67
19 2
267 84
326 69
67 26
239 72
128 44
237 83
394 57
70 49
283 51
188 99
229 24
347 64
332 60
137 43
138 60
74 50
7 43
11 42
268 61
22 33
397 54
143 14
197 18
119 69
100 69
138 83
326 95
55 52
95 62
93 6
386 51
301 47
175 42
291 94
254 46
249 79
223 19
59 17
396 87
208 66
277 70
186 48
288 48
34 29
355 61
244 48
187 2
192 52
202 7
311 24
68 50
326 40
70 28
62 59
358 24
60 16
300 34
274 23
190 73
163 47
185 33
200 94
261 79
276 69
11 78
53 32
183 15
164 21
254 43
298 24
120 60
1 69
307 93
401 5
72 82
42 41
194 81
410 43
241 53
253 94
141 2
38 65
84 72
226 73
116 46
285 82
282 69
158 39
37 21
278 83
270 33
27 37
217 12
322 12
402 56
278 41
341 13
48 63
324 43
383 58
74 24
146 81
406 53
180 95
297 64
255 92
119 76
89 7
366 50
30 30
2 92
336 82
146 41
236 78
294 74
398 24
359 69
275 33
199 60
168 35
136 66
188 55
151 24
177 78
68 60
153 87
68 79
331 78
43 37
84 34
138 21
205 84
409 9
278 31
226 94
167 24
50 96
279 69
331 60
7 44
62 29
394 5
305 94
5 88
35 8
338 87
269 84
86 74
13 21
365 37
269 36
334 83
340 83
30 87
387 38
333 30
406 80
366 75
269 48
319 1
200 50
130 56
317 40
130 51
64 41
120 19
53 10
256 17
354 45
388 92
143 52
336 6
20 15
294 94
294 19
382 69
378 40
287 6
262 38
42 5
368 95
47 69
265 78
84 99
196 45
32 59
65 44
38 11
226 55
230 39
50 85
48 87
16 61
100 79
174 15
345 72
112 92
151 2
234 42
4 12
73 47
327 8
258 100
85 56
7 20
357 3
44 43
393 3
255 1
155 54
169 45
401 81
86 14
237 45
45 59
389 93
26 94
90 67
269 59
202 22
143 23
241 11
91 29
357 23
60 50
381 65
115 93
269 65
111 65
294 54
317 11
392 8
259 99
94 51
270 46
119 76
313 29
184 14
41 31
228 5
401 56
215 93
332 72
37 33
209 89
324 59
122 82
304 39
69 36
59 1
129 56
193 15
254 68
127 10
2 54
199 68
115 22
362 40
83 88
247 22
127 64
159 27
148 2
396 16
162 99
177 36
183 51
311 34
237 37
191 97
62 40
152 23
410 99
347 91
218 29
60 95
200 27
119 28
6 34
127 58
110 55
75 16
216 33
251 86
362 14
48 97
404 14
305 59
267 81
101 91
329 11
355 62
235 90
391 53
375 77
148 57
381 38
21 67
61 7
71 40
236 77
96 80
118 74
101 58
271 32
296 16
114 36
195 87
18 20
352 45
85 20
153 86
9 87
193 89
408 14
283 60
111 11
177 90
78 83
104 36
25 89
276 37
338 67
50 10
175 24
358 15
202 51
85 4
104 23
243 81
294 90
161 17
312 5
28 54
23 48
261 26
278 43
343 42
312 94
234 86
280 4
24 71
94 52
145 67
310 18
253 69
285 72
3 43
42 92
68 61
305 29
404 71
391 88
153 88
138 9
197 16
144 15
59 18
404 10
65 97
315 32
243 55
141 37
109 16
253 38
401 47
332 33
16 79
50 44
234 51
7 11
278 91
175 37
69 88
382 50
264 40
74 12
307 57
211 51
16 72
247 44
346 9
189 99
17 85
45 58
29 51
228 62
373 38
187 68
339 41
42 91
118 65
344 88
295 84
212 42
1 56
388 28
115 4
359 29
410 61
287 11
341 14
319 75
366 7
95 63
164 94
306 41
293 32
270 40
316 23
104 33
174 19
88 77
363 48
142 5
35 39
387 93
161 86
374 77
370 65
156 32
68 36
360 2
23 87
88 14
338 56
255 13
4 3
315 25
181 35
368 12
145 79
265 25
372 25
244 70
337 57
234 6
309 60
400 78
337 40
346 81
169 41
117 67
205 40
246 81
387 94
402 33
157 83
255 80
228 69
165 4
334 60
398 24
112 78
92 100
39 53
374 90
257 56
95 77
398 80
173 23
199 78
359 50
314 91
292 78
285 37
174 28
215 30
42 84
177 96
392 8
130 88
388 31
299 14
132 68
192 45
77 83
199 25
74 36
172 16
394 84
109 57
399 86
197 64
82 74
168 18
196 80
93 1
213 38
216 100
322 70
300 70
100 79
180 90
404 89
133 73
110 65
288 79
407 69
186 83
396 93
387 24
200 99
229 65
382 56
236 58
278 67
248 32
263 42
135 93
400 99
383 63
45 23
393 49
330 32
349 97
313 27
35 56
270 63
275 74
192 47
276 8
286 68
316 72
354 14
250 33
180 8
161 91
93 38
308 24
15 57
256 22
291 12
234 77
191 66
339 37
135 72
96 95
136 22
47 44
192 82
7 67
96 99
156 83
211 5
231 70
152 16
79 11
336 57
187 3
67 88
334 93
39 92
407 78
386 15
272 49
211 30
199 86
7 42
318 79
338 12
136 31
325 58
126 100
398 89
115 31
161 66
11 70
367 95
350 14
118 55
406 13
406 95
359 26
233 6
408 13
224 63
158 73
233 89
295 67
258 18
350 23
347 65
59 84
117 27
348 82
138 46
184 52
356 1
322 32
348 59
167 13
279 45
168 30
257 56
