9292
1513 44
388 65
339 16
141 48
1211 51
572 23
1645 55
1192 57
187 74
993 6
832 100
644 68
1186 19
779 20
484 34
1659 14
1207 90
441 65
762 84
98 61
583 69
215 74
698 84
168 36
597 36
758 75
477 55
1186 62
834 41
1756 41
417 45
16 12
666 35
818 66
1816 57
1564 93
815 69
1044 48
1671 4
659 36
1125 58
1391 93
1135 90
2 10
1633 16
26 15
740 13
769 74
14 17
1536 71
436 19
1661 37
1835 41
1686 56
1585 38
1206 29
170 54
485 44
1656 7
324 100
871 97
1130 99
674 64
406 74
40 26
1226 99
855 82
89 68
1534 57
854 87
349 66
318 53
1800 79
1258 90
802 51
1677 83
1487 66
733 66
1570 62
109 38
1129 17
1753 71
1791 69
374 84
15 15
1330 73
79 66
1812 77
876 33
1120 11
1061 10
1420 42
1771 18
1849 3
1334 18
1799 56
1506 74
791 46
1018 31
1519 71
1083 68
597 22
269 44
597 30
20 84
252 27
145 30
1495 61
1278 22
1070 82
523 70
659 81
166 32
1604 81
1525 92
676 52
201 57
688 12
521 10
1556 11
211 5
1114 16
1698 69
1424 61
1142 95
577 82
1439 59
1222 58
758 78
1702 93
1366 96
1210 25
508 61
1651 65
1538 87
1609 16
518 42
801 61
634 54
568 18
1492 57
187 64
1430 76
626 6
1164 49
961 22
940 38
837 74
1514 33
1396 9
1662 4
624 27
173 15
966 66
1486 20
724 25
580 38
1802 35
724 75
512 42
1614 65
1137 41
765 19
1638 58
72 63
597 33
539 33
221 80
917 85
1220 99
1442 66
1179 86
62 97
380 58
1396 43
1069 8
1040 35
386 35
116 3
1055 54
1554 92
1843 5
165 30
1643 41
1719 26
539 62
660 24
91 30
1542 32
1795 38
1532 68
745 24
541 60
1608 39
1518 89
34 19
1088 22
1504 76
730 16
527 48
538 63
1771 78
1766 79
1735 90
1786 68
567 22
1302 46
410 52
751 70
125 12
1486 16
1106 6
1609 91
1416 16
658 81
1697 37
440 83
1658 95
996 92
460 63
748 75
1849 3
49 30
628 96
1388 25
784 84
1489 43
1289 20
782 63
821 70
707 75
1229 87
872 75
1753 100
1113 95
367 58
1078 18
1412 24
1454 11
479 66
737 62
722 6
1285 33
81 3
1209 53
1519 76
1452 18
518 56
273 87
1614 19
1730 61
1849 49
1110 82
257 13
912 38
1500 71
429 48
17 18
86 91
17 44
1171 91
1767 56
1424 43
321 35
773 80
797 90
1262 32
1844 30
470 7
284 64
1174 56
1114 3
220 35
1038 8
1597 22
1661 64
214 20
96 60
1019 79
1600 30
558 74
1104 91
1232 53
1132 51
1564 31
1146 21
1753 4
137 11
1188 76
1634 65
340 84
1415 92
1489 88
1216 1
376 29
1394 80
1370 94
1374 18
1545 53
1420 46
1315 35
244 94
240 91
1349 93
1724 74
1033 61
1758 17
376 27
930 47
467 75
5 90
614 44
654 10
1530 37
853 61
834 52
1043 49
397 89
1161 71
1819 75
1340 90
663 89
1340 99
89 28
846 20
619 12
882 1
125 74
1050 7
475 32
179 51
1709 76
44 19
864 6
248 46
1538 46
207 44
1758 89
54 99
288 43
1206 53
1703 81
1484 83
995 20
1384 52
1446 56
1147 27
25 16
1776 37
672 96
217 86
324 8
1198 48
1645 84
230 32
266 8
694 43
238 13
1806 82
73 18
1770 64
1137 62
626 47
358 10
1553 10
1450 55
113 55
759 16
1451 86
864 100
1254 73
1651 67
1129 42
1519 27
1598 6
560 91
1710 55
487 69
1239 92
1335 78
1488 37
609 62
786 79
1509 4
976 55
926 89
903 43
869 60
906 31
1713 92
1219 96
905 28
847 56
1373 30
122 36
604 78
232 89
833 74
1463 75
722 94
1661 36
813 10
1846 54
1571 20
790 20
1602 72
463 33
1227 48
1580 62
1641 75
795 96
1512 24
1593 21
763 39
972 33
1756 71
1161 88
373 32
651 24
1211 55
351 45
1546 99
254 61
417 68
27 97
352 9
1011 67
1834 58
283 88
397 75
298 23
1108 65
1333 52
177 78
1000 80
275 54
1657 31
859 15
807 35
1281 36
405 33
262 81
1051 94
903 53
260 86
484 97
1088 41
1358 83
635 49
720 40
739 39
1065 35
384 31
63 74
1810 91
1367 98
384 17
607 40
1331 67
1013 46
1231 40
329 32
383 63
898 51
1293 67
1271 66
358 77
1420 41
1602 36
1831 31
376 46
144 73
1156 66
1608 38
1513 74
867 20
818 92
1086 89
1075 16
1763 67
1224 8
512 22
1556 42
815 47
503 18
5 81
576 98
672 80
92 68
980 11
1177 25
931 56
1532 54
137 58
367 40
1508 17
1082 35
877 78
1844 37
836 38
1676 47
382 8
427 26
221 25
961 78
248 83
1058 61
1242 62
819 2
1323 15
1650 64
391 40
1484 91
225 71
524 95
1596 77
1 37
436 45
197 78
801 95
515 25
433 97
1477 4
1133 48
1836 83
1644 10
860 60
472 45
1699 84
1457 100
1611 61
1523 37
7 27
1791 68
302 7
1332 97
265 27
932 90
27 52
582 100
767 17
907 80
299 40
1351 64
491 79
1487 11
1586 18
15 69
1670 82
1640 75
1311 93
2 42
33 64
72 51
399 33
1461 92
1284 100
501 63
1850 31
5 52
1062 11
940 5
497 35
1722 71
1091 21
817 73
1579 34
1256 95
1400 4
1088 3
294 66
553 36
1444 13
758 12
1084 74
452 50
935 93
816 81
45 73
1328 68
1430 19
301 11
1851 85
97 73
964 35
1328 27
881 19
703 98
771 4
1278 67
1339 98
982 42
1704 67
1744 34
759 16
889 36
1497 67
138 44
829 62
1801 82
1518 20
1664 33
173 13
1002 70
288 28
345 18
1407 39
1841 17
1291 90
424 40
1576 78
64 72
966 51
1743 47
684 11
734 4
1450 18
194 97
980 99
218 84
195 31
1619 39
541 19
1429 33
303 89
972 20
225 48
1522 88
449 40
1542 25
593 95
1373 100
206 56
927 61
755 80
506 29
1281 57
573 12
1543 81
479 92
143 8
444 66
508 51
99 41
1601 35
784 80
229 100
754 11
134 75
1822 49
1531 91
599 46
1598 30
568 54
828 56
1519 63
176 53
1503 1
287 89
1033 93
1108 5
1624 29
1561 94
1273 63
1691 44
653 74
1566 66
714 4
94 26
1291 42
444 64
206 92
1653 67
383 88
329 56
1770 83
1623 30
463 78
125 22
463 91
407 96
1493 31
744 80
1411 73
631 26
1211 70
508 95
347 3
827 99
938 15
1195 10
1017 2
1130 47
1637 73
79 96
492 17
1025 27
390 37
77 59
68 56
635 37
1776 23
408 86
24 49
1593 43
1622 50
854 79
508 20
666 73
892 76
1772 44
854 60
178 9
300 30
1802 74
915 41
1325 74
214 49
674 78
1806 41
417 31
909 32
1742 21
1446 5
535 51
1244 41
1109 57
839 48
1001 4
1299 50
308 53
921 55
789 100
1066 69
257 64
1753 57
410 27
1107 77
1064 5
1394 67
454 44
1148 91
301 97
705 55
881 13
1054 21
903 62
879 36
349 4
1049 31
1114 27
176 86
1654 96
1512 47
1075 72
848 76
1031 25
1081 41
970 82
1497 49
525 3
1561 38
1469 65
947 30
1183 78
25 28
68 96
1035 87
1638 59
1340 26
232 80
1608 78
1706 68
1078 34
1400 45
133 5
1025 28
1189 66
1618 36
961 33
920 75
1339 18
669 52
265 76
1037 13
871 44
1324 1
698 19
528 55
56 43
269 95
1349 94
407 68
1202 47
1688 13
1191 36
502 99
19 68
537 57
203 22
1661 38
546 52
1800 62
582 45
126 100
450 6
1380 71
1720 60
1503 54
848 88
1773 2
1474 63
163 10
970 76
243 42
245 67
1721 90
795 99
123 91
1269 1
583 17
352 32
1124 26
1355 30
430 95
1786 73
1364 75
180 36
644 56
1576 19
750 86
1606 82
1622 88
1703 40
465 80
997 36
227 75
613 22
495 80
1692 43
959 48
82 9
287 56
1459 22
1319 43
861 20
273 22
41 36
828 8
235 85
369 29
724 76
1442 77
680 6
380 61
1811 8
208 17
1652 36
1773 31
1329 60
1192 29
1226 12
94 70
1229 45
450 69
401 77
437 55
879 73
109 60
1542 42
746 70
868 94
985 10
1166 22
1746 20
1687 24
1461 66
1458 36
1177 1
197 24
1084 36
1103 31
327 54
679 36
749 29
748 12
141 43
1803 14
509 68
1586 69
1304 100
1422 15
1794 62
380 61
803 87
401 100
441 10
1549 11
1478 8
285 88
1464 41
1660 17
1693 58
1521 95
691 71
432 98
738 76
143 53
128 47
1265 51
385 50
1322 10
1328 72
1314 72
9 93
916 47
842 89
1153 37
819 51
1042 41
1724 35
199 98
1623 16
934 83
1498 65
76 10
1064 34
211 67
411 98
1141 45
203 92
979 93
1693 75
740 34
177 27
1294 21
1422 84
206 81
1201 35
574 18
1858 68
23 100
694 50
996 72
929 74
699 83
96 40
572 18
1585 39
30 53
1143 82
954 73
1834 12
462 19
1377 51
1838 11
700 38
395 17
27 8
539 27
964 20
1521 57
795 71
1776 67
568 59
171 50
813 2
120 36
1527 91
1759 13
1095 46
617 13
1481 93
1202 22
271 1
1282 82
1479 21
1853 97
712 60
1463 96
1257 10
1121 41
1482 71
921 45
913 36
690 39
18 32
1303 24
856 2
1308 37
1634 12
1310 60
241 18
885 91
1315 42
1439 67
165 98
7 1
182 6
1241 22
1622 73
428 59
1044 37
365 58
1173 35
1463 44
254 93
124 73
111 8
1335 96
1418 52
941 95
1621 8
978 64
1559 60
347 23
725 14
1090 41
958 61
1172 71
119 36
383 18
1665 33
1844 1
672 63
492 3
1465 73
222 95
20 57
947 79
613 6
1082 91
663 9
894 28
739 100
188 78
427 37
600 100
451 31
113 27
1620 18
747 77
1211 32
206 25
1148 19
1419 83
959 49
389 56
530 8
522 81
1502 53
1835 80
335 80
1063 70
881 79
1194 86
511 89
733 14
126 98
984 66
647 69
1292 100
483 92
296 34
213 32
160 44
253 96
31 68
101 84
1771 76
696 27
1516 22
1041 40
1053 79
646 98
923 38
1419 70
838 70
1312 30
1034 100
711 37
707 24
122 37
1003 62
318 37
376 93
1834 95
1321 16
389 53
1682 21
954 72
1431 36
151 27
1774 93
1822 49
329 83
948 35
498 92
559 49
478 16
281 9
201 31
1443 39
1652 69
1665 31
1053 67
621 52
1078 5
932 47
734 84
1772 3
1486 37
881 26
1535 2
201 38
1170 24
530 18
261 57
1662 74
732 38
1516 69
483 9
1695 67
140 31
1507 98
453 70
543 90
539 79
1597 3
1043 56
42 15
1009 73
1047 39
1251 25
1345 24
1789 10
896 92
1379 59
312 32
1199 3
747 84
501 69
43 94
637 42
24 8
216 21
209 79
320 48
414 66
1049 43
655 81
1014 87
1143 53
1006 62
515 18
1273 29
1118 16
1239 71
561 82
479 86
409 67
1451 93
1124 37
656 39
829 70
1278 36
1081 31
1780 12
175 32
1772 38
1463 26
265 99
113 96
462 32
822 27
1680 23
593 60
1483 32
1672 50
484 59
1467 3
839 83
99 78
1548 83
1368 85
1843 3
278 70
1093 79
1195 60
717 3
