2242
381 24
194 26
321 80
443 79
397 54
320 96
216 43
23 40
426 82
111 90
427 71
439 58
7 18
299 31
174 25
235 25
138 68
281 39
430 10
110 3
197 99
130 30
148 83
359 85
144 60
89 89
92 51
301 48
98 37
152 83
34 43
435 18
19 8
50 25
219 28
136 23
207 54
416 65
318 28
8 20
434 63
40 35
294 16
6 30
28 68
330 74
250 89
9 82
168 91
352 87
327 51
160 5
292 95
441 21
375 57
263 72
20 96
54 17
154 35
170 72
157 19
403 89
246 71
217 36
291 79
310 9
246 39
430 24
20 4
98 2
282 97
14 35
415 66
273 35
89 22
77 87
149 21
258 74
159 49
290 83
146 38
316 91
207 82
356 53
33 4
314 78
37 15
156 95
203 18
141 62
10 58
387 91
386 6
432 92
271 55
404 9
178 3
359 85
332 50
108 88
14 88
375 92
322 92
115 4
310 44
158 37
132 100
230 36
228 13
245 72
375 41
247 81
213 53
54 15
159 81
46 13
104 22
264 73
312 64
372 55
28 99
228 43
378 69
56 93
14 10
205 5
193 97
220 72
131 56
239 37
3 49
224 17
85 64
448 53
38 49
200 28
340 87
225 75
250 78
171 12
275 33
104 17
187 57
135 90
355 48
386 26
380 65
296 47
8 8
135 38
252 98
378 40
260 15
216 73
260 78
331 20
39 85
50 21
167 57
296 84
180 79
243 27
338 89
89 27
128 10
426 3
378 34
146 53
234 8
124 59
102 79
280 94
1 82
364 38
120 59
199 57
269 40
43 60
413 69
20 85
290 41
357 44
203 53
223 69
260 41
160 19
216 87
224 95
80 2
310 49
174 21
37 64
282 38
251 77
143 29
349 12
370 81
171 75
135 83
330 19
5 87
270 58
18 100
185 67
30 22
418 86
60 26
398 57
140 61
11 98
210 56
189 26
234 20
332 8
419 57
8 58
393 69
195 72
390 100
179 99
444 77
423 65
318 11
16 2
284 98
419 82
227 74
162 9
285 36
9 31
287 38
66 92
17 100
323 90
104 52
246 18
152 69
66 97
272 25
398 56
172 91
430 59
212 72
43 70
310 33
440 53
114 11
139 87
394 10
361 4
138 47
12 78
373 34
110 25
261 31
331 22
387 25
44 57
259 20
347 97
265 54
42 54
319 19
135 78
12 86
389 24
165 35
317 15
69 21
347 5
161 1
357 46
240 47
260 76
448 56
34 46
431 98
89 6
402 60
291 60
157 16
280 81
63 28
315 70
66 22
270 13
341 95
160 90
398 46
240 71
315 86
299 2
296 31
434 54
190 38
115 32
85 72
288 84
412 5
405 53
299 38
136 45
431 51
35 83
239 32
313 10
285 58
429 40
373 81
443 58
331 80
269 25
178 23
398 10
129 67
316 43
9 88
432 74
27 88
285 68
202 22
72 93
197 42
92 40
374 2
10 35
76 76
171 36
48 19
218 93
161 45
251 84
143 100
177 10
300 94
380 71
301 39
214 19
370 27
77 89
379 36
304 89
287 5
447 99
308 72
95 22
9 53
100 28
200 23
215 25
357 78
45 78
355 14
274 91
225 3
311 75
241 14
240 97
230 66
89 91
272 3
92 5
366 20
60 50
57 99
127 56
382 65
82 57
167 26
218 81
410 80
150 5
368 60
12 93
22 79
350 77
14 5
160 57
167 96
10 14
225 6
209 90
401 28
414 81
81 41
60 71
331 14
201 16
369 86
159 51
175 50
246 72
230 96
435 96
378 27
154 2
124 64
139 10
27 38
324 48
296 15
149 38
55 27
110 86
329 35
20 36
30 8
412 74
228 74
128 14
432 77
144 53
412 66
193 45
223 6
159 80
267 19
240 34
169 57
19 41
39 90
23 62
241 59
98 56
107 31
177 68
33 51
437 31
215 67
301 1
54 53
427 21
73 15
287 94
279 6
342 75
316 41
291 29
323 99
285 12
134 26
97 68
82 8
311 25
443 76
243 92
134 15
47 87
77 81
258 70
12 45
103 24
109 64
369 98
397 71
386 47
170 86
424 100
21 100
144 49
225 74
27 68
275 58
53 19
175 40
281 47
208 100
67 64
266 70
31 48
161 88
251 51
346 13
329 23
215 35
234 36
277 50
412 41
217 60
384 66
12 35
58 84
405 85
369 55
211 34
93 76
424 87
82 57
404 19
372 31
10 29
327 30
158 95
243 19
213 71
58 49
272 16
374 87
217 82
211 75
60 3
404 58
352 67
182 85
351 60
310 21
43 28
120 83
163 12
211 30
235 97
7 22
99 18
395 15
121 96
137 32
146 46
417 53
330 67
283 40
445 39
5 1
248 32
177 27
437 10
345 75
433 70
26 87
309 37
70 16
257 65
136 84
269 12
107 75
337 99
447 47
166 19
358 48
130 18
378 89
313 40
168 81
175 67
236 35
398 66
192 82
57 40
395 39
421 23
68 29
392 40
177 35
330 95
80 39
80 15
137 49
10 77
173 44
212 30
70 58
265 95
144 78
193 83
313 62
429 67
327 31
414 13
385 35
439 39
131 6
232 2
101 22
221 24
221 76
309 54
314 56
295 75
230 30
205 9
49 54
52 90
128 54
299 33
147 44
211 11
276 81
161 7
27 75
48 70
51 90
203 10
47 31
283 80
16 40
128 42
58 24
302 61
115 22
162 76
106 38
354 91
404 66
374 47
18 34
118 50
309 27
53 82
298 65
320 18
20 87
441 3
249 72
438 75
387 69
245 14
310 75
251 90
427 12
43 16
231 64
31 16
262 85
149 6
387 1
246 61
244 9
223 27
70 22
309 23
380 42
284 77
273 55
278 64
123 87
135 27
148 17
267 69
201 53
119 78
134 62
173 31
342 48
16 73
436 89
238 27
105 78
267 9
354 55
431 41
63 54
207 56
389 78
187 81
258 40
124 6
151 77
349 71
107 66
407 13
341 64
260 40
185 54
3 77
359 3
70 94
229 45
36 90
128 62
403 9
109 55
193 48
75 89
230 91
207 28
331 38
151 58
161 46
411 21
279 27
136 60
164 68
288 84
244 56
118 91
126 36
100 30
178 96
327 36
109 37
1 52
428 17
50 61
278 86
283 97
433 26
255 74
41 43
371 2
73 81
30 47
319 3
330 34
177 52
7 61
92 88
110 90
20 64
24 71
291 96
14 32
173 72
112 25
330 95
166 9
426 45
265 17
322 29
230 92
107 85
149 76
236 8
281 10
257 91
319 87
85 74
253 60
366 7
316 74
233 90
67 20
387 87
200 16
64 4
257 94
83 80
141 68
417 38
178 76
95 27
245 52
89 60
127 27
93 63
205 61
247 1
181 46
378 22
50 79
30 100
167 62
28 53
203 12
438 20
172 26
298 81
196 12
236 51
94 43
382 20
159 53
311 39
59 65
350 72
274 30
104 22
106 67
353 29
299 13
297 49
142 91
119 44
296 65
280 38
140 53
75 77
51 81
86 86
31 60
133 12
437 9
399 32
367 2
420 61
229 64
268 94
15 70
83 28
128 47
140 55
346 70
280 97
329 25
77 75
292 30
304 98
109 50
234 7
164 52
200 97
301 83
416 8
28 26
208 16
416 78
151 46
329 80
240 4
149 5
249 76
382 86
323 98
396 76
356 6
354 33
402 75
316 15
325 59
16 94
304 62
321 46
38 65
413 7
287 24
133 62
68 94
203 95
333 2
155 49
139 79
286 31
142 65
338 4
431 46
302 18
378 47
369 19
106 73
279 32
17 83
19 36
250 59
134 67
173 41
187 18
408 58
388 2
384 8
81 56
40 39
252 34
384 8
168 21
216 5
70 34
36 64
268 39
209 37
223 76
270 67
92 74
409 96
237 52
302 65
142 34
16 18
188 1
334 35
119 5
386 60
199 28
35 81
54 18
331 58
328 76
154 98
158 36
27 24
152 50
170 45
438 34
12 47
113 81
402 27
191 74
401 55
70 84
153 36
437 1
258 54
101 47
263 69
160 44
33 68
57 67
292 33
378 62
197 49
141 66
315 98
42 48
328 32
288 98
322 72
404 63
275 51
380 49
159 65
141 75
78 94
94 24
385 68
201 30
350 100
323 52
295 64
121 49
45 38
8 93
357 90
254 93
19 63
310 28
95 34
37 43
316 58
163 22
24 22
360 35
120 8
41 55
427 93
288 42
81 78
214 15
109 45
205 8
357 46
201 61
218 41
118 59
164 33
424 10
300 82
30 28
104 23
95 85
94 44
91 31
247 49
441 94
185 54
439 42
70 29
203 1
81 19
212 74
445 44
385 77
190 89
340 100
413 87
129 85
77 68
371 86
114 89
401 54
376 86
414 64
294 93
349 38
300 85
272 8
381 3
39 80
298 94
161 93
249 98
98 58
306 29
325 25
201 37
320 8
204 63
367 75
43 16
304 89
107 46
71 64
164 29
420 80
362 61
288 92
236 22
297 10
371 24
291 38
447 25
69 84
78 89
77 74
442 49
51 70
314 46
176 4
247 33
443 50
324 7
100 77
409 30
369 90
193 45
86 33
274 89
61 41
105 49
358 92
348 78
64 36
365 57
299 83
267 54
153 10
168 62
191 45
375 65
404 71
141 39
271 5
366 73
439 61
415 98
290 77
57 90
41 47
446 54
325 70
74 46
404 85
362 37
369 31
405 25
183 82
443 27
383 50
49 67
277 22
181 51
259 16
235 76
289 56
326 95
37 12
74 53
278 34
403 23
172 23
94 61
175 38
345 62
21 94
97 62
41 45
121 30
269 90
60 46
100 19
382 67
5 43
78 64
308 22
59 90
292 93
241 14
300 31
157 92
122 45
127 30
74 35
283 13
253 75
431 60
164 82
120 99
22 34
182 37
329 28
134 81
238 75
154 64
296 98
271 19
448 40
2 27
272 51
40 73
439 76
329 54
208 7
436 70
147 87
123 94
94 29
37 9
411 42
351 5
190 27
182 18
171 24
357 46
190 81
28 61
388 86
237 28
391 54
25 42
235 82
187 75
33 49
255 84
293 83
318 78
42 57
220 30
74 54
324 36
85 79
292 97
419 26
335 73
366 28
123 70
328 5
443 96
316 21
269 42
432 91
300 17
66 36
236 41
68 53
81 88
148 2
324 17
298 1
198 85
317 36
179 51
154 93
121 71
266 24
165 11
240 20
128 71
265 61
262 50
341 41
287 22
366 42
84 71
362 66
320 66
320 8
143 34
401 47
78 21
410 74
438 80
101 8
344 87
393 25
184 75
24 65
135 31
65 57
252 2
85 72
299 2
345 17
156 12
285 17
207 5
233 18
382 67
364 52
361 87
302 74
90 86
440 12
18 24
117 91
406 21
233 43
435 10
68 34
127 67
67 53
57 28
280 17
138 34
270 83
