8987
299 62
227 33
1046 17
601 71
640 34
965 73
1254 45
1075 72
1128 76
50 30
412 44
1050 6
699 98
565 80
891 76
50 91
93 27
1642 35
1273 24
1390 57
234 34
305 83
1559 39
1013 58
1559 73
1014 66
625 25
1469 41
1094 77
457 70
91 10
946 35
327 51
1617 32
286 37
572 30
520 50
1419 36
1673 71
1303 22
26 36
1078 95
969 7
899 7
887 43
1573 5
893 43
311 89
820 79
1520 52
512 87
746 31
723 68
1073 71
1078 9
1451 74
1691 25
1736 81
541 57
212 85
1032 95
1341 16
196 66
1428 82
796 18
890 8
1014 2
469 17
368 77
237 1
1433 76
458 12
827 44
1152 63
1560 60
1577 23
1347 73
1605 8
1031 85
230 100
1718 78
933 93
549 82
1185 88
807 72
346 22
119 30
1417 4
1344 73
1318 91
1768 80
1023 51
559 59
1007 48
1172 72
1744 18
738 94
1304 44
623 90
1729 86
452 58
1573 68
1222 62
1730 35
1254 97
1003 52
621 71
892 99
920 68
402 91
1656 8
1123 29
478 42
1003 95
953 13
867 13
1393 38
1728 56
532 58
1140 100
420 59
1421 21
1623 41
1381 89
36 58
21 15
18 27
1277 50
249 28
535 75
1331 82
1721 49
974 14
16 23
554 83
760 49
499 43
1345 13
942 90
930 29
796 23
1692 89
485 81
30 64
969 55
1473 37
1189 55
1303 10
1069 8
544 100
86 100
64 100
1600 43
85 87
1134 75
233 66
330 46
605 70
1048 92
1235 58
913 91
1224 25
1708 50
437 75
445 20
1426 21
1635 78
686 14
1086 61
730 73
542 97
1411 78
287 99
1182 2
1661 68
1609 4
1604 25
123 84
1631 61
1623 89
962 87
1400 63
292 63
808 70
920 25
861 90
901 15
800 72
1532 52
1787 48
903 82
1632 51
1723 57
1570 39
1233 52
1421 35
344 78
898 37
1433 19
608 66
1040 60
256 68
690 74
1280 79
1121 55
1199 66
384 59
1465 98
1026 7
1367 5
1375 44
1702 22
1288 55
933 82
1716 78
269 94
408 6
245 72
231 29
855 49
1124 34
154 58
1577 25
234 33
1135 62
1335 61
421 31
845 46
538 59
629 76
1073 13
883 15
131 72
1079 78
388 70
942 22
139 92
1175 72
707 72
946 86
914 32
187 29
525 99
346 55
535 71
1016 28
841 15
71 64
502 6
769 23
1060 50
955 54
827 95
1587 2
1507 91
1621 16
454 33
1728 10
773 96
1713 59
1225 90
392 95
1129 13
92 98
963 13
3 86
1635 17
510 53
1775 34
477 47
450 87
613 54
1736 7
366 25
1017 39
1209 32
686 78
515 11
292 84
805 99
944 44
971 16
362 79
442 99
1564 70
1469 33
1493 7
1220 56
1260 37
664 98
907 20
1195 19
1438 33
1278 1
1276 84
1308 82
986 39
36 51
384 49
352 97
934 56
1033 61
233 62
1422 17
1521 46
451 3
1777 6
1641 39
1350 66
1030 61
602 94
908 39
1032 47
214 78
1434 58
3 13
1328 23
1527 78
5 4
656 76
1383 73
1619 82
1475 79
923 2
680 52
495 76
850 60
846 55
1091 73
1110 75
108 92
346 98
412 29
1701 97
1476 2
213 12
708 64
1700 57
1250 65
960 43
956 93
1379 98
1487 36
1651 31
1667 56
782 44
941 96
960 56
465 20
1094 6
40 33
63 58
753 85
993 45
1514 38
316 67
1007 53
629 19
1666 50
244 63
639 57
107 64
798 90
340 78
1156 92
23 97
479 95
1781 21
274 58
666 5
730 4
1288 53
223 90
1710 51
1462 12
829 98
1358 35
494 62
1370 57
995 50
1401 85
561 47
648 60
208 9
896 40
306 12
1490 58
263 53
944 74
887 60
561 26
1420 77
1237 20
621 48
1797 57
1180 64
1794 90
127 6
1733 3
1107 39
1112 52
126 61
733 33
898 5
885 94
1718 79
315 93
21 49
1396 44
775 67
865 37
1121 84
8 10
716 38
55 21
1384 63
1314 58
1691 19
1368 19
1191 33
78 93
1482 46
750 86
90 97
249 66
262 1
1703 58
1660 96
1607 74
1408 15
456 6
1455 47
1535 2
1199 76
1285 86
269 76
1114 18
914 20
654 3
445 46
1565 48
1535 86
394 64
1566 52
594 50
883 28
1009 36
247 98
998 9
402 2
1071 15
1412 88
77 60
1696 57
1674 99
390 23
1302 1
415 6
174 20
801 64
1239 97
1558 27
838 100
1450 29
490 96
186 67
245 99
1696 51
794 14
1274 68
1712 26
700 55
448 14
573 81
1629 94
665 84
1079 79
19 39
681 77
291 72
1012 59
1155 54
321 66
588 41
450 36
743 7
1435 92
947 48
1256 80
312 38
1707 75
86 100
218 3
305 37
965 45
237 50
1018 95
768 95
1433 57
965 54
826 84
549 73
1551 86
882 58
799 98
644 34
492 83
455 83
392 49
573 37
274 43
748 19
64 73
712 78
488 63
250 84
1049 74
674 69
383 23
332 10
1003 92
640 75
89 86
1390 100
1530 14
633 5
1530 37
1004 70
1081 74
1329 79
1572 67
1158 77
71 8
332 28
271 82
1049 60
238 86
682 30
1253 57
236 38
1118 72
350 78
188 14
1760 12
1482 60
242 62
954 61
730 88
1362 31
877 21
1760 97
880 36
1392 19
71 81
869 84
1550 6
1416 47
1065 31
1534 85
1715 69
898 16
619 72
796 98
952 77
385 31
668 89
1241 3
1287 75
293 88
889 40
100 9
194 14
140 40
285 98
1642 94
327 55
991 44
1206 81
1019 7
979 79
1154 32
1430 23
376 31
1026 53
1265 94
1669 62
567 42
1054 24
1769 42
1682 70
1308 72
1283 61
1604 69
296 30
444 29
243 59
612 10
1119 73
430 28
1209 22
608 77
1495 41
792 59
82 53
1050 57
1673 64
23 56
678 86
436 45
330 25
1100 16
630 63
680 69
741 43
1447 97
1259 94
1746 3
1516 3
389 6
1396 2
108 17
1390 58
1622 49
1144 79
951 53
1209 92
112 8
851 28
1597 75
939 9
631 26
487 69
1474 25
1795 76
94 33
340 10
673 45
1764 42
531 17
560 15
1725 82
1006 96
888 17
1477 13
136 20
107 49
1309 60
895 13
87 72
520 92
624 54
850 100
996 21
695 97
1002 95
1772 62
787 4
1189 39
1650 23
808 74
1247 19
24 68
479 87
436 76
1712 4
84 18
93 8
1402 51
246 16
1444 89
1756 99
734 52
1021 86
468 64
1682 100
579 39
312 76
1762 83
60 69
780 60
1627 81
1042 92
1628 68
573 61
1327 3
878 86
970 11
322 74
1395 53
1129 39
1470 60
7 99
1725 82
1397 54
1434 22
962 61
1236 36
1108 32
1414 19
1026 18
674 66
567 21
145 56
757 54
320 21
1272 48
1062 86
363 92
1534 86
490 39
1471 22
1523 24
602 17
1154 99
449 48
195 81
462 58
601 54
514 12
991 4
70 66
892 21
126 6
251 36
1188 33
827 35
1741 91
1294 30
110 32
794 97
5 33
1458 65
1582 82
167 4
1013 73
153 27
877 22
341 87
641 48
1514 22
662 53
766 94
342 20
659 59
395 95
952 91
242 45
916 47
239 71
236 32
1140 41
245 84
411 11
936 69
346 50
1540 4
899 88
1417 40
1143 29
1483 29
140 32
1271 56
1414 51
989 45
1238 31
518 98
748 14
531 62
599 28
453 48
1684 100
585 21
520 89
1378 46
867 95
763 82
484 38
39 12
1796 23
638 64
1711 22
1492 31
1154 52
598 97
1033 77
633 75
1319 42
1389 15
532 13
979 31
811 78
76 51
196 41
1723 91
1046 78
1142 100
211 65
1073 87
1356 59
1425 24
555 69
537 47
272 72
1101 71
771 3
809 35
646 14
1474 36
1082 28
642 60
1125 82
286 98
1748 18
73 56
563 23
1440 69
1353 33
341 26
1169 32
341 16
1042 72
1704 71
469 33
701 75
107 51
1265 84
427 88
1185 10
288 95
213 43
1537 94
676 11
1063 14
1492 43
189 8
1781 47
1126 46
76 70
611 84
929 53
1147 4
1542 47
134 49
704 40
1267 68
473 73
1437 3
1739 90
1067 65
61 8
831 58
108 99
127 11
1728 15
16 80
134 28
1246 90
492 19
894 45
1448 2
1178 6
1459 74
1130 86
424 67
1441 26
318 16
1156 93
1783 36
43 46
1218 4
1726 45
162 99
1618 99
376 14
993 28
416 66
1507 96
529 88
76 85
1168 84
1132 9
300 38
1281 3
631 30
1146 87
449 94
1795 94
916 38
55 24
316 8
1572 50
1642 96
923 71
667 94
1072 16
825 29
701 40
1263 54
796 94
882 93
421 16
1121 7
165 51
818 27
1793 81
1089 13
1090 61
657 45
1288 52
1107 71
301 56
123 70
990 72
482 44
1569 21
924 89
624 96
1485 15
829 25
1406 96
577 89
793 64
225 27
12 44
185 57
1575 29
677 46
1049 30
536 51
357 75
886 42
1743 3
1186 72
1521 9
1379 12
1400 39
1521 8
522 38
1400 52
1237 42
908 47
1783 47
350 10
775 44
724 82
1338 91
746 69
1491 98
1176 21
925 89
1364 91
868 87
1724 13
444 82
1368 39
960 70
1478 75
1091 98
100 74
846 41
330 82
588 19
870 11
208 77
636 49
919 77
1320 81
601 42
999 46
569 31
49 96
651 45
786 79
219 33
381 25
1370 46
1747 18
322 19
830 10
835 83
932 100
661 66
190 2
1051 51
1385 76
1308 43
330 65
744 61
312 13
673 25
1275 68
1168 62
262 41
916 17
15 90
900 51
1448 33
1529 49
789 89
657 95
5 17
218 18
654 93
852 26
573 34
988 17
1089 90
603 41
191 63
781 33
398 43
1714 84
1758 44
429 27
1148 19
1306 66
354 42
348 79
1378 29
1760 77
420 60
1138 5
1167 72
411 21
1614 11
244 83
1086 32
1503 25
1678 43
1137 50
591 74
1331 66
657 9
1424 40
1357 79
901 16
563 13
1701 56
793 6
1243 46
998 36
266 97
771 95
1037 32
783 48
1229 39
72 96
1502 79
1716 72
270 59
42 12
1449 25
1713 8
354 28
1762 83
615 65
811 88
2 82
1532 19
1121 18
1448 34
907 66
190 6
1580 51
390 32
33 99
1396 77
14 3
299 2
1733 62
1434 10
81 2
1373 95
1199 65
903 53
1003 79
206 51
906 89
644 47
567 24
1301 2
461 70
441 67
687 5
1649 43
1704 74
1592 13
1513 18
1224 56
1209 22
808 78
1773 77
1447 65
787 97
1788 54
1167 92
1034 63
1676 20
456 27
1229 82
1780 64
787 76
213 65
1238 88
27 86
731 27
580 90
957 12
606 92
53 72
980 39
1456 76
1513 62
873 31
25 33
1386 32
1640 82
198 83
429 90
1548 19
1366 93
1585 42
938 91
1527 98
233 24
222 36
16 44
908 91
303 100
940 67
1681 21
1151 48
1516 26
290 92
661 63
17 39
620 99
1526 65
555 26
123 100
339 9
525 74
600 68
584 30
773 95
595 52
912 67
741 66
521 83
1723 22
195 25
1759 78
1547 23
1462 93
908 40
954 46
578 12
275 96
1665 42
1461 43
244 29
155 86
1186 11
1016 97
1446 64
536 12
896 68
1694 69
774 95
1573 13
477 83
1371 20
992 61
478 47
168 91
249 43
425 58
1724 60
1177 27
114 98
410 62
727 96
1238 62
1259 41
679 99
1018 60
137 11
1317 98
688 40
284 13
1697 10
1009 5
479 30
1712 84
638 61
37 2
1 81
902 65
671 61
97 20
449 28
936 94
1391 2
1210 44
1048 78
776 75
940 27
951 13
1457 38
692 40
