923
113 16
175 25
108 42
37 3
34 70
1 78
107 63
179 91
114 95
115 32
96 44
30 15
114 74
104 51
80 51
168 50
1 78
82 98
35 67
46 83
40 20
72 12
176 36
114 83
81 82
103 79
96 81
104 63
141 59
27 29
73 75
9 21
89 61
100 53
65 12
158 66
61 95
159 78
154 73
80 74
102 72
50 62
150 62
76 47
125 65
18 23
184 50
185 41
116 68
31 44
107 57
36 99
175 88
114 95
38 24
99 98
113 41
84 20
104 46
19 24
67 61
125 6
98 76
134 18
147 26
77 13
169 52
168 97
93 22
90 24
117 100
137 27
51 67
56 74
127 86
52 43
7 33
55 99
113 48
63 79
137 16
175 11
53 92
8 44
146 40
164 84
13 64
26 10
129 7
120 66
150 43
9 78
122 16
11 39
76 90
95 20
81 38
35 79
50 41
81 37
44 39
175 97
117 11
176 20
170 87
17 79
11 39
148 88
22 72
9 55
49 75
60 7
88 32
151 99
170 12
62 93
12 17
161 11
23 57
91 46
145 5
110 38
64 93
98 46
88 64
46 99
29 37
89 5
59 99
24 19
94 13
170 21
55 2
30 60
53 69
183 17
49 9
18 61
148 13
90 34
142 77
15 55
9 6
144 42
2 82
52 46
51 5
158 76
14 63
15 10
158 98
22 38
163 70
56 54
4 20
48 38
136 82
76 26
158 31
90 62
164 16
146 13
32 54
81 13
1 42
42 79
86 78
161 38
55 51
151 56
81 73
178 44
45 30
11 64
135 51
37 68
116 2
77 56
39 63
82 21
15 97
16 76
150 87
95 95
4 48
140 72
173 45
162 12
65 43
69 9
73 81
153 12
156 17
153 38
57 57
101 67
181 13
151 71
63 50
78 60
82 37
74 61
167 65
21 85
19 20
119 72
100 18
175 95
90 25
144 93
87 83
169 50
52 27
102 100
47 66
58 98
73 2
106 18
57 41
148 18
39 4
58 9
94 11
128 58
181 11
39 11
140 94
121 34
101 31
14 4
146 94
26 85
110 100
77 9
108 33
3 44
146 77
43 72
163 88
124 17
40 82
148 43
96 63
64 42
176 56
183 97
3 23
68 42
79 35
94 14
6 50
82 2
142 34
56 72
151 19
97 30
42 85
185 59
14 39
125 5
5 44
127 29
22 68
120 44
95 21
177 14
41 86
54 17
123 2
132 33
135 11
108 1
169 34
143 45
135 57
25 56
21 41
33 14
120 94
171 57
80 7
38 48
131 56
39 1
123 48
80 6
63 11
27 89
40 3
67 54
56 2
181 1
183 48
126 6
132 32
42 22
112 95
183 82
125 4
47 59
6 86
93 48
112 82
17 89
33 15
120 42
30 15
12 15
45 100
81 82
99 43
33 91
103 75
9 34
129 100
35 61
26 77
87 20
43 79
182 84
149 25
179 10
124 26
145 82
70 36
178 77
75 69
84 75
86 97
7 10
13 68
162 38
62 79
58 9
111 75
15 13
134 79
121 76
22 71
46 46
34 4
24 11
156 69
101 97
130 88
81 60
111 16
3 93
114 85
31 64
132 20
131 98
64 53
36 74
71 22
97 98
158 82
159 61
179 5
74 54
157 11
113 92
157 11
164 16
178 37
94 68
75 89
39 51
14 25
136 30
59 6
184 69
150 81
118 54
60 73
122 3
158 56
86 20
118 61
148 69
70 14
32 9
143 30
27 23
95 10
73 86
144 6
77 40
154 7
149 78
54 45
49 26
23 38
125 33
138 33
36 43
180 84
83 87
181 79
26 91
97 68
163 84
37 64
87 62
162 13
140 78
56 6
53 27
46 38
137 80
67 3
140 3
89 86
144 34
164 94
41 8
171 99
55 62
47 53
66 37
154 75
38 37
71 100
114 7
56 64
10 28
98 58
152 12
23 24
100 25
113 76
88 37
15 91
108 61
69 43
12 13
5 16
128 67
134 76
14 66
4 66
14 35
23 9
146 95
149 74
94 17
117 47
19 49
171 11
38 83
104 66
106 9
82 65
123 4
140 9
171 12
56 13
178 53
143 100
161 41
10 72
41 64
109 5
43 82
97 78
55 79
94 10
24 92
112 58
122 29
157 72
78 37
18 9
33 78
69 5
28 82
114 60
178 99
141 18
69 86
134 41
102 85
43 53
68 30
149 1
154 52
113 58
44 74
7 53
184 38
71 87
130 45
181 9
42 38
93 39
174 81
129 8
24 1
70 32
182 43
168 6
70 17
90 76
131 9
157 21
72 84
119 92
91 13
45 37
54 35
151 91
7 19
81 86
168 63
65 74
173 52
119 46
106 69
61 35
94 52
91 96
154 24
8 93
129 58
107 73
66 75
97 78
59 29
131 76
31 67
121 25
181 57
18 41
84 60
180 42
179 20
24 80
98 78
119 13
44 54
165 18
143 23
46 36
61 96
154 12
65 70
128 91
14 9
176 95
74 14
40 78
118 48
143 19
169 13
131 18
88 45
37 57
14 24
130 44
76 62
35 73
140 63
114 12
166 33
24 88
13 49
185 13
146 22
106 98
74 25
124 29
109 7
174 4
146 60
71 1
63 20
110 87
22 98
146 37
68 34
133 59
155 35
21 34
20 77
170 30
145 27
120 42
163 66
162 65
76 87
16 36
147 47
36 36
145 31
26 57
44 83
44 2
68 95
56 59
136 20
13 62
129 4
84 81
61 55
2 33
121 44
78 87
76 22
66 81
49 47
95 31
87 65
91 28
184 48
65 41
179 75
14 4
157 45
85 29
4 55
9 30
80 16
72 20
165 40
91 62
22 98
100 35
177 34
89 83
101 45
165 64
49 3
69 65
15 40
170 80
23 58
12 93
61 44
106 83
169 39
52 78
136 59
170 81
129 89
44 21
176 96
171 96
25 54
73 5
148 13
70 42
79 86
12 66
97 10
46 70
105 76
76 28
5 20
112 72
150 29
183 88
144 18
133 35
66 11
161 52
165 85
128 49
167 27
133 45
80 63
109 49
166 13
88 15
121 6
155 74
63 24
177 68
179 72
16 21
23 99
57 79
141 15
180 32
17 36
97 39
12 4
62 21
168 32
32 80
120 28
43 21
142 85
38 83
119 16
7 74
129 21
65 17
22 3
56 98
41 86
54 47
109 22
43 68
176 67
99 27
178 59
2 53
105 90
95 22
61 22
18 56
53 32
41 69
140 6
180 6
102 30
101 61
9 4
32 50
15 14
119 36
104 41
99 87
27 46
154 23
137 3
124 50
111 88
58 62
96 38
172 43
72 81
149 76
150 40
114 76
170 79
40 42
171 92
150 77
112 57
175 88
129 56
36 56
21 92
56 32
21 66
60 48
104 8
131 47
138 61
101 10
120 81
49 40
126 89
33 7
113 21
58 82
37 81
160 37
129 87
47 95
59 5
65 30
113 46
46 88
156 89
117 20
76 7
61 89
66 30
68 99
60 1
182 13
88 45
139 17
167 76
24 95
140 80
37 86
91 42
147 11
103 52
114 81
168 24
70 83
41 59
53 16
165 49
164 43
52 80
80 63
164 98
101 63
27 32
176 70
7 55
25 19
80 14
52 4
121 84
134 68
59 30
89 30
154 15
181 93
21 33
12 90
120 86
137 82
139 4
159 7
114 36
84 86
135 63
38 84
96 84
68 46
111 10
142 34
78 80
185 57
21 65
69 2
172 45
134 49
51 37
142 62
171 24
136 57
130 38
19 45
134 75
36 74
38 42
112 50
18 15
4 47
173 53
69 33
164 68
67 62
72 67
4 70
166 34
27 34
37 54
82 78
85 56
63 90
12 50
137 65
34 30
44 89
69 28
112 3
162 55
92 88
23 8
155 27
99 50
48 38
126 8
163 96
115 39
37 54
81 28
17 15
183 62
98 93
182 7
27 59
72 75
49 42
53 93
56 4
54 97
169 27
157 33
104 95
161 51
4 42
126 96
84 59
99 44
124 36
121 88
4 95
6 18
71 3
127 66
177 44
34 44
172 70
184 64
9 18
22 98
130 90
35 72
129 96
145 19
77 80
62 4
77 47
114 41
157 3
49 6
124 66
175 66
2 87
9 19
172 53
140 87
2 85
42 19
116 60
131 21
27 50
115 35
61 92
53 24
167 84
128 30
90 5
48 37
92 8
103 46
11 61
106 35
11 21
141 15
80 22
101 95
147 59
117 77
71 13
149 44
164 60
54 81
107 91
9 18
59 87
147 44
44 99
13 78
126 98
155 10
159 64
113 29
42 26
147 17
148 66
181 68
124 40
6 100
18 45
71 44
185 98
95 10
7 24
131 95
28 75
47 71
73 33
142 35
138 52
28 77
135 10
62 69
79 31
36 88
157 60
36 44
15 13
83 1
105 12
8 75
22 48
30 61
142 72
14 69
162 99
76 15
39 83
155 90
43 37
41 58
114 78
41 80
149 9
182 84
161 13
30 89
46 7
103 23
134 29
63 7
2 63
134 91
43 43
58 98
94 1
49 77
107 84
149 57
112 50
105 78
2 71
87 2
152 73
39 42
129 63
19 61
6 10
126 13
181 89
69 80
5 71
87 1
163 65
54 88
151 99
35 62
64 96
87 74
60 13
47 17
144 47
128 15
35 75
172 43
146 2
30 12
9 63
164 82
105 98
83 86
98 75
129 63
89 11
84 42
154 26
125 98
11 25
41 26
75 41
178 60
83 36
33 34
4 1
110 24
17 89
152 95
46 21
159 57
83 30
71 39
13 14
93 43
35 90
56 40
152 57
173 83
106 56
87 89
139 41
130 81
165 63
47 32
145 56
152 67
106 29
6 16
20 61
101 49
50 24
82 66
45 75
175 89
57 47
33 52
123 47
27 55
172 15
30 27
87 70
12 99
154 44
161 70
156 99
118 96
124 22
26 50
103 63
25 12
167 90
82 28
27 22
122 55
69 50
7 86
146 61
38 93
64 60
20 29
130 9
49 18
7 15
41 75
72 37
160 99
121 65
163 20
1 90
181 71
97 31
49 63
172 49
168 96
150 41
149 18
25 31
83 75
13 69
111 71
128 80
176 64
101 13
17 9
76 52
45 71
3 6
148 89
82 75
143 90
43 58
65 81
94 18
73 33
131 92
94 61
24 46
58 96
95 37
3 61
82 4
122 17
84 18
40 80
138 97
133 87
150 45
135 91
116 40
53 19
13 52
117 38
160 48
57 52
104 38
51 73
40 85
22 27
143 81
153 17
15 100
40 81
1 17
40 34
75 65
99 71
112 6
172 42
69 80
143 86
85 88
56 83
179 12
52 11
181 36
102 21
16 30
120 16
59 47
77 72
65 84
178 22
182 99
19 23
69 68
26 93
23 59
128 82
154 14
13 52
168 88
20 77
115 11
154 100
119 51
57 33
7 16
62 55
52 92
127 100
89 5
140 63
113 69
140 42
180 2
125 55
85 18
32 91
27 37
184 32
158 49
151 50
50 38
158 33
134 33
163 11
