4013
76 46
490 55
429 100
587 45
793 11
516 65
443 13
288 26
160 36
490 58
466 2
266 67
69 48
140 48
568 18
463 30
180 50
675 80
795 76
619 55
147 3
73 33
11 70
125 28
347 21
218 20
556 61
528 84
274 43
51 41
317 24
552 13
332 61
256 81
274 58
128 82
511 17
593 58
522 80
446 85
177 14
267 80
282 42
30 44
324 84
742 56
359 68
312 16
259 36
364 23
3 93
250 82
576 59
531 73
563 89
194 16
68 5
780 27
795 5
30 1
616 95
215 86
583 81
247 15
490 35
368 89
705 29
427 40
532 39
297 49
61 76
491 38
72 79
605 37
537 32
301 11
42 41
440 3
272 79
9 82
54 49
247 88
412 56
551 6
798 55
41 26
713 92
647 48
644 26
99 16
123 40
763 6
203 19
713 65
761 72
224 60
401 94
186 41
529 64
704 82
727 32
646 4
69 78
701 2
605 71
742 43
135 76
162 24
159 31
454 13
567 99
439 34
257 42
373 48
601 63
110 2
630 96
287 10
368 43
490 77
65 79
626 77
169 37
393 27
188 8
655 26
436 1
783 92
526 65
780 2
374 16
554 15
596 53
572 72
775 14
73 13
569 97
590 87
229 79
50 11
438 99
133 82
311 9
345 24
94 3
728 3
351 29
327 82
520 74
488 67
285 59
730 13
535 59
534 95
601 46
281 86
597 67
245 18
391 93
582 4
335 15
591 21
543 70
682 72
341 43
381 99
527 45
354 52
163 42
23 63
690 77
644 41
234 6
758 98
726 55
446 33
254 67
734 66
692 88
686 84
249 83
651 21
72 60
109 19
199 9
506 89
577 46
355 54
63 31
81 81
80 43
791 73
123 39
431 15
360 10
33 84
527 99
701 76
345 63
187 51
796 74
666 35
371 24
310 61
51 87
534 61
23 74
399 34
579 28
412 87
357 59
376 25
627 35
746 98
570 63
25 8
417 99
210 100
314 28
561 39
333 72
509 62
777 5
737 88
413 14
199 66
132 68
506 52
75 21
202 71
650 62
427 64
66 22
116 65
167 72
85 63
54 23
431 96
301 64
64 73
572 64
6 67
529 82
333 51
140 65
37 25
538 78
636 86
176 85
613 9
473 23
163 3
279 67
408 18
724 58
208 51
547 38
510 25
486 14
284 98
179 1
279 91
234 46
427 89
425 41
638 11
596 100
583 47
318 11
769 30
213 95
111 54
532 80
154 76
709 62
487 55
93 21
83 4
442 91
106 37
166 59
326 88
436 75
501 23
380 82
88 39
435 87
195 15
468 27
60 64
713 36
567 100
639 36
472 42
772 50
165 26
709 85
207 36
95 25
277 34
447 36
131 69
601 65
240 40
157 26
363 97
153 100
714 8
640 3
621 100
336 57
197 19
646 24
297 35
696 15
141 91
207 67
702 90
256 66
242 85
474 53
239 51
382 6
202 58
82 62
622 93
659 48
205 38
490 5
160 98
411 14
279 58
493 7
330 4
685 50
147 96
786 47
16 67
635 71
386 92
618 36
131 5
578 99
553 3
180 39
482 24
376 20
511 23
176 50
27 20
769 80
245 16
183 4
77 96
544 30
418 43
164 5
583 80
423 22
760 60
225 62
552 32
435 69
779 96
699 71
194 99
560 87
485 82
564 89
673 7
12 57
112 90
107 91
646 5
199 91
51 76
603 8
248 99
151 66
524 38
313 79
9 18
734 79
124 71
592 92
495 70
709 78
526 59
49 40
563 3
63 50
217 59
124 3
529 51
237 54
291 96
6 79
406 82
34 77
475 95
353 76
690 86
742 13
442 88
689 2
154 23
623 30
280 41
41 48
728 62
694 64
272 41
105 19
447 8
20 92
473 34
543 45
637 68
20 49
398 5
288 99
357 28
532 5
623 56
153 81
194 35
499 16
249 12
312 46
531 40
372 62
657 72
669 18
144 96
352 66
139 34
95 56
195 61
342 11
129 81
228 63
44 61
562 33
251 52
411 49
270 62
327 3
1 29
524 72
295 76
2 28
319 86
303 13
51 7
430 75
348 16
683 46
625 84
454 68
121 87
103 86
653 40
70 13
524 86
8 34
306 95
135 83
155 51
452 34
407 33
24 95
100 44
64 14
289 27
667 50
631 77
782 14
32 91
302 14
308 30
9 50
72 81
552 61
521 86
569 50
243 39
371 80
551 59
572 13
647 76
607 42
308 71
340 40
293 68
452 99
522 24
132 91
794 64
45 20
587 8
779 32
223 28
502 14
378 19
250 82
210 4
785 40
659 45
517 67
759 1
536 87
56 19
510 70
74 9
635 87
742 19
340 26
438 3
656 24
411 46
426 29
77 1
725 42
468 57
593 71
199 60
299 83
223 33
759 35
298 91
484 81
175 54
329 76
401 84
149 46
446 64
551 54
725 88
591 53
356 79
107 71
63 59
324 20
476 11
161 15
498 81
12 1
417 68
662 89
305 32
634 39
483 18
575 89
434 84
86 27
45 1
720 39
201 27
701 74
340 30
263 6
322 34
125 85
48 68
802 80
701 57
476 3
785 96
324 83
413 82
424 10
236 26
424 24
703 92
300 69
203 54
90 8
67 76
311 39
6 1
170 40
720 94
86 57
557 82
245 21
316 78
785 67
588 90
466 28
357 43
613 92
568 87
556 93
405 20
516 17
394 48
698 73
257 98
531 61
346 98
527 74
759 51
161 57
116 65
660 9
510 15
20 73
466 48
51 77
98 92
298 90
140 51
16 80
655 33
656 41
628 22
83 25
364 70
21 34
82 71
39 55
753 43
626 90
96 48
340 46
174 2
49 100
578 98
561 34
730 76
174 46
392 27
781 64
582 37
659 73
648 62
780 46
549 31
641 47
648 61
234 41
605 94
23 73
353 81
624 45
29 96
503 78
357 5
643 89
247 61
659 19
584 35
103 46
621 88
81 100
67 31
503 45
167 46
472 15
172 54
478 2
794 67
70 80
667 65
32 30
97 79
72 41
677 16
312 44
275 72
392 50
386 68
563 94
369 62
688 49
444 75
35 75
558 58
266 58
574 90
176 45
540 29
728 22
703 84
77 64
285 28
715 35
635 94
221 94
43 29
783 63
270 13
304 95
409 43
324 39
342 63
613 60
35 92
346 26
569 61
641 65
728 94
471 77
341 74
215 29
452 10
233 67
359 58
329 91
631 79
534 66
307 47
703 18
278 59
187 81
182 12
601 49
548 65
773 42
371 46
295 76
110 1
505 15
21 80
307 63
507 65
58 76
506 54
147 24
620 46
519 3
317 99
458 54
737 13
144 69
512 88
270 95
426 60
443 76
294 59
217 78
737 22
687 48
756 44
249 30
309 19
632 8
410 47
165 1
172 88
140 86
455 94
204 29
424 44
579 86
241 70
356 14
84 73
521 99
273 62
570 88
32 96
83 50
711 76
712 30
120 98
196 70
349 75
649 31
461 66
206 99
102 72
396 78
573 10
213 54
500 21
664 74
12 61
10 14
310 47
15 99
638 32
221 50
639 12
655 8
304 59
622 53
313 50
765 45
264 72
266 41
111 9
500 22
270 81
96 63
604 97
102 72
701 5
466 20
497 15
803 42
653 37
233 41
227 30
801 97
52 6
751 40
550 24
414 8
645 1
432 92
159 96
444 41
670 90
216 31
288 19
324 51
149 33
236 84
70 79
102 18
570 69
597 25
146 52
765 83
393 84
314 11
540 2
337 47
351 58
168 7
339 13
708 89
776 3
288 75
39 52
66 28
693 69
278 40
555 87
57 99
729 65
529 97
666 34
307 92
115 29
678 49
252 40
510 41
584 47
363 2
345 30
722 70
171 88
428 94
709 71
354 6
438 10
126 2
595 29
600 27
434 19
704 41
30 29
711 28
287 87
20 79
204 100
25 39
595 34
711 63
689 15
97 100
179 64
781 46
295 11
741 20
16 19
428 22
232 90
371 92
197 33
123 99
441 4
165 97
794 82
683 4
798 89
556 30
500 14
152 38
121 53
33 17
15 32
312 76
109 20
172 41
336 64
370 67
623 92
728 80
35 61
298 76
38 17
465 32
734 94
279 75
337 74
238 8
312 97
240 24
611 37
336 53
632 50
323 89
696 16
158 26
703 45
538 16
553 88
279 82
117 34
298 75
651 98
49 4
106 46
710 71
365 72
238 36
354 71
626 50
322 87
748 48
144 62
242 32
13 48
709 73
164 44
69 47
762 50
64 8
695 4
205 81
94 79
607 100
240 19
230 22
176 12
575 21
745 69
180 30
618 59
424 26
390 81
218 5
172 33
6 55
569 96
50 56
590 42
652 36
394 93
582 58
653 3
207 11
574 6
26 93
622 21
160 87
299 83
358 16
204 84
603 73
207 5
60 67
695 54
154 10
511 49
708 96
297 6
72 61
381 51
504 35
260 39
469 34
483 53
721 57
7 38
474 11
298 17
650 14
215 64
483 31
628 44
145 30
452 21
626 66
343 99
789 87
30 55
348 14
357 64
433 56
703 60
646 40
181 71
643 23
88 14
778 43
277 11
368 65
370 54
160 54
25 81
426 48
326 95
689 35
637 87
567 44
551 89
228 32
293 79
57 68
147 5
129 34
265 95
490 31
404 21
553 100
348 63
260 31
328 50
387 98
172 47
469 89
354 28
600 84
362 82
698 60
119 9
176 22
780 34
106 40
250 8
17 41
198 30
524 85
188 6
360 38
647 34
217 26
225 48
313 53
5 53
557 17
295 79
699 45
789 96
283 25
750 72
16 78
397 26
61 58
531 6
635 58
66 29
261 45
536 44
82 49
21 45
714 5
370 40
448 99
464 62
334 88
52 87
53 54
181 41
112 84
495 61
598 1
167 1
32 97
502 78
20 45
721 48
670 79
362 74
2 100
418 66
730 37
161 94
789 85
268 90
312 43
441 35
545 80
430 24
176 64
512 15
437 63
397 92
168 95
48 22
696 98
45 22
795 44
517 37
553 48
621 56
132 89
530 11
206 90
201 29
96 23
8 44
752 82
380 70
442 15
455 88
615 79
494 9
544 88
723 57
370 16
602 92
596 15
667 50
235 50
322 8
636 80
590 7
53 4
19 63
381 11
514 97
49 98
557 89
522 46
350 52
662 35
33 19
436 31
577 63
764 21
703 58
232 83
799 42
677 45
774 87
131 42
765 25
89 61
39 93
462 49
147 74
745 83
286 87
391 27
122 57
459 53
138 46
161 82
84 58
479 34
500 85
109 89
97 33
138 14
612 13
492 7
561 38
699 40
254 68
129 28
668 8
394 15
599 86
323 59
271 100
506 45
600 95
373 75
414 11
463 10
24 99
525 51
100 22
44 71
460 27
521 75
82 9
710 12
694 29
122 68
174 84
182 62
426 40
332 100
368 43
135 21
8 18
301 97
181 52
266 8
132 80
31 11
147 16
391 87
510 55
320 53
21 21
520 75
755 79
528 87
218 33
113 6
588 23
34 86
311 57
569 46
690 21
33 97
717 17
81 77
656 12
699 83
553 78
519 94
675 93
212 66
142 76
439 72
742 8
794 78
515 60
509 96
475 54
722 8
564 90
