8666
1631 98
909 43
1683 59
1583 63
1452 9
1095 86
14 23
1495 93
1701 25
473 31
1317 73
264 64
171 20
1464 48
1170 44
1166 41
370 12
1001 83
187 19
1498 70
318 6
1187 65
779 10
1247 43
1512 63
1577 66
82 27
1192 88
471 16
1472 62
94 28
331 59
200 78
1045 15
1636 13
106 80
231 22
1523 20
131 29
616 34
1613 70
1470 52
641 17
401 17
804 58
1436 62
1251 88
708 74
215 6
677 7
335 30
456 100
198 37
289 61
845 87
350 7
1659 32
994 74
223 73
1118 100
1092 8
124 15
1569 43
891 6
239 93
628 13
387 8
1323 70
1193 2
1640 69
572 33
524 71
813 91
531 96
1266 50
1209 94
959 56
1537 16
386 24
365 66
54 28
118 44
1710 59
1039 77
425 5
1437 91
1543 24
59 56
48 45
929 99
365 19
49 87
907 74
396 8
873 84
1366 71
308 32
10 53
1049 36
791 34
67 15
22 9
638 38
361 29
50 56
483 43
988 46
988 4
1702 78
1578 25
1262 14
422 34
1492 93
868 98
747 1
735 43
419 65
391 4
1552 26
491 53
205 56
1464 39
1540 87
1151 69
837 63
447 1
1169 54
684 97
1648 45
1726 80
1388 19
1214 82
538 48
308 2
1295 47
1094 52
433 61
1039 37
1125 33
433 7
988 8
920 12
403 79
30 17
1710 15
180 80
1731 38
802 21
4 13
1549 36
548 21
1702 35
908 65
1180 76
1622 82
1351 32
1123 25
1726 99
890 16
368 5
875 15
154 73
1125 33
432 18
1029 68
1040 43
1727 30
1079 17
301 64
1008 14
829 46
866 5
610 34
1115 60
1387 21
676 96
367 69
745 47
1572 12
1198 99
1468 35
752 44
899 4
176 33
125 57
348 55
3 74
122 83
1364 84
1685 73
89 22
1577 91
1079 89
1589 37
1465 85
255 12
339 80
647 13
1479 28
1437 74
468 17
1723 45
1473 99
1601 33
658 27
552 77
460 1
58 71
964 85
374 83
631 21
435 67
473 65
1156 20
604 5
1209 21
471 18
1054 92
59 16
1354 7
699 61
746 8
1566 54
439 98
45 31
42 90
1360 63
704 2
157 91
1520 37
533 29
161 58
892 95
1298 91
1071 28
596 5
250 46
466 89
1057 36
1646 31
454 42
780 39
1710 97
829 83
486 96
683 67
1345 54
481 77
895 15
990 90
1631 1
256 48
1087 92
1580 35
527 90
1673 59
1272 40
1590 96
202 11
312 56
1678 16
160 88
601 43
131 9
1084 38
1205 13
1451 71
15 21
1154 4
652 74
1725 94
1660 86
1489 39
434 88
1335 34
1332 37
238 48
968 21
190 24
554 61
376 98
353 99
605 50
415 11
1378 78
53 32
559 87
676 38
945 43
789 6
415 42
1230 98
1188 86
1468 18
1062 6
1528 30
353 8
1119 5
1713 72
1499 26
412 30
347 70
1473 72
158 25
590 15
43 24
207 19
1541 56
881 75
864 2
1191 58
1218 63
843 37
532 90
1684 85
695 6
1354 36
574 91
1713 74
703 92
109 10
353 9
801 44
259 83
1147 69
1245 63
1338 97
473 26
1478 29
1556 88
690 44
1482 22
1322 19
806 92
651 76
545 88
440 84
42 90
1175 49
925 46
532 1
1649 23
1429 71
1367 69
1499 33
61 20
1201 92
442 3
800 40
1224 19
171 53
192 91
81 99
1723 1
1347 51
786 33
1457 58
1727 6
872 28
989 47
1693 4
401 98
652 63
1553 35
1036 33
897 84
1299 53
1244 42
715 82
283 57
208 57
575 39
459 41
766 33
1674 85
1321 96
467 28
407 21
1505 51
461 18
1160 65
806 92
1629 90
375 15
143 8
1246 2
1207 9
1276 77
719 85
603 66
354 12
645 60
758 56
1517 71
540 11
1621 73
1014 7
955 75
1323 99
775 50
720 32
644 38
265 51
1034 95
166 9
366 36
1025 99
319 89
1339 13
257 49
142 3
831 47
1361 6
766 83
1607 93
1253 70
751 46
564 24
826 56
1180 50
1610 70
507 49
1648 5
1576 79
1616 45
1272 13
1268 93
199 62
1531 35
1570 45
1170 51
667 6
1101 21
1188 44
285 13
718 44
202 76
1424 9
18 39
1157 3
200 36
1246 97
1394 42
933 49
651 16
1536 63
119 79
1552 81
1348 4
829 65
435 36
717 60
95 23
213 76
1234 57
1712 74
672 51
415 24
510 49
1477 32
13 10
308 15
1320 88
1431 65
654 13
139 82
1416 44
892 5
37 68
1401 55
1731 27
275 15
731 97
565 90
1096 37
52 95
584 87
166 67
905 32
1590 68
717 62
164 43
1566 64
731 54
916 31
1323 88
1258 75
458 22
1536 31
1345 47
1197 51
522 73
1226 29
1432 77
1104 90
322 64
878 36
780 24
136 51
64 66
1470 54
72 45
378 28
413 97
1255 33
1492 77
1298 8
1098 21
439 64
142 10
526 88
330 80
783 32
755 30
1062 80
1176 6
416 85
327 4
1514 13
633 15
173 95
663 74
1002 65
755 93
900 30
1610 80
1459 17
900 57
1729 93
664 9
1682 22
723 70
888 92
979 33
142 45
1527 36
1345 56
844 23
324 84
752 55
1314 61
135 27
319 85
109 67
920 70
679 53
1175 40
1657 57
1436 25
1072 75
940 62
40 9
340 62
1316 85
423 8
269 50
345 10
894 37
489 88
1350 60
778 40
700 44
111 60
1569 61
1641 69
218 14
522 13
568 17
51 78
1589 75
902 89
1021 53
607 13
71 58
621 94
630 39
1030 44
1399 13
1342 52
1037 77
80 41
563 34
28 78
561 58
1501 35
1132 16
1713 71
1236 83
298 55
126 2
1627 24
768 78
1493 22
36 18
1554 56
636 11
1360 25
1660 62
827 77
1725 86
287 53
148 96
1265 75
524 31
256 42
53 73
218 4
1348 58
375 32
1595 41
559 12
738 33
793 36
877 97
287 96
1421 17
211 45
328 7
1597 46
786 88
919 100
86 68
1206 67
1048 93
1114 4
884 71
348 71
1158 30
1061 93
1114 98
437 2
1299 5
1311 81
1038 91
697 87
1216 36
66 74
1510 70
1156 61
1370 51
109 86
1263 21
551 21
722 49
414 13
1709 50
1653 65
1403 69
1343 18
358 87
1406 5
388 80
479 20
1653 61
702 20
1723 8
1604 1
1683 11
1684 67
523 2
1651 88
449 94
692 62
849 91
893 11
1055 73
805 60
1119 74
101 10
757 65
1529 45
4 72
808 85
601 69
701 65
1182 84
1074 89
975 89
1717 26
409 83
104 49
1688 38
475 100
1413 93
330 67
1012 23
1186 55
1346 86
168 9
1114 60
1612 86
1424 13
959 28
1385 81
1344 60
540 66
1626 89
10 98
667 40
1719 31
619 71
1209 73
1007 79
627 11
540 33
770 15
435 4
967 36
1696 42
414 1
1087 58
170 39
1426 20
240 99
639 66
986 92
1536 80
1182 96
1359 86
304 39
1652 34
345 76
253 98
1321 35
900 19
1337 24
923 62
1601 27
1248 96
1648 39
42 82
1545 34
865 5
987 23
1401 88
242 16
783 12
1322 20
1730 75
739 41
1341 27
638 82
1187 85
676 80
881 31
1571 5
1561 86
573 62
1151 29
264 28
1420 95
187 19
1515 26
1532 23
812 17
124 85
145 82
588 3
1721 78
553 49
1179 86
1627 89
820 47
223 42
538 81
663 42
338 61
10 96
694 65
481 15
645 32
615 94
1327 37
1612 94
1102 51
1027 70
540 75
712 87
431 54
342 16
1104 93
880 93
466 47
768 32
1292 10
1039 54
1564 44
1714 98
1711 40
1513 80
193 57
1574 69
764 97
1291 85
36 70
1035 44
364 5
1076 88
731 86
14 5
1604 83
1040 87
890 8
498 37
1501 39
885 92
1402 33
1275 58
1503 1
155 50
1150 78
373 10
976 74
1002 49
518 35
748 15
1694 45
695 29
1616 34
336 89
687 80
522 95
412 79
49 28
1233 48
435 70
639 92
822 44
253 19
1530 76
1659 84
1715 38
1336 32
1063 56
1466 88
856 88
1376 78
927 68
559 84
325 88
1332 22
131 4
1559 29
1510 20
304 26
850 41
626 59
1658 83
776 68
417 70
5 52
994 36
1319 44
1647 37
13 69
1601 33
1405 62
1682 6
1547 96
1179 37
726 7
1518 5
763 44
23 3
556 51
776 57
1715 65
15 83
45 96
1462 5
845 26
1594 1
1283 83
185 70
1643 94
1604 77
635 3
1690 6
70 83
1251 69
271 68
1216 22
629 84
430 66
1327 25
171 74
731 28
1577 58
767 44
1494 17
472 78
1607 17
213 8
693 64
469 56
1454 2
867 15
152 8
1693 18
1459 66
100 79
599 68
1086 96
553 11
1351 25
1452 69
1486 69
1678 90
932 1
980 12
152 65
1312 56
1421 49
1600 57
1669 93
782 92
968 14
1070 32
1401 25
935 56
676 71
1596 62
30 1
284 1
1219 40
1583 51
1050 57
222 66
212 46
1218 33
269 17
862 49
430 54
471 6
853 67
1548 55
532 71
875 77
57 54
750 59
402 48
451 87
1123 13
917 41
1331 93
1317 43
897 8
999 22
162 85
388 32
50 48
1237 66
1665 89
41 60
171 1
1280 66
634 42
1083 30
113 33
529 14
1388 46
632 97
1147 93
1509 13
91 22
1191 17
1630 43
927 84
759 62
485 57
474 20
129 55
1036 31
521 37
211 41
820 81
681 62
230 41
1295 47
1400 87
813 86
875 52
1061 99
1205 58
814 57
1653 35
430 20
14 9
882 80
955 31
699 43
804 57
1464 23
186 86
1238 6
1195 76
1604 80
1035 97
1504 70
799 9
756 38
817 85
1149 36
1671 49
1132 31
141 92
1481 2
414 80
578 10
328 76
237 48
1589 53
270 96
115 78
1100 71
541 57
1125 67
953 31
1385 27
186 68
433 57
287 18
887 57
1346 81
600 20
1416 38
300 12
339 74
1388 93
1106 68
1670 92
813 22
1152 90
1707 4
724 3
7 72
260 69
1577 47
306 92
788 39
1630 52
677 74
957 41
576 22
120 86
1483 3
1506 55
1138 62
1713 60
280 95
1058 57
926 59
976 14
94 32
69 91
810 86
1098 79
806 59
385 7
601 75
1585 55
985 83
948 100
563 46
551 9
294 55
1092 6
1167 96
743 76
685 15
1668 43
1577 54
651 98
873 29
420 6
1000 61
1538 62
298 16
989 38
1695 86
722 3
554 58
1220 50
1608 20
1218 8
614 56
1619 39
1022 78
215 59
1189 5
1654 48
589 83
256 31
126 71
995 98
896 62
1046 50
360 46
184 38
1597 24
625 92
593 76
1668 25
1540 91
979 41
1045 47
1528 56
1555 70
836 56
1329 59
546 92
1276 36
602 6
749 44
1379 33
1645 96
1184 13
1419 14
1140 33
642 15
828 7
607 42
268 16
448 32
1501 38
1154 59
478 31
1701 46
1318 6
1565 10
1241 6
198 54
1225 24
263 23
965 32
1051 51
248 100
38 71
121 26
1732 5
755 31
1480 43
1557 10
565 36
1251 16
46 78
1202 49
1425 78
761 98
1659 16
905 43
1360 33
88 50
1113 87
811 38
283 94
1659 94
1595 74
688 27
261 38
727 16
1403 57
1602 100
482 19
682 59
421 26
1728 99
675 60
91 70
1118 53
1346 75
279 50
217 19
1188 83
1220 16
1617 83
1251 9
230 2
1052 27
988 52
108 13
1236 10
1290 3
1236 14
310 44
931 100
1358 49
716 64
174 54
539 32
1724 39
810 76
1227 13
210 27
1296 71
588 19
1729 42
1688 70
1491 6
932 24
774 18
509 79
192 66
1103 73
1632 7
449 59
1046 3
1026 74
1339 34
526 65
34 89
483 82
1028 48
581 40
949 49
863 91
1354 8
1569 92
1547 90
1403 44
1137 29
556 18
121 11
1297 96
733 16
1227 32
1208 58
1255 7
139 68
295 67
824 87
1584 12
124 91
1460 87
549 37
716 54
258 85
1540 85
205 43
182 64
388 49
998 70
1689 98
384 3
800 61
392 63
562 9
1247 53
1207 26
986 12
