5672
11 40
707 25
423 55
10 35
650 72
1026 94
556 34
852 25
694 32
428 57
1073 89
792 82
828 55
243 48
395 96
532 55
1108 13
178 57
546 86
1020 68
667 61
363 43
885 92
51 69
732 12
408 82
25 20
146 22
580 29
248 10
1101 57
776 35
116 63
1024 100
1039 98
858 30
1055 74
743 53
770 94
65 42
283 12
402 72
547 4
28 74
196 6
416 63
30 23
119 35
837 96
383 28
506 87
731 73
684 29
454 7
40 40
579 74
275 55
834 38
640 66
416 49
503 21
48 11
52 32
44 32
1053 16
832 39
416 76
973 67
398 98
92 2
471 7
247 35
143 24
745 27
929 77
882 58
733 55
836 94
889 92
1027 47
5 62
864 24
238 46
1036 88
497 1
1127 71
984 100
39 89
766 88
863 4
611 68
544 41
769 4
355 20
838 48
993 37
443 83
988 18
5 84
502 79
443 95
78 47
620 12
100 66
853 23
433 95
87 17
598 90
466 41
1101 53
408 40
938 22
546 64
259 63
274 24
620 53
257 25
225 9
893 41
886 24
695 51
479 31
128 21
63 80
411 65
109 15
268 90
859 49
1093 52
623 19
515 64
1097 95
968 17
968 88
915 50
966 10
166 30
164 23
777 24
1129 39
1042 67
222 85
48 75
355 8
317 66
309 56
371 31
1000 61
326 1
998 68
618 63
68 38
287 39
508 83
868 43
1127 19
814 9
506 25
877 84
507 82
243 100
503 55
72 26
120 34
1035 35
224 32
650 97
641 52
535 17
88 67
894 95
133 1
416 44
234 65
682 5
140 28
516 45
439 50
122 57
145 71
452 4
181 16
527 20
982 56
512 65
244 55
553 90
633 33
431 8
249 73
89 51
296 2
1098 15
452 22
687 16
1016 46
194 45
478 29
761 89
516 51
123 6
543 44
278 45
682 79
369 68
758 37
1042 6
1009 76
379 96
358 18
511 6
96 61
355 92
185 13
864 94
621 97
218 77
720 10
375 32
811 2
744 73
355 17
811 65
616 10
319 26
55 57
931 100
860 67
1035 34
486 62
103 48
727 84
1026 48
57 58
21 70
248 9
620 54
773 68
750 58
1088 11
588 71
985 4
416 72
852 46
468 50
981 59
1007 34
252 50
3 56
530 4
1047 53
310 23
50 47
125 85
1115 19
610 72
478 72
559 65
831 76
334 87
613 15
614 74
684 92
167 22
389 29
391 20
586 70
725 37
756 19
838 69
425 25
319 35
184 47
650 50
754 17
845 93
788 13
139 64
1052 23
576 96
902 27
127 32
409 92
316 9
1047 47
1122 31
692 19
303 52
573 34
943 57
1131 4
39 22
406 60
100 71
997 29
436 78
70 83
862 92
9 67
254 56
669 28
967 100
418 55
323 45
960 39
129 90
209 52
717 49
320 77
90 61
910 74
830 88
927 75
829 21
753 14
126 1
383 61
91 48
639 37
927 31
471 32
312 24
319 27
1099 8
424 63
700 98
78 28
332 65
402 23
361 94
282 8
570 20
445 92
786 35
406 71
769 11
251 78
154 17
447 24
149 75
794 92
525 41
995 33
813 55
925 11
671 47
58 23
828 46
708 65
465 64
567 64
303 74
1059 51
228 52
880 31
719 56
813 17
799 8
758 58
1125 49
247 64
1054 72
218 35
31 97
773 5
1006 82
503 45
498 74
176 22
289 1
39 67
443 66
13 76
152 13
667 29
1086 14
84 47
840 36
1050 33
463 2
568 79
157 63
1057 94
1055 79
27 12
714 99
449 63
934 80
735 69
537 59
177 67
420 50
1076 50
4 41
474 78
1099 27
1047 96
155 8
486 18
117 56
450 61
258 66
618 68
203 40
769 16
154 7
1072 100
25 17
669 13
1117 79
244 74
159 69
679 44
455 97
424 29
621 34
1106 33
474 77
390 28
388 15
715 81
514 25
735 74
330 34
46 17
142 85
1055 79
1000 12
716 75
1055 8
774 90
1043 13
569 39
219 20
111 47
160 99
204 69
478 71
280 78
962 36
145 81
198 77
1029 49
165 51
628 88
791 2
120 14
1054 46
481 48
648 99
368 29
136 37
478 66
862 96
977 87
393 70
326 87
1042 87
145 32
807 100
946 81
919 84
1018 70
194 15
906 71
574 8
727 59
842 55
1118 26
1063 84
616 5
1132 10
50 39
658 82
481 53
799 48
497 63
162 83
441 70
663 12
398 4
530 16
873 60
57 72
1068 93
881 53
485 1
539 98
984 10
291 72
757 76
475 29
508 79
802 35
413 4
407 71
43 41
721 74
439 48
1023 12
345 55
527 55
187 78
809 8
998 14
239 61
903 99
496 63
137 42
734 2
194 78
386 56
621 24
606 24
314 14
22 98
470 96
1045 62
597 31
512 69
654 76
783 6
1076 63
194 47
618 17
769 63
1043 56
784 37
984 6
1033 97
443 27
450 16
540 29
733 81
204 9
778 100
279 52
206 43
1100 54
584 82
635 33
142 8
855 26
872 16
340 45
901 83
596 6
591 48
956 23
251 36
361 42
21 35
827 12
716 27
214 69
1116 34
330 73
742 46
49 76
873 52
166 30
1036 10
939 12
977 53
617 56
142 66
154 90
928 18
991 53
413 91
390 79
795 24
775 21
1078 7
131 2
212 40
887 21
374 41
915 79
422 83
607 48
428 52
923 66
737 77
35 60
155 26
730 12
645 85
931 28
691 10
660 15
980 51
1005 88
407 98
295 87
147 76
1057 44
903 64
167 9
962 86
1064 5
1047 52
321 56
383 14
13 62
159 59
511 97
1120 95
391 81
89 36
797 11
326 9
952 95
189 40
1025 95
120 93
493 18
817 21
645 18
976 21
545 88
910 57
113 72
58 50
317 79
134 23
1048 69
760 73
20 31
350 70
864 46
820 49
152 95
632 98
1101 99
1132 34
197 83
818 93
819 73
74 42
372 23
103 15
316 16
434 96
1112 75
984 27
487 80
182 74
85 43
216 95
157 10
397 88
1013 82
1079 64
397 98
174 60
206 41
1040 91
620 94
621 70
579 45
113 13
365 21
178 18
106 20
394 23
481 52
759 99
201 55
742 94
289 78
777 28
94 22
458 28
354 66
451 4
705 72
206 19
577 86
201 29
976 14
1105 45
824 94
86 84
951 78
835 13
696 30
361 50
18 55
682 33
272 74
911 97
946 18
487 17
191 48
361 91
779 27
273 13
259 51
169 42
830 42
476 73
131 92
79 57
302 17
39 13
836 39
539 1
763 29
1124 39
104 1
1048 93
340 58
291 5
275 36
761 74
115 29
1100 51
640 73
664 70
1085 95
268 88
575 47
144 25
409 76
411 21
248 87
1048 71
316 53
139 62
574 29
258 64
413 62
859 27
212 1
518 46
318 46
1113 35
226 20
515 75
1124 19
495 73
28 59
416 63
441 10
704 17
225 86
1043 12
163 77
699 36
708 30
481 62
448 60
686 10
811 27
441 11
678 22
648 88
731 31
907 77
128 80
390 18
686 72
800 35
65 36
960 57
1026 3
949 77
2 28
90 27
1133 50
1111 55
1022 99
147 73
3 37
690 14
619 38
1071 53
229 43
307 79
356 95
128 98
993 91
235 32
591 28
603 53
129 79
593 87
25 8
432 6
1048 66
316 53
643 51
761 2
581 29
214 64
2 44
74 27
649 43
582 69
421 63
440 94
821 98
888 58
9 98
336 18
803 45
414 30
187 2
908 72
658 75
1037 84
778 95
55 65
669 36
690 69
235 81
718 36
93 67
52 84
320 82
619 93
1032 61
606 46
454 67
400 7
669 56
584 64
35 39
313 61
40 44
948 43
539 75
506 71
1110 1
30 60
264 69
811 60
136 85
1049 82
93 59
1054 71
51 4
1023 23
466 17
925 94
205 49
531 3
482 20
924 99
83 20
559 7
710 58
837 26
554 28
365 48
624 94
346 20
815 44
348 37
553 56
930 32
358 17
84 29
30 31
193 55
102 31
504 4
1053 15
749 38
393 63
791 47
696 74
372 34
246 14
763 76
897 92
318 12
447 1
894 1
494 84
461 51
829 96
237 57
848 99
610 29
354 26
1084 32
785 14
1001 16
47 41
385 27
346 72
395 100
386 71
839 76
157 44
1129 73
522 43
10 84
569 45
1120 40
383 88
250 24
463 6
115 94
804 80
1089 38
329 56
1013 61
272 21
517 43
487 48
889 72
1123 52
269 80
297 63
940 92
734 19
954 84
1132 45
889 64
298 30
698 65
211 99
305 26
366 10
742 41
1134 72
652 1
862 26
656 82
805 46
421 5
674 21
185 42
877 19
415 3
66 77
1071 38
146 9
823 56
679 73
850 34
338 97
1031 52
598 89
238 3
922 75
987 5
338 39
221 82
61 63
345 20
807 43
97 26
952 8
645 2
593 38
548 14
673 46
257 88
183 59
929 52
760 58
508 61
194 86
982 56
53 74
579 37
153 98
796 33
753 91
370 13
85 51
936 87
305 84
276 60
716 26
991 77
82 24
728 33
723 74
201 95
585 61
832 84
943 70
399 22
827 8
421 44
635 39
980 50
1006 48
1101 26
959 2
488 32
300 34
985 63
738 53
566 1
887 94
954 26
265 59
1037 56
103 24
901 62
1053 85
420 100
938 23
259 46
683 99
1039 61
1024 27
163 42
744 19
951 15
75 34
250 36
983 84
703 90
831 19
157 21
143 78
667 71
768 52
836 58
234 63
998 16
1084 32
223 54
972 69
1088 52
466 13
366 18
112 80
42 32
671 73
942 3
877 38
848 12
702 64
427 92
484 32
116 23
1000 94
924 63
393 7
422 89
221 16
1086 22
29 5
907 6
1060 97
793 23
152 59
474 15
754 57
92 43
752 38
960 78
437 82
24 24
291 46
317 35
215 3
23 57
835 31
422 35
751 71
243 63
700 76
26 8
821 72
375 27
1127 39
1002 55
269 25
67 10
185 84
722 9
757 11
343 72
265 15
310 69
630 81
426 49
1115 78
1051 12
407 60
332 41
918 52
589 36
675 20
777 31
416 2
153 22
834 78
837 54
174 21
599 47
79 72
457 73
657 9
149 91
470 28
295 96
892 12
27 33
521 66
846 57
5 1
340 13
190 45
812 14
495 73
135 84
618 44
177 13
964 60
112 8
818 8
112 27
388 45
796 37
396 33
292 27
1126 78
1129 42
864 45
861 87
73 74
463 6
873 42
394 62
688 79
779 12
880 63
404 75
1082 23
193 94
685 31
593 90
907 8
677 70
193 63
1079 68
904 35
19 91
885 13
209 41
1099 27
950 94
569 51
332 22
858 2
417 69
325 9
573 94
697 68
875 71
1131 34
409 75
58 2
147 34
529 60
552 76
608 13
643 41
867 78
438 29
83 95
685 100
480 84
614 16
655 14
1009 87
525 1
505 71
770 63
77 78
1067 57
262 78
396 48
328 47
99 24
576 93
346 56
671 61
999 76
39 39
670 31
890 40
241 53
438 12
440 1
1118 88
847 95
1130 68
1102 47
153 84
198 30
957 27
857 17
874 27
317 74
441 16
990 18
1100 26
722 65
1103 72
522 68
632 2
684 57
1117 14
662 54
132 34
421 20
731 85
557 49
1108 85
881 22
664 34
588 98
46 72
645 40
111 89
62 79
210 85
335 78
690 6
145 6
305 92
901 6
942 31
470 32
1058 38
591 22
894 63
296 6
928 20
830 79
978 66
48 13
190 50
1011 41
24 1
86 39
916 57
346 50
842 54
8 98
608 36
217 37
306 94
604 55
153 96
387 89
668 78
435 77
288 2
