5459
182 76
745 36
8 91
559 97
923 87
614 26
470 92
471 70
1067 30
848 85
1080 98
1068 20
580 89
909 44
385 14
53 97
859 37
403 38
482 8
100 51
1010 98
65 69
625 35
708 6
1090 71
743 96
80 84
296 15
294 77
645 83
307 12
88 64
163 32
92 63
781 86
345 23
1078 57
26 22
476 21
649 15
691 84
501 22
237 58
774 55
980 73
949 27
106 2
587 70
826 59
319 80
831 1
763 43
536 71
445 61
408 51
925 37
605 78
148 36
829 17
130 85
11 9
726 91
911 56
150 96
588 37
969 79
998 64
339 51
408 59
99 68
494 80
4 11
139 85
105 87
834 44
510 50
735 91
868 3
84 11
748 96
52 44
723 71
779 67
436 97
270 23
552 98
818 19
256 70
542 79
610 42
574 25
256 71
802 92
913 6
1005 99
127 88
102 28
105 70
412 100
549 57
771 3
353 40
34 91
769 93
333 57
528 43
1002 54
294 86
607 88
617 86
778 73
805 36
394 56
82 94
205 22
943 55
1080 63
780 22
808 65
696 39
248 51
1087 20
337 38
1044 5
654 23
186 39
543 46
854 44
568 36
931 41
691 29
422 60
479 3
7 2
282 87
66 45
745 31
487 24
918 27
630 5
638 82
913 24
623 63
819 11
267 62
279 1
835 30
554 95
219 88
474 17
204 54
960 95
913 4
802 74
156 9
858 92
177 18
221 33
992 76
174 49
484 14
975 21
584 47
119 3
245 64
339 2
1032 49
953 3
383 33
273 58
67 69
664 15
114 25
357 42
253 30
205 77
751 42
640 66
1008 7
616 66
582 47
766 67
885 68
315 96
543 73
502 20
169 100
255 58
308 70
685 15
28 78
32 19
261 96
385 48
263 48
1008 32
108 9
1082 39
11 89
848 98
449 13
590 1
976 38
1055 52
522 57
622 7
943 85
519 94
174 80
102 61
292 98
242 3
574 39
826 19
952 10
400 9
1087 41
1038 69
285 85
1 64
1070 40
907 50
877 38
921 31
993 19
874 64
653 76
863 65
124 53
463 3
470 19
1064 48
940 77
828 52
192 77
551 43
756 9
966 67
1036 38
823 79
1057 89
77 10
825 87
892 84
881 49
425 24
556 81
785 29
290 92
197 64
1024 73
232 97
786 40
705 48
298 79
1019 62
1073 56
368 52
550 45
1 23
219 54
610 19
530 38
494 100
758 60
40 37
665 70
1014 99
317 84
657 16
50 30
1092 61
21 17
348 73
65 75
33 80
711 79
167 86
872 97
763 23
941 64
282 63
282 28
449 27
896 56
831 91
913 7
40 5
592 87
1033 68
772 94
952 30
263 39
352 54
634 88
281 42
571 63
315 55
994 86
344 89
224 77
544 100
818 66
651 44
661 57
32 74
175 77
229 5
1075 56
516 16
679 59
962 77
264 62
197 94
449 4
144 3
1017 64
439 87
464 93
297 10
252 96
141 50
338 81
204 38
840 27
1041 37
574 29
927 4
1048 11
353 49
997 33
104 63
421 30
501 34
747 42
1091 8
552 5
916 17
534 27
693 6
72 23
64 100
62 34
524 38
461 56
881 19
555 51
618 23
973 59
1026 45
73 11
791 17
247 22
832 57
444 43
782 24
133 57
214 86
348 71
772 74
436 27
169 59
576 22
524 43
120 11
331 61
1044 37
898 51
840 48
457 53
477 24
830 64
247 40
644 33
893 17
823 28
21 73
523 71
50 91
469 18
378 24
18 93
299 46
434 47
351 91
636 17
806 100
47 48
8 60
650 56
761 19
538 65
1053 75
383 3
86 39
76 7
910 83
963 30
505 28
565 95
91 50
782 74
521 24
389 52
637 48
842 81
792 93
481 79
619 8
859 49
782 61
221 16
591 65
403 16
980 54
658 55
341 41
730 55
851 82
817 88
291 23
328 72
577 30
805 83
620 48
1080 80
878 69
322 71
1038 2
614 69
949 64
32 35
611 18
76 48
540 35
522 84
491 78
741 83
701 57
709 73
674 51
379 63
944 94
512 92
371 73
448 96
28 3
284 100
839 93
793 43
424 52
313 58
117 58
673 46
1036 79
501 59
66 74
659 42
524 100
653 15
1057 38
914 12
897 2
1092 77
912 34
697 96
900 54
281 65
301 80
579 52
405 75
192 13
760 15
598 38
378 28
958 92
1072 43
359 55
379 9
799 65
323 84
510 4
673 44
240 21
105 55
445 84
998 99
562 98
316 92
583 34
772 82
557 72
518 18
405 14
525 40
171 35
1051 99
21 63
824 19
1016 59
238 10
1060 83
896 13
528 30
389 80
223 74
51 14
134 61
652 68
367 23
598 53
453 74
322 99
1018 52
477 73
1061 55
429 97
675 62
183 52
991 12
936 88
861 74
5 92
136 10
70 8
176 68
26 97
953 8
362 72
191 83
199 92
867 50
101 5
343 93
874 43
164 45
293 67
1035 77
1072 13
920 81
692 19
706 98
70 29
693 29
882 4
554 37
815 30
497 2
471 76
879 70
483 15
589 21
593 90
99 55
279 68
490 20
394 34
1027 76
315 68
969 92
68 98
651 16
807 77
724 57
560 26
373 52
247 52
528 76
431 15
448 22
246 99
97 49
675 28
958 89
385 67
275 30
345 93
961 43
103 90
725 100
1088 16
49 15
770 94
578 81
534 92
37 47
708 66
508 74
1037 62
521 9
614 48
12 47
986 50
591 70
539 75
1011 95
211 28
615 61
592 74
922 53
977 70
870 48
375 80
1056 50
659 17
517 71
705 8
226 94
608 21
327 87
1083 9
232 41
285 1
576 51
751 71
935 85
27 97
118 82
60 27
208 75
474 64
743 63
1000 71
138 13
334 84
830 56
435 12
32 10
510 54
628 18
1006 85
569 33
310 2
763 96
146 68
196 96
87 85
162 98
779 60
86 45
222 51
743 22
393 11
570 26
669 49
445 25
439 20
958 70
896 11
315 60
378 53
888 92
816 41
782 86
1079 81
967 83
302 66
707 87
497 80
628 38
315 94
503 89
789 4
894 49
227 34
700 64
84 61
921 84
273 23
546 8
15 14
1045 35
477 69
556 91
408 15
1020 42
523 84
585 48
506 91
680 13
1010 70
645 19
522 73
20 17
643 73
28 32
237 2
979 66
394 56
488 86
953 94
670 12
781 40
43 79
925 16
1059 51
555 73
354 19
307 13
269 14
869 49
794 1
794 45
191 5
414 19
333 48
60 63
436 11
102 54
766 24
1085 34
786 7
295 15
192 82
802 73
158 78
688 70
1063 25
33 68
516 33
32 54
1071 5
996 59
52 69
229 10
632 56
883 78
984 10
181 28
275 31
1083 90
113 67
502 53
912 42
391 6
666 50
875 36
84 46
846 58
544 39
1036 8
9 14
493 38
809 55
411 50
944 85
609 87
216 13
73 6
812 20
434 25
588 52
471 29
582 54
382 72
1081 68
271 42
252 15
699 42
307 63
515 5
331 26
486 13
464 67
847 95
152 8
1050 98
1075 84
1074 10
140 6
947 61
874 93
527 40
452 85
1025 60
434 94
420 45
48 92
457 86
1002 1
958 57
429 9
199 4
991 95
492 85
256 74
206 63
699 72
581 76
499 76
172 24
753 81
689 15
271 4
24 81
739 25
745 87
766 72
665 65
671 22
254 38
570 89
120 8
756 40
601 29
390 22
938 51
76 67
924 51
447 19
356 78
555 74
241 71
154 65
594 24
307 87
69 77
770 96
106 91
896 51
442 96
650 25
710 91
446 23
279 29
176 93
4 80
961 10
120 78
412 18
187 14
730 99
458 99
565 77
322 11
448 77
663 14
325 89
922 74
834 31
78 89
918 29
979 42
701 38
971 62
896 55
291 37
102 31
677 94
1005 68
128 49
208 77
423 48
436 48
497 39
146 54
1075 46
1042 55
350 11
572 87
613 8
404 63
763 32
23 72
855 39
1090 35
826 20
861 82
542 67
391 43
227 1
336 69
706 56
593 81
724 94
279 78
376 88
248 78
219 78
783 43
626 97
1001 57
382 73
265 18
988 62
756 36
47 85
977 11
638 79
92 86
109 34
608 98
323 19
461 52
979 93
701 43
530 90
498 41
575 95
810 25
1028 8
527 33
870 65
106 94
218 11
1068 70
959 95
251 45
324 21
263 79
750 5
257 65
173 30
407 26
347 70
994 47
888 29
32 22
368 77
151 30
47 36
460 22
409 95
636 63
641 7
386 100
117 31
689 28
672 82
233 46
35 16
944 82
544 37
373 76
349 60
709 73
20 51
720 100
292 36
65 9
340 81
51 37
981 19
761 79
2 57
211 34
68 27
64 57
548 91
838 93
307 30
23 57
953 96
240 44
433 74
18 54
127 18
326 72
411 31
242 41
1082 57
433 95
210 31
297 84
224 6
489 10
420 53
684 41
888 64
6 19
687 30
907 81
688 10
741 98
633 1
978 100
365 10
915 48
763 49
784 80
110 74
863 21
142 99
1085 33
609 94
1034 66
306 6
949 2
1026 7
43 6
693 100
835 12
961 100
468 30
1029 79
729 21
621 25
684 25
926 4
297 18
702 65
920 86
617 53
183 65
265 94
93 51
917 35
585 52
768 85
977 78
325 56
388 64
665 43
997 35
533 87
455 65
44 54
872 29
195 40
214 82
296 39
118 83
589 56
201 10
696 45
31 100
589 29
558 41
839 15
1029 97
710 43
440 75
766 64
750 64
219 18
97 99
554 44
761 98
639 24
311 88
318 5
781 88
580 79
265 9
405 61
645 61
367 34
999 88
423 83
24 74
1031 73
1042 32
981 47
614 18
755 58
792 31
1038 62
874 13
521 12
751 66
836 9
723 62
3 18
233 11
283 10
1090 78
1066 51
153 56
876 58
195 64
292 59
531 69
62 87
235 53
297 27
506 85
438 2
67 77
879 53
654 36
616 23
319 7
1083 66
492 46
644 28
874 92
150 71
738 18
251 93
598 13
521 25
271 99
1058 65
797 42
987 54
267 9
879 33
1014 90
164 36
301 72
1045 37
501 70
210 83
262 81
541 17
480 79
496 43
130 5
322 11
125 63
28 96
428 29
620 3
243 80
125 83
829 67
864 39
482 95
1031 58
73 56
177 36
368 57
772 54
378 95
387 57
523 43
997 3
365 69
35 49
368 64
859 29
837 99
692 92
309 33
1002 17
604 98
1070 55
201 72
232 25
376 98
349 69
1009 10
379 32
220 11
132 9
785 31
1024 77
1077 89
952 62
573 71
638 35
301 24
725 31
286 23
1035 54
663 5
705 3
910 25
508 83
513 27
1063 91
533 99
832 89
257 26
925 64
370 2
870 61
2 17
710 76
1084 56
185 11
117 86
381 87
116 34
287 37
123 30
1091 11
535 54
698 13
737 65
1007 20
376 3
15 13
1030 92
337 4
612 59
877 81
793 62
330 71
526 77
933 13
269 57
959 64
1079 11
131 87
315 58
703 36
723 4
675 99
45 17
332 88
86 53
89 28
135 94
416 51
1051 17
576 66
38 48
106 67
891 56
802 94
727 66
426 79
97 70
541 55
472 54
290 53
221 66
811 67
320 50
995 58
135 13
904 99
9 30
900 34
715 30
1042 81
977 82
688 82
210 53
377 97
506 51
1015 39
116 54
148 22
520 9
620 43
722 72
668 3
105 51
645 49
335 92
610 89
604 89
282 87
114 10
116 47
98 1
553 11
242 64
301 94
624 53
760 75
631 10
556 8
273 66
644 96
810 81
360 65
639 12
880 30
347 19
792 73
25 36
658 73
937 72
757 80
695 45
860 37
318 76
641 5
90 14
192 73
944 29
636 28
121 25
248 1
912 81
798 56
3 35
