6842
1161 40
315 50
948 92
68 76
336 47
2 74
204 68
1173 46
1097 26
807 28
1306 27
667 50
184 38
467 70
762 11
1104 32
607 12
1143 96
251 1
1273 30
1226 75
670 77
59 94
50 21
359 82
1320 19
1338 82
821 11
98 42
1159 84
14 18
180 27
26 9
1165 60
1078 2
263 94
1011 89
69 93
1135 4
1325 57
1010 61
152 78
638 86
889 86
533 75
547 99
158 14
559 69
1134 18
870 93
528 30
1253 25
780 20
1322 92
245 26
792 46
1199 2
1246 24
474 32
253 62
1325 4
1233 18
486 18
392 99
185 23
849 50
541 67
153 46
522 60
94 28
560 46
198 12
244 56
614 17
1368 64
608 34
56 1
1349 14
739 44
1064 78
952 62
371 61
954 80
1216 98
248 59
11 83
468 24
275 28
1093 100
307 8
429 39
1167 24
490 70
1251 6
271 87
295 45
403 87
799 51
635 77
1356 18
287 58
462 7
1124 72
388 7
158 98
1054 41
556 20
178 78
631 77
1214 60
587 37
570 66
394 23
1254 77
1199 46
600 16
789 53
1288 91
159 68
951 56
249 21
626 29
171 4
790 38
241 56
550 23
662 18
995 40
90 90
378 70
26 65
1235 100
1027 13
135 20
715 25
991 58
463 54
1306 32
1361 58
795 70
1363 96
746 63
217 23
546 70
524 71
648 1
378 14
1305 45
1028 22
1143 4
1004 78
341 89
776 55
886 36
622 55
126 43
556 75
972 76
780 8
439 53
807 58
348 9
1021 4
89 39
389 7
795 10
1111 77
104 91
771 18
119 92
113 23
1262 20
508 52
77 14
983 53
519 39
552 34
101 56
304 23
1174 33
1160 26
1112 97
909 38
80 26
691 2
9 21
269 74
943 8
232 8
1115 14
409 30
1359 10
1069 17
1008 96
1304 44
1079 85
507 3
1190 20
165 40
873 43
152 26
581 33
811 48
768 73
1133 17
818 76
980 7
25 79
12 44
1322 31
273 88
889 47
733 66
609 52
1231 68
459 4
843 40
675 24
531 98
365 33
77 15
320 54
1234 75
164 83
807 52
928 77
1292 58
13 45
807 21
658 58
1091 21
794 94
792 97
1235 23
1334 17
573 6
547 2
886 46
555 81
681 90
691 64
170 91
367 24
601 98
325 19
839 2
1012 16
563 75
32 39
434 20
299 30
185 30
256 87
984 10
709 86
439 16
1138 32
115 23
198 13
1006 8
1043 53
327 56
56 25
385 71
297 52
1079 64
1324 2
1342 9
639 55
1266 10
336 46
829 39
918 5
618 38
5 100
1314 95
1269 67
279 53
550 16
456 59
1162 59
226 78
1114 75
781 50
1337 97
347 84
760 92
1067 64
720 72
682 82
475 32
283 96
572 58
503 59
1351 35
94 47
1098 12
1101 23
1107 84
117 49
433 98
1083 89
891 2
1013 44
1258 20
178 93
1114 80
343 28
18 43
829 96
247 4
887 39
389 76
1070 69
1110 75
758 81
5 85
1288 35
622 18
661 46
223 97
1294 5
79 65
575 42
1020 14
450 95
648 4
982 94
510 71
114 5
925 93
280 22
47 45
107 48
94 41
304 64
1191 90
880 9
495 13
143 8
413 9
1358 69
931 83
1018 13
373 58
181 21
846 84
39 75
776 35
801 94
1052 96
1334 100
836 61
514 66
1245 21
1018 79
1198 55
992 9
28 35
405 74
128 17
794 26
579 28
1239 6
520 51
880 38
301 94
29 8
1029 87
786 87
496 4
612 29
1049 97
904 74
1250 94
801 17
751 21
53 8
1068 94
50 9
594 52
509 43
98 8
663 37
593 17
468 72
353 50
1138 41
861 22
315 33
391 6
1246 12
758 96
1158 32
165 52
661 51
50 20
486 10
130 6
680 99
1188 11
743 45
1075 81
938 97
484 96
1154 1
366 27
981 32
84 71
21 8
1278 49
859 52
693 96
347 86
906 4
1227 28
765 63
1018 18
1202 97
1 25
867 42
1260 79
1074 67
346 28
566 100
1209 15
200 14
1248 64
529 92
1173 57
719 8
997 70
1211 17
144 11
2 57
443 20
618 46
845 63
1153 80
1000 53
1045 47
343 67
942 65
1032 5
1107 4
581 16
240 23
1352 48
930 82
1022 19
377 49
1346 1
775 91
1365 36
568 3
77 16
249 68
423 48
406 48
1295 34
465 30
1308 72
1285 100
866 29
1281 45
1068 14
316 94
919 44
362 16
1352 92
84 52
452 15
488 82
1357 1
482 36
227 46
1106 58
317 59
670 30
649 28
530 4
1252 89
1279 42
1117 81
492 20
812 1
226 29
1198 48
762 25
884 60
993 16
844 75
800 59
1053 77
659 85
1316 44
398 76
16 41
349 88
1068 16
454 50
757 56
697 16
917 63
387 12
505 15
467 37
772 11
301 36
337 33
1054 74
566 71
1256 10
1315 58
264 28
1122 8
351 44
186 62
1185 62
421 95
243 3
556 77
1160 80
56 47
487 39
580 67
703 78
1232 60
615 74
508 50
78 9
838 63
296 6
379 17
636 84
501 21
248 66
425 68
371 17
997 90
788 64
582 2
354 11
1176 91
636 10
226 92
1185 8
677 10
843 73
1038 33
1257 23
822 48
426 3
750 18
947 3
201 21
382 85
223 9
903 37
282 18
510 65
379 86
168 73
739 76
1179 97
886 46
1151 86
704 69
782 51
1276 12
761 32
1000 9
1224 44
926 48
749 24
392 50
289 19
100 17
167 31
1198 30
25 81
502 21
288 77
984 96
1059 25
1352 48
695 54
1072 76
312 80
919 65
501 97
496 37
714 66
1328 70
864 94
672 34
996 89
1086 77
187 74
821 15
474 39
846 38
880 100
271 1
762 66
875 34
613 98
741 28
203 66
746 18
469 45
285 4
675 74
206 29
70 1
1113 66
102 50
212 70
192 1
250 52
545 7
194 30
263 15
320 7
1299 54
24 86
1124 12
1053 56
1177 14
1035 38
552 13
327 48
267 40
950 39
1207 56
629 94
51 48
1286 64
1357 41
402 96
641 19
183 89
806 97
56 43
1049 24
731 37
735 3
97 78
1284 64
875 7
452 76
601 40
855 30
1208 48
845 84
1194 4
826 94
791 88
354 31
1356 56
909 17
360 50
382 24
1155 34
1072 53
238 98
1141 24
212 45
848 41
805 35
1097 76
430 44
1342 17
783 17
1132 97
284 92
975 28
620 80
730 62
90 1
1193 46
525 90
859 28
754 55
1311 9
277 34
594 68
1305 89
1322 82
461 74
286 79
958 42
254 20
803 18
963 31
243 70
637 34
826 5
325 20
1355 2
276 31
567 25
1212 57
1304 19
675 72
811 97
1179 32
1097 17
424 89
1092 19
388 60
807 18
1087 1
499 85
273 95
1303 56
1082 88
1170 55
293 75
826 31
43 57
1066 87
324 29
528 73
1051 2
856 10
1083 19
63 9
1135 91
273 51
1164 9
462 79
559 92
538 58
1309 50
267 54
909 22
804 24
2 47
703 63
448 48
518 84
470 17
81 10
608 41
1211 6
1128 95
702 89
1215 75
474 21
847 42
1283 44
1189 32
582 32
357 92
260 16
849 70
785 38
193 76
87 28
1088 54
1039 50
137 65
593 19
421 5
169 2
1013 19
559 75
255 42
730 39
1143 14
501 24
51 96
96 90
36 82
1356 23
207 24
947 71
765 56
589 70
482 64
19 95
502 79
710 17
836 39
1274 73
594 62
960 82
195 28
1057 62
429 68
280 53
435 7
1222 30
1077 57
812 61
275 51
484 40
543 95
529 43
849 83
70 87
583 39
838 14
866 30
1257 87
346 40
785 69
554 86
428 51
229 1
921 9
1359 43
122 49
1269 89
421 79
1011 8
131 96
602 51
411 25
1150 17
875 11
784 37
986 70
1182 96
133 58
59 27
991 68
710 48
60 45
387 56
713 79
1017 33
224 10
1221 79
315 32
953 31
515 95
288 67
1103 58
198 18
277 63
657 36
78 35
1326 66
291 5
666 96
878 85
810 5
1255 38
529 96
1199 99
609 97
969 5
344 63
1115 6
252 56
1149 16
408 81
1166 65
155 69
155 28
445 46
1344 6
1059 55
76 100
208 12
538 27
1336 93
751 53
1242 25
475 63
559 61
428 17
450 62
1271 36
163 99
527 1
1163 14
687 17
1328 39
673 40
634 82
1337 3
143 98
701 33
1198 89
214 16
377 25
573 27
743 70
151 64
485 57
832 39
1061 37
812 54
619 54
1347 58
838 55
1150 1
48 12
535 91
447 96
160 73
1247 21
1199 36
765 39
616 87
1320 81
462 71
1054 99
417 79
446 24
454 95
1329 39
732 18
1183 85
278 81
729 42
925 91
753 96
226 48
759 42
292 45
736 54
1095 62
853 25
1072 54
490 93
15 18
382 41
193 68
692 4
523 30
1014 52
998 52
907 93
1001 42
709 16
1047 81
1367 9
1365 53
655 30
291 70
876 44
764 38
1289 29
749 27
777 74
1333 18
215 82
969 66
295 61
74 66
143 19
472 13
35 29
1096 86
633 17
818 69
1050 62
230 76
247 51
431 51
84 88
958 31
919 11
333 77
747 54
1183 26
741 47
113 96
1335 25
803 83
274 5
200 61
438 87
65 87
135 7
771 52
186 7
1263 11
102 41
692 32
951 22
1335 39
430 79
15 45
578 60
1353 42
1068 38
1303 56
42 65
1240 95
832 81
833 87
1244 65
686 49
115 51
83 22
660 55
435 10
1088 73
1338 71
760 22
232 87
73 85
242 27
417 31
139 85
513 15
603 88
146 59
946 20
22 76
834 62
1213 99
1046 84
112 78
872 71
168 17
433 64
219 88
1014 24
1105 5
650 24
276 53
1206 31
366 83
826 25
163 78
977 64
647 44
655 75
776 33
322 48
174 23
413 3
669 45
333 46
479 59
781 21
20 61
578 3
546 99
616 83
1110 100
1360 5
572 42
707 33
886 47
1149 61
879 70
1078 8
85 27
1096 50
444 48
116 16
825 38
906 56
42 8
928 16
705 68
252 43
1094 26
543 90
1049 24
728 11
611 36
654 4
1092 86
604 7
857 38
905 9
732 61
969 56
684 61
57 65
43 30
308 88
381 59
127 70
827 62
351 15
135 55
642 59
362 78
31 97
911 100
1233 4
258 6
557 2
856 44
372 18
634 65
669 94
1259 68
490 7
761 69
1309 25
1019 98
1293 48
991 30
1003 45
848 42
794 1
1017 15
1081 62
562 43
1360 58
629 6
1273 35
326 18
431 21
737 64
950 28
887 18
317 44
244 31
80 30
1132 67
406 42
974 93
837 10
341 8
407 60
261 83
207 29
814 8
847 10
32 75
300 83
1318 2
275 54
1362 43
1308 15
791 15
516 87
375 53
267 65
111 16
148 24
250 44
773 18
1223 92
269 19
970 81
575 49
287 100
84 31
1144 52
194 35
1175 7
857 29
988 93
724 60
560 18
117 7
1220 17
1086 33
143 75
839 98
620 50
1292 21
939 89
1160 59
17 5
708 13
585 7
1018 90
1348 51
908 30
871 90
894 13
285 42
800 64
848 96
726 80
1091 79
1211 22
569 96
1207 43
1101 39
83 4
298 39
1104 91
474 81
1060 72
1089 9
17 60
1121 79
662 60
301 39
1103 1
262 16
1242 16
1263 86
1248 43
472 3
84 5
769 96
1155 61
309 35
934 94
191 30
685 36
793 22
582 19
576 30
1151 21
518 27
758 23
173 63
642 82
507 74
169 25
1283 76
917 8
958 98
847 17
350 6
96 59
1208 17
198 94
1203 54
331 84
210 76
618 78
391 51
1352 72
349 86
673 24
830 46
289 58
924 7
1251 59
772 19
234 46
1191 10
614 65
548 98
261 22
974 6
284 36
886 18
1054 47
369 47
537 89
65 48
1100 73
1116 41
1292 21
1093 25
846 71
1015 6
405 32
713 8
336 37
289 21
995 7
548 31
511 92
1212 75
457 8
135 22
498 99
373 82
496 6
483 52
1330 19
1222 68
424 26
873 37
1040 65
258 18
441 100
145 42
220 23
717 89
344 94
1171 99
196 86
472 15
138 47
841 14
576 6
1039 25
419 58
296 71
1245 42
