9223
440 92
498 19
539 12
1042 74
1638 94
905 27
1274 80
1574 43
804 80
921 39
788 51
1093 20
1116 85
86 14
1459 21
1058 7
201 71
427 99
279 77
971 35
1216 56
450 13
1059 97
1624 44
447 8
1568 90
1713 81
91 100
1004 19
357 63
612 57
1712 91
737 22
464 17
1023 38
1607 83
259 10
446 21
542 14
224 75
412 30
1525 30
1378 90
1813 80
913 74
465 29
1683 20
714 47
102 74
1288 50
1069 72
916 90
202 88
1627 62
1590 79
1319 8
1661 5
45 32
1650 30
1757 98
1497 91
666 31
1785 24
502 11
186 77
892 98
95 61
592 52
442 93
360 51
309 27
1065 48
1017 73
1398 34
1524 61
479 45
1252 49
1619 98
404 5
92 1
936 48
929 87
1766 79
332 16
86 18
1791 71
15 74
467 50
797 61
1229 79
747 37
1165 21
339 6
1402 15
1453 73
645 83
1240 51
333 88
132 78
1007 60
1571 70
680 37
1443 96
1376 20
1232 27
599 77
809 36
1435 4
1356 96
1354 74
476 67
1743 94
1747 82
1560 24
1714 50
243 99
344 8
1404 69
1654 97
1408 4
1285 77
509 35
361 7
1490 42
57 6
541 72
994 41
1307 20
339 87
746 90
158 59
82 69
1651 71
1752 78
1543 73
296 47
581 9
1577 2
972 20
415 64
1812 10
953 10
1004 35
1167 65
981 75
846 34
580 94
217 7
1794 97
707 66
1325 59
1286 78
1700 22
1495 9
827 31
1514 11
1016 2
1195 70
1589 40
872 74
524 21
437 61
1796 20
1107 65
295 2
135 46
181 99
840 24
1601 99
1566 52
697 88
1807 4
1246 89
1793 30
430 20
414 68
1007 33
1060 78
324 69
1146 16
932 44
1484 79
440 33
888 4
1523 72
256 25
98 97
1094 46
2 32
347 30
1641 43
652 78
1530 53
84 35
1432 17
313 51
1565 93
1739 58
513 12
228 44
731 45
1053 17
1716 4
30 33
794 24
816 71
122 57
1117 89
1176 43
888 76
1271 39
1659 15
1037 39
278 41
533 97
266 51
537 78
1083 64
510 14
1532 48
783 53
71 32
558 53
489 35
1040 49
1471 89
1278 52
1601 48
492 56
53 26
550 81
691 98
1152 59
503 3
908 19
1341 58
1385 61
976 53
810 88
1403 27
264 59
387 84
1480 31
607 11
1115 85
1620 43
644 70
414 22
365 58
950 52
288 61
579 92
1783 52
205 27
1112 35
296 66
391 72
1348 4
1226 67
1267 61
364 44
1294 40
159 2
1475 5
559 25
436 90
852 85
656 1
1833 11
404 7
606 40
403 64
451 52
1480 25
190 30
1832 40
1352 53
1531 16
432 64
365 29
158 71
1106 91
610 31
1657 36
1304 36
287 6
464 12
877 58
1760 39
206 98
1633 84
521 42
33 47
653 42
1637 46
538 35
1628 25
505 7
43 69
1773 60
715 67
1132 91
1108 26
189 52
1033 93
835 87
1740 20
387 97
54 17
976 99
1485 68
995 51
1706 49
1394 66
1457 72
933 66
709 81
1250 45
1579 88
313 90
556 36
1789 19
35 86
1437 84
719 47
945 81
414 44
1092 44
475 83
418 85
212 34
51 83
805 69
305 82
206 85
189 6
410 82
1519 12
823 3
965 18
1379 64
823 43
1778 59
938 90
891 92
485 82
1639 90
1234 54
1501 6
191 10
981 76
1312 44
1685 58
1315 22
1494 81
175 44
613 5
1781 44
28 100
1344 76
239 12
173 5
13 95
1561 52
714 84
1351 67
1093 56
751 77
1044 47
1826 73
1413 60
339 37
1274 20
624 63
348 55
362 4
1275 70
1452 84
164 59
1496 87
936 46
830 26
204 100
1058 94
243 54
1815 23
496 59
1647 40
1403 3
1364 54
1316 91
484 52
576 7
141 40
1739 9
1586 19
1458 66
1587 3
504 38
1740 10
309 82
1571 42
1388 87
1134 93
125 49
676 36
1798 66
39 67
804 38
829 70
384 12
122 2
202 52
483 19
1256 91
1066 13
336 89
1710 20
1680 5
679 18
1076 49
614 31
942 41
393 81
902 59
190 70
1012 37
221 64
926 71
1095 64
1001 98
1126 25
1768 3
263 20
240 52
519 10
1625 6
599 84
1343 84
559 62
1787 8
1591 40
1438 43
820 46
1329 44
1136 75
1525 64
1830 6
311 90
106 4
151 12
471 22
625 36
1472 58
638 84
133 41
245 99
1095 55
1530 57
1787 79
549 82
1393 45
577 32
1184 27
385 32
1213 57
523 18
215 39
1734 76
146 12
123 21
1269 21
616 40
953 63
1006 67
700 69
924 27
531 54
1158 16
271 74
1387 85
1154 72
709 50
669 14
900 60
226 52
661 54
150 61
1601 46
1158 58
1836 79
112 34
1188 89
1580 51
569 22
446 2
169 71
667 74
309 18
440 10
961 85
1112 93
680 37
373 4
65 72
353 6
112 88
489 26
1268 67
221 60
30 52
1310 58
1284 16
905 99
1256 2
773 66
1201 70
508 56
1665 7
1358 77
141 4
987 24
595 31
145 94
914 11
1154 97
1194 32
992 2
1621 89
981 8
271 90
1120 35
710 94
583 63
1245 22
801 92
1212 82
513 94
149 35
1097 34
847 71
1468 36
809 5
695 16
1778 15
28 72
1774 63
235 61
122 95
492 30
365 94
832 78
1530 63
1842 25
139 24
694 66
850 14
1646 47
1351 47
1586 61
1198 4
1732 5
1555 18
456 63
790 19
636 15
1002 91
687 65
617 42
151 77
1238 35
1287 28
1460 23
1536 98
517 39
1545 44
1463 37
1291 36
1798 26
1493 82
295 73
83 94
1672 1
1494 69
1242 23
1383 73
1723 2
891 73
1401 30
634 70
832 7
1784 52
577 89
1185 41
1730 87
104 58
1194 98
421 100
418 14
1151 21
1468 37
274 37
136 88
844 24
702 93
1030 22
269 7
400 52
1520 30
118 43
220 43
543 61
922 12
194 81
1803 60
1214 63
659 10
980 83
1330 80
288 41
1798 70
79 84
196 98
1393 100
1693 5
376 55
1339 99
1553 55
1093 76
805 39
461 28
877 73
90 63
44 40
480 72
452 57
935 60
258 89
407 21
34 32
1199 16
1238 6
1012 31
1100 36
611 37
86 16
79 69
467 15
412 29
1687 44
734 90
961 9
739 94
192 55
1106 28
1500 1
74 46
301 98
1564 26
543 66
81 22
346 23
652 33
773 10
1021 71
1317 43
895 71
962 24
682 29
9 24
1720 36
632 5
1028 40
542 18
443 11
1396 86
139 66
657 69
176 35
768 34
1460 1
1572 59
1792 13
627 99
58 51
448 9
1636 57
929 98
276 23
775 12
613 66
77 24
1727 63
744 42
845 89
1220 99
921 45
585 46
1221 20
1594 49
1308 47
568 1
605 42
1740 55
303 56
272 23
96 92
107 21
121 20
723 49
131 26
560 2
312 58
1411 8
663 89
87 79
509 52
334 68
364 19
463 38
255 39
1009 23
1761 63
1725 23
945 19
650 57
357 15
552 23
402 10
319 31
1575 36
37 63
1062 60
1747 60
765 33
354 9
1463 98
166 87
929 18
368 65
1405 26
1750 21
30 11
114 53
1677 21
216 79
1600 87
1648 11
962 50
20 77
761 51
406 45
412 72
1450 67
896 76
308 44
1837 33
90 68
1020 55
1136 59
1120 57
433 46
628 5
1762 77
393 23
1551 73
401 94
808 73
640 68
64 9
959 47
1501 30
1270 67
747 64
1844 27
1543 34
801 55
1819 17
844 14
498 7
692 58
1817 88
1104 81
480 42
1419 52
1530 32
830 5
1306 77
972 78
1227 98
1242 26
88 64
402 70
817 55
47 22
1459 100
198 98
623 34
646 38
1459 71
1236 74
380 65
1431 31
622 70
1668 23
65 24
653 97
1649 3
1481 34
779 86
657 38
1651 47
338 13
752 77
803 65
1350 22
21 22
1284 42
725 43
656 1
522 93
1748 30
98 19
1280 76
1019 32
529 73
390 64
442 57
868 63
1618 71
1363 78
1105 21
796 83
911 66
860 1
308 74
262 61
1366 38
954 29
662 60
1755 23
1501 5
1785 45
809 3
1287 64
1502 39
503 10
449 77
964 24
797 72
203 38
1250 23
309 49
1072 66
1548 70
1798 95
1463 58
563 83
1508 17
238 82
1844 90
1092 86
955 58
619 96
48 84
558 8
1731 62
1087 54
1027 71
1424 7
1035 88
546 11
625 2
1482 53
203 66
961 76
1753 29
764 4
1297 46
728 82
418 60
408 93
1669 39
802 80
293 28
235 77
1651 52
1706 63
757 20
29 62
1187 39
906 65
1208 11
223 77
1772 38
1116 71
976 65
1756 12
1588 12
987 9
26 88
1370 67
939 47
165 60
80 48
500 49
351 95
1015 86
452 2
659 84
472 2
234 22
545 17
426 54
1227 19
923 95
1676 1
1491 20
976 53
430 34
1230 64
1609 22
700 40
685 22
1685 52
1731 98
1467 78
1809 33
1580 48
94 81
918 19
453 17
1516 17
1467 90
868 64
661 32
1112 29
1544 4
1435 62
818 50
42 51
764 40
386 92
1548 47
275 16
194 72
289 9
390 56
1499 3
1329 39
1511 20
1812 93
176 90
1741 10
1120 69
1169 16
470 15
1561 23
1722 34
730 83
484 72
1249 89
1526 93
1651 93
874 62
1787 17
1207 9
1372 13
1524 41
246 43
389 80
1570 81
1475 49
820 76
1600 12
1808 90
1615 17
1635 79
1348 40
1226 55
346 99
405 55
1837 30
1288 12
972 25
1611 92
1230 2
636 92
770 77
1621 55
1754 25
942 46
149 16
1164 22
426 6
1507 13
528 42
387 6
1134 43
657 33
63 84
1368 63
723 19
142 11
1031 63
949 97
855 6
72 85
710 34
583 59
1395 98
906 2
1192 55
1173 92
1570 61
214 80
1709 46
53 68
1346 32
1088 48
466 65
585 39
1146 13
1238 20
1574 29
820 40
960 74
1142 44
593 13
875 10
646 99
1366 60
337 62
1330 73
318 80
311 8
792 55
874 8
65 91
511 12
1322 47
1620 77
1179 76
1446 76
547 78
1466 17
650 68
1779 64
68 57
226 63
1194 35
515 23
734 76
1520 67
758 30
1574 21
1388 19
822 68
1054 5
1601 23
957 10
79 42
1500 16
1358 24
539 78
305 87
455 54
612 91
250 87
198 56
1028 33
1518 18
331 2
514 18
736 50
490 45
1165 18
1032 10
1393 46
260 99
1540 65
191 51
1476 36
1538 71
1372 19
1005 5
1043 64
1089 81
1681 78
1650 96
1279 24
1837 61
222 50
1330 26
1127 94
514 79
1174 56
1137 65
352 94
1297 60
1466 20
1171 100
1405 88
276 4
1131 38
1795 81
807 35
1489 14
930 46
1053 12
42 30
476 93
194 4
1545 28
710 59
635 90
1463 73
720 8
656 46
522 3
839 43
952 93
1528 32
1364 14
232 63
493 49
387 77
295 96
1497 36
1153 93
1565 69
218 20
95 96
52 97
129 11
509 77
1084 21
1019 41
894 4
706 63
210 21
289 55
1121 66
863 46
1536 40
1214 70
1387 94
1794 97
1299 1
1131 96
679 14
773 80
1634 30
1818 99
1301 3
677 77
660 35
882 16
1466 21
1333 64
854 98
389 44
585 40
1633 41
29 5
810 84
47 56
154 37
1592 93
948 22
1821 48
611 66
52 89
747 67
373 16
1529 80
747 99
269 93
216 11
427 28
1059 56
911 31
229 88
1562 98
987 98
1394 76
819 27
346 91
1845 92
1251 6
1681 80
1305 44
25 24
694 64
1091 93
354 78
887 17
1564 43
1365 18
63 58
1534 45
1664 31
965 21
1411 50
89 28
129 16
1106 5
1500 61
1583 90
919 5
668 23
245 57
1243 26
687 91
1386 50
1233 100
1049 69
323 83
982 64
433 89
310 38
1840 26
275 5
1168 87
189 2
192 24
1155 11
1837 32
1243 85
1680 35
1823 76
775 98
1360 51
852 7
579 20
813 50
1802 17
1515 46
823 57
787 85
1479 16
318 23
245 46
117 7
515 39
1270 10
825 4
1399 99
1156 32
212 70
1232 9
22 45
890 8
1338 56
1239 78
1052 17
548 31
315 70
1419 91
104 4
1737 13
220 59
446 32
1790 92
1139 43
1212 68
809 53
825 83
406 9
1470 27
1799 39
457 88
1186 48
1077 75
386 65
613 61
1456 10
1205 42
1312 49
612 28
1015 12
649 69
793 31
1714 60
1003 28
577 60
1143 16
747 19
1749 55
1732 58
906 17
621 3
1033 11
1525 96
1586 65
1636 60
1240 60
1362 15
1722 27
1309 68
