8248
527 85
1101 3
1223 30
771 69
704 89
41 92
1308 29
1617 52
665 95
1093 74
985 45
1395 85
1372 72
680 47
533 56
882 84
961 93
717 68
657 45
1607 4
1604 18
1022 43
501 38
953 75
198 44
351 27
1621 90
70 15
1308 29
555 98
1092 59
1502 80
1587 52
1647 29
874 38
900 98
626 13
650 37
47 20
807 47
892 88
896 90
1200 17
339 77
455 27
554 45
61 86
1617 17
1430 28
813 57
375 48
905 53
1241 47
1551 51
747 10
130 45
1094 17
925 24
1407 20
443 13
255 14
321 75
256 1
1497 47
1044 63
606 80
587 16
15 3
1213 75
312 92
951 80
522 58
551 37
1466 54
1629 4
1293 89
344 59
990 61
802 85
460 44
654 24
1172 30
703 19
363 29
157 67
575 12
1312 24
1632 20
166 21
261 1
174 53
383 70
224 40
1197 22
689 16
482 62
1187 32
681 31
1081 66
1617 56
379 64
585 43
1122 60
182 50
802 94
1136 10
341 6
829 48
718 40
975 36
522 5
129 67
1209 14
551 23
666 78
251 87
1519 98
582 16
926 48
65 71
243 9
260 68
156 63
165 18
648 74
1188 14
1442 8
50 56
558 55
780 60
462 39
1272 70
816 36
661 81
1369 88
275 68
563 39
54 49
766 32
143 58
1381 36
1021 4
297 31
773 22
241 59
1291 85
328 14
329 65
327 30
55 98
801 67
1213 60
1602 14
727 8
1523 5
1351 26
61 47
215 46
1203 34
149 97
291 8
798 97
1441 50
152 77
1513 83
12 8
1347 33
1082 41
1384 99
96 8
166 88
575 32
1238 59
44 97
433 6
1326 32
84 42
918 59
992 9
1214 6
1078 53
1171 24
1630 58
1388 87
1094 45
1188 81
500 14
798 55
662 50
736 23
1353 58
904 28
429 15
194 64
1284 15
1130 60
157 90
564 84
373 82
1056 4
810 2
1602 37
239 24
1403 78
1134 16
541 44
145 28
639 45
747 5
97 61
336 46
1388 69
785 48
903 10
1421 27
573 82
959 6
1171 42
1152 79
1161 69
497 47
998 8
99 35
1513 3
1444 15
28 30
686 2
272 14
1578 69
381 43
1143 70
236 99
458 14
878 45
553 74
979 32
230 30
7 87
133 80
890 88
174 83
1058 82
1539 91
716 67
439 100
1335 78
990 79
1401 6
1589 13
1574 19
851 7
500 84
1353 93
116 36
39 60
606 11
565 21
1273 70
886 78
409 2
1049 77
895 54
628 53
122 54
1305 34
843 39
548 44
663 12
114 30
716 75
1392 16
732 69
730 10
1067 21
1307 97
352 19
11 23
1025 36
1520 88
745 31
1569 9
329 57
1229 31
1547 60
1116 98
701 71
845 38
633 68
956 34
579 54
1502 86
1349 99
229 88
422 36
671 92
140 37
1506 15
1114 85
25 34
1555 64
532 95
526 75
253 14
826 9
128 14
658 9
1301 56
151 14
374 2
1623 39
846 87
46 76
1505 43
20 99
1606 29
1261 53
1198 14
536 20
346 79
1222 70
1116 28
24 53
562 95
1083 94
1418 46
804 7
1233 25
1569 89
752 92
560 92
22 57
262 34
211 77
958 16
183 39
225 63
5 13
1179 9
662 34
885 30
174 24
711 64
177 74
1088 94
60 55
1435 14
1644 40
602 7
1495 42
1398 28
1108 74
153 2
82 62
182 35
60 77
2 99
1061 95
116 76
529 74
830 64
1237 60
335 43
160 96
1594 95
298 67
336 20
1409 8
399 28
923 72
282 25
1009 17
1102 15
284 87
1409 74
1178 93
1165 100
787 87
610 30
394 46
1297 57
1485 42
47 1
85 66
1357 96
357 34
1238 16
1066 28
345 28
573 48
1055 64
718 68
624 95
683 82
170 42
816 82
526 30
381 38
469 97
656 38
780 1
867 6
826 29
1373 88
145 22
1257 35
1502 93
216 40
1279 73
1139 31
482 76
778 49
183 15
986 36
501 57
1611 16
1358 47
888 67
1208 91
68 39
846 73
759 86
16 1
846 48
156 37
1540 10
340 69
141 37
1321 66
123 71
1157 26
176 78
1169 82
58 2
1218 22
130 75
1505 100
1493 25
1459 37
800 9
98 69
289 88
327 60
1533 59
505 55
1212 47
949 96
979 53
754 33
390 8
830 42
674 10
890 74
218 26
1076 24
1408 54
1087 11
352 4
801 76
484 60
690 64
824 7
590 96
1425 42
1586 73
527 73
537 34
988 92
1558 100
1142 38
1294 33
195 82
740 82
789 72
1433 68
394 6
1131 51
1554 65
163 5
1316 65
1135 9
231 80
1002 54
677 16
273 36
1224 56
942 24
604 24
313 1
68 45
749 21
489 36
855 97
184 28
1476 68
371 36
1440 2
466 6
751 67
943 37
1230 52
1549 12
609 23
739 40
1398 25
1634 23
759 39
757 67
654 89
1490 70
378 49
632 31
1487 77
291 74
1166 55
873 18
147 30
1541 97
1305 81
1584 59
921 59
545 66
1448 26
486 64
972 87
1485 2
348 15
1646 75
1052 79
1355 94
1000 50
1046 40
1068 56
1056 83
302 26
851 73
1117 86
254 67
60 41
996 31
415 33
319 44
358 6
1632 51
1265 81
281 90
1069 89
1573 15
1611 74
1359 98
1630 59
24 35
1100 51
1473 82
217 35
1249 26
485 74
1302 34
584 95
60 11
232 82
1635 58
247 82
968 69
1568 71
381 87
1030 71
350 70
701 80
1011 1
1182 35
194 55
492 96
1006 100
28 4
1416 45
174 60
1004 66
591 81
1349 80
955 54
993 57
1642 8
1127 55
591 94
1062 37
813 43
272 60
526 70
1640 55
32 49
1192 91
152 61
595 29
118 90
1326 86
1608 81
538 66
1080 32
1419 23
816 76
1358 41
1555 17
1155 84
399 88
740 85
1381 71
1335 99
1283 89
968 87
1435 22
1474 1
1131 95
1400 10
1568 35
1312 39
451 73
468 69
138 54
1092 77
1589 54
1440 76
627 62
1263 31
157 65
475 68
1539 65
787 33
1277 17
587 11
1434 11
409 55
542 84
593 89
151 80
1305 74
1454 78
202 78
1551 9
1305 39
150 31
621 3
604 43
100 95
1399 1
935 94
961 94
488 48
194 21
571 36
569 11
556 5
90 96
54 10
1367 20
132 94
597 94
1282 24
187 3
1128 46
1383 35
822 28
768 35
1497 81
110 74
889 30
595 45
1395 28
905 6
1081 25
1201 17
1292 19
893 24
1388 48
367 28
1119 58
613 72
1475 3
1142 9
1171 41
1174 14
723 100
199 89
515 91
339 42
1008 92
692 12
359 100
296 17
118 55
720 24
184 7
92 37
677 59
678 86
1035 9
1404 68
804 93
1183 87
198 58
759 19
544 69
441 36
669 43
381 68
544 36
1140 12
550 18
988 50
1021 26
1021 36
673 73
1061 51
1090 47
718 97
1568 58
1112 12
380 72
683 31
797 40
1282 71
859 52
689 99
78 99
1251 99
162 11
764 67
923 46
1193 78
1395 29
650 74
781 44
166 72
891 15
6 89
453 58
1519 17
931 26
626 16
845 38
1404 33
1015 14
729 46
42 81
1112 42
1400 15
1298 49
1497 46
915 73
901 6
543 83
327 12
1058 56
120 49
1345 84
1145 89
745 77
621 6
824 95
1648 84
1368 17
589 99
1165 34
633 94
1545 67
329 24
488 38
738 47
75 86
1238 85
1166 16
876 31
1353 86
149 27
1126 30
797 30
1504 34
850 5
1129 33
1430 34
980 9
652 94
1547 86
412 84
783 98
505 73
561 91
121 91
1650 23
1271 71
724 1
384 57
1459 93
931 94
809 61
1018 33
1316 97
140 73
608 52
1015 61
208 33
431 87
216 90
479 65
1189 67
1381 97
785 52
1629 58
1159 64
1024 47
1555 22
443 69
984 26
1142 50
603 96
234 44
716 33
384 96
1267 77
1597 77
279 26
1463 25
609 38
535 53
1398 93
851 52
1015 58
1445 48
554 4
848 39
1304 30
1557 19
237 24
357 88
766 62
650 3
1318 92
717 37
792 90
594 85
1185 64
375 55
981 62
1458 62
1393 62
294 2
730 40
818 85
799 18
696 87
1525 24
355 23
843 96
33 78
1511 96
135 75
1243 70
1230 43
591 59
211 88
675 39
586 20
230 67
588 27
1379 11
859 95
881 41
163 35
850 29
1183 75
50 80
1277 5
1508 88
1226 69
1275 9
1134 71
315 9
837 72
519 83
274 27
58 73
1419 37
1445 98
971 76
1042 3
1638 83
869 79
833 21
597 60
1583 73
796 19
712 93
271 19
576 6
1040 74
281 39
625 98
510 87
1441 58
110 85
843 1
1019 18
491 3
1628 85
1509 84
1513 32
255 42
394 61
191 66
225 96
684 8
1321 3
1438 24
113 14
1044 5
25 14
774 97
812 56
1010 98
1105 56
278 82
1436 78
275 31
1445 77
116 45
370 67
1049 86
239 11
531 90
1365 63
1231 80
1066 13
790 94
508 77
382 60
127 25
830 45
486 23
109 99
130 26
694 54
312 39
1632 59
1066 37
1352 7
117 34
6 60
582 9
916 83
1167 48
469 42
380 84
1127 56
1063 46
360 6
955 89
1564 64
1140 21
864 4
882 48
1164 76
148 58
790 44
1452 76
1381 50
856 81
157 76
763 77
1303 37
1320 37
1616 19
1173 22
565 96
1002 53
79 23
1311 2
1164 79
979 20
675 39
186 14
556 83
1215 93
21 100
1276 86
35 8
1486 71
33 2
103 86
1288 5
793 65
173 36
222 16
306 77
357 65
1612 24
265 64
431 54
455 18
1155 28
659 17
524 53
620 54
254 62
601 35
914 68
968 36
1046 11
177 96
336 79
1104 38
1128 12
536 62
420 45
1471 41
1086 33
419 13
1568 80
993 24
558 42
1433 32
223 61
1005 29
1381 89
1186 95
1038 55
460 72
1190 26
1152 31
776 86
810 22
1295 46
180 45
573 25
714 71
495 87
1399 16
1082 17
949 92
797 16
20 82
1073 85
920 23
1367 47
179 72
383 92
754 84
829 82
741 22
225 35
1451 23
972 27
629 51
105 69
415 89
1135 85
1381 89
1216 18
1304 80
497 25
1096 50
430 39
1157 19
772 11
556 95
501 88
1082 83
292 67
892 75
1296 92
1058 77
1501 86
1049 24
1207 24
201 63
153 88
360 15
1081 12
254 4
210 42
340 89
386 58
188 8
309 58
1506 61
677 45
992 98
1055 99
1615 67
550 26
337 95
1150 65
190 5
909 36
940 9
824 96
464 44
1401 91
1146 18
193 60
734 66
430 73
1207 72
221 10
1197 36
134 99
863 69
1153 10
638 29
635 43
792 37
245 37
952 33
487 31
1603 55
1021 38
719 20
1325 58
752 7
439 91
1564 41
305 50
484 64
1537 3
676 9
53 21
1222 68
160 82
1534 65
449 13
1032 24
991 53
76 85
1581 6
676 13
600 99
1617 16
919 48
535 74
824 82
1015 41
506 10
790 75
145 61
120 13
540 82
1020 44
433 29
314 18
32 71
645 35
1396 76
668 46
966 50
1527 5
609 35
703 38
1010 92
237 30
134 13
196 50
1506 61
647 45
334 46
831 7
1067 27
897 67
1047 97
592 88
1471 86
1585 82
1364 62
50 89
358 68
1478 9
1259 18
1594 83
1519 18
320 25
784 91
392 80
1644 46
1192 84
119 62
216 62
232 3
1223 68
1343 68
661 34
1214 19
687 49
819 48
517 31
836 6
32 34
1140 58
279 19
870 30
689 31
1319 78
915 84
423 48
1301 40
1266 65
807 80
1350 38
310 4
1003 61
764 78
1358 78
1279 52
90 9
32 2
832 11
282 48
1545 87
834 36
643 91
1016 56
824 38
97 79
683 27
441 76
323 10
638 94
707 84
758 55
779 60
449 22
651 35
963 38
695 71
89 23
1604 46
948 54
257 43
1294 3
1115 17
952 48
1628 59
691 38
1093 23
656 74
1388 63
1534 63
407 13
1277 60
1369 90
193 96
653 68
1474 45
1243 94
1090 38
1152 37
923 82
93 29
1137 43
251 65
1561 29
396 86
1298 92
1398 52
628 30
361 2
1399 18
812 88
936 40
165 80
1071 58
279 100
1370 27
545 39
848 33
348 58
904 96
1084 65
791 53
1171 77
1501 73
1209 20
486 74
1490 62
599 4
57 6
990 11
1453 69
1147 29
1236 15
1288 32
1413 29
528 22
1599 54
508 61
170 77
731 98
1381 66
1237 26
1561 21
1175 38
1543 7
418 17
1300 65
502 15
643 13
538 34
1477 2
1208 74
650 51
465 97
762 49
823 25
640 18
