4973
565 93
704 11
31 6
326 85
501 71
407 100
350 10
326 74
444 62
867 89
190 90
745 49
562 36
602 52
919 74
600 59
195 14
888 47
407 13
907 2
337 73
542 27
857 91
347 2
253 84
370 38
235 35
929 31
506 46
818 74
466 75
324 42
138 75
227 76
108 12
933 77
395 84
359 28
974 42
902 79
777 53
147 80
315 85
579 31
549 47
749 76
446 91
815 49
833 8
205 7
655 44
799 65
218 22
530 51
482 31
149 100
456 62
82 85
752 89
294 27
687 6
369 36
197 38
558 66
619 85
142 7
107 55
382 94
109 48
59 87
161 13
932 27
273 96
551 44
346 48
237 46
819 49
88 85
780 3
472 71
803 48
433 57
754 99
698 61
896 63
781 26
128 65
10 13
468 82
746 99
544 31
548 5
510 71
918 69
651 83
352 10
925 100
348 33
814 15
958 83
594 45
439 60
112 40
75 44
567 37
822 26
765 58
885 66
346 47
795 25
119 66
442 7
714 83
697 52
982 69
749 47
332 71
43 28
832 34
328 43
64 21
324 17
114 38
884 51
85 35
394 20
526 89
131 23
10 79
229 30
967 61
79 39
296 95
306 50
874 98
268 90
793 35
554 55
100 54
922 85
193 90
391 47
63 20
577 9
765 49
266 75
712 80
529 13
729 66
829 85
85 27
945 99
894 98
322 48
285 28
893 72
185 19
339 34
979 10
371 23
944 27
845 24
508 69
802 89
212 67
255 52
928 51
423 53
219 41
939 92
62 56
305 22
51 90
553 49
279 21
809 59
748 58
680 85
196 95
90 22
885 81
387 13
579 60
213 36
635 16
466 74
426 48
269 43
818 58
326 35
402 50
879 23
401 80
341 98
615 69
405 67
608 47
639 35
896 2
751 61
695 57
190 84
616 58
759 65
596 85
942 56
983 100
226 1
556 44
770 75
309 48
980 94
623 99
888 32
359 21
441 26
301 19
560 65
651 86
464 16
522 15
230 45
358 59
220 41
76 6
850 88
543 46
422 32
967 93
146 82
763 15
584 49
458 57
580 66
364 65
421 7
166 97
748 39
756 6
143 8
434 79
901 27
161 5
590 2
499 2
186 36
267 10
145 53
93 73
796 18
77 36
194 77
85 65
594 51
798 72
789 35
797 56
352 23
929 26
614 77
918 89
913 1
849 53
883 37
314 48
133 15
345 17
783 22
470 78
917 85
524 51
366 83
574 85
277 47
386 95
864 57
288 85
97 38
648 76
102 66
580 99
550 52
732 65
566 11
462 50
712 97
465 11
585 23
180 4
326 21
317 89
397 99
586 44
144 11
934 65
542 74
418 4
336 53
439 50
663 96
137 25
44 36
449 17
134 20
904 33
418 94
74 79
193 31
307 63
252 68
744 7
636 10
94 79
847 70
320 87
368 2
265 52
217 53
76 27
883 39
279 61
581 55
588 31
341 7
616 7
56 33
661 15
337 94
23 23
868 67
780 74
632 40
879 53
177 20
527 35
751 94
97 78
836 4
694 36
557 5
711 82
985 1
745 73
234 24
249 14
935 60
14 31
515 32
922 75
568 94
550 39
982 6
808 50
500 35
173 64
632 19
413 18
635 96
554 83
10 80
303 12
478 31
181 83
262 77
423 51
337 96
495 18
752 62
644 14
855 92
386 85
896 50
139 94
341 31
290 10
283 26
431 23
705 91
206 91
193 66
647 65
5 24
513 59
361 80
23 35
228 30
908 27
547 96
283 92
708 88
120 24
804 6
46 96
418 43
984 14
980 56
11 68
592 50
137 34
18 6
77 5
882 29
621 80
381 5
916 31
712 82
483 83
67 21
592 79
294 49
277 80
99 80
123 94
484 88
411 11
767 68
241 15
152 56
97 94
690 65
280 38
82 64
108 69
943 27
237 44
691 99
750 28
714 33
895 92
123 42
749 27
231 85
678 35
457 30
55 80
20 79
371 31
985 46
311 76
717 19
135 16
587 9
847 51
989 85
553 1
552 100
620 56
320 3
881 9
359 67
160 36
632 31
829 97
398 59
667 65
409 90
549 33
461 40
993 72
391 78
179 76
893 1
754 28
294 18
319 15
153 53
258 24
661 32
393 52
422 75
239 56
127 51
57 48
445 35
712 38
593 5
189 87
214 86
866 71
133 40
802 33
743 77
670 97
768 47
609 13
814 64
806 85
93 45
725 93
845 95
813 73
922 89
256 60
213 55
244 91
944 53
897 3
958 100
515 78
841 27
933 73
617 17
275 57
147 99
254 6
1 41
695 48
266 82
458 6
773 64
33 94
342 76
325 43
19 98
262 19
755 91
642 34
341 73
993 43
410 100
128 76
871 7
429 86
365 30
669 46
768 35
95 64
22 83
61 85
152 85
111 11
476 86
716 9
186 34
635 53
810 34
670 63
918 87
584 26
576 2
68 64
758 49
507 63
677 17
260 87
233 79
366 26
517 32
334 20
169 9
381 66
343 10
679 99
495 45
84 81
276 56
761 17
892 73
484 4
198 10
284 98
632 65
757 50
324 73
346 41
518 45
434 92
531 98
523 52
143 68
965 2
385 93
54 30
115 63
198 33
661 13
872 29
844 50
654 13
553 84
741 68
146 84
141 76
601 8
645 88
33 32
973 52
108 5
519 35
686 63
713 12
658 51
300 37
481 61
889 74
238 78
519 66
648 65
528 13
409 63
965 72
951 57
252 44
414 39
625 31
65 20
222 47
159 48
801 93
311 7
931 98
719 56
205 56
982 56
313 17
151 63
313 23
716 72
718 46
8 67
88 51
554 30
28 43
25 93
101 69
691 12
516 16
30 49
726 62
101 26
638 85
112 77
281 52
982 26
312 54
365 53
296 19
172 58
399 69
409 99
365 51
341 85
630 10
515 88
585 45
96 97
300 54
483 70
832 59
649 85
995 19
478 60
660 77
679 76
1 37
843 31
244 47
404 83
35 40
116 49
78 2
98 68
589 12
286 4
854 88
971 92
910 25
123 2
623 23
936 31
872 22
618 95
308 97
176 89
165 58
641 60
923 58
794 25
338 40
762 76
97 17
327 41
29 11
209 88
59 79
900 88
369 65
778 70
361 3
163 16
149 20
517 6
703 66
496 28
882 7
817 84
517 23
955 91
958 88
992 72
890 74
517 82
630 54
788 47
731 6
971 45
497 93
826 80
523 22
454 12
323 88
464 34
815 69
109 80
262 7
729 56
258 76
792 94
313 2
694 10
314 28
314 40
447 4
73 84
607 50
584 49
853 26
307 32
707 3
142 36
927 67
718 27
93 4
466 20
117 56
542 88
716 47
447 26
756 89
620 46
15 54
875 89
177 66
772 18
339 4
277 14
570 97
542 16
370 58
775 3
943 63
342 98
200 20
44 100
716 7
174 42
969 36
622 74
436 74
10 69
358 33
848 97
914 7
430 31
430 35
843 93
531 97
811 65
898 40
743 18
657 86
854 63
957 51
933 39
73 6
478 43
989 62
789 10
224 47
560 68
637 11
634 67
477 38
134 4
731 77
128 92
946 90
915 39
820 55
206 29
601 81
428 1
567 27
434 67
424 39
951 66
865 90
566 71
212 47
831 23
314 12
176 12
444 7
16 82
565 99
190 88
882 50
994 23
646 52
856 62
792 92
378 71
788 11
970 21
549 18
68 43
274 91
356 95
909 94
600 71
823 55
955 21
202 46
737 12
100 32
702 46
109 69
510 64
814 91
259 52
530 3
747 54
6 56
550 89
865 16
23 82
770 39
693 99
506 88
560 92
787 87
582 42
403 31
204 79
22 42
572 37
411 33
942 26
381 30
233 92
445 27
49 19
870 21
206 20
880 88
201 48
756 50
841 76
854 50
734 43
65 6
656 79
753 75
280 19
942 90
786 68
634 92
279 76
620 1
665 50
829 17
703 90
308 65
192 27
860 30
191 92
481 72
504 9
12 24
75 39
603 63
65 35
927 53
629 44
693 50
152 20
338 91
413 18
508 45
138 32
750 40
331 47
905 84
232 18
719 81
983 87
553 68
206 92
24 48
793 74
119 87
969 94
782 55
705 52
823 38
485 51
856 59
157 53
223 72
50 12
821 83
113 74
34 69
267 15
842 52
825 3
947 17
661 9
628 51
7 59
646 74
809 49
710 11
985 6
23 49
574 90
626 60
640 20
633 73
727 42
838 45
352 7
761 23
746 70
439 17
791 58
63 67
196 8
974 29
937 80
890 17
644 29
88 86
415 85
4 49
293 35
433 85
612 8
406 8
439 72
933 43
375 80
853 86
88 37
55 79
922 17
4 78
446 44
637 92
924 31
905 27
342 23
575 67
173 32
303 38
916 77
404 8
677 37
511 53
872 26
829 41
883 68
875 37
723 96
855 46
166 34
612 11
66 23
337 24
69 50
44 44
709 54
609 71
230 64
831 90
304 40
851 43
565 67
362 94
487 75
28 56
445 86
725 33
610 55
624 10
986 49
837 72
603 97
578 59
633 95
620 91
171 33
681 22
545 36
959 2
653 38
886 55
966 29
12 92
167 63
119 35
531 26
357 21
574 7
512 12
662 86
846 15
161 73
542 91
86 65
369 5
61 69
202 90
527 56
335 82
98 20
407 30
328 29
832 59
187 67
865 20
771 52
521 26
11 96
521 47
455 44
235 90
768 30
587 20
58 62
925 16
371 3
722 13
805 72
287 26
398 13
618 66
533 19
504 51
868 91
818 41
403 34
428 9
125 87
608 93
995 38
864 60
524 78
613 81
802 92
125 15
671 91
159 52
357 21
281 17
317 34
299 75
529 31
886 13
871 19
520 15
64 2
425 41
520 22
500 10
842 76
317 43
584 37
341 30
168 87
73 88
374 17
235 2
36 38
324 43
348 66
522 1
396 59
679 46
321 72
580 47
422 70
859 79
94 94
898 47
230 100
462 11
886 31
378 6
742 8
327 80
83 13
114 45
595 97
9 90
628 90
335 94
625 18
430 59
746 100
573 92
922 96
559 27
118 91
343 93
738 86
485 15
421 12
670 49
482 94
919 32
955 77
663 67
517 41
764 88
664 48
614 25
929 90
494 33
782 76
663 88
41 57
660 85
2 84
320 66
306 84
247 80
349 65
564 96
28 49
840 96
916 77
696 96
429 69
186 2
247 68
252 76
522 34
990 26
514 12
942 10
110 64
613 89
239 52
931 45
294 46
180 82
149 73
398 79
851 11
240 78
711 77
390 22
198 4
743 16
315 68
513 100
927 98
840 60
332 65
325 52
62 71
852 42
124 59
703 47
938 80
691 14
298 7
994 97
208 65
589 90
804 24
979 44
124 23
271 26
412 76
748 33
146 68
450 36
984 58
478 54
567 97
173 41
289 99
844 100
673 13
846 88
929 47
857 41
611 54
411 71
876 38
764 13
711 85
129 92
802 79
769 51
439 97
184 34
929 67
667 23
614 65
740 5
738 84
137 78
627 53
172 4
621 90
970 69
317 33
394 57
174 86
770 9
252 30
739 29
106 59
497 69
155 15
985 13
659 84
115 56
846 46
705 31
973 89
152 63
164 44
301 29
696 50
83 93
104 26
605 31
688 85
103 15
34 33
678 80
982 80
185 82
491 18
816 63
95 28
797 78
533 50
698 96
826 74
927 85
579 13
223 88
941 20
978 46
932 54
738 32
680 93
112 59
649 76
415 96
211 62
50 34
519 62
120 58
812 56
768 40
341 88
757 44
73 68
903 11
264 25
102 4
89 53
946 92
814 13
426 96
410 72
259 41
874 20
672 20
597 90
646 24
536 68
790 57
138 88
969 34
911 35
350 55
328 70
443 14
388 47
440 35
410 29
959 23
995 22
153 36
468 67
975 1
289 41
838 69
818 14
72 4
4 27
687 63
526 13
187 38
902 93
61 1
800 81
542 95
375 47
302 55
71 99
135 79
560 50
