3047
96 49
602 81
432 8
190 66
439 64
584 45
283 85
59 25
330 8
598 59
300 21
158 33
302 7
424 42
567 62
502 26
209 56
145 3
462 38
491 23
128 32
572 35
192 62
531 54
133 67
39 80
95 30
178 100
34 18
414 36
87 40
520 65
520 93
49 41
453 32
184 43
408 16
498 87
184 85
505 64
140 85
196 54
191 43
180 19
398 18
289 87
267 31
145 45
134 18
340 73
382 76
517 28
68 47
349 25
323 97
85 10
565 51
399 9
599 4
263 43
446 35
381 100
252 42
253 55
559 12
431 68
45 23
96 23
215 36
384 28
344 34
341 58
479 21
113 80
442 66
376 49
31 27
601 64
609 96
380 4
286 84
244 19
177 43
78 82
79 46
168 19
497 97
122 69
368 39
212 49
525 87
77 30
233 83
378 87
227 36
323 8
114 41
609 55
267 39
242 46
147 88
120 60
131 26
433 81
185 76
28 27
275 81
110 8
429 64
419 7
440 29
361 66
120 94
524 42
421 38
174 73
240 80
558 55
134 93
63 19
481 34
450 41
83 30
598 24
506 38
567 100
290 36
607 80
148 65
119 8
389 34
541 36
75 50
526 80
361 52
495 10
387 46
66 6
24 75
1 76
292 14
60 94
352 70
346 29
487 53
335 74
393 96
8 16
19 44
539 81
424 88
532 35
342 87
429 44
417 75
84 79
554 20
268 68
59 33
308 89
72 57
311 28
561 34
461 9
102 5
168 75
459 6
363 34
447 82
332 28
298 98
370 7
532 77
122 57
172 2
188 57
227 54
173 63
207 83
105 36
430 15
597 83
242 29
371 46
81 60
423 9
78 71
607 85
286 77
593 71
121 5
439 96
338 5
36 16
433 20
181 87
528 9
124 70
588 31
341 84
92 6
46 19
234 45
15 15
341 39
360 75
513 46
198 16
212 57
373 10
269 20
364 97
346 37
191 82
30 69
301 83
455 21
265 3
279 2
123 37
454 77
314 91
609 90
128 71
173 84
526 62
23 83
346 43
91 41
397 64
197 34
315 84
27 86
445 79
366 83
48 43
358 3
595 32
489 57
557 2
530 87
426 83
590 42
198 7
61 16
296 7
550 66
320 29
189 35
428 18
212 3
456 29
222 27
196 94
166 1
585 52
525 56
319 41
68 68
179 69
587 97
80 31
171 92
471 96
480 73
588 15
65 41
603 59
234 29
469 21
76 46
143 63
389 26
344 51
15 92
595 59
112 83
122 2
571 97
292 39
167 66
442 74
394 12
161 8
540 5
127 85
335 64
342 72
538 2
356 2
542 28
605 21
278 23
118 57
602 18
336 59
320 47
171 61
208 99
537 48
67 17
501 90
13 67
489 51
266 25
17 10
56 33
66 39
444 97
351 83
413 1
379 45
223 22
574 16
384 33
404 65
420 79
215 91
396 83
386 60
184 76
190 96
269 42
560 18
180 67
174 3
505 56
206 52
251 97
320 88
299 39
541 4
130 61
318 88
351 7
48 48
268 83
106 88
393 79
513 82
331 29
343 6
374 54
144 26
39 60
18 91
278 94
142 51
180 17
165 5
162 15
106 44
238 46
141 80
227 43
538 100
301 5
503 19
186 89
216 69
292 87
178 93
332 6
374 85
568 50
534 19
77 19
456 5
127 68
385 51
376 61
191 55
579 45
546 22
127 5
271 57
80 94
28 100
94 100
424 38
392 57
607 63
436 88
27 21
478 41
255 54
388 54
409 21
348 39
506 3
51 87
397 99
107 99
288 49
182 34
330 100
351 58
394 30
437 23
531 21
261 46
109 36
460 62
220 2
537 63
283 9
268 97
83 61
117 4
160 71
239 65
149 72
314 35
386 92
277 2
453 74
90 1
3 75
360 59
460 41
309 98
572 77
232 28
5 2
90 19
326 52
189 7
153 81
323 35
45 91
196 75
578 58
518 100
287 37
466 25
590 9
207 98
119 2
15 74
33 31
277 52
141 65
395 43
139 10
586 72
6 97
240 38
306 93
536 6
247 86
221 36
210 30
7 4
280 58
238 90
231 29
120 32
359 67
484 84
488 54
571 43
499 35
185 5
443 77
67 6
394 22
108 26
430 81
254 20
30 57
183 58
140 46
76 4
422 9
323 74
439 94
23 52
579 59
209 67
250 49
382 64
154 84
224 1
277 81
320 56
42 34
14 56
294 2
84 18
164 96
161 77
566 31
319 52
209 42
240 36
28 34
158 2
330 57
222 21
556 64
219 10
156 83
309 71
104 44
577 69
44 55
291 6
260 44
480 34
174 19
105 46
434 8
543 15
171 3
15 23
221 96
121 7
55 65
344 45
151 5
12 41
46 100
487 55
383 15
92 24
55 12
339 40
338 82
263 11
216 9
204 81
480 41
66 35
506 71
557 5
252 60
110 79
55 72
368 26
408 61
26 16
437 36
418 22
135 29
448 46
597 32
556 100
520 50
164 89
506 22
183 23
394 41
346 14
445 41
45 49
441 72
64 74
344 87
195 6
37 29
338 38
545 64
337 32
53 18
564 82
82 28
197 49
395 49
216 51
75 64
298 4
217 100
20 64
259 27
29 91
488 39
7 71
245 88
480 93
363 9
460 44
155 38
109 97
69 1
537 17
239 68
587 12
404 35
169 27
92 100
406 14
372 31
495 35
217 88
289 21
497 32
8 97
556 22
491 11
348 27
481 4
591 16
228 18
124 92
109 8
175 27
246 28
509 8
152 77
278 78
344 5
574 87
313 85
155 55
126 62
216 18
163 43
321 46
125 63
339 2
112 57
72 18
89 89
82 79
503 21
535 39
267 7
410 8
118 32
484 77
91 88
538 69
122 44
430 82
365 29
100 38
581 43
452 69
451 52
213 63
376 51
466 62
345 82
92 25
322 82
242 46
554 77
78 75
478 2
431 60
447 72
558 90
88 48
514 9
94 33
597 12
521 27
508 55
467 32
197 69
603 77
311 67
143 30
561 16
89 1
389 44
200 31
502 52
603 93
249 2
246 32
461 39
145 62
130 63
541 55
129 17
535 13
483 72
93 45
351 44
202 23
54 21
309 54
145 42
281 65
358 82
297 49
401 90
13 79
208 36
451 3
33 30
233 11
11 53
171 75
443 87
282 21
153 41
594 64
153 34
359 48
336 85
412 70
405 63
192 99
480 34
481 22
246 81
325 29
5 35
525 58
400 97
387 80
104 14
20 22
489 21
504 70
214 17
289 4
455 63
304 49
152 94
487 46
293 80
177 100
542 80
332 12
225 73
595 18
311 55
525 92
207 91
577 27
568 62
316 23
40 11
318 10
323 9
156 9
448 42
35 11
25 93
404 81
471 5
205 36
75 71
243 37
173 5
501 43
552 6
331 39
422 81
101 10
46 66
481 30
133 84
127 97
235 74
9 73
455 85
285 29
28 57
441 89
124 8
299 2
214 11
378 59
227 81
599 83
96 43
544 98
484 73
471 22
509 70
28 53
62 88
177 35
437 54
54 15
371 70
333 44
109 91
175 88
328 34
391 51
457 19
263 57
137 21
143 45
409 25
357 48
315 58
364 62
524 67
396 53
438 76
437 57
205 47
332 90
463 10
276 49
164 64
268 96
76 81
82 95
393 100
137 23
296 45
329 35
387 60
481 7
56 78
124 91
52 82
154 62
436 18
375 17
474 65
473 28
523 5
609 6
504 68
479 37
171 64
380 42
370 20
139 67
91 81
256 25
189 75
132 4
161 11
111 21
366 83
608 79
240 34
440 85
14 17
3 87
552 66
572 72
47 73
127 57
79 45
596 9
278 62
488 33
389 38
341 84
392 49
393 25
382 92
127 10
583 30
437 15
490 50
377 41
55 9
208 76
535 84
219 56
328 74
314 56
181 13
585 76
322 1
451 7
260 46
357 1
531 78
96 54
52 49
429 84
27 7
437 40
386 37
338 43
565 58
470 77
363 15
544 24
254 22
364 57
58 51
63 81
364 87
73 59
526 16
300 13
372 73
399 79
564 98
194 19
316 63
465 35
229 95
228 61
179 95
165 2
231 24
381 28
214 6
42 19
318 76
599 44
31 38
493 24
442 98
455 91
279 45
405 29
460 40
205 31
504 21
580 70
247 7
456 67
331 25
137 22
443 54
320 42
337 63
15 77
252 32
162 16
585 55
180 72
313 19
245 29
252 70
425 61
466 28
287 43
119 83
99 59
578 13
442 78
50 12
179 53
125 9
213 35
8 78
282 23
479 29
599 86
509 64
367 74
447 39
26 36
340 10
175 54
121 47
295 9
278 46
276 74
140 59
424 41
346 12
511 81
425 37
124 52
300 43
375 89
80 34
490 32
35 9
347 68
257 62
599 4
172 58
227 13
541 91
102 70
608 31
607 100
249 38
327 66
47 48
551 91
207 85
72 82
268 42
82 26
479 38
434 51
535 31
460 31
302 78
504 60
3 7
373 37
159 47
352 17
196 46
369 86
567 6
258 69
301 10
210 56
160 15
156 42
503 69
595 48
483 9
509 68
156 38
238 3
149 7
233 78
358 67
469 38
204 43
587 97
490 7
418 58
434 62
81 49
384 84
149 54
153 32
234 47
550 15
474 52
81 9
539 60
308 43
558 5
136 86
336 87
221 81
257 15
492 93
309 70
413 58
208 39
512 99
397 69
358 12
189 77
475 80
413 17
328 49
180 68
363 62
282 31
235 48
245 39
387 48
130 85
197 22
594 7
286 31
234 85
83 87
506 13
78 58
238 93
313 3
393 67
479 98
200 54
344 36
277 22
123 79
20 12
70 89
406 63
157 14
358 33
471 21
435 21
230 49
551 68
335 42
589 17
269 100
115 96
71 72
58 47
267 69
436 76
102 25
589 88
233 36
479 60
397 26
32 63
418 94
226 58
213 58
162 67
83 39
438 5
527 45
499 8
392 70
156 66
98 68
317 96
200 69
294 100
222 14
212 30
225 92
268 7
316 64
170 75
89 65
329 37
361 13
387 4
61 87
116 27
459 65
226 31
497 93
29 64
392 86
252 65
159 38
386 11
339 4
292 42
337 74
493 17
127 93
568 50
146 25
280 52
86 20
253 84
402 73
329 85
438 77
318 95
14 99
408 24
259 65
198 44
560 17
399 11
311 85
342 89
573 89
422 92
1 12
162 63
421 76
325 23
258 27
481 36
2 53
516 66
569 55
206 92
259 60
176 43
215 92
439 93
308 96
305 78
149 81
308 22
317 48
270 85
449 8
278 41
5 48
122 69
219 7
534 8
74 1
479 92
98 42
96 5
463 34
590 25
271 25
200 71
361 59
366 95
343 29
304 56
225 98
447 36
87 79
554 46
349 20
467 61
486 92
493 95
39 21
357 47
87 45
35 45
579 77
365 32
51 53
313 22
428 64
420 75
22 40
30 91
517 67
220 10
189 52
368 50
105 30
266 76
330 30
168 98
238 36
84 62
183 62
127 76
148 11
293 65
353 8
571 87
537 100
442 45
231 43
131 78
191 54
487 43
272 68
518 54
283 21
80 57
499 91
328 16
309 30
68 32
513 87
418 90
407 93
360 51
478 18
306 33
117 83
48 94
571 25
567 1
263 45
370 10
507 86
369 77
304 7
346 69
14 95
299 87
69 71
500 42
297 20
447 85
178 83
170 1
25 10
554 94
150 15
193 100
589 8
528 72
206 45
439 34
564 60
466 28
565 48
111 60
287 19
444 95
290 94
490 69
598 19
596 26
502 80
548 90
438 52
492 74
514 49
85 65
568 95
267 6
445 10
261 61
148 14
69 27
216 5
277 46
264 84
65 85
52 63
234 67
376 59
274 81
102 72
333 63
357 72
18 76
67 17
555 77
263 83
190 98
315 9
416 17
302 43
583 21
235 72
313 68
332 87
102 85
137 48
414 19
528 8
171 87
572 55
564 21
386 41
516 66
553 95
188 18
182 57
473 24
591 50
172 49
156 29
424 7
227 90
457 42
472 36
