9255
299 45
386 7
1658 76
289 72
392 34
390 36
1396 77
1142 51
1105 77
1264 47
883 64
1516 16
822 4
1532 100
869 60
160 23
1831 83
949 61
1779 80
49 28
1467 82
705 57
462 76
544 1
310 90
1603 20
1464 7
1289 53
1457 80
1633 63
479 99
842 49
673 22
1226 36
51 31
1821 32
41 40
767 26
60 32
1141 52
691 94
464 82
1543 63
573 59
1329 20
173 73
1297 51
1039 89
360 19
977 25
1775 1
175 22
1463 36
206 19
192 57
303 65
1738 27
673 54
452 78
1800 99
22 48
1481 25
427 35
1456 29
1445 82
1026 98
733 40
343 52
1842 28
169 32
908 7
1713 25
505 91
36 85
1636 26
1772 69
203 57
253 38
503 61
764 39
1443 77
301 60
1551 17
1731 51
1118 81
882 30
820 6
217 38
1259 35
182 33
1071 2
1516 45
150 95
650 16
546 3
225 89
1157 81
503 47
1783 56
274 94
1392 74
774 1
1799 5
126 16
991 54
1797 84
1399 82
1335 20
1318 16
1227 12
1344 68
1363 39
222 2
163 19
988 28
1700 72
1434 76
1598 2
1849 34
262 73
984 42
53 72
852 97
329 15
1426 64
788 66
1382 1
200 98
1723 11
1023 84
1144 18
727 26
207 2
907 53
1149 41
729 70
989 65
411 93
1831 22
940 30
1728 92
756 36
898 41
1240 16
152 66
825 28
79 7
4 14
1188 92
1485 77
582 80
1748 15
1795 50
933 6
1421 21
1765 9
773 8
801 79
198 73
959 75
967 40
204 44
1756 70
1398 81
1690 12
1756 27
23 13
150 93
1412 61
293 75
855 9
294 1
1515 76
1104 15
315 88
1725 38
27 89
251 28
1643 50
943 58
673 55
879 37
1047 76
761 2
220 80
287 31
811 83
1279 83
97 91
1500 58
335 23
1163 28
159 83
1514 30
141 70
356 44
416 1
1446 75
706 61
562 94
503 4
194 41
1626 82
346 58
602 19
1744 71
1800 12
227 19
467 66
1323 81
331 90
466 30
990 40
419 90
964 32
283 73
525 80
720 33
735 13
980 60
1605 37
159 88
1821 11
1125 19
1851 14
1220 20
960 87
1076 43
1748 20
226 46
400 31
236 87
461 43
681 67
1193 65
1250 82
1699 99
1516 91
1381 58
1764 87
1617 18
1591 97
72 22
258 14
945 40
487 39
186 20
969 86
1108 87
1031 1
1835 10
284 3
1149 67
807 71
854 6
680 59
284 70
1842 41
401 84
233 20
264 14
195 1
1808 11
731 28
810 51
1224 69
205 72
124 28
63 40
649 14
213 33
1820 5
1838 13
1729 52
665 59
797 35
1723 30
1593 33
1748 31
1481 36
1145 92
347 28
588 50
1500 45
861 4
463 18
1451 32
1075 95
143 70
244 4
1327 79
173 77
1126 59
1176 42
1592 77
1597 97
251 96
1744 39
1140 37
1624 45
1703 35
364 50
967 99
763 32
1320 32
1080 81
120 72
1479 82
774 28
1514 37
1680 38
1573 61
742 67
64 44
10 43
551 38
39 91
915 10
1424 59
1542 23
541 84
198 99
1032 14
268 7
1780 59
283 2
80 58
1125 71
984 33
1508 80
545 86
76 97
719 9
1556 56
1353 100
227 84
358 5
1007 41
1673 7
1330 84
254 19
1014 70
70 90
309 4
1405 72
996 28
1038 48
860 50
1514 28
1544 8
1153 87
794 17
396 92
1327 82
779 16
108 74
122 67
968 72
1334 46
1240 14
835 77
633 18
272 3
1639 32
1054 86
448 75
1130 28
787 43
64 51
1617 1
1595 13
1707 22
1304 36
1177 1
202 28
312 30
1394 66
1848 8
1436 39
1554 1
1217 38
1528 20
846 65
1731 50
928 75
717 66
226 97
462 32
1367 50
1005 6
1527 92
301 70
330 76
1811 84
13 96
183 98
1102 35
1411 38
1127 74
429 82
825 98
1606 60
181 22
1002 9
1123 51
1274 89
1690 12
1364 56
322 98
1555 58
411 61
1095 89
1845 100
1721 57
1687 37
1638 50
1434 62
1323 47
1851 15
270 15
987 69
157 2
153 76
1689 78
1006 60
1060 31
1262 83
811 46
1250 84
1460 74
1034 90
39 29
1258 64
983 21
1502 95
737 21
514 30
1815 4
411 7
765 9
133 79
54 45
1107 54
492 38
1258 19
1760 93
384 38
840 33
887 36
1092 73
449 81
55 15
567 51
530 58
1589 33
468 32
1638 77
76 35
1411 93
63 20
1143 14
1827 60
389 90
526 53
459 45
1119 75
774 62
1732 43
1408 37
1003 15
1443 47
484 2
1818 56
968 97
160 33
1643 64
323 35
1296 80
990 22
1654 53
441 60
1337 86
1125 1
360 37
1669 56
542 52
1503 30
740 5
1022 23
708 32
716 39
533 40
1066 48
1503 48
1711 50
599 31
667 64
1303 67
1701 10
1411 1
1684 68
1750 23
178 72
436 22
1584 41
1373 40
721 29
1805 21
1532 30
1550 70
1577 57
819 90
1682 81
548 17
1272 81
1343 11
1642 56
142 31
1647 47
1198 27
290 74
580 63
971 53
536 98
143 55
314 78
359 1
224 44
752 20
447 75
1302 26
1304 42
1180 72
399 100
1392 42
552 71
940 35
1535 69
1341 55
1536 38
983 25
1262 23
229 26
69 12
736 90
771 89
21 57
337 49
967 10
550 34
630 56
1791 68
1779 66
931 22
767 38
963 37
1571 17
1308 41
511 32
1515 20
1527 22
479 65
572 47
649 86
914 74
1374 47
359 90
50 81
643 90
730 43
1115 67
1435 85
1643 89
1242 54
616 94
432 8
780 47
524 12
1679 47
1130 52
1198 52
276 5
8 81
1509 16
763 87
785 51
1368 32
1472 32
724 86
1142 9
1766 97
576 22
1085 81
1661 66
300 67
336 7
21 18
1766 63
1456 42
1111 17
201 32
430 7
731 59
1593 7
1215 6
939 29
1106 64
889 58
785 38
1049 61
1281 27
667 39
944 92
339 90
818 27
87 77
1315 38
1306 64
1643 87
1327 25
1452 98
715 33
869 57
1019 100
457 79
1320 55
563 32
110 77
1667 2
526 14
69 17
1596 39
356 2
1768 58
1112 64
1509 91
769 73
307 27
1360 75
1624 75
916 46
1647 18
1003 55
618 27
43 92
1519 34
740 38
1560 65
311 27
1836 85
295 21
1508 76
82 32
1243 90
76 66
27 47
1247 60
1348 34
1091 63
255 31
269 5
592 28
383 6
1635 15
40 73
1221 89
1457 50
1369 91
509 9
305 38
662 73
393 79
783 43
343 65
373 71
1703 55
1137 98
615 60
123 92
103 5
1032 90
1668 41
1434 99
485 41
501 23
128 43
691 40
1056 50
848 99
398 17
212 86
1831 20
1835 17
1160 11
968 61
1708 81
978 91
119 78
686 11
1602 62
17 17
1154 89
1487 95
1429 92
491 30
1515 55
443 48
1294 37
1216 52
686 42
280 49
1658 32
1624 12
95 6
1773 60
390 43
652 69
167 63
730 54
1037 25
1366 6
912 88
1289 6
1574 75
1418 88
10 15
1475 73
1411 52
1560 21
1635 9
396 7
479 1
1786 45
1747 77
993 10
777 25
484 99
1283 28
1281 44
1261 55
1384 93
1787 27
547 3
1421 85
1686 64
653 91
831 34
1214 2
364 73
1655 7
390 19
925 13
1403 83
1443 23
1121 12
100 55
1246 8
1277 29
1148 79
621 4
1462 54
876 41
1432 43
770 98
110 42
82 22
1481 9
864 23
1523 88
1406 45
1533 98
1002 46
795 86
1057 80
113 9
1018 42
1561 98
958 76
685 36
384 71
1802 92
687 53
1325 14
956 6
1732 76
1312 66
1006 42
321 88
1671 15
1763 38
645 29
312 38
917 2
1500 40
564 15
485 89
322 31
1429 8
781 47
1659 51
445 15
1624 20
1023 18
926 54
157 59
1741 76
688 69
694 66
1616 98
1370 4
915 11
592 56
980 16
343 35
1452 5
1078 98
1488 18
799 20
1734 5
1795 61
529 19
1056 50
171 92
391 33
428 70
1265 1
792 38
912 61
1244 30
1529 91
280 71
963 55
1709 33
368 81
167 76
963 15
1103 36
214 15
597 7
799 68
68 35
1 60
1341 94
1185 87
401 21
1367 11
1596 52
746 42
1049 86
117 12
1706 33
1266 87
540 9
534 77
1014 36
958 98
1538 45
1740 77
1537 98
20 44
1426 53
374 8
23 57
272 78
1581 74
955 59
822 49
269 8
834 80
1357 82
331 68
663 92
1544 48
1575 39
1039 23
1486 74
1213 30
1122 36
1507 85
764 85
1237 31
1590 73
1736 10
1373 25
1772 80
919 61
158 63
796 34
470 13
950 74
221 84
195 17
896 53
1186 48
1620 13
1045 80
1355 47
714 93
375 17
172 35
827 68
1427 70
1833 4
1159 19
787 62
1278 68
114 45
1437 58
1406 27
980 51
1824 62
234 83
426 68
1131 19
1061 68
1650 45
1499 39
862 2
1030 68
344 100
582 68
688 25
1592 51
350 27
1209 12
792 90
1406 28
483 58
1358 89
1845 71
1306 37
1092 82
1467 62
227 88
47 44
1667 52
989 70
241 47
1527 40
1644 47
757 23
337 3
88 27
1826 63
1750 76
1045 59
706 11
1676 60
1351 3
984 65
1026 49
152 8
1220 55
969 6
1091 53
1329 2
767 61
311 56
466 27
143 80
556 9
593 10
1760 14
239 68
1280 66
825 13
266 55
464 90
320 15
1667 21
919 16
1782 85
908 52
901 13
1362 11
377 58
62 76
472 55
1179 90
1036 97
1244 96
1630 26
717 66
1544 38
950 35
1358 34
988 94
280 4
1379 55
1218 75
1746 69
1698 93
753 20
1551 94
951 8
591 79
238 71
1565 52
1112 96
591 3
728 70
344 85
1327 56
172 57
895 33
1691 48
748 26
1537 67
1312 17
844 41
1014 40
536 68
490 10
944 78
28 39
1340 36
1615 92
1393 44
1719 39
1173 3
1147 65
818 1
1274 94
770 100
1845 35
952 19
603 52
462 15
1541 100
1789 65
169 18
1074 100
1238 17
1430 13
695 22
1843 1
851 5
1486 35
914 33
847 16
1162 45
1052 48
658 14
1752 78
507 16
738 92
1131 53
830 32
764 13
456 5
632 1
1350 68
789 22
202 52
588 14
1473 95
864 21
1081 96
1108 64
56 33
99 1
220 8
239 32
1695 35
604 95
1423 6
1037 37
866 93
1376 32
1636 80
53 43
1571 19
1606 5
1175 89
492 63
1601 52
1654 27
1047 71
1192 41
1047 95
579 23
1405 84
434 66
351 7
230 43
1033 74
1244 71
1411 97
1627 100
1265 73
421 8
1132 78
1660 61
1450 46
332 64
1656 81
915 73
98 89
129 91
233 54
1099 18
1776 66
114 3
310 96
842 94
1 57
585 52
1826 52
556 77
722 42
821 34
1382 69
988 56
1252 90
406 68
1837 85
287 17
495 49
1542 19
1108 38
440 48
1253 39
1118 32
955 7
315 47
1468 52
1564 6
1848 60
1145 87
190 74
1681 50
618 58
1505 44
213 45
309 67
810 49
1130 43
46 94
263 13
3 69
1529 93
625 86
373 9
1538 46
1695 84
929 33
1558 64
481 2
1288 80
231 5
1494 21
492 34
1226 47
491 28
816 94
251 60
1831 70
1010 88
1128 3
637 11
556 94
561 77
1015 9
151 52
629 19
739 88
642 70
364 73
918 25
1283 4
1494 65
1205 68
1839 70
597 71
1097 41
1233 56
1231 52
1584 60
1763 15
1601 25
1691 24
423 89
858 47
1495 99
1035 57
1259 67
652 23
300 98
1501 33
1101 87
887 73
80 82
1553 74
553 47
1772 2
1052 27
343 70
1408 31
54 100
1136 71
151 45
541 56
1408 92
134 68
52 11
731 30
1681 42
1435 63
576 44
1498 87
717 79
918 87
196 53
230 74
34 64
260 80
890 61
1458 59
391 21
1497 5
578 69
1092 50
137 25
702 44
694 100
704 62
1449 43
1087 94
1110 77
216 49
940 44
455 61
1584 85
1032 13
407 22
886 28
1372 36
255 58
140 16
283 4
519 62
184 18
932 2
412 51
624 29
11 30
989 95
760 88
629 66
235 28
586 15
1568 65
554 57
66 40
1405 32
776 20
1603 24
1528 56
151 74
903 99
1391 96
866 91
1072 68
896 73
675 44
1720 35
513 82
206 87
593 41
1253 82
1724 26
1820 65
683 40
222 54
410 45
1096 47
333 51
1222 27
1485 46
58 75
590 25
1076 53
1199 91
377 36
536 90
253 83
396 47
765 68
56 99
1422 78
916 53
734 4
380 38
998 50
1211 74
1001 73
667 80
1297 35
1089 26
729 88
48 91
133 85
962 75
21 33
1201 24
127 47
1320 24
663 1
1714 17
1287 67
95 81
954 62
1225 95
1741 32
1228 20
1143 12
754 28
76 22
704 6
930 53
1060 29
894 17
955 39
1753 42
190 72
1512 72
1338 43
1050 76
1231 51
910 84
90 23
92 9
1709 24
578 46
74 91
276 41
99 37
1336 21
777 1
1551 23
