7755
1180 49
1518 76
496 75
1387 42
1259 75
1267 41
754 83
161 84
694 11
519 57
13 27
453 42
698 80
126 14
538 65
341 55
411 33
583 72
1151 59
190 96
1312 30
1110 7
793 97
878 95
858 19
674 2
838 38
880 13
556 94
88 94
203 63
870 28
32 44
1324 72
1229 89
673 74
990 70
1433 77
342 1
477 38
426 38
1004 21
326 33
423 70
920 20
177 61
168 43
1220 80
194 45
890 96
1203 86
1156 53
772 20
941 94
610 26
359 85
951 1
284 21
752 60
50 28
964 4
1508 31
677 47
18 22
820 83
1128 51
908 2
239 98
1411 36
164 68
12 2
129 41
1202 63
1234 24
821 75
227 9
75 20
1479 9
563 26
448 53
723 39
902 34
1342 66
790 78
991 50
621 97
292 46
531 73
1434 97
410 9
597 11
1517 33
167 21
1154 75
1212 53
573 96
959 76
635 90
964 15
775 60
1432 87
382 45
1424 80
465 87
290 47
1481 70
470 33
593 10
1158 98
693 43
181 69
432 42
1423 88
1489 17
81 21
767 96
1215 30
649 82
752 11
433 72
540 45
778 6
92 83
525 39
320 1
977 26
1340 44
1123 63
1136 72
975 81
1267 92
329 99
911 2
1266 28
404 27
248 3
864 70
910 52
221 39
866 39
294 53
308 49
1452 12
746 71
207 97
1272 88
985 91
1052 31
1068 84
896 22
96 46
787 30
65 8
235 17
608 46
423 67
1348 87
127 39
605 70
1157 91
961 95
888 34
1181 67
1355 32
951 91
1364 79
785 67
104 100
802 8
1110 94
714 76
781 92
1073 85
416 54
77 92
1542 90
1202 15
352 46
191 35
1321 100
418 92
1355 82
307 70
348 86
670 55
909 8
547 70
1286 24
117 31
472 33
707 95
224 84
1091 76
1190 21
120 88
1142 33
31 44
1273 77
730 6
410 11
1350 70
317 86
309 34
1347 75
60 27
589 41
1065 18
1514 32
242 62
433 30
793 83
1173 1
1026 48
482 26
1388 66
1399 56
998 50
737 77
1443 20
194 52
1206 87
173 50
486 66
466 41
233 100
1453 72
1432 56
643 49
1411 72
776 78
614 62
234 18
746 100
619 5
1377 97
1207 47
1069 7
117 1
1110 80
1372 96
1410 76
753 29
1508 69
1472 54
352 100
1359 82
1447 28
268 39
512 8
1091 51
237 48
1200 10
771 27
534 27
207 48
938 62
1238 21
463 35
1186 72
171 70
979 79
359 71
1338 81
472 90
676 50
878 60
624 80
1029 43
980 25
234 80
771 9
221 80
302 17
943 69
585 63
106 15
144 65
1061 73
1167 55
1352 34
96 84
1371 3
1380 85
1249 97
595 55
510 20
296 45
353 15
473 36
269 50
1307 48
867 1
546 95
918 35
1501 7
1535 42
1224 34
1499 2
852 65
432 63
959 11
1162 77
889 8
1057 87
143 99
920 6
93 31
450 23
468 14
1547 99
596 59
618 21
573 2
91 73
947 97
50 99
27 31
559 95
903 45
1378 49
1406 10
1488 79
1536 15
681 13
1390 42
256 46
189 46
1221 28
112 85
1183 73
81 61
104 18
930 36
1518 10
1033 58
457 81
373 9
146 96
1471 52
400 61
292 58
222 22
1493 89
1181 84
1136 43
1359 22
790 65
954 51
383 10
361 37
788 17
382 76
950 50
719 6
1424 38
410 42
1254 15
1231 4
1519 90
1288 30
213 36
480 19
496 33
831 70
1148 9
1206 29
1226 71
1118 53
1131 44
190 44
213 46
580 42
715 38
1121 93
1168 41
908 1
1453 16
1442 5
134 13
1421 9
1202 1
1163 67
1469 24
742 11
1383 43
87 48
632 61
847 59
866 22
839 78
1372 75
416 72
421 70
1209 47
1466 84
739 90
1220 13
741 59
50 27
888 46
17 73
152 36
618 83
326 93
768 23
241 12
621 77
242 76
921 89
572 63
1110 72
269 61
445 16
962 61
1111 6
33 1
138 20
113 17
831 86
362 64
1168 100
709 73
83 36
10 47
419 8
1271 2
896 19
1063 72
385 19
31 23
1455 6
739 91
309 13
1233 54
678 35
408 85
1066 19
545 32
1414 2
296 24
436 26
1242 9
869 67
396 61
658 52
608 51
414 51
416 13
1100 34
1327 80
33 81
1542 42
676 67
21 93
1093 39
687 98
572 46
1439 41
1519 40
868 87
1281 72
1290 57
998 100
647 68
979 90
1079 97
155 75
1010 42
1342 14
697 39
1185 58
594 67
1183 39
687 50
163 16
1468 45
1467 39
1289 58
635 57
959 6
1259 6
579 8
1265 65
1171 55
1325 12
341 6
1359 33
763 86
1358 23
958 74
796 93
687 22
28 19
881 35
1511 86
1028 76
1075 82
1401 99
185 23
719 33
117 63
813 56
1403 16
331 17
163 42
1464 30
401 43
1258 38
284 68
510 49
434 26
211 49
1190 10
40 88
316 10
1384 84
1124 84
823 89
1159 25
1240 80
1299 14
1165 80
398 34
681 97
1119 7
1091 27
1541 50
910 100
184 23
1136 20
464 82
820 39
1029 14
149 35
1360 16
721 92
438 50
95 25
1368 36
210 79
1028 93
561 98
777 36
1293 40
576 19
1160 31
1385 3
1196 99
232 68
1129 17
169 47
523 37
203 85
826 32
622 62
1137 54
737 71
946 41
543 35
764 91
1388 20
157 49
492 69
158 79
996 30
323 44
918 26
555 39
460 31
278 66
1361 41
893 24
1091 50
100 88
173 97
204 18
1235 19
1097 27
1329 62
80 47
1346 48
1040 17
796 10
945 80
1154 3
1514 60
1474 85
1396 96
1276 100
1155 46
906 62
1042 50
1323 47
427 25
1067 55
1422 59
1197 38
1034 24
1488 59
1045 51
1096 54
608 40
75 67
607 93
86 37
339 48
1289 67
1229 62
675 24
1266 80
1483 12
607 60
1469 47
828 84
447 93
101 98
1466 67
17 53
56 52
788 80
86 81
246 30
1379 52
442 53
41 52
882 55
89 58
475 3
708 48
173 18
1160 64
496 74
1345 55
648 29
269 34
1176 99
1505 8
1482 37
1086 51
1058 60
266 38
1098 3
472 61
1480 15
489 67
1014 53
1109 32
1466 20
1261 45
1032 64
754 20
1370 43
404 40
1008 36
383 90
1335 32
447 93
83 54
713 57
97 32
746 95
1003 68
1463 56
1176 30
47 81
641 6
543 26
1112 95
549 15
155 84
726 78
838 6
215 38
479 43
220 100
106 46
472 56
1184 41
711 98
771 33
1371 79
138 24
1197 80
258 16
486 43
313 7
849 45
674 20
1459 94
212 86
875 67
1419 71
1477 18
653 89
305 13
421 66
1170 11
474 65
1337 50
1245 96
663 33
626 87
1050 76
46 20
464 76
1366 19
140 27
1288 82
117 47
881 87
105 84
1263 93
1345 66
441 89
846 8
490 95
1291 26
1503 43
519 27
776 72
843 82
39 50
687 68
585 75
865 14
341 56
444 88
1090 80
1127 57
1290 79
913 85
422 76
1446 71
903 19
978 52
686 89
1465 84
1349 60
1303 45
1309 34
1134 90
1459 67
78 14
615 6
888 61
229 99
233 70
876 9
1354 17
131 99
1520 8
102 51
722 94
405 9
1018 25
1443 14
580 38
75 77
944 39
845 18
1360 90
1399 70
1168 33
1191 38
233 1
730 10
464 9
1285 54
1007 74
705 18
929 27
914 54
556 99
786 31
538 86
942 57
975 42
156 98
488 24
1201 73
544 66
130 34
1534 29
388 26
931 38
139 27
113 11
1200 70
1135 67
1132 90
707 97
779 15
565 53
513 13
769 72
1214 78
1374 66
302 74
142 72
1208 71
818 44
1361 73
167 17
583 36
1181 20
331 3
1403 64
1107 70
1317 55
1168 40
1287 90
904 56
548 97
1029 51
645 63
701 37
427 70
527 49
396 33
680 84
589 80
1247 17
685 13
1242 21
642 20
441 94
910 62
52 52
996 37
1308 55
795 6
929 16
1205 24
516 43
611 73
438 27
1193 18
1376 52
1263 12
1033 64
1467 85
1299 76
1440 83
667 40
1421 40
114 7
1290 55
448 8
107 25
957 15
114 96
1302 6
452 64
257 54
36 3
400 49
740 43
791 68
961 59
489 6
521 68
519 53
1390 57
737 96
1243 44
1315 75
1151 36
597 16
772 100
627 98
1534 8
840 92
128 72
1232 74
470 4
1381 34
320 41
974 31
1275 98
739 48
898 11
634 97
689 23
589 24
33 61
948 42
882 45
814 38
668 38
208 78
802 13
1180 10
640 81
1532 58
1059 60
784 73
224 50
611 3
1025 95
1087 100
843 5
692 45
150 22
1025 94
449 76
264 17
287 13
1465 26
888 15
1275 5
1521 65
979 4
678 72
240 41
1090 61
81 11
688 73
10 41
1321 16
44 37
1011 79
937 72
1098 65
1424 58
41 72
1181 12
828 34
1444 8
54 82
135 33
593 56
594 65
752 30
439 42
733 47
1400 8
1209 27
1508 82
1212 57
1154 96
885 64
880 89
260 59
1498 38
725 83
718 77
677 70
1259 47
616 99
149 45
896 70
465 54
1026 53
1179 41
891 31
508 22
1530 63
101 23
152 16
726 38
1303 57
1018 36
572 20
950 20
502 32
389 98
468 49
751 87
175 70
73 45
884 70
1045 37
1353 74
678 78
1353 86
192 61
103 43
30 78
799 21
832 26
117 23
1041 1
1125 52
1290 84
852 89
683 56
642 86
345 38
710 25
1536 17
938 49
191 95
1064 40
1398 57
1183 42
1298 33
1108 79
700 3
707 77
1203 83
1457 100
950 49
651 57
13 73
511 16
199 31
379 15
138 96
501 97
82 86
1450 80
1087 91
350 78
219 14
1072 45
1274 52
1533 57
1114 78
1227 43
663 20
436 67
1393 83
366 95
1486 10
194 89
985 32
339 44
1222 67
949 18
415 32
1444 63
358 61
1266 75
274 13
695 56
1474 19
812 67
1016 37
541 84
127 89
938 63
413 80
1295 41
108 36
945 35
230 97
330 10
1421 86
1025 60
147 26
1509 18
1539 60
436 68
156 64
461 52
208 48
1483 32
909 10
399 76
346 52
880 59
1130 48
906 86
174 32
835 9
427 98
1057 90
769 83
1388 78
651 77
975 44
832 68
616 93
400 73
900 85
530 20
551 20
791 33
1115 21
413 25
1430 4
1208 62
1447 34
1378 96
1448 18
869 76
339 46
845 17
828 83
1423 41
493 3
740 58
364 72
246 26
872 89
44 7
1267 88
1289 58
359 97
676 85
1048 96
1093 61
1214 100
1113 70
210 34
643 98
717 77
1394 35
768 22
831 23
313 32
1364 80
721 84
866 81
1274 80
349 53
1136 72
816 58
991 11
855 46
1081 76
762 44
121 100
849 85
1342 86
1460 9
1439 45
389 65
442 51
1292 85
782 78
583 32
1307 32
1335 66
1075 62
694 23
1119 10
1515 62
871 42
224 25
1402 65
369 84
69 44
349 94
1081 95
1423 56
1287 84
563 40
616 57
463 74
851 37
126 19
724 91
713 66
345 30
488 18
612 5
491 37
35 55
1268 59
260 15
1112 26
771 99
1229 3
1353 13
638 15
478 45
1333 69
258 46
546 54
74 51
989 61
854 85
821 18
236 58
799 55
1282 42
547 19
1292 9
1374 40
134 93
1536 73
632 22
1134 36
171 25
143 54
330 100
350 58
1372 80
789 71
1452 29
232 55
545 5
621 37
1262 53
171 66
743 54
961 88
1426 25
627 44
857 88
1502 80
619 33
354 40
1503 69
999 9
828 62
1234 95
1064 58
453 90
623 30
1273 86
110 8
926 30
88 22
1112 51
862 27
1204 16
672 74
734 55
592 28
796 31
372 66
33 27
30 74
928 65
586 95
925 25
1210 60
400 78
229 74
183 97
192 60
1087 61
1165 13
900 67
1136 2
391 100
21 36
954 37
1410 73
320 70
10 1
1537 43
175 62
949 16
764 2
1269 47
927 89
1212 96
288 93
1170 76
1475 63
190 48
260 67
583 74
494 52
326 30
191 82
399 80
365 75
329 10
725 3
1022 13
1136 12
1536 88
1431 44
145 44
620 30
438 63
609 74
1382 72
861 54
1097 45
774 36
931 97
1122 64
527 66
476 39
388 48
1509 93
834 94
203 34
458 64
636 64
482 67
653 8
1531 40
781 66
187 1
1179 24
789 43
872 24
798 25
233 8
1251 13
1409 51
921 4
686 66
1524 1
111 87
1194 9
207 66
948 57
1111 14
756 23
1520 49
7 53
1422 38
1293 64
662 13
1228 33
336 52
411 62
571 26
453 75
202 92
1528 38
906 97
1163 30
1510 8
666 40
831 91
1087 27
811 59
1041 40
1223 47
1167 4
105 63
973 57
33 93
31 72
1482 8
254 42
729 49
679 87
1548 61
490 1
453 2
1392 43
1035 73
122 77
1168 88
738 70
689 64
496 20
23 71
756 6
167 3
998 27
