4263
426 50
401 21
492 37
758 17
547 15
670 53
205 7
774 99
607 30
74 29
350 7
625 13
578 84
755 48
147 22
753 32
436 28
644 8
601 8
209 25
178 91
260 24
62 65
118 41
53 30
418 32
836 15
268 4
526 33
530 89
200 43
281 91
500 72
5 4
505 29
682 29
392 10
444 69
215 59
728 28
514 63
502 88
585 9
116 95
335 51
314 85
814 35
149 15
851 76
294 89
516 16
543 29
769 15
838 17
556 57
510 32
657 89
783 76
671 61
67 87
484 20
727 65
823 71
179 11
428 16
800 72
49 77
143 65
750 88
32 63
97 61
602 36
626 73
767 36
792 16
416 47
749 82
794 37
572 29
434 36
156 35
739 13
502 98
818 80
3 9
124 2
138 4
131 35
74 62
461 51
245 42
312 98
455 37
413 99
554 8
431 52
141 100
303 35
249 66
230 91
743 84
430 81
599 95
332 89
267 6
675 80
644 94
290 94
752 38
389 87
4 30
710 96
479 32
183 32
763 11
543 84
816 20
96 62
481 64
36 6
380 78
457 7
391 6
533 46
372 37
471 40
349 70
475 86
517 21
249 59
513 25
563 60
597 10
81 27
299 52
493 8
209 8
354 69
185 29
38 11
168 22
771 14
707 96
513 43
161 78
12 10
610 16
604 2
117 72
413 63
248 20
452 40
72 3
8 59
286 3
735 46
104 55
279 41
544 13
300 27
562 66
688 93
321 79
847 99
309 41
262 42
267 44
277 63
657 58
650 63
230 69
326 64
145 58
481 80
99 84
844 37
808 89
797 65
260 37
501 81
154 77
707 30
741 99
481 88
317 4
521 26
179 46
480 50
15 59
191 29
296 28
509 1
494 92
550 10
251 55
133 61
606 20
568 16
511 36
318 97
97 24
817 41
626 74
815 14
653 48
219 76
693 25
406 25
345 90
592 31
312 100
294 88
39 72
61 53
825 44
573 58
443 47
478 80
608 6
431 67
717 97
455 23
548 19
255 25
668 66
476 55
237 44
375 61
691 68
446 97
394 32
364 24
322 76
685 5
287 82
390 49
358 41
49 32
229 64
660 22
309 3
789 39
587 52
498 21
237 16
545 3
577 87
606 23
677 12
573 98
507 19
201 92
567 12
696 27
179 5
246 1
622 32
543 23
757 51
571 88
767 3
115 52
720 97
395 9
650 79
530 47
637 52
73 36
748 11
450 56
374 30
546 59
179 65
794 62
136 24
16 72
203 40
220 48
132 96
496 34
723 85
753 77
48 32
603 7
191 74
431 30
717 25
101 86
690 46
19 13
841 26
122 19
601 15
251 11
110 9
495 63
157 48
853 61
710 2
787 87
340 14
746 41
245 23
82 23
393 87
619 1
79 71
559 9
287 62
619 33
446 8
801 35
550 35
160 23
287 82
216 17
167 29
360 17
490 70
232 79
821 79
800 7
582 6
66 10
569 80
284 93
693 76
90 77
305 71
35 60
198 38
159 72
472 83
480 59
14 23
74 63
119 73
714 27
212 71
687 82
391 15
378 13
619 27
236 73
815 37
243 89
675 17
475 51
680 34
29 71
117 39
512 49
819 16
758 36
324 31
786 74
374 90
702 30
148 41
282 13
45 52
443 92
564 2
80 44
220 78
330 52
489 29
839 65
92 27
421 58
118 54
188 45
792 92
656 10
784 11
807 83
607 28
115 74
376 7
480 64
585 6
788 36
668 54
753 25
625 21
831 47
255 98
385 16
649 12
147 16
71 10
654 22
222 25
472 9
671 82
82 53
853 56
458 27
487 80
289 84
475 3
397 60
816 78
163 43
188 50
73 32
634 41
799 36
153 69
663 49
86 46
2 26
423 38
689 92
647 72
283 59
268 46
92 62
716 97
640 98
229 6
629 18
362 88
426 2
412 65
560 20
852 46
596 17
786 39
464 79
574 1
700 90
705 78
495 28
826 97
752 61
731 84
841 88
788 36
140 16
382 76
667 50
803 76
39 36
732 67
845 66
55 68
543 14
41 24
584 17
11 84
294 89
168 55
118 59
361 81
827 50
758 39
816 58
797 77
117 81
158 53
826 99
6 44
112 50
246 59
248 41
335 58
689 9
496 38
94 39
709 43
218 88
741 76
561 17
212 68
347 15
648 21
792 88
111 69
225 71
90 1
135 62
203 98
292 46
783 18
605 84
546 9
525 46
67 100
767 69
716 77
619 99
340 21
657 75
719 22
834 57
777 95
340 87
324 82
347 62
68 10
731 78
66 66
512 90
185 49
614 91
218 54
371 11
49 33
345 41
130 76
437 51
597 85
159 24
747 86
703 71
317 18
577 74
514 98
331 65
826 8
726 12
152 80
184 24
839 83
650 29
287 87
848 68
703 13
519 4
326 89
678 98
279 21
115 28
210 13
401 67
204 79
246 27
725 79
129 81
114 38
786 88
674 13
614 74
627 36
737 89
312 65
404 86
132 89
309 75
480 44
386 59
576 51
236 68
165 1
707 54
605 16
714 84
747 16
604 3
223 13
301 66
590 50
295 91
257 32
167 60
728 69
789 52
573 21
269 82
682 21
264 95
280 4
655 67
63 43
379 98
808 18
769 70
664 64
829 17
228 43
82 9
93 85
140 99
642 88
627 92
293 29
771 78
46 47
46 88
557 30
299 33
174 2
74 27
433 26
541 29
852 57
148 99
295 90
484 67
729 81
802 68
242 53
86 40
203 72
568 77
671 83
253 61
216 36
368 45
137 55
201 99
622 21
304 19
523 60
105 96
639 41
791 28
662 50
74 2
461 68
337 83
432 72
293 71
76 42
106 60
823 79
193 9
113 9
303 63
326 78
620 54
834 5
727 18
664 92
422 61
834 70
116 6
813 2
484 54
815 72
15 48
541 73
706 26
798 47
380 56
517 70
224 72
447 23
824 12
664 60
618 27
635 96
323 93
441 15
304 36
551 31
796 95
537 67
358 83
99 73
582 64
474 18
770 94
334 74
767 21
423 35
349 98
157 43
548 93
558 47
436 58
819 96
393 58
562 3
35 82
241 39
510 71
765 46
747 62
804 85
418 13
59 50
820 80
632 89
785 46
327 58
325 68
823 12
353 38
556 13
226 19
818 28
392 34
546 40
368 33
760 79
60 27
502 9
278 37
564 9
481 44
438 28
665 6
281 18
666 54
525 72
90 32
213 54
767 50
524 23
188 54
25 26
375 22
221 66
199 17
521 17
350 6
478 22
516 75
195 46
811 55
288 83
104 70
796 73
798 43
578 31
679 2
743 55
520 67
478 33
153 18
377 92
153 7
825 91
80 7
766 95
132 14
326 12
32 82
361 79
139 65
148 61
563 76
316 8
616 95
120 6
366 84
341 2
696 65
579 17
77 32
42 86
95 86
253 21
486 31
610 33
164 9
191 26
405 9
330 70
355 97
20 75
739 91
152 2
36 17
678 28
430 49
850 40
231 78
785 74
393 86
632 38
516 38
822 23
646 34
507 7
349 14
641 21
164 98
428 20
652 83
787 62
311 51
541 78
317 28
352 1
713 5
456 88
160 32
464 99
726 82
583 15
762 8
245 63
669 7
104 38
551 28
831 82
298 90
516 31
16 51
198 45
524 78
2 72
41 28
472 21
372 5
836 25
830 90
153 24
32 50
21 77
485 57
263 15
179 90
34 45
738 70
617 76
477 22
278 57
378 21
558 92
78 50
191 8
297 64
699 26
849 75
474 91
578 96
661 10
693 92
828 36
480 100
671 79
222 49
469 46
817 20
780 64
489 52
513 47
575 33
674 94
402 54
393 56
194 88
298 78
398 67
516 55
172 6
575 28
425 5
662 45
685 1
785 52
827 5
18 48
510 57
714 85
236 55
242 40
445 94
580 33
362 76
147 55
151 49
397 80
126 70
108 52
82 55
323 71
680 46
644 79
493 61
294 59
842 49
335 67
104 99
180 41
179 13
649 60
200 29
120 82
844 80
210 48
422 54
422 9
34 95
788 9
387 51
461 86
296 72
119 30
325 98
176 64
804 48
163 15
131 41
460 15
674 95
602 100
562 1
730 52
338 20
469 35
266 41
756 40
772 30
772 1
597 74
295 13
73 2
386 91
215 44
490 66
172 29
369 53
508 71
410 61
667 63
197 57
720 87
677 4
728 50
212 40
592 7
293 70
289 71
16 86
503 27
617 7
604 73
699 11
80 63
388 96
400 52
211 22
231 45
822 20
187 50
743 34
803 8
574 21
816 33
708 48
243 50
797 38
529 59
825 13
335 22
540 1
66 80
265 96
846 29
494 16
204 60
580 19
784 56
113 56
58 56
647 20
782 73
138 42
511 49
658 31
44 74
142 41
216 22
259 31
317 51
336 70
113 51
560 42
379 81
396 95
658 19
189 81
293 96
489 88
236 59
442 20
521 3
555 85
145 98
437 3
293 8
214 90
110 96
90 35
18 3
655 55
677 51
117 60
188 14
355 59
219 8
138 19
465 14
152 79
546 69
186 38
303 42
515 58
506 55
635 33
672 71
441 63
683 95
175 39
644 23
406 64
806 98
604 2
786 28
98 10
241 85
410 73
486 52
2 67
84 71
565 82
653 90
70 51
463 66
55 50
405 97
606 76
18 29
438 3
108 55
204 53
266 30
269 91
710 98
153 23
849 72
448 6
550 15
707 98
376 20
404 62
294 23
755 64
627 96
535 61
33 94
599 62
522 21
155 63
463 41
471 69
462 30
620 47
414 88
675 42
213 6
501 72
651 38
574 78
398 64
729 92
728 71
252 78
154 1
778 16
774 86
147 14
849 12
744 64
718 28
393 97
167 87
194 46
645 64
537 30
132 84
832 76
768 25
158 48
524 96
537 13
17 3
249 4
475 98
564 76
712 63
726 26
422 76
481 42
636 68
22 35
170 60
222 5
307 76
442 39
393 28
192 33
821 98
313 39
196 39
396 25
62 7
664 55
224 97
764 32
152 86
831 9
466 46
807 84
842 61
634 79
562 52
136 7
24 98
316 34
329 11
546 5
213 89
747 90
746 78
86 34
582 60
443 2
422 77
87 75
811 53
152 14
441 71
771 40
823 86
523 53
154 89
517 73
369 44
469 76
667 10
359 17
61 19
163 8
632 29
267 26
484 54
252 64
746 10
41 76
204 49
838 64
510 1
457 92
408 21
847 100
78 90
280 30
747 35
228 87
42 30
306 100
624 28
623 62
64 55
41 66
169 5
271 75
589 94
661 27
378 70
401 17
586 12
97 10
94 92
779 24
597 37
491 75
659 3
244 32
144 73
76 49
801 99
244 30
268 14
821 97
651 25
491 96
248 50
260 37
11 3
562 23
344 32
337 63
22 9
825 15
111 86
5 68
414 54
784 18
564 6
429 5
712 33
585 49
64 74
128 33
246 51
552 9
584 39
3 34
730 82
582 45
573 8
407 54
672 74
226 67
72 70
195 45
167 59
643 86
260 22
853 23
96 20
522 20
219 12
559 4
634 38
607 26
470 95
332 22
571 30
585 8
403 76
529 50
590 83
146 51
285 84
297 25
194 30
805 74
475 37
399 78
530 95
722 14
136 13
138 98
414 28
799 56
807 43
459 88
111 42
588 55
532 91
594 19
530 92
738 28
663 84
244 56
641 66
101 14
38 16
772 33
178 52
596 24
784 41
105 67
735 1
736 19
232 55
468 85
11 28
239 28
663 51
745 74
90 69
488 54
289 65
149 97
514 86
15 68
636 60
603 64
816 47
410 29
342 80
228 18
89 92
496 23
168 85
733 43
233 23
208 57
619 100
512 96
311 93
849 41
246 50
219 54
115 86
737 3
631 95
349 100
159 53
80 71
644 93
473 47
674 74
22 59
130 85
343 16
599 56
10 11
722 5
637 86
42 34
175 67
394 6
732 68
489 22
448 31
592 19
597 73
31 39
265 19
325 70
534 92
241 51
68 6
370 30
154 77
628 20
371 38
140 68
752 14
292 39
789 19
167 34
826 20
534 94
110 58
22 83
321 28
765 5
158 33
53 3
240 79
502 46
409 4
726 77
63 88
63 80
67 30
820 51
573 83
269 56
781 82
804 38
541 22
259 30
429 40
196 82
369 16
665 4
647 92
416 93
