7083
37 12
923 25
414 24
353 98
1341 24
421 30
629 85
1378 30
782 61
1037 8
1088 74
941 43
769 92
1215 4
845 63
767 80
1384 18
1209 57
225 95
880 3
1125 17
112 47
1096 37
1399 48
222 98
654 90
336 67
535 15
458 53
505 100
84 49
896 92
36 58
1004 99
1254 82
818 42
746 97
569 39
1316 57
444 59
719 47
862 42
1138 88
533 88
1323 37
1246 8
1160 10
155 56
13 46
1297 78
1379 13
564 12
1068 10
1348 11
745 55
1020 1
980 23
432 34
766 91
1093 9
1286 60
768 92
52 76
1192 12
718 80
256 90
562 91
994 7
472 76
1237 93
172 94
108 38
699 47
333 97
692 35
243 89
156 51
46 62
795 58
1282 55
519 77
439 18
194 58
1050 95
694 25
635 17
1368 73
871 75
443 99
571 99
222 4
653 14
748 97
1335 37
235 48
1192 58
739 77
527 51
1212 19
298 69
30 43
129 91
391 54
962 81
1286 21
1244 54
810 40
569 22
64 73
1143 61
539 81
409 56
857 37
58 80
16 88
93 38
387 83
406 25
835 52
130 65
1221 92
1007 30
763 46
691 19
626 65
253 72
548 1
426 13
429 25
1082 77
484 80
511 72
240 88
490 83
1339 27
967 39
691 78
423 12
381 10
896 64
1256 64
340 58
1357 48
957 84
1123 51
106 36
639 42
456 20
516 58
720 61
269 54
734 80
812 21
1388 26
951 62
386 98
1249 7
572 98
636 2
494 20
875 57
158 51
561 46
1140 28
872 48
809 11
1095 19
1246 79
1103 18
52 83
986 66
1387 9
899 6
966 34
1270 13
1227 55
1394 95
740 67
716 28
119 59
92 51
49 78
301 97
1197 57
1385 20
1020 80
339 50
4 90
236 61
1404 14
1323 56
586 48
1206 73
365 42
616 21
694 39
1055 85
674 86
263 38
1234 82
126 47
692 87
1350 69
78 24
1205 12
300 3
1036 35
948 100
375 52
979 42
1314 50
1108 17
572 33
329 6
472 39
88 70
687 58
563 26
31 47
876 26
1270 47
560 23
53 29
917 20
1368 37
877 11
692 14
405 94
1369 8
166 42
608 99
191 93
754 60
345 4
817 35
464 16
783 73
632 12
33 14
558 30
97 11
660 73
700 7
1328 76
1376 10
885 72
578 8
802 100
981 37
773 23
1061 93
649 28
87 84
498 66
712 18
689 55
245 99
311 19
1173 53
443 50
335 37
176 7
995 60
744 55
893 1
210 7
423 61
827 37
1043 65
1069 54
1133 60
964 39
567 80
1061 16
117 70
725 61
1117 6
385 81
1340 66
739 11
248 89
136 34
1318 67
722 18
605 38
1338 22
1079 74
803 41
120 95
237 49
1125 59
1342 97
120 62
716 59
479 32
357 95
712 65
183 97
1161 25
1324 33
1392 17
1029 41
251 88
707 35
580 67
358 89
955 29
313 45
302 12
957 74
639 14
689 6
112 76
1380 79
568 14
1283 71
1030 13
807 93
254 6
510 96
1402 86
928 9
881 97
891 97
1294 35
75 21
654 1
745 28
902 17
1118 99
112 9
272 37
823 19
713 5
777 6
12 12
347 63
299 17
366 69
1177 86
784 96
1191 32
1259 65
1017 37
215 27
1152 99
1185 89
159 13
1270 2
1319 11
1230 78
784 8
857 64
1383 60
626 67
1370 8
1095 12
1175 42
1011 33
635 68
1355 4
415 95
979 87
878 19
509 58
635 76
1070 90
704 11
429 20
1148 26
167 75
38 79
852 33
480 1
1013 99
465 74
395 35
1054 33
31 96
1235 34
826 80
1023 63
746 30
665 85
256 90
991 7
407 99
213 46
721 27
1132 45
1096 96
439 34
503 100
453 66
491 44
953 53
795 72
627 41
1242 22
612 96
700 80
1052 1
363 61
1136 47
487 33
338 42
1099 31
221 12
233 20
415 7
748 59
1386 11
98 26
1135 73
284 71
1376 58
1352 4
1403 15
992 6
297 38
1122 93
792 64
817 83
9 93
625 48
1279 89
850 19
911 63
151 17
592 68
46 82
746 44
52 6
364 88
744 12
50 60
1095 17
290 27
593 32
1376 1
969 79
821 50
196 14
999 14
1107 48
982 58
113 17
1344 7
181 55
930 3
1307 10
555 6
755 45
316 42
481 93
168 90
567 94
461 87
565 73
581 1
838 17
1208 7
1154 23
1413 31
57 77
875 78
1238 31
475 21
860 82
810 44
1358 60
223 67
20 27
164 52
359 93
1119 48
1127 19
572 20
1042 41
311 3
1230 9
1233 42
1161 95
1120 12
221 63
109 1
614 64
1065 91
705 5
1328 53
816 8
1089 84
461 75
639 91
929 10
1371 7
464 45
115 9
889 20
135 68
1132 42
218 53
189 37
1337 1
985 47
449 72
175 100
1103 84
984 71
986 2
231 12
778 4
544 86
1209 61
239 5
1288 53
1403 69
809 81
795 59
817 10
321 80
181 17
656 87
807 96
229 94
449 31
681 17
1100 13
1138 7
687 20
1191 15
586 79
737 12
36 24
780 51
276 6
948 70
541 65
556 25
617 24
35 40
136 10
833 62
1319 98
531 13
1094 85
573 28
252 39
692 65
1275 99
607 94
485 50
354 18
43 15
608 95
823 68
1389 54
324 19
481 71
920 12
1108 12
866 67
1063 23
202 5
673 7
1189 22
1103 37
789 97
1402 44
756 38
507 67
984 7
63 8
541 47
1368 78
230 5
868 34
1049 81
8 31
1316 89
575 15
1237 23
1193 34
582 84
166 54
1129 36
279 69
909 91
2 52
853 25
395 90
277 57
1008 46
1063 88
415 11
980 9
313 95
1124 71
16 33
883 85
1028 72
1126 52
464 68
567 22
1208 61
822 44
784 59
744 39
950 49
290 24
1278 15
322 14
1165 88
86 100
312 53
946 86
82 9
1178 92
1156 31
756 87
527 82
860 55
1090 7
27 91
1163 77
227 65
809 99
7 20
1297 59
676 85
1330 3
54 35
124 89
908 55
1124 19
1292 30
1201 4
279 42
1371 44
187 40
318 75
271 27
1119 60
1016 68
510 21
475 29
384 40
844 37
598 18
78 12
647 14
33 21
205 34
225 86
1400 10
331 37
1179 70
152 92
603 58
1202 6
950 29
758 23
84 81
857 1
1192 60
722 54
949 100
39 44
397 24
227 44
791 81
62 82
680 18
1255 99
334 97
971 90
552 63
216 62
44 54
816 53
656 41
331 22
250 81
960 82
547 63
868 3
521 80
918 36
505 8
687 78
1381 98
981 98
427 11
329 39
762 66
639 82
166 88
1129 94
800 66
326 10
1125 98
137 76
1281 62
1071 23
336 64
556 49
824 19
476 31
996 92
1347 80
571 55
312 40
64 21
101 88
1002 16
333 76
364 38
50 51
772 24
725 56
1011 82
893 42
1231 28
393 99
1017 74
971 41
828 67
38 53
400 13
290 7
575 2
438 14
234 69
2 89
668 100
1090 85
1101 36
1152 37
858 78
14 97
262 61
1373 47
147 86
481 72
1252 63
719 33
1002 16
1221 94
1310 92
718 96
1161 3
1134 79
1222 87
308 94
838 46
532 74
121 95
858 85
1352 78
575 73
959 32
164 52
768 15
444 44
831 29
787 40
171 64
1336 29
1038 72
544 98
181 29
284 92
1031 25
357 39
514 74
1057 77
309 56
1212 85
800 30
211 77
665 33
903 23
902 95
738 71
1233 87
827 11
1309 100
63 55
962 65
71 80
849 21
1159 45
1260 2
445 60
182 67
1060 24
986 12
226 78
776 83
976 33
779 36
405 68
619 92
175 41
356 58
931 95
632 25
858 45
1035 92
513 66
1029 60
478 13
1081 62
986 93
439 33
729 31
534 87
822 1
1243 39
73 13
722 86
784 32
1392 35
887 17
524 69
696 92
413 82
1363 19
953 74
442 64
178 61
864 70
227 25
718 36
321 28
275 69
60 2
830 87
608 40
392 53
5 34
178 74
1237 22
668 34
234 26
785 22
1350 24
980 3
570 61
1198 86
360 95
926 99
518 12
242 55
914 19
17 71
1107 45
354 8
1126 98
1049 4
482 79
492 78
318 30
366 90
46 12
810 47
599 58
908 15
696 32
590 68
891 60
327 36
937 68
1318 13
1136 47
961 94
1213 18
512 2
873 76
1380 75
860 100
67 39
1382 37
984 8
1406 5
768 31
286 36
252 30
1137 19
1010 13
302 14
222 44
1107 25
832 74
457 54
340 13
1050 82
552 31
600 27
217 99
195 58
49 83
829 24
726 53
892 13
288 22
1398 45
367 23
1274 90
583 4
1152 69
1040 92
415 38
308 9
1302 42
396 91
1345 94
807 7
1303 70
361 84
150 38
871 57
297 99
379 49
235 73
911 30
1266 40
599 80
1404 25
35 87
671 37
1389 71
210 51
222 26
1386 64
213 10
1181 92
781 21
1035 89
590 41
596 98
46 29
444 34
380 33
1152 13
784 72
284 38
1025 78
1340 53
750 3
335 8
873 99
433 29
1325 42
824 100
1079 12
626 96
1382 58
1309 23
1388 41
943 28
130 24
132 68
229 24
126 55
862 74
1190 42
1190 20
989 96
1024 100
530 41
482 14
429 2
1328 74
862 45
322 82
1205 98
138 71
473 81
821 24
1270 56
123 62
49 31
946 86
92 56
396 62
537 43
320 26
221 89
316 29
625 70
1415 40
824 9
445 99
203 75
1163 19
160 63
709 88
1197 72
690 79
851 19
1295 19
1072 2
88 37
1137 55
1139 9
1358 39
168 93
850 87
797 3
1414 12
161 93
814 80
304 89
752 10
1101 15
138 47
1172 33
1063 41
766 30
1340 66
974 40
1009 27
1303 20
887 34
77 31
672 78
1252 48
81 22
298 48
914 94
130 5
230 91
340 33
989 78
958 22
535 60
360 28
965 10
616 29
1123 60
465 50
763 81
436 97
426 69
796 91
639 100
1045 53
69 21
485 74
466 87
875 82
138 11
237 8
433 62
557 49
610 12
605 61
424 53
433 11
850 62
813 39
1126 54
389 79
559 67
259 21
293 96
1160 76
415 45
281 54
938 65
1195 81
456 82
1190 97
817 23
1343 84
1389 36
530 42
435 58
324 87
44 11
1131 43
69 97
1051 73
930 14
131 24
891 56
663 31
834 88
1005 81
449 94
919 71
509 87
1296 26
450 21
1401 31
348 52
400 32
520 42
263 91
712 12
676 47
1118 50
649 35
338 50
817 44
14 88
934 46
486 21
419 50
1389 28
262 13
628 16
441 89
307 86
68 52
255 45
318 99
451 92
346 56
531 42
992 7
657 10
590 10
354 74
1268 30
719 78
966 48
356 65
1116 75
649 7
482 34
360 13
903 36
864 41
535 95
1037 36
1406 3
877 85
492 98
567 53
659 90
268 77
843 72
1188 47
573 81
960 74
968 94
217 97
725 72
526 21
1382 88
964 2
242 83
1323 99
793 95
339 54
923 16
529 61
35 90
1215 43
526 83
1033 22
928 89
579 16
620 17
794 63
7 7
1261 32
434 87
670 46
148 4
630 49
1139 55
236 39
1390 62
878 43
62 27
1349 93
356 21
799 24
896 100
1214 77
105 30
1019 77
136 18
1148 34
337 73
600 11
1117 67
848 89
825 49
1226 43
1129 39
625 26
54 27
1259 26
820 62
718 77
575 61
802 92
877 77
338 40
944 7
878 80
239 81
694 67
884 71
1314 17
531 32
506 46
360 8
736 53
893 5
1239 11
571 90
586 63
1068 11
220 18
1372 33
1333 66
1219 79
1345 81
911 52
1392 95
707 83
744 48
486 69
294 66
956 59
1330 90
669 47
17 73
713 8
809 48
811 99
637 59
153 40
825 91
1001 91
1055 73
1185 50
199 34
603 32
1144 61
395 92
252 41
760 89
758 75
1379 50
97 27
825 87
1330 32
116 38
258 96
1176 54
1086 31
413 70
614 44
642 41
1370 33
1173 9
1073 20
211 26
1140 2
847 65
620 48
1288 85
590 65
1413 51
1220 82
799 87
655 84
1270 72
605 48
997 96
865 30
1214 91
69 2
192 53
288 49
1265 95
802 38
976 36
808 44
1261 44
806 94
1234 70
1092 25
634 72
1083 17
1416 91
1374 8
399 1
1362 48
277 8
452 14
772 55
677 46
1186 47
1235 77
174 66
1193 75
1147 90
44 2
1003 98
816 48
170 71
350 1
352 15
1125 52
1260 68
79 30
770 35
1186 48
1254 50
618 89
161 62
582 17
1240 64
629 91
1386 8
1081 40
618 71
1280 6
1247 1
1261 72
1006 23
543 48
217 86
283 29
503 22
389 48
1100 78
1184 36
1193 24
335 74
797 19
1189 60
353 13
1295 78
1091 71
1091 55
1308 22
1132 15
479 17
967 88
1252 92
89 6
1369 36
613 28
650 97
1091 53
1061 82
990 97
429 95
1399 8
355 51
151 51
415 88
937 47
777 9
729 54
1204 97
194 58
881 72
455 35
2 79
281 50
73 36
