7151
1307 15
329 30
1296 66
598 35
209 57
822 36
650 95
1341 26
627 81
1428 77
332 31
844 46
1371 24
842 93
534 93
1013 84
459 83
187 74
624 68
986 70
401 21
7 70
478 10
692 14
907 91
719 41
457 89
789 94
1184 21
1038 65
523 48
772 14
1315 15
850 14
665 63
491 27
1330 66
1311 35
557 41
717 76
950 47
1069 70
871 60
91 7
783 4
778 96
691 44
49 62
425 15
690 41
31 18
417 36
574 100
735 64
904 8
232 72
84 70
871 9
772 83
1362 25
1354 17
369 39
318 62
92 100
226 52
1294 6
1084 3
1232 85
503 19
1142 86
125 85
153 35
374 19
561 60
1260 15
23 20
912 62
1291 40
873 70
815 98
37 12
502 5
582 22
975 69
289 27
1202 6
31 82
509 47
507 57
479 13
949 23
699 58
1253 36
273 83
487 37
859 18
436 35
333 51
754 85
417 76
474 2
1285 59
548 81
115 2
767 48
1166 17
1274 35
852 23
1009 79
863 65
107 40
1377 16
67 35
1168 34
372 45
302 52
893 9
830 49
944 39
745 65
1150 64
1362 50
76 74
1419 94
854 67
340 68
546 26
1201 2
1220 84
1423 13
637 89
751 99
1323 42
1197 97
363 36
396 81
1131 55
16 56
859 60
218 59
844 25
827 63
1320 21
839 7
24 86
323 64
305 87
1427 23
468 98
1340 65
1147 33
1262 13
54 76
659 93
155 93
694 11
817 39
258 85
1055 12
604 6
615 68
935 49
1426 90
1333 33
338 68
338 39
907 87
464 65
42 71
817 8
1238 1
1399 75
628 78
1132 70
1281 38
1049 20
534 17
130 79
937 54
702 79
60 94
1107 15
548 40
226 39
1077 94
499 86
228 61
833 61
888 12
1102 62
27 51
678 92
1426 48
794 93
881 21
1396 10
1149 77
1268 70
1430 52
727 19
1053 64
422 54
240 40
1185 14
420 62
1304 29
1130 70
154 64
1138 38
360 83
53 38
894 56
8 75
1313 25
1325 28
905 1
745 64
853 96
1415 89
934 60
477 18
1271 63
508 33
839 63
509 64
189 12
642 94
23 92
1322 84
680 40
520 92
530 18
76 9
1233 16
1204 54
1425 5
1352 27
735 44
1392 23
1015 26
846 79
338 35
1372 18
1385 53
240 49
117 82
1284 46
808 9
1274 69
800 95
511 64
94 82
1061 80
782 13
1243 65
917 76
183 99
653 75
183 94
276 73
855 63
939 92
510 23
123 13
1358 81
307 35
484 37
1422 18
1119 20
727 45
1330 57
537 66
1277 5
304 10
522 67
341 62
203 73
264 11
25 18
700 76
807 6
504 63
890 77
197 2
800 52
400 27
1014 80
1423 32
1 52
155 76
550 76
136 32
1420 17
310 93
938 23
1424 90
1393 89
669 55
973 83
392 87
1090 88
831 90
896 15
1179 44
980 11
1040 57
612 35
170 34
1160 37
676 49
1049 85
594 40
948 90
540 35
1390 76
1064 77
16 61
813 59
757 17
389 66
276 64
705 46
234 74
1 56
517 97
36 41
53 82
1191 15
913 64
568 34
473 73
1076 30
410 16
616 41
512 1
377 72
254 25
1307 86
786 55
1239 89
1032 23
34 7
262 79
1114 74
750 78
410 65
675 31
1258 61
103 37
1163 26
528 34
238 74
291 69
124 34
1023 70
1294 45
51 33
1340 28
1316 19
70 90
1275 67
340 85
1316 43
660 90
871 1
351 26
496 66
526 76
1367 99
928 50
1138 44
84 61
1034 9
869 100
440 6
151 28
1257 11
674 96
1333 65
57 58
414 16
768 40
76 81
935 8
578 17
1014 27
830 48
299 38
513 23
984 41
203 65
199 27
71 48
920 91
394 36
1303 27
1076 24
755 6
141 22
146 36
219 14
517 95
479 57
579 39
601 58
487 33
680 61
324 42
1170 63
729 10
1172 95
599 51
1255 90
1124 94
116 83
385 26
789 87
433 2
1420 38
1150 31
581 93
1328 88
582 50
478 99
1234 70
1122 23
1096 53
1321 85
1429 83
585 94
431 70
645 36
345 65
221 14
713 69
1038 44
100 43
950 13
775 58
621 67
1065 15
668 64
1240 32
1408 84
848 56
124 19
1246 92
378 59
255 31
407 59
165 91
1063 96
550 70
1317 66
997 81
799 94
1275 66
134 96
1157 95
219 52
1003 73
674 55
878 12
229 67
908 77
680 38
129 43
1103 98
982 56
273 69
101 57
1344 51
276 89
208 85
720 44
1260 92
645 78
327 32
594 23
1109 49
1306 71
960 78
233 43
273 96
356 80
219 93
20 11
1382 93
112 79
952 91
1373 33
841 86
1124 13
12 86
110 67
1074 63
16 100
677 73
598 100
79 40
1031 55
298 36
1371 76
771 11
1220 72
1084 75
606 33
549 100
1122 80
1299 93
1369 89
296 74
847 28
329 12
285 35
159 82
473 50
132 69
1067 8
115 83
1175 10
349 43
691 19
1418 19
1140 41
133 73
535 44
1008 66
387 76
236 79
1183 32
1265 70
609 62
1134 64
823 43
246 14
656 92
1406 97
604 43
838 64
106 100
948 7
372 3
899 1
524 12
31 76
789 23
384 16
1425 72
1152 70
920 18
888 45
1204 84
38 45
957 16
460 38
941 7
1039 97
453 76
967 87
341 55
538 81
1126 24
343 31
171 2
942 84
977 7
1101 29
570 31
1194 27
459 48
284 22
521 96
1158 40
284 81
1127 47
717 28
103 93
70 99
772 99
251 56
707 12
159 79
125 57
598 16
692 8
1415 69
753 62
212 64
1135 21
912 54
1274 91
931 36
1334 45
1292 22
566 9
1379 53
367 86
26 15
857 66
701 3
1182 17
666 89
231 55
545 19
565 1
852 88
387 83
127 57
849 72
391 77
30 34
1379 64
698 85
215 6
201 37
129 48
1103 56
80 29
752 10
12 31
1125 27
872 14
432 87
429 14
599 6
259 39
274 17
11 92
1390 19
108 72
26 95
1417 95
978 39
775 13
1329 53
680 56
1035 98
1103 78
811 96
1352 24
536 83
228 46
116 47
1396 84
1027 60
513 33
1344 55
17 27
981 33
1199 42
1049 46
590 37
1176 73
866 61
465 91
1265 13
1370 37
12 52
70 68
603 25
1276 89
1140 69
813 89
1070 67
614 34
1163 25
1334 86
953 79
766 38
772 95
976 100
413 15
1089 90
246 75
137 4
1047 41
1167 62
211 23
842 33
1307 72
354 70
351 53
1295 63
1011 24
144 84
1142 45
1170 60
597 34
206 28
333 11
990 8
602 33
483 78
1314 71
1107 76
318 63
866 64
759 88
1266 80
926 24
951 89
569 91
1029 77
169 87
1392 15
166 33
68 29
516 4
1047 48
514 14
476 29
1137 59
1112 3
284 44
571 49
679 30
744 16
1122 42
1043 84
642 70
279 76
1195 79
1238 42
214 6
445 50
1233 67
87 72
377 59
740 53
676 5
478 42
309 74
248 45
94 80
1416 31
1061 28
648 60
609 79
749 87
1238 49
543 85
1420 98
1106 80
1223 74
818 32
5 78
360 49
735 94
133 96
995 64
1238 17
790 52
506 69
1222 50
746 61
1253 85
851 4
582 74
751 37
879 14
1083 6
1264 21
181 28
1072 37
621 96
1173 90
1044 23
1413 34
434 87
784 25
395 19
1093 22
319 95
607 93
710 40
352 68
1097 16
588 38
476 97
1362 94
618 45
368 5
1333 36
316 63
1236 40
638 40
1395 14
1084 44
425 85
946 93
587 89
1132 21
528 41
419 98
1264 17
642 26
1004 75
1219 13
79 64
959 50
1112 81
1233 57
645 24
685 87
36 25
204 77
652 80
398 85
485 67
807 100
203 37
1141 94
1183 75
671 64
947 52
256 60
170 61
584 71
1260 93
748 37
318 75
692 67
1081 68
1320 83
569 89
367 95
193 9
519 43
1145 93
867 19
883 39
676 69
273 99
1180 42
976 76
1049 70
938 55
1056 87
1352 60
943 92
1212 17
563 66
809 3
1198 49
925 45
534 41
1049 19
656 35
619 78
225 81
941 47
969 90
1287 88
714 82
786 98
1034 16
254 74
430 92
108 37
702 12
343 19
1353 51
586 7
821 56
391 45
1152 66
1256 27
940 21
621 69
141 29
280 50
314 81
540 43
289 60
25 57
879 97
1399 87
1201 1
181 30
351 59
68 37
110 45
918 31
664 63
200 15
1415 68
733 8
23 14
784 39
720 4
232 82
1212 65
608 67
745 56
638 97
1094 83
742 79
1369 37
1145 82
571 100
270 41
1171 24
1430 94
890 65
1402 19
207 98
1195 98
353 69
682 26
639 81
996 5
1066 10
635 50
59 51
236 58
1361 86
134 53
622 76
404 23
752 24
929 54
506 24
735 58
583 16
33 94
1257 54
464 32
1352 90
1045 25
762 63
1386 27
176 53
1049 37
382 40
1128 9
352 57
895 48
348 80
1365 56
1017 19
493 61
191 23
367 34
891 21
1057 46
304 1
1224 100
1411 55
1379 93
597 95
1062 77
777 71
1090 70
586 55
1280 53
501 69
749 88
379 92
478 68
1016 73
519 57
101 41
1236 50
307 27
362 15
72 28
698 47
358 13
949 38
1149 65
1039 51
1333 31
74 67
1317 60
905 52
526 8
1115 73
451 100
558 98
952 80
128 56
63 96
26 62
1139 52
695 32
1219 22
805 14
395 71
649 76
725 59
1227 87
330 35
100 77
1260 74
290 97
1242 18
1114 44
948 37
866 59
142 56
1135 59
726 51
1205 94
524 34
838 5
68 33
711 28
186 28
645 71
294 79
862 43
1114 14
501 40
1119 50
186 12
674 38
320 32
1115 9
887 32
1217 51
261 69
1088 78
692 72
958 91
302 39
1101 96
214 90
236 15
655 75
1184 53
179 93
729 14
579 72
908 78
1291 91
269 87
744 51
722 26
1294 10
944 36
756 35
1338 85
522 16
1304 9
1067 76
822 52
1088 85
1301 61
483 14
568 26
971 34
597 16
980 72
71 67
1375 52
1155 22
774 35
513 40
215 11
703 61
932 61
963 52
1430 30
577 19
916 49
423 57
1336 95
372 17
918 67
380 92
376 85
114 4
1003 84
977 65
819 86
1009 68
1420 22
73 24
107 85
193 6
1293 59
7 79
867 88
1250 6
718 69
1213 51
1123 8
761 37
23 38
1362 13
856 52
290 81
638 73
1081 11
47 41
838 88
224 57
225 84
1066 33
225 16
207 44
536 7
232 40
160 96
175 100
809 44
474 19
110 71
1346 36
240 42
374 84
581 6
676 6
558 77
965 3
499 61
1136 9
1047 95
299 97
490 19
770 5
1274 45
827 74
248 44
331 88
153 64
1028 51
1177 4
195 92
1409 86
761 51
381 64
367 28
539 85
976 40
260 67
838 97
1043 71
778 69
563 70
1368 29
809 65
990 9
1113 75
886 99
378 21
600 45
841 78
457 17
546 39
649 90
1155 6
1052 62
1225 24
261 11
1305 78
471 16
78 52
616 33
514 90
360 99
144 7
768 82
1297 78
1390 63
238 44
713 86
361 22
1102 61
731 50
456 1
69 8
951 80
918 56
1137 42
584 96
352 52
1093 97
840 96
513 76
550 8
1359 54
622 100
442 60
701 82
320 8
1176 61
1257 10
37 83
1311 51
521 27
1071 22
519 9
61 79
578 36
1418 12
481 42
581 13
678 99
1070 26
647 13
604 9
855 49
960 92
619 42
277 72
602 78
283 52
624 29
544 84
218 16
584 79
789 73
726 45
739 72
1390 43
1293 97
1103 77
1076 23
139 20
308 94
199 12
1178 78
386 63
919 49
16 7
1398 78
39 19
684 93
1351 15
1358 66
1161 76
497 47
571 74
228 72
474 39
19 18
1233 59
974 87
182 36
408 32
488 84
233 87
956 73
1306 84
1318 66
510 31
218 67
868 33
1024 4
274 24
775 98
44 74
332 59
1044 44
1115 30
914 61
945 32
117 99
921 87
1118 64
363 46
1329 18
583 76
2 52
14 100
794 92
1411 91
162 36
630 2
299 1
855 61
1385 3
1032 34
1187 94
931 71
1021 97
1312 7
528 66
1150 93
379 62
891 79
47 57
1285 61
28 98
822 8
1057 26
213 15
627 55
985 49
1000 43
379 63
742 93
395 5
551 35
1269 44
413 29
727 41
626 69
1375 2
1121 94
877 55
376 95
534 26
846 80
927 50
904 4
681 82
1314 100
143 42
607 3
43 51
1121 55
1394 62
24 85
1291 18
184 10
1125 43
1340 49
733 20
286 41
433 32
332 9
816 59
737 60
772 82
607 10
649 89
993 67
650 94
981 94
221 81
220 28
1037 11
315 16
69 59
927 9
228 57
1223 86
1223 9
1245 60
727 47
355 98
577 76
1319 24
569 69
649 88
1335 96
663 74
456 29
1350 25
786 26
1411 22
200 8
540 20
273 44
264 22
486 47
853 44
628 24
749 26
547 13
170 18
1207 81
354 16
54 72
599 17
296 62
1090 21
925 64
1242 40
828 63
828 20
103 59
988 12
802 72
1260 15
447 36
687 50
