770
136 64
3 43
39 59
104 69
53 46
28 25
139 92
3 74
28 19
125 90
150 59
98 42
38 43
118 29
138 51
77 2
142 96
106 61
135 42
124 45
42 22
59 84
44 39
129 72
4 29
39 56
39 83
23 98
102 17
127 55
66 85
69 17
40 15
9 87
12 89
41 5
68 25
121 32
41 53
9 87
71 26
107 65
141 69
143 97
118 80
115 69
60 47
125 36
19 10
121 85
44 24
81 81
61 56
153 84
51 75
101 91
62 40
145 49
140 10
86 63
30 98
126 82
145 17
146 15
14 61
50 21
67 97
153 49
76 1
8 3
117 89
65 73
123 98
125 41
84 68
48 87
53 67
131 21
131 85
89 100
42 82
92 43
19 36
140 8
137 4
3 77
132 43
97 30
20 9
47 36
117 40
16 86
3 17
88 29
76 81
131 84
123 58
42 56
106 61
125 22
3 6
22 82
19 93
121 58
13 20
28 35
88 98
12 74
40 87
124 85
138 50
67 1
137 40
75 69
150 16
39 88
133 16
148 48
4 82
153 10
110 49
86 37
152 46
80 95
146 18
100 31
106 88
61 25
110 53
111 96
138 71
69 78
48 70
81 32
118 11
151 13
134 62
120 44
18 38
132 69
133 76
152 72
23 53
138 22
98 69
58 67
150 30
57 43
76 30
133 36
13 93
71 7
54 76
86 74
71 4
90 2
144 53
76 65
141 38
142 60
58 43
128 20
93 94
16 56
51 21
139 45
97 58
5 58
94 64
5 97
14 45
7 60
97 17
115 8
40 35
146 5
18 85
12 77
15 75
26 34
130 16
124 63
99 58
61 10
114 23
95 54
113 80
137 62
93 49
35 64
27 60
8 10
109 74
101 76
97 78
47 50
135 12
60 12
50 64
105 42
131 77
13 96
67 8
150 28
99 41
46 85
137 82
82 46
118 70
16 14
114 43
59 60
24 26
34 43
66 65
153 14
36 25
55 43
94 11
53 8
9 93
7 70
142 73
114 92
12 54
86 16
83 1
68 12
25 78
26 49
147 88
112 84
45 39
103 41
70 99
150 1
52 27
13 98
131 21
150 56
111 31
33 34
51 39
107 70
62 2
3 99
88 39
1 5
15 95
30 9
85 4
84 74
123 11
35 76
149 36
59 91
34 6
141 36
90 90
124 59
29 67
51 49
20 2
15 27
16 37
27 86
8 98
2 65
14 20
132 67
129 26
67 21
83 68
119 100
51 14
2 7
115 12
25 30
134 49
98 84
142 24
4 76
49 59
24 12
146 29
139 60
19 27
117 19
42 88
20 95
57 63
46 69
35 86
99 24
152 24
123 3
102 16
72 92
125 93
26 94
14 37
144 4
151 78
33 9
45 26
52 98
50 22
131 35
101 70
53 80
88 21
102 100
84 19
130 75
90 78
63 100
29 61
74 49
74 36
45 18
135 25
8 81
146 71
98 43
97 97
4 51
5 32
117 100
78 89
13 15
129 47
8 40
23 22
68 69
145 20
108 1
152 33
28 38
52 64
104 89
104 40
47 4
127 33
71 37
34 3
61 49
60 34
83 3
131 24
137 10
9 89
60 14
42 6
105 98
90 92
140 80
40 36
140 20
59 73
142 66
123 41
11 22
108 42
2 82
83 32
105 89
32 32
138 2
64 80
106 53
59 7
116 91
139 70
117 4
36 44
121 93
106 29
32 85
22 100
45 49
10 92
83 81
74 92
139 48
129 99
105 49
73 21
20 17
96 99
98 34
89 73
93 56
85 9
147 82
15 63
126 33
106 24
78 93
107 23
1 20
110 36
120 10
133 100
15 27
128 98
12 11
130 86
89 7
26 30
124 87
141 23
135 52
149 77
76 41
5 58
136 28
39 83
11 93
44 53
75 14
83 16
12 65
61 35
126 74
57 21
124 13
103 51
132 96
118 59
139 52
46 86
130 77
69 43
115 69
57 54
52 3
66 5
39 89
130 71
118 11
69 70
140 23
61 99
138 27
38 19
127 42
14 100
48 9
135 1
130 16
78 29
113 38
115 54
127 37
78 84
140 70
86 23
76 80
24 57
12 73
51 88
46 47
117 87
33 91
154 65
117 68
10 14
50 65
4 76
26 7
72 24
14 48
47 40
3 45
142 19
89 96
63 48
149 11
10 80
6 20
137 100
99 99
4 15
131 75
128 38
143 28
91 10
103 57
15 80
58 91
61 5
141 42
143 14
144 59
107 62
67 3
59 86
18 18
126 32
79 79
9 76
148 67
30 21
107 89
97 25
88 87
119 15
90 66
77 34
145 85
76 98
90 47
59 20
133 17
13 88
92 73
84 47
131 48
108 3
140 28
131 83
37 36
25 46
104 21
50 46
33 40
80 27
153 63
131 34
52 25
15 78
2 15
64 78
143 11
84 75
87 99
8 21
122 53
144 12
18 86
73 74
87 39
41 93
118 99
73 86
92 76
56 66
99 79
110 44
111 82
34 65
23 92
97 76
97 89
90 75
4 56
60 68
1 16
49 76
78 3
45 39
60 33
149 32
5 34
121 67
124 60
25 79
97 82
143 59
3 83
143 40
75 91
60 52
78 28
29 92
51 13
35 80
14 41
106 84
64 94
67 34
34 50
136 77
28 40
131 66
3 77
132 14
64 67
30 9
10 80
139 15
140 99
121 18
13 98
44 62
113 68
57 61
83 42
69 22
123 95
21 45
64 48
22 14
43 79
131 8
70 98
40 88
62 62
131 76
32 92
119 96
101 98
49 88
112 79
52 38
12 77
120 24
26 91
74 19
2 68
78 23
64 93
83 63
60 90
79 57
39 11
81 25
122 80
153 33
144 33
146 26
6 31
139 40
50 69
57 79
17 73
18 67
123 46
149 33
60 92
154 18
117 70
90 77
121 37
149 46
66 71
11 65
143 36
139 78
16 75
36 81
24 85
66 71
78 26
30 32
106 8
86 56
82 60
52 66
122 63
119 61
146 36
9 89
84 47
56 50
45 35
153 74
8 63
43 18
148 28
146 58
61 38
30 31
53 61
56 99
94 10
63 75
17 48
129 49
94 100
83 77
31 79
100 52
29 76
26 94
37 96
74 2
44 70
37 84
82 65
81 3
13 29
125 27
33 65
142 25
17 54
111 10
101 74
22 69
4 9
49 68
62 70
98 7
103 96
147 49
105 49
112 30
26 82
27 63
150 98
106 88
3 46
44 64
85 56
35 26
62 77
56 12
131 58
53 21
56 9
150 89
116 47
97 74
151 34
85 52
39 85
121 87
148 96
44 81
66 26
17 4
2 35
45 42
21 12
78 43
121 43
29 36
60 66
64 46
33 55
131 45
29 44
86 90
32 41
3 12
115 90
122 21
64 58
102 69
25 96
22 56
29 89
111 31
102 60
79 11
112 36
30 99
112 38
109 18
36 50
151 68
47 68
146 73
71 14
123 59
53 76
56 78
45 91
9 63
14 47
52 96
55 82
147 84
114 92
26 54
33 78
14 12
54 83
41 93
152 65
83 35
71 4
121 76
43 40
116 84
125 94
1 38
38 21
19 72
68 92
1 29
100 70
102 22
57 88
70 100
111 47
105 40
76 89
60 73
70 40
87 47
145 3
115 41
134 32
148 54
85 15
31 15
8 77
53 86
7 90
60 49
114 39
70 5
68 87
52 84
1 58
117 6
89 2
118 36
127 82
29 73
114 52
95 6
82 87
58 89
138 27
123 89
52 72
10 1
122 79
55 37
129 32
8 16
39 28
46 47
99 8
7 60
131 31
72 24
138 12
108 85
143 15
8 39
69 8
12 65
149 59
144 42
141 30
114 9
119 25
18 32
147 79
127 44
50 6
20 40
135 85
19 67
113 2
145 79
19 74
31 10
25 32
111 59
54 61
22 9
54 67
63 58
51 91
85 48
80 95
14 71
152 20
37 43
47 81
8 36
37 76
153 23
20 36
122 14
32 33
51 54
70 61
50 83
110 65
90 25
15 51
142 8
92 31
44 1
3 33
102 21
86 77
135 42
128 32
105 83
90 31
19 31
12 76
43 78
99 31
22 30
147 27
142 10
35 2
132 12
54 41
141 12
3 65
79 14
12 44
27 94
72 80
28 68
98 16
137 99
35 22
34 33
70 49
55 87
68 12
116 46
90 18
80 52
132 16
44 58
141 49
55 44
46 27
121 39
17 53
16 47
137 5
150 98
56 11
106 66
1 3
104 51
66 36
119 63
17 28
47 98
141 56
1 41
50 86
76 55
134 73
93 62
100 64
8 31
22 22
134 98
107 80
50 1
12 36
107 49
146 49
80 51
17 52
123 73
105 96
27 90
5 75
121 38
139 61
90 50
68 47
39 1
107 79
101 65
11 31
115 20
43 40
114 27
128 59
95 63
31 91
135 38
80 86
13 89
21 33
151 95
19 44
11 56
78 70
106 28
28 21
130 100
146 79
111 92
66 72
14 78
59 15
92 19
73 57
148 99
88 89
8 46
49 82
73 80
7 40
56 79
134 77
45 5
76 13
7 33
91 13
49 76
75 17
14 27
69 45
95 83
130 7
80 20
92 36
108 58
112 84
149 45
31 41
104 19
81 66
48 80
99 9
154 50
42 22
129 89
111 62
141 28
56 16
20 29
21 72
76 56
114 27
74 73
54 4
7 6
27 80
15 42
56 23
140 70
52 18
25 18
151 6
7 80
151 30
75 71
144 52
17 86
75 38
39 60
127 51
109 11
63 53
128 100
20 12
93 7
33 23
136 65
110 32
85 84
94 43
36 17
111 88
97 72
125 32
94 27
72 39
66 85
49 61
154 55
42 76
30 25
77 45
135 54
131 7
47 69
77 75
33 15
81 70
144 54
58 52
100 29
28 15
38 29
52 81
109 73
49 96
29 38
102 85
52 27
4 53
38 44
153 51
115 100
44 38
154 34
136 9
40 16
93 75
124 76
17 98
139 59
132 31
112 84
137 26
74 2
44 73
113 58
116 97
99 62
142 1
48 92
114 60
121 77
151 66
69 12
4 91
41 24
71 80
117 60
143 47
85 75
55 19
98 74
128 12
112 70
83 20
35 71
139 55
90 77
60 75
45 68
45 62
27 73
145 6
43 5
139 48
27 94
89 91
66 66
28 19
149 5
78 64
15 56
68 46
64 84
17 81
113 2
99 16
102 80
47 84
111 38
37 6
64 50
94 30
104 89
83 46
14 22
91 28
117 35
125 93
53 63
121 65
96 52
145 79
71 15
105 27
130 72
86 48
134 43
15 8
60 60
73 2
43 57
101 38
15 64
39 63
136 8
138 78
71 75
55 36
66 1
29 78
26 28
28 96
11 27
64 37
33 100
54 81
58 2
59 46
5 31
89 77
106 64
19 100
108 67
128 71
139 90
89 63
67 36
154 22
108 24
76 86
139 28
87 10
154 68
6 78
57 99
15 67
1 88
73 83
115 27
24 4
109 55
120 69
96 26
55 48
75 4
64 85
106 21
120 70
93 1
31 2
31 96
90 74
117 33
13 34
29 73
106 62
128 30
78 13
28 90
126 28
135 66
78 9
92 10
147 52
45 58
27 30
76 71
82 55
146 65
61 95
80 26
89 53
61 29
18 28
121 75
67 75
69 61
61 38
20 60
28 62
153 28
130 20
110 98
138 12
33 55
137 80
31 15
147 71
138 73
102 40
51 98
89 28
6 17
143 83
95 8
85 42
100 30
112 56
35 53
153 24
129 20
136 2
66 10
62 24
85 66
88 14
31 59
142 12
38 92
33 81
91 52
50 16
136 71
92 83
115 4
106 14
92 9
87 3
69 15
52 52
70 21
66 80
29 64
111 97
109 51
48 58
40 85
9 95
145 46
48 39
127 24
122 7
4 6
30 16
142 22
28 3
105 75
43 76
150 19
107 1
25 34
82 16
139 26
119 44
79 77
89 83
129 55
93 26
35 86
117 61
22 91
68 19
102 31
115 85
89 32
4 36
139 47
122 57
105 66
92 60
99 82
110 67
26 87
112 72
86 7
25 14
5 41
122 12
18 13
113 37
153 21
100 31
29 57
121 2
39 49
148 96
48 17
87 47
7 16
127 21
130 59
96 48
8 72
63 13
35 71
99 22
90 74
101 78
74 42
115 8
130 7
33 43
63 50
84 5
143 29
145 89
81 50
42 87
45 46
38 83
122 69
44 65
128 31
14 34
92 51
71 57
21 95
112 44
23 50
52 39
107 56
29 79
141 97
70 15
59 22
97 21
130 63
153 25
