6474
1044 22
679 56
623 90
960 84
693 28
1193 80
1105 57
762 94
190 91
1022 49
298 82
1209 89
581 6
51 7
889 6
579 29
826 85
1057 21
723 77
179 19
775 11
15 18
29 34
524 22
1183 66
1286 57
693 100
1102 25
1126 94
170 41
171 94
514 17
962 57
1130 6
4 17
944 62
55 55
289 21
254 51
1076 62
296 61
597 88
359 56
239 77
1102 56
1136 97
374 98
767 15
37 62
747 35
896 23
47 51
833 22
1268 75
1188 19
1035 26
948 73
377 5
886 15
380 69
672 29
640 4
797 41
169 75
59 95
1197 61
923 24
194 96
239 52
777 35
339 73
649 22
217 78
893 44
661 78
289 7
675 69
54 24
705 67
807 6
948 39
1135 95
528 76
732 48
56 42
184 18
364 93
791 42
1073 85
656 33
90 58
522 48
1045 44
508 29
474 50
1263 73
620 50
213 46
394 12
1085 33
42 27
883 96
833 32
448 4
460 98
474 15
444 22
519 15
2 36
297 22
474 91
326 91
873 67
817 48
1241 21
376 3
1155 52
874 54
251 11
502 37
1142 69
715 27
336 48
431 73
5 90
366 35
736 7
581 41
631 66
264 66
860 16
7 47
126 53
742 95
686 17
641 23
209 7
1251 20
874 76
1235 28
809 82
230 31
807 97
800 8
1240 40
906 3
659 29
334 42
631 47
102 89
499 75
237 94
57 85
122 35
913 83
396 48
1153 18
420 23
234 76
36 73
110 1
773 25
853 3
585 65
558 24
1048 88
672 86
987 6
349 75
554 84
46 5
969 19
651 51
530 37
177 86
1196 12
1083 93
806 66
830 82
448 11
1160 13
420 49
1033 23
1092 90
485 78
1178 67
852 89
169 100
652 12
983 2
252 50
764 62
563 17
726 46
304 78
879 71
928 27
475 38
447 64
199 82
34 81
1140 72
480 84
1220 37
1193 82
1275 43
578 85
1083 8
114 99
545 23
286 86
919 30
888 75
1018 24
192 86
84 87
266 34
767 90
161 11
1191 34
603 58
1186 19
941 28
131 59
1171 42
303 52
1099 50
1205 64
799 37
744 97
421 99
509 76
83 3
166 77
190 99
1089 22
526 34
228 59
1117 82
348 97
173 5
231 29
323 4
160 89
1092 91
442 81
1045 52
462 43
230 88
262 94
575 25
312 40
330 69
350 7
456 5
247 40
689 86
494 53
834 98
1096 2
654 43
456 88
257 48
839 38
1056 30
283 80
32 88
704 42
886 16
95 8
903 87
161 87
73 4
513 1
560 6
1175 1
1250 58
224 55
413 75
435 65
748 29
976 63
383 30
881 17
549 37
975 86
262 96
1293 77
1068 56
482 72
799 37
395 78
935 80
1153 88
114 16
264 98
648 94
1070 48
761 19
931 45
1231 100
195 41
973 43
540 89
1120 73
1150 8
564 3
661 1
1144 18
239 12
948 30
576 91
1028 16
1088 34
591 84
121 2
587 61
1091 35
527 45
825 5
482 84
103 79
975 80
182 8
30 90
989 50
360 91
141 18
706 71
1258 50
1262 62
350 93
25 80
1010 92
1032 75
576 19
923 50
72 64
532 97
1210 73
124 85
465 61
14 50
347 24
279 84
199 87
469 6
709 88
389 64
515 2
918 5
382 71
274 29
1001 44
826 84
193 91
102 27
706 82
91 68
855 14
423 19
575 82
771 41
843 72
885 20
99 100
1053 44
736 87
587 62
557 10
1067 36
1235 9
551 94
1042 93
645 94
11 4
895 20
500 81
301 88
1292 16
1170 94
1295 60
169 52
429 36
1055 55
1118 19
517 63
276 70
1204 60
1105 19
1219 73
1053 75
1120 43
1116 52
630 95
115 11
302 50
1274 23
331 6
812 72
390 81
303 49
1238 46
650 11
327 100
517 38
443 22
1235 44
1005 77
859 2
458 37
1056 5
754 86
1161 39
171 79
620 94
891 27
794 54
1062 15
853 85
737 2
151 7
1047 17
744 96
961 29
745 27
844 15
841 75
604 5
84 94
3 54
1246 22
493 58
1192 45
670 56
209 75
1168 8
460 21
984 5
244 4
1295 46
578 14
650 10
504 12
1121 41
328 86
800 69
1293 61
843 91
635 46
103 99
819 74
62 63
610 43
366 67
277 22
1018 90
1171 77
1265 65
272 47
652 79
1140 100
1231 41
154 59
305 87
478 73
1256 44
206 20
915 57
740 69
1106 59
827 13
529 89
376 99
841 65
562 26
894 64
158 92
307 49
449 72
1196 92
1168 20
357 25
858 31
203 40
262 4
6 77
1230 91
525 98
1163 54
642 83
760 56
425 14
404 22
314 18
239 57
1066 81
437 92
223 49
90 85
1196 58
323 44
730 67
232 49
1185 78
410 38
400 77
1054 5
332 12
502 22
1197 60
104 70
833 94
716 84
518 28
930 78
790 24
1221 41
25 33
39 59
25 13
838 83
344 26
157 31
790 41
718 66
20 19
1196 99
183 39
470 64
1275 43
491 69
485 48
833 19
862 47
533 61
1078 95
610 16
965 98
626 2
107 5
112 56
1245 53
268 26
327 23
1192 89
535 57
694 23
933 63
901 62
1020 13
451 18
484 78
835 41
581 89
1140 37
503 28
837 100
782 83
680 57
1229 19
250 39
355 23
321 77
157 29
275 8
866 35
413 66
746 25
730 87
692 37
153 19
339 81
216 52
47 24
680 15
546 60
1100 80
251 4
1018 12
1002 68
667 15
465 36
47 6
1023 55
260 82
917 2
1119 69
948 31
1051 2
738 20
129 91
1199 31
152 95
868 22
612 92
911 37
852 87
864 63
796 2
1142 85
625 15
1200 62
1135 69
907 26
222 99
647 68
671 16
1256 18
86 89
914 18
74 23
1274 100
1130 74
780 48
866 70
3 56
343 86
198 85
597 19
621 30
732 55
891 80
760 81
516 38
835 78
1172 97
769 15
1009 2
594 48
1122 21
360 5
135 1
735 38
3 45
1230 92
246 58
797 30
254 78
445 4
658 58
1166 35
957 57
1289 84
552 99
1295 53
741 20
125 7
86 13
774 44
1276 42
811 24
408 11
1288 96
460 67
241 86
254 66
786 87
651 3
831 79
1036 95
1226 89
1263 13
631 52
424 7
938 1
34 65
639 71
1072 59
702 52
344 31
382 67
610 17
298 93
1185 81
1088 51
178 87
793 56
1047 87
1033 58
63 70
10 29
1108 80
702 44
715 81
466 14
277 51
614 94
108 48
632 30
1295 32
936 46
1030 69
694 79
543 99
748 87
40 3
567 11
211 19
880 6
246 84
712 1
85 87
717 21
425 79
1201 27
781 81
225 86
1278 75
938 22
665 85
742 98
1105 55
54 91
394 59
361 30
174 60
412 63
1156 88
985 17
1125 26
851 100
784 48
19 79
481 19
1058 70
582 1
801 5
702 28
1286 64
1123 8
382 100
486 21
294 56
197 16
254 6
893 83
964 48
1118 71
1011 70
732 85
224 87
702 43
336 1
670 76
671 21
697 60
875 45
816 23
29 51
318 19
429 17
797 6
925 40
789 21
170 98
411 100
640 73
1270 33
210 70
549 73
213 38
182 7
221 35
782 66
38 74
1011 44
395 56
484 5
1238 18
372 27
995 11
1147 70
76 46
509 90
1138 80
412 81
172 61
875 10
595 63
672 57
891 20
448 13
632 100
331 72
849 58
380 35
360 89
1204 57
628 55
833 15
731 39
606 18
479 13
1258 55
846 14
514 65
288 57
1167 98
213 60
950 55
1212 7
1026 70
1249 37
584 54
1220 100
485 47
1138 41
812 55
352 76
622 49
857 3
892 81
36 1
273 48
1112 86
439 83
344 83
1043 81
368 89
1090 86
915 16
727 54
54 91
342 1
229 51
245 74
28 95
913 28
414 30
408 92
63 34
106 48
559 91
1066 73
1028 77
921 93
1203 66
311 12
1284 31
918 62
222 81
208 17
382 82
362 75
107 49
576 33
841 38
44 9
795 3
25 21
1144 39
1187 27
68 47
161 90
1277 90
852 8
1167 93
77 83
887 74
485 55
900 50
579 96
1289 58
714 95
239 66
1114 73
1211 69
948 79
1140 14
1027 82
1149 92
286 85
877 25
210 44
730 28
19 87
1244 77
1038 89
550 26
164 61
473 11
83 56
162 76
376 36
310 15
38 99
1041 13
1071 4
415 11
654 8
22 81
1231 48
877 39
658 2
534 43
1193 19
113 17
566 12
457 66
803 44
454 41
255 77
489 78
1201 12
754 60
338 50
1057 75
1079 88
931 75
235 61
747 99
734 87
24 26
1279 55
899 55
1105 74
21 40
926 18
458 64
278 12
75 5
376 69
691 28
1190 38
332 34
858 93
1196 40
152 60
271 100
670 79
407 80
225 38
814 64
955 51
954 94
46 21
563 3
1135 56
1189 97
546 40
709 41
189 98
603 81
654 80
91 52
446 11
791 24
381 56
613 53
903 13
1011 76
887 56
678 70
1225 57
210 35
1184 48
13 98
1009 5
170 78
750 87
900 84
1015 13
811 15
1057 17
347 11
227 16
949 99
507 34
611 64
319 92
430 39
880 67
284 72
695 65
169 77
1163 32
676 16
52 35
491 69
894 20
114 20
89 93
300 98
410 35
851 80
899 81
875 36
75 82
44 26
293 44
800 46
907 69
347 54
506 79
260 89
1092 6
376 97
773 78
469 94
1168 18
63 41
1290 6
172 86
563 24
728 45
50 69
493 88
1110 54
1058 75
504 80
459 86
1017 79
612 66
1261 7
502 20
755 16
983 20
796 62
1165 78
977 68
794 6
482 13
313 76
491 55
67 17
416 93
1276 38
271 16
348 75
224 83
1291 35
407 11
1187 73
1128 50
576 37
606 57
1074 20
605 65
753 80
550 4
210 25
564 23
737 58
898 99
725 62
584 73
244 63
55 53
802 26
760 59
459 62
258 53
417 35
1089 27
652 51
443 70
1293 3
347 96
944 9
1090 6
1131 80
87 92
707 71
280 64
690 76
94 53
3 33
631 81
306 94
618 40
382 6
798 28
550 96
159 26
236 33
144 10
864 52
477 82
265 36
244 3
275 88
78 55
687 49
197 30
1280 84
692 18
162 72
311 21
1008 50
887 12
1076 81
1009 31
350 92
773 95
150 48
370 23
1282 69
229 67
1012 87
1271 98
87 1
953 70
456 10
986 69
585 9
570 95
199 87
1156 63
1105 19
950 24
644 65
178 58
1207 60
206 1
1102 14
433 38
325 20
759 5
945 66
1149 18
1148 38
932 92
358 73
32 3
520 99
364 69
614 19
1067 87
19 16
741 17
462 29
851 15
980 96
651 82
740 82
39 38
879 23
697 45
240 78
1002 7
346 89
150 24
202 1
603 80
769 38
460 71
70 78
367 21
769 17
1285 69
1164 95
790 53
1078 39
358 55
762 11
1029 14
818 39
630 97
637 96
929 3
818 95
1026 78
923 49
34 4
642 86
509 52
1022 48
1122 92
565 7
57 89
237 25
410 83
1153 80
876 71
498 87
53 40
1237 39
1009 53
123 26
723 30
1202 92
869 69
1008 15
226 42
83 80
1050 73
67 61
608 14
394 92
464 61
507 22
451 48
1268 98
995 60
1139 39
184 14
568 6
499 73
223 61
186 55
474 62
346 13
157 31
828 57
454 76
30 22
429 4
282 38
1216 64
591 27
826 80
601 89
1252 45
111 100
691 26
19 17
1067 82
1294 85
1085 52
204 74
1009 67
647 21
353 65
861 65
359 27
533 18
610 29
532 26
59 90
610 85
49 94
1229 21
145 20
240 17
959 64
244 54
737 98
882 26
892 70
94 46
1204 65
156 85
339 75
158 68
257 38
444 77
126 4
172 74
1107 44
1038 73
530 12
700 92
504 63
808 33
415 31
104 86
900 41
904 42
178 99
334 68
680 77
48 39
903 13
1184 24
1115 15
1295 24
517 49
1187 85
545 82
1115 97
614 44
874 19
749 45
388 97
240 24
533 70
512 1
443 21
115 81
755 93
568 3
320 2
70 30
1238 96
264 81
968 76
38 5
302 99
1244 53
1252 6
1244 93
1000 52
1159 17
244 53
784 42
575 10
41 61
191 88
941 2
675 34
340 21
733 86
702 64
1128 37
389 71
1089 46
244 72
107 85
893 33
168 42
227 83
1278 25
310 84
1291 31
681 49
871 24
529 62
1217 77
187 12
104 50
78 35
558 89
886 72
221 14
510 61
30 10
652 74
1112 38
698 10
553 77
431 83
272 59
443 5
944 37
212 70
500 76
1252 3
659 34
326 67
609 8
269 19
857 21
55 98
10 79
1255 98
1008 1
1223 42
439 84
746 29
320 17
363 100
1006 29
1171 48
364 64
1126 53
32 64
30 17
478 66
152 63
245 27
1174 11
1256 59
169 77
310 90
89 30
416 36
730 15
646 68
38 99
1220 98
617 73
751 37
480 44
260 34
314 61
1274 73
767 30
1283 63
1056 81
536 39
342 55
917 58
736 6
819 85
579 41
392 11
723 63
393 38
1133 56
279 6
977 6
132 93
427 6
798 13
464 44
814 69
328 71
765 35
214 90
