4595
768 6
349 56
680 96
28 41
275 44
116 78
361 16
462 4
62 85
865 55
653 46
254 94
297 4
904 97
773 55
106 76
358 38
730 17
290 16
890 52
392 50
903 46
426 21
664 49
229 79
378 71
33 53
472 30
511 98
848 29
424 95
347 74
533 74
202 99
905 81
748 13
516 84
71 58
785 89
216 84
455 17
760 73
181 63
884 82
214 100
446 37
73 44
289 61
696 35
714 6
799 17
309 71
401 79
650 86
618 16
514 81
671 23
177 15
158 26
534 11
51 56
477 47
445 28
620 88
51 10
94 34
393 14
53 56
463 59
367 65
226 3
348 99
756 53
225 75
434 10
878 99
689 32
244 96
85 82
689 70
511 94
882 87
611 95
582 99
740 9
583 90
44 26
558 4
589 30
800 46
896 88
319 52
101 36
255 95
322 7
395 75
248 41
60 1
203 72
245 11
58 69
164 100
105 6
174 11
573 64
706 17
2 14
698 10
268 46
677 6
215 6
111 35
71 95
759 41
462 98
474 39
162 76
798 28
174 33
41 90
548 82
580 53
854 32
593 30
830 96
895 61
914 27
598 54
469 80
421 51
385 39
32 70
26 47
531 90
797 47
519 44
365 42
552 53
742 76
338 78
691 56
415 79
844 59
27 40
51 4
217 31
81 59
610 85
243 69
533 14
866 20
261 59
605 70
413 24
168 95
236 98
485 3
297 60
788 12
786 96
4 12
406 9
6 3
247 90
3 85
133 52
370 85
408 25
853 3
9 85
170 79
373 80
205 84
597 65
370 81
391 64
308 87
158 99
198 18
759 54
509 18
510 2
414 89
537 35
825 32
176 42
51 13
481 43
518 6
186 7
694 20
833 41
556 80
391 9
80 4
551 12
104 94
23 94
412 56
163 80
479 83
233 95
465 89
555 24
441 13
344 44
759 97
815 33
464 56
864 95
222 14
270 45
793 60
220 83
756 45
610 56
908 70
628 78
211 63
542 43
600 71
49 77
57 10
446 6
11 16
249 44
177 48
866 71
883 63
186 33
870 79
354 56
265 24
750 7
605 16
173 44
192 4
140 65
287 69
911 22
365 28
183 86
360 17
624 27
399 98
70 17
60 51
235 69
28 47
904 100
316 61
764 75
602 97
511 61
549 52
188 89
303 52
710 27
349 44
873 43
43 36
89 90
725 82
654 31
814 84
831 2
43 79
814 99
404 43
305 89
869 25
719 90
312 72
747 69
110 30
875 98
635 39
196 43
836 48
391 3
820 90
346 2
522 86
324 78
9 10
374 79
720 20
464 90
575 59
336 77
131 64
845 54
64 23
734 79
447 80
721 32
137 5
261 41
63 48
699 4
817 77
49 42
902 35
320 28
104 50
704 90
292 33
255 27
440 48
676 1
860 58
765 53
745 3
741 47
26 8
473 53
834 9
192 22
230 91
754 21
451 26
637 83
284 77
423 12
890 61
592 87
418 81
901 29
679 30
366 55
418 29
578 42
675 21
458 70
707 3
853 71
872 47
643 94
473 81
417 98
108 96
634 16
38 6
93 74
698 82
178 17
286 26
777 81
296 18
114 14
694 51
427 60
710 9
11 26
269 92
408 32
281 78
658 31
676 77
293 18
128 77
572 72
396 73
36 4
371 87
644 18
603 51
512 32
814 14
695 94
515 94
776 4
901 51
657 28
529 15
800 12
526 80
660 45
396 13
895 78
43 64
710 95
893 79
333 87
302 60
340 83
321 28
242 7
203 65
309 29
495 63
503 24
102 13
110 4
549 61
465 34
124 66
629 50
262 65
767 88
786 81
423 93
250 85
716 99
918 48
221 50
411 54
244 24
676 1
324 91
743 48
375 22
206 74
440 60
583 23
288 16
313 80
112 76
375 74
616 60
119 46
378 37
47 9
71 4
909 12
773 68
598 30
804 92
408 6
818 43
873 61
222 49
37 53
539 55
191 73
850 19
649 88
25 24
303 49
853 56
725 10
42 13
865 27
639 98
883 11
216 23
130 16
839 47
437 29
901 67
167 45
244 37
888 48
768 80
42 87
672 43
551 92
439 67
638 94
158 74
774 51
590 64
794 31
42 65
445 38
731 55
788 58
629 76
797 37
164 87
239 21
712 10
717 30
550 84
12 10
781 98
578 42
123 67
267 13
817 17
475 3
597 12
736 14
679 82
510 99
820 56
588 39
267 9
804 34
633 56
620 44
353 91
443 41
322 50
901 82
261 95
746 38
724 15
405 18
364 12
916 15
192 100
870 37
216 52
720 77
365 46
387 71
472 76
824 26
181 73
858 94
717 32
405 76
906 25
473 23
584 37
96 52
406 93
181 21
912 54
79 36
781 86
799 60
245 15
3 96
695 25
903 51
794 25
605 87
543 60
695 75
64 49
905 16
779 72
63 6
693 7
427 92
415 83
323 78
214 16
814 77
10 79
380 71
865 9
223 77
5 3
228 74
856 65
185 20
737 100
189 56
802 58
716 17
493 47
434 24
865 25
36 57
846 9
686 99
788 7
344 92
335 33
67 64
620 51
546 76
898 10
243 21
42 80
669 2
273 49
213 67
619 46
684 91
533 94
514 6
391 70
308 51
716 99
904 91
465 85
83 64
51 61
24 15
97 30
901 75
333 62
385 65
434 47
775 14
420 94
745 87
178 65
707 65
233 13
391 13
857 53
333 77
326 9
365 5
346 83
530 1
537 78
66 56
150 11
240 17
440 34
447 57
518 76
247 87
746 95
159 38
587 17
802 53
159 74
150 73
913 57
514 79
741 97
720 68
265 14
241 39
595 22
452 31
766 25
619 6
227 61
25 54
642 10
509 6
85 81
201 55
242 25
856 91
781 93
674 7
861 28
604 68
89 31
607 54
850 93
854 28
756 23
354 65
791 71
550 71
698 41
340 90
86 14
782 76
37 67
307 69
713 69
711 69
503 25
445 33
77 39
487 7
655 88
404 60
110 79
499 38
301 92
497 81
313 76
659 89
396 44
5 93
832 13
715 15
736 36
709 79
595 22
804 53
687 24
897 23
137 80
428 45
87 50
842 22
66 49
503 92
726 44
470 67
605 51
900 4
785 73
448 35
727 2
539 14
609 88
874 51
266 21
197 57
843 49
33 37
714 60
251 67
674 8
96 44
817 9
606 61
155 32
770 84
234 77
3 26
36 46
379 70
258 64
341 40
778 98
855 52
45 35
273 30
673 61
652 7
696 13
354 5
880 86
916 91
432 47
389 15
591 44
485 13
320 85
180 4
850 23
458 20
305 36
648 95
228 92
530 21
361 67
470 62
443 52
11 26
270 9
747 68
253 99
788 54
150 15
491 12
859 22
243 7
241 92
405 92
3 49
228 30
567 90
69 39
718 51
386 71
278 30
704 54
33 76
454 47
696 62
758 49
283 47
37 55
37 80
712 1
527 40
414 30
331 50
65 31
115 98
537 11
286 1
351 24
899 47
415 64
466 22
144 96
663 74
883 22
815 91
94 97
39 56
663 14
280 44
124 93
893 23
63 75
254 40
127 48
613 50
328 86
67 29
567 12
397 62
526 13
683 99
477 58
241 19
317 28
915 66
584 86
821 30
737 66
175 82
647 31
206 65
201 22
796 3
171 99
689 16
336 12
631 41
666 43
316 59
477 93
572 36
409 45
883 24
560 12
511 79
741 76
238 79
848 17
795 71
240 78
160 80
767 34
732 100
202 58
787 36
775 74
135 60
895 54
776 28
183 50
874 72
372 30
79 86
536 57
595 88
581 8
918 76
424 26
665 57
587 13
374 57
446 71
127 21
49 64
93 23
552 17
279 33
530 73
479 50
307 24
256 22
10 94
610 32
437 32
201 18
895 62
749 92
800 57
324 3
891 2
44 2
461 48
157 54
462 75
608 11
195 83
190 4
551 45
47 34
859 73
489 13
459 81
513 29
104 47
729 95
697 54
403 13
588 57
549 21
435 52
408 30
561 50
252 82
108 69
873 73
917 24
361 85
14 7
554 57
616 17
810 9
729 1
56 13
820 4
362 77
410 3
795 71
241 15
835 14
360 31
26 43
97 97
679 60
707 85
265 79
594 70
305 62
767 17
340 42
364 79
644 6
492 6
801 23
523 94
894 92
710 74
756 93
445 28
919 35
112 6
155 65
698 30
659 17
766 89
554 6
68 70
722 42
56 5
359 29
56 9
803 60
231 68
784 43
57 4
483 99
568 5
52 19
97 18
47 93
349 90
232 53
181 42
236 21
467 92
252 72
89 86
917 60
427 56
434 74
779 12
770 6
733 80
637 71
575 49
776 5
720 78
748 66
588 80
843 16
446 72
47 57
751 52
515 21
807 22
550 19
82 98
616 37
730 91
167 96
540 64
316 88
530 57
270 92
232 74
815 5
709 39
67 53
355 2
875 77
189 21
247 16
177 93
593 46
799 27
499 75
273 15
696 17
64 20
59 16
283 14
658 84
683 64
276 65
432 88
850 76
413 68
683 77
817 35
348 76
367 90
747 72
10 78
851 17
614 67
97 23
106 47
330 31
83 85
716 83
453 20
729 28
4 43
432 75
291 47
104 94
860 73
43 4
83 6
40 56
194 47
724 80
278 41
704 30
428 93
55 55
871 38
236 62
210 19
556 76
769 8
551 100
317 78
120 93
734 27
86 22
158 96
766 91
657 54
891 100
797 68
289 81
61 75
795 34
844 17
28 67
669 54
730 74
186 9
590 23
308 81
248 16
232 14
346 53
89 68
279 41
355 36
41 88
551 81
825 83
827 66
423 64
820 97
882 58
164 11
895 44
798 8
533 86
134 35
769 46
348 56
600 37
93 31
419 94
504 53
144 74
321 31
748 69
856 82
485 9
669 42
434 4
859 31
71 98
729 40
904 44
73 48
695 81
214 36
664 80
290 100
790 75
240 15
630 54
371 93
684 81
131 5
1 86
848 19
42 54
700 36
786 59
1 19
152 82
485 17
649 16
863 13
368 85
898 18
372 23
782 91
140 75
119 25
495 84
422 73
879 6
370 91
42 78
786 60
714 42
294 87
213 99
284 38
514 90
230 15
535 8
880 86
613 58
674 69
849 73
108 52
13 13
368 98
174 26
779 69
347 71
115 56
870 72
857 26
822 72
874 79
758 86
713 88
482 18
43 11
599 87
681 72
773 55
301 82
602 14
817 61
81 79
586 49
502 52
29 92
569 29
410 18
429 51
272 8
416 50
330 76
11 23
899 88
771 76
99 1
775 64
576 68
781 58
254 70
542 41
415 85
88 25
805 9
385 15
344 11
265 36
499 66
20 32
561 18
883 32
648 10
871 84
490 21
425 70
553 85
538 46
42 20
360 43
840 17
535 55
202 60
167 94
191 38
754 1
174 73
897 48
823 39
393 54
541 56
195 73
525 8
267 55
867 64
796 27
442 56
461 70
260 50
548 84
375 18
611 6
536 35
202 90
160 54
261 84
314 16
104 59
495 82
22 88
658 36
589 95
92 58
198 44
822 99
462 86
3 41
850 62
428 78
801 39
81 34
591 91
498 58
473 78
173 96
824 7
368 22
500 41
473 25
157 21
860 31
724 80
546 20
780 83
812 5
818 77
22 39
631 75
317 24
665 42
890 41
26 50
398 54
80 19
768 88
433 45
340 43
826 99
636 61
397 29
151 95
349 76
529 12
280 34
818 81
624 3
15 44
575 45
38 9
711 89
418 78
281 17
674 33
115 26
213 7
152 56
287 29
655 10
44 99
623 16
354 43
89 58
422 58
517 36
343 56
129 3
678 63
578 83
860 71
160 25
245 34
32 98
598 37
685 13
832 45
198 37
1 73
235 31
508 62
284 98
307 67
680 10
229 91
906 35
798 98
262 61
844 1
846 78
334 40
835 12
422 100
398 85
209 98
502 12
398 89
748 59
584 86
88 74
784 99
226 95
362 17
133 83
441 11
694 44
344 78
45 43
746 91
586 56
487 25
246 1
785 82
98 96
347 15
333 68
123 49
647 4
459 32
504 7
310 52
297 37
614 88
602 27
427 85
695 1
775 84
657 58
837 59
673 30
776 85
773 97
919 29
781 95
410 28
482 85
912 42
556 98
636 12
487 25
581 81
568 27
291 33
176 15
475 53
561 6
793 31
101 40
741 83
206 58
756 25
189 33
860 61
366 74
868 69
23 21
571 37
861 86
20 86
449 64
447 55
836 11
305 100
887 35
688 55
863 43
47 83
632 4
747 20
28 78
708 24
269 76
615 7
11 67
633 75
709 76
96 95
228 79
223 51
544 42
26 12
564 79
337 7
513 66
285 57
604 63
831 55
202 17
422 91
717 47
603 56
300 25
319 57
350 11
