3086
106 83
163 77
309 81
296 85
165 67
456 4
147 83
62 60
556 2
71 67
423 28
448 16
240 96
473 14
88 38
112 86
64 90
88 56
3 63
475 7
445 60
145 28
388 24
66 55
344 88
607 5
258 14
420 39
365 94
557 14
485 76
566 50
258 52
551 43
110 49
302 63
419 10
405 50
121 3
487 68
556 81
200 83
355 50
344 90
169 100
242 76
383 29
403 31
288 64
480 62
67 47
385 53
394 23
47 49
57 1
12 8
241 75
99 61
189 70
426 5
267 46
404 67
451 10
526 44
459 65
539 1
383 16
479 61
247 28
13 42
294 98
105 1
97 65
420 74
303 15
339 73
409 72
482 92
143 43
604 91
392 11
149 56
418 91
561 89
563 63
222 50
323 15
272 97
67 87
47 40
265 24
229 39
224 100
348 99
190 87
41 95
426 29
157 9
220 48
284 54
347 37
107 18
604 8
575 69
544 93
354 18
375 36
393 10
455 27
262 85
578 58
93 6
50 73
401 86
6 67
423 1
594 28
449 100
150 50
555 44
493 73
562 80
168 75
64 2
118 43
539 33
64 47
107 56
523 41
426 31
70 19
423 14
57 84
228 58
7 2
181 92
82 68
249 19
8 29
324 72
409 29
4 51
396 17
331 79
12 52
310 55
293 27
375 55
468 73
454 58
443 18
287 91
410 32
62 17
17 22
217 77
570 54
410 3
425 31
552 17
111 99
177 57
149 1
366 18
54 45
582 65
20 13
577 91
344 100
613 39
104 41
435 70
267 12
144 20
271 62
257 67
603 69
56 81
486 53
384 85
434 67
311 81
374 90
285 46
374 66
531 1
67 100
461 56
189 30
204 11
102 89
15 100
311 17
159 64
90 85
195 69
444 19
22 58
548 40
584 40
475 92
88 62
187 75
233 76
441 42
598 6
333 27
238 88
273 7
256 34
555 56
456 29
2 86
297 64
95 5
549 48
371 73
203 91
171 52
58 32
252 48
580 38
523 55
138 83
188 35
83 82
432 90
481 45
450 81
588 27
102 100
584 95
400 35
157 49
471 21
15 78
231 75
34 64
117 55
281 6
342 89
120 85
151 47
477 98
201 98
330 93
398 75
179 51
576 13
10 40
124 81
552 72
348 46
161 19
92 71
490 28
153 66
424 72
476 35
530 40
448 59
183 18
394 92
610 88
572 78
35 51
294 73
597 6
176 70
384 18
169 81
551 44
224 87
550 58
418 82
188 100
308 33
542 53
114 88
7 16
169 45
135 88
238 11
267 77
48 80
405 32
462 46
331 19
329 20
317 20
165 9
446 42
234 2
253 21
416 19
218 62
575 13
92 83
288 5
416 21
132 12
440 17
74 15
476 66
383 99
601 72
46 3
135 63
244 28
286 50
41 30
182 13
535 79
505 23
27 12
408 81
241 83
206 23
126 35
432 42
546 50
572 60
71 73
609 12
106 33
360 29
563 12
326 85
46 47
558 89
69 26
450 86
327 41
576 1
314 37
16 100
245 36
441 81
461 5
22 36
51 78
142 40
472 72
452 64
174 20
92 28
272 79
43 31
55 48
26 10
65 78
560 6
164 52
592 83
53 74
434 87
225 71
323 11
167 25
195 70
413 4
600 25
279 55
89 4
480 50
472 15
155 13
11 64
180 97
202 31
127 5
117 60
601 60
491 53
46 74
536 5
405 84
536 65
590 38
126 52
195 76
99 68
59 72
229 27
577 48
43 9
62 50
269 72
58 31
526 73
30 17
479 7
393 92
580 50
351 85
574 72
183 88
261 25
114 25
534 7
47 67
415 42
541 81
135 51
343 54
43 70
177 33
448 3
89 96
253 44
613 100
533 27
365 35
413 14
517 57
332 31
305 72
249 4
367 9
34 25
188 17
491 3
140 49
75 65
516 79
576 59
426 94
112 89
344 24
345 15
441 68
63 56
456 5
182 88
245 91
446 78
485 44
393 22
60 6
430 36
155 98
442 33
154 89
476 54
485 14
370 27
275 34
307 43
209 24
522 29
87 87
243 63
614 85
161 19
388 83
448 97
570 28
585 76
218 34
537 36
280 37
351 65
281 87
295 57
253 63
165 21
535 32
6 81
504 32
385 35
495 73
39 6
198 22
54 60
492 93
320 38
239 45
426 47
288 55
559 66
219 39
387 28
354 53
288 47
407 22
166 33
142 77
177 47
577 9
375 68
400 52
397 9
183 84
488 34
233 14
383 41
324 62
223 25
81 63
462 78
129 33
65 34
488 48
141 33
605 45
290 41
263 90
364 7
54 4
221 83
385 78
15 37
357 91
368 55
609 50
150 41
456 36
592 71
212 58
615 52
192 72
579 19
244 75
56 43
438 39
60 9
560 91
278 60
257 60
387 49
497 97
600 5
558 89
165 54
206 28
280 13
385 54
330 83
298 10
101 75
412 80
277 12
589 95
32 34
447 98
424 69
88 13
289 82
216 75
30 20
200 14
201 44
156 39
222 40
370 11
73 65
472 17
79 72
467 52
444 22
130 52
563 61
58 66
243 2
265 76
210 82
149 47
8 24
193 90
281 2
440 43
594 5
507 91
188 27
154 71
208 30
367 34
219 15
475 37
233 17
365 91
143 4
475 79
52 70
422 12
158 82
27 79
17 66
406 11
271 93
551 45
145 100
521 18
294 58
148 92
165 11
409 20
348 97
256 88
299 42
437 92
401 82
350 90
230 23
133 44
350 5
321 42
24 67
353 15
613 40
452 93
86 84
319 14
86 48
179 61
205 3
101 62
553 63
452 34
616 26
185 38
175 89
371 97
249 70
253 34
404 27
87 16
501 83
603 67
186 34
67 33
494 59
512 47
60 29
55 25
158 91
13 38
586 55
290 31
151 97
10 99
80 83
67 5
261 61
543 26
265 61
192 1
306 88
14 61
172 3
456 36
466 61
325 48
108 17
6 53
509 78
28 98
193 14
343 48
8 94
231 68
233 85
212 98
42 25
500 2
546 39
214 68
5 1
455 30
611 34
291 48
346 5
600 47
65 12
246 57
409 71
36 14
494 25
45 65
501 5
523 55
361 67
271 50
191 46
481 77
69 32
334 55
228 66
527 39
328 86
22 60
526 16
39 3
573 10
251 56
45 25
333 76
236 27
456 29
418 49
50 85
578 67
128 33
605 86
273 12
226 34
332 21
481 5
85 36
268 85
476 90
336 98
374 65
424 83
157 91
154 70
25 62
372 5
489 9
474 46
380 41
203 70
543 6
379 14
401 11
129 94
207 76
408 27
184 74
592 77
161 58
273 70
246 31
275 29
450 13
187 21
155 39
407 91
47 94
98 30
370 27
215 95
237 86
75 76
139 70
562 66
336 93
159 7
210 60
530 88
446 82
534 50
230 26
1 91
541 76
208 17
59 3
505 78
370 96
159 39
616 16
172 28
152 3
390 7
600 93
514 35
401 8
408 6
504 50
106 99
247 21
541 27
344 97
215 94
354 63
129 81
209 16
8 25
157 52
372 48
392 2
412 63
429 38
236 7
520 12
533 75
186 22
555 48
58 43
98 88
442 95
476 21
245 56
525 69
459 4
21 7
97 65
372 13
617 30
338 18
375 31
28 98
553 96
286 58
546 98
30 25
242 63
400 71
547 94
410 26
382 28
496 58
275 8
296 87
325 40
323 16
384 63
410 57
59 85
289 98
430 36
227 18
577 12
426 61
542 5
127 71
316 42
591 77
206 12
188 69
103 46
322 42
93 86
156 66
52 70
585 53
32 64
283 92
605 33
199 40
271 31
209 85
320 44
350 67
31 15
58 81
187 34
314 96
609 91
34 2
561 48
83 68
463 37
26 8
77 75
225 40
85 42
493 53
469 37
41 39
40 69
512 73
586 71
593 96
369 82
53 37
311 13
432 55
459 26
139 65
400 1
137 87
513 15
263 35
20 43
449 67
606 67
234 72
10 6
492 100
252 95
407 84
411 19
401 44
222 55
19 42
70 2
231 83
324 70
505 93
492 91
73 38
247 75
411 3
617 62
473 75
220 61
427 33
190 9
262 29
192 64
598 95
601 90
127 8
402 95
559 2
310 41
53 30
295 61
214 66
247 88
587 38
518 51
198 47
197 4
371 47
88 8
199 39
352 90
245 88
170 45
146 30
98 100
254 43
443 26
263 55
552 15
473 11
138 15
577 59
517 64
171 16
380 51
151 21
20 63
554 7
216 15
327 85
326 23
104 15
169 69
616 43
228 39
225 5
591 33
30 74
242 84
89 13
305 27
237 29
9 72
75 56
130 11
402 51
71 49
389 69
551 71
298 68
335 3
500 64
540 39
252 5
264 20
192 33
380 50
144 25
144 4
85 13
600 23
540 56
43 53
37 41
278 97
79 7
278 89
262 74
295 69
617 87
133 60
606 46
306 3
98 56
141 30
129 7
607 82
578 83
531 64
358 2
381 7
155 92
68 38
354 38
391 41
272 36
494 16
331 38
31 100
169 27
520 54
343 79
435 10
121 92
283 49
86 2
245 49
461 88
582 4
433 52
304 83
126 29
317 29
553 39
213 92
16 45
543 53
255 28
392 51
204 89
106 92
26 77
196 40
443 1
338 73
262 39
438 13
453 50
64 36
19 80
440 18
278 57
545 23
554 96
609 96
455 30
188 18
517 76
524 70
102 13
613 37
426 30
325 95
323 50
256 6
378 25
361 90
354 82
79 53
362 43
2 90
431 57
19 32
15 57
551 95
351 42
222 72
542 60
57 35
354 11
484 6
275 84
115 82
511 79
214 9
586 96
497 62
207 52
262 45
434 99
339 52
355 6
16 21
1 56
134 85
516 40
216 74
587 14
159 33
496 67
452 49
449 69
181 20
542 67
31 44
426 42
132 34
443 36
482 72
306 86
116 72
531 92
528 58
327 22
543 17
410 24
505 9
501 33
541 65
342 73
301 61
162 21
61 71
241 9
37 37
310 54
274 54
252 53
478 100
489 70
240 23
463 16
107 17
327 44
520 56
10 43
119 58
250 66
606 5
307 68
96 13
563 36
77 24
319 99
5 59
561 24
192 7
313 47
114 78
611 50
252 74
425 38
50 6
519 17
423 94
485 47
106 64
340 96
496 91
205 96
84 80
536 88
554 88
206 85
566 69
559 62
491 9
84 1
154 6
407 82
580 33
582 39
379 34
336 6
289 92
615 95
339 9
433 80
548 5
561 6
240 32
327 59
581 4
93 29
602 6
566 88
563 5
570 95
366 82
561 28
34 18
228 82
262 60
533 40
181 18
449 14
442 58
45 38
188 9
429 73
42 62
614 43
107 50
119 47
143 24
218 9
471 6
169 68
454 61
83 24
415 70
556 66
491 16
519 42
314 49
195 19
303 10
279 87
598 26
329 45
576 99
568 34
615 95
349 57
615 19
615 45
34 57
11 78
93 44
67 87
459 75
98 26
311 76
104 14
257 80
491 2
204 33
519 81
121 65
423 61
482 49
524 44
509 19
48 5
210 45
403 41
475 99
244 58
93 24
367 23
611 87
392 85
483 66
476 69
520 41
141 43
615 97
448 32
185 88
403 24
117 4
74 49
429 65
452 6
520 100
583 16
505 6
138 39
412 18
382 10
612 61
570 39
154 61
362 49
121 53
31 49
594 56
86 3
332 66
199 71
10 66
566 46
175 93
615 91
118 92
275 41
370 87
536 98
90 56
293 56
166 49
78 74
569 70
610 24
594 96
498 81
34 99
51 85
319 15
87 86
386 15
330 43
114 12
425 23
229 82
131 26
383 32
517 8
421 97
390 19
154 1
504 94
277 36
598 63
580 79
545 10
20 100
56 35
267 95
606 43
230 86
543 42
379 7
215 45
441 46
151 64
297 91
368 41
240 24
393 88
26 13
511 86
66 6
31 74
344 8
386 62
106 85
144 44
184 69
547 93
100 71
603 42
111 23
443 68
318 75
491 42
356 91
430 64
6 20
46 13
3 32
314 47
11 98
407 86
496 43
38 87
490 79
437 16
104 12
108 45
60 30
512 72
442 89
369 78
352 91
162 67
216 69
177 11
51 55
416 21
527 15
300 18
522 100
360 25
353 97
25 78
305 93
484 96
506 2
611 74
11 47
572 83
170 86
47 53
506 19
201 82
314 31
56 29
167 51
123 53
230 73
339 41
184 95
125 21
414 85
54 79
608 7
562 64
335 8
388 60
536 46
535 91
459 93
559 77
431 90
143 5
441 79
361 9
336 53
398 85
390 72
590 47
445 62
475 83
142 85
298 82
201 80
585 77
351 23
117 81
166 94
579 28
295 7
258 27
551 53
307 9
521 98
143 54
279 81
130 73
1 38
494 80
132 21
102 55
282 21
131 74
327 23
32 93
235 2
246 64
51 82
503 94
