5040
363 4
949 23
595 54
298 78
610 73
730 22
165 5
211 1
224 8
479 3
33 59
629 73
627 100
96 14
962 86
50 55
919 96
279 26
124 24
287 87
659 73
800 5
425 81
189 86
292 48
25 5
1003 49
474 3
515 70
441 25
889 46
75 2
59 100
458 76
725 15
100 8
64 10
381 100
745 18
516 13
723 82
637 36
245 22
659 61
1002 20
140 28
201 87
895 35
1007 2
348 4
772 56
571 46
91 56
599 52
800 51
718 47
597 71
301 13
745 82
615 78
14 85
622 13
424 2
546 10
875 65
91 23
441 65
34 65
381 19
860 50
791 99
352 28
791 52
186 65
601 15
891 97
310 43
607 22
293 21
96 97
559 35
2 55
368 64
443 44
712 94
435 32
632 95
997 42
476 21
922 34
812 25
945 49
33 43
370 85
772 85
68 60
706 20
177 99
297 27
878 64
517 58
969 61
361 52
819 66
984 36
589 46
956 4
32 61
174 1
382 59
349 73
937 52
419 55
50 93
485 72
942 36
41 64
16 79
218 29
687 69
520 30
108 6
49 83
1006 22
286 13
611 95
430 6
438 3
984 95
453 83
637 100
265 66
837 91
456 35
332 40
621 95
283 60
225 32
956 31
751 29
550 93
768 38
961 43
442 41
755 78
249 9
958 31
13 45
783 23
748 25
502 7
563 83
723 55
79 41
472 32
328 52
472 19
703 44
403 76
85 27
905 19
2 11
351 45
257 80
196 95
658 4
206 18
416 89
736 22
465 36
704 13
330 15
791 16
902 45
143 63
226 62
639 73
805 88
676 65
798 26
910 88
567 77
500 21
794 81
488 67
864 82
102 89
326 95
485 62
905 52
669 59
851 98
630 11
801 50
611 85
375 36
774 73
333 57
885 6
319 59
762 88
242 96
700 20
127 66
108 43
473 51
949 64
25 66
840 94
95 95
903 44
949 67
960 92
895 11
332 24
603 55
472 100
965 32
897 50
593 74
21 52
250 57
617 8
555 33
44 99
550 6
225 9
298 13
2 14
690 84
539 84
795 47
573 89
986 85
852 11
421 72
885 45
334 58
219 86
162 35
206 24
927 10
859 64
824 16
710 6
725 23
438 60
505 97
156 9
652 98
434 1
387 7
668 21
518 10
777 50
310 19
508 68
61 55
330 27
278 90
93 70
253 23
458 86
181 55
124 95
105 1
730 58
92 5
659 99
368 28
965 66
208 81
961 1
687 3
575 9
1008 28
204 42
728 33
499 53
764 18
906 71
717 9
205 25
148 58
489 27
559 30
457 85
678 8
335 3
210 8
31 62
967 57
192 18
825 59
961 73
606 52
88 40
137 59
333 8
470 79
850 41
993 69
446 14
860 82
179 88
165 70
801 43
323 71
660 42
26 33
316 80
319 15
505 38
445 23
28 14
719 19
71 21
541 52
7 55
57 97
443 73
814 59
524 70
910 92
82 72
480 4
247 92
408 34
185 71
77 45
915 39
207 56
22 30
424 69
645 51
977 17
457 28
461 48
467 10
954 84
387 82
86 55
450 14
287 3
776 65
121 43
78 39
266 67
863 62
388 63
508 22
585 64
304 79
833 43
532 74
562 100
598 41
467 63
194 88
641 8
169 32
904 93
320 10
565 71
639 48
132 17
722 14
886 61
395 11
207 52
341 84
515 6
596 76
18 29
113 61
634 75
810 82
522 23
605 89
55 98
760 72
392 2
931 78
878 98
347 42
784 33
590 34
513 88
986 91
597 52
355 85
660 52
307 7
755 73
536 95
534 25
691 56
985 55
174 61
663 79
714 24
935 37
450 82
254 54
391 33
43 81
461 40
376 85
782 44
704 17
839 41
491 11
278 98
757 70
397 21
638 7
888 6
1006 25
343 35
892 79
192 91
28 61
536 93
108 26
684 77
11 37
730 9
872 81
526 82
963 47
614 88
295 61
504 59
414 3
871 33
812 50
48 62
783 83
807 27
882 90
498 55
91 26
45 31
117 53
835 58
393 16
175 46
859 65
6 11
510 35
532 69
835 51
118 96
898 92
172 63
244 1
524 37
45 54
98 42
827 97
585 68
744 4
245 81
257 75
697 16
153 52
67 36
716 92
230 26
806 27
709 46
262 22
365 39
623 71
532 7
1 6
757 78
295 94
363 88
14 93
971 61
5 15
99 24
47 77
182 66
133 54
1004 84
45 20
657 2
332 30
401 43
185 38
403 1
325 70
688 83
521 43
552 26
388 6
21 88
775 83
652 98
98 88
606 100
70 86
325 24
580 47
875 12
42 2
463 7
576 37
897 9
621 41
334 25
307 32
176 30
461 21
591 71
594 30
650 35
319 95
744 15
65 32
915 60
442 88
228 61
618 39
262 83
864 46
850 17
926 58
485 35
9 64
20 33
238 72
744 55
555 19
366 57
376 33
719 87
104 68
899 94
698 60
658 69
392 77
323 14
474 40
156 98
961 26
339 24
565 49
641 92
105 4
591 74
527 74
642 50
427 20
550 55
460 34
548 59
347 1
498 13
622 39
94 64
206 25
547 79
912 33
925 73
857 84
491 51
120 67
224 35
995 65
155 22
600 93
104 26
397 89
661 3
114 6
591 35
124 24
548 30
530 39
99 44
78 15
849 52
859 95
918 79
234 61
877 74
905 64
421 34
69 87
861 41
912 61
127 99
325 75
382 66
406 39
581 3
130 53
154 85
974 41
61 2
909 84
967 33
947 25
184 100
321 40
354 55
662 29
943 52
339 74
222 41
479 64
937 14
674 42
841 13
387 35
823 81
264 11
858 79
46 52
624 98
683 51
802 92
383 29
34 11
439 93
238 66
412 77
664 51
616 60
468 10
833 29
478 91
486 59
62 69
829 1
140 100
770 56
409 71
972 57
871 17
260 79
515 77
669 41
66 25
303 32
453 57
514 63
340 53
919 81
831 34
327 14
573 25
70 29
220 46
1 69
119 70
880 67
127 38
420 56
732 29
424 61
148 18
283 34
464 53
297 74
639 79
675 19
240 63
229 1
762 23
42 55
704 64
885 42
796 74
763 47
415 22
955 6
103 46
419 41
854 39
170 69
458 74
495 19
824 77
13 53
589 76
912 42
403 32
491 69
985 78
835 35
318 17
244 90
854 86
599 23
1 90
495 5
981 86
689 46
311 38
339 77
318 10
261 10
886 6
336 31
982 1
921 92
41 50
114 64
584 69
154 73
849 6
569 63
259 70
440 33
280 22
336 80
7 51
518 32
214 40
773 36
977 92
180 21
874 23
156 26
718 40
183 83
217 80
396 38
116 79
536 56
595 81
343 96
413 96
116 75
15 76
770 10
709 11
261 11
603 52
909 89
366 57
275 75
870 83
1008 31
768 37
818 74
838 19
604 79
217 93
571 72
921 65
719 33
69 41
252 13
424 37
800 92
341 66
619 45
698 93
630 70
495 94
625 11
612 24
270 49
806 82
13 54
223 69
361 92
511 35
642 42
278 88
691 99
584 37
698 6
97 47
688 93
333 77
415 98
965 72
349 19
769 33
138 8
484 2
373 54
566 87
539 66
256 23
331 33
599 50
756 19
331 62
518 54
237 10
784 50
135 82
483 62
45 1
561 18
298 60
515 25
202 16
835 78
391 13
524 13
338 38
240 54
433 84
56 29
919 6
643 47
802 11
531 97
789 53
356 78
678 4
395 10
413 32
426 82
871 27
506 14
787 7
215 70
207 59
31 13
184 11
195 53
247 4
509 89
384 78
705 66
150 28
403 26
830 87
766 94
636 24
265 4
644 53
821 32
785 80
29 34
521 7
92 98
130 7
547 34
137 34
42 19
578 1
623 87
588 99
11 32
262 3
325 44
398 52
696 81
442 5
761 49
815 65
404 81
277 83
47 33
837 6
910 99
525 12
126 76
35 66
532 4
21 86
975 79
376 69
519 98
253 13
676 97
884 19
813 67
974 82
138 68
546 78
251 40
954 12
271 63
397 13
453 80
639 45
957 85
667 56
887 83
156 67
353 56
724 6
275 55
254 67
856 56
875 75
724 94
722 71
486 13
128 28
735 18
403 6
825 55
145 54
72 61
776 19
4 63
585 12
115 67
823 89
973 67
289 60
353 4
126 95
137 100
36 32
867 76
740 16
962 98
786 14
140 90
713 11
68 24
116 67
801 80
364 39
908 77
723 72
559 9
233 41
849 25
214 78
846 91
420 25
322 45
564 80
436 40
299 31
526 51
142 78
670 81
52 61
690 97
144 66
607 8
77 98
31 29
92 71
181 89
707 36
722 96
55 49
790 79
171 64
963 85
95 73
235 33
696 15
658 55
856 65
210 19
61 93
924 77
214 81
618 64
973 18
684 22
364 82
19 80
204 3
692 71
936 1
45 17
89 82
383 24
264 23
148 58
501 23
334 9
778 96
443 66
928 63
139 8
860 11
721 93
846 88
77 53
791 100
741 43
191 98
799 76
242 99
104 10
938 6
653 75
938 38
604 34
99 31
398 31
835 82
624 97
372 46
549 99
502 6
805 77
702 72
412 31
520 34
770 100
554 82
248 25
285 42
657 67
36 36
490 31
484 88
983 26
283 38
704 39
460 22
184 41
587 99
887 81
213 44
1007 38
121 77
236 85
367 64
850 36
544 99
449 33
276 66
120 88
204 8
124 32
693 14
400 28
64 37
543 42
927 34
219 63
566 85
66 48
133 35
349 89
321 89
437 14
866 9
217 11
857 53
228 61
324 89
406 51
730 36
165 9
419 92
908 62
746 28
926 35
964 89
242 50
880 77
1004 81
260 75
355 31
62 51
418 81
293 36
86 76
516 70
466 98
381 95
563 49
994 48
404 83
668 6
282 57
120 1
15 1
809 64
329 20
472 14
898 26
623 82
316 64
943 88
128 72
876 72
477 90
927 2
718 57
526 65
187 84
808 32
317 100
646 77
884 43
10 88
530 98
168 57
978 94
337 11
46 61
795 42
43 21
787 7
624 26
155 65
766 51
868 75
910 94
920 18
629 95
145 3
847 66
250 92
507 92
867 65
828 84
148 19
776 99
55 17
145 20
935 14
294 95
158 83
393 45
587 2
468 47
794 8
515 62
277 2
343 60
757 21
535 55
354 2
215 67
285 14
796 83
1007 40
386 75
608 79
125 46
76 27
435 7
770 21
388 16
129 92
125 18
290 90
289 73
560 83
793 73
439 61
991 10
203 96
918 29
864 10
975 44
905 10
403 17
777 39
875 79
391 39
244 75
301 53
352 53
129 27
434 40
438 3
350 36
27 79
813 45
261 41
424 38
723 11
499 4
166 30
467 44
494 10
44 82
542 3
383 54
855 22
672 78
255 97
469 41
322 17
428 37
709 97
487 26
103 40
717 31
823 53
902 2
948 77
190 16
997 92
571 89
376 83
942 39
466 91
606 71
292 33
467 83
376 86
50 78
28 72
724 96
194 7
651 37
890 5
767 58
190 16
982 96
193 65
531 93
380 84
791 77
29 12
556 49
340 89
71 71
809 97
765 70
642 9
996 66
421 96
742 5
702 49
620 54
790 45
145 38
905 95
351 49
408 73
245 80
164 43
534 23
321 21
360 12
302 74
14 32
763 54
591 40
852 50
84 90
72 29
743 9
492 75
99 79
222 76
433 14
901 43
562 72
601 83
482 1
752 2
891 15
144 21
425 48
14 22
988 98
350 83
532 50
142 74
327 5
916 86
737 16
110 21
424 38
222 31
41 88
32 74
601 36
262 38
373 38
752 91
506 60
851 47
785 37
605 52
814 2
755 81
464 23
546 75
46 94
538 64
821 17
508 23
531 56
507 38
323 87
245 57
941 81
10 58
699 87
833 26
820 46
125 87
386 99
60 24
870 45
72 23
178 17
840 78
834 47
117 26
831 97
196 96
692 58
213 10
158 84
987 53
694 92
473 6
892 100
101 31
933 14
271 85
894 18
507 2
669 38
54 4
26 56
584 89
264 74
515 13
1003 81
377 72
353 87
617 71
813 77
943 21
816 46
161 7
127 80
481 60
242 47
145 17
278 42
473 67
253 60
741 51
857 9
775 52
197 14
974 38
522 53
610 40
536 82
333 57
232 19
294 36
382 1
143 34
45 64
75 66
712 13
935 2
419 67
247 33
647 87
484 45
721 20
450 38
144 25
349 29
514 65
454 89
59 11
679 19
197 88
476 45
223 31
748 91
545 12
53 6
785 80
58 98
183 62
594 98
535 75
265 37
9 63
485 14
174 19
780 48
373 73
606 52
66 21
185 27
199 97
380 22
1000 76
64 100
198 87
806 47
130 79
424 2
616 82
453 7
331 56
32 61
283 74
855 12
571 52
136 8
646 24
275 22
838 16
603 23
167 91
375 54
650 81
500 77
846 63
257 62
329 75
1005 64
46 73
588 44
757 59
496 1
115 50
471 68
54 10
349 62
239 99
