5191
944 78
150 80
673 17
144 56
748 67
281 2
668 11
203 100
299 93
636 74
214 65
287 69
903 97
627 12
352 19
998 51
625 95
350 27
707 65
256 24
870 2
536 20
73 14
324 40
619 3
135 6
822 8
516 8
332 6
18 72
5 23
425 24
909 94
1004 62
330 66
591 37
396 32
642 89
66 53
1023 84
22 90
284 43
534 11
1028 27
371 42
691 97
905 39
175 92
1011 55
948 55
424 89
385 32
407 72
323 22
944 27
544 27
277 42
111 7
119 67
727 39
669 35
318 71
269 6
942 21
453 47
1001 33
357 94
435 59
59 84
689 95
363 88
232 52
82 10
364 7
738 63
488 35
745 71
645 55
899 55
260 45
550 24
648 62
951 28
202 73
267 39
739 79
40 96
6 68
507 46
786 29
226 59
361 69
860 46
654 100
273 50
173 52
386 35
729 95
320 8
582 97
635 66
10 21
782 73
713 99
793 27
756 81
664 17
469 40
500 93
135 12
416 86
513 39
40 64
283 78
254 32
949 20
292 13
882 96
509 43
251 15
522 85
815 49
415 76
793 57
489 91
258 86
440 15
496 86
979 77
985 65
659 77
211 40
902 58
336 56
441 73
799 61
695 94
190 56
900 5
999 94
65 51
597 99
488 67
973 80
698 75
148 22
409 43
424 64
418 13
477 70
407 65
78 74
783 67
277 4
91 90
254 40
253 32
759 58
813 79
655 16
1002 47
288 12
529 75
194 30
455 23
82 9
535 6
617 98
128 81
196 99
168 23
170 33
351 48
869 67
381 17
239 62
249 29
596 71
455 56
844 15
739 59
579 100
39 29
673 63
689 90
335 83
207 58
937 29
616 69
26 92
109 60
426 19
797 96
566 48
710 1
21 34
626 48
739 44
101 82
642 12
107 23
491 20
630 42
585 84
582 12
223 80
267 83
708 42
555 10
591 24
339 79
855 9
426 51
330 6
263 50
986 20
81 99
172 76
165 98
294 76
300 40
420 4
864 40
898 90
680 3
340 40
1020 85
934 67
1036 17
342 96
408 84
770 78
33 51
677 68
494 80
128 27
216 34
506 21
278 18
80 58
952 14
818 73
671 28
183 81
642 95
760 50
889 43
235 100
796 17
400 25
371 11
1006 65
176 55
698 35
871 21
257 76
56 39
799 31
745 94
848 98
254 87
776 85
97 47
193 32
793 22
936 1
326 84
440 18
1006 47
849 45
167 40
5 82
315 56
197 24
383 5
295 50
99 70
385 73
227 2
560 40
934 51
504 1
950 6
72 73
390 97
28 15
38 48
425 38
730 53
640 38
859 57
971 2
507 57
158 14
203 48
527 74
228 90
732 99
602 53
325 74
929 25
903 15
746 4
191 72
717 55
167 99
27 62
793 5
195 72
421 31
236 3
483 77
918 16
126 20
70 39
642 27
105 1
93 81
332 28
488 61
845 94
389 21
963 62
267 81
202 6
459 29
593 77
115 50
59 50
870 9
448 51
527 6
988 44
486 45
237 86
176 2
325 2
1 18
955 79
939 78
245 4
18 99
965 7
178 3
817 3
315 54
728 30
4 56
561 80
810 77
796 79
35 27
378 100
491 48
134 38
1025 71
662 6
174 73
157 90
633 23
578 39
225 30
807 34
203 51
631 22
33 8
83 65
280 87
789 73
904 46
667 100
124 21
866 27
144 57
339 22
548 63
708 55
313 13
994 40
845 85
876 50
485 96
216 96
557 79
901 53
811 61
509 9
367 28
465 9
626 88
623 77
321 69
703 78
129 96
227 2
480 13
102 26
776 81
314 55
677 77
418 49
978 96
717 83
373 73
89 95
438 68
15 7
441 79
466 53
477 81
677 4
775 7
519 18
559 4
553 84
979 37
401 24
611 61
240 37
545 44
17 99
922 26
329 36
294 63
692 81
332 67
358 42
824 22
14 80
179 57
850 42
472 28
7 73
835 75
866 87
621 67
90 99
124 94
734 73
131 43
574 74
373 12
451 29
106 44
246 60
940 27
491 11
413 18
17 33
66 20
493 17
364 18
884 19
468 24
822 44
411 83
836 17
764 81
421 33
4 74
434 63
602 4
1021 33
740 32
384 81
904 10
627 21
626 8
687 52
77 8
533 85
264 96
720 13
788 60
408 44
100 34
176 54
84 62
835 78
124 61
762 24
307 96
664 70
949 6
505 92
133 31
454 35
740 100
955 88
996 27
735 29
642 50
8 91
617 70
998 87
241 26
26 92
344 12
420 8
238 30
943 45
311 49
794 61
159 49
27 95
182 33
848 97
356 36
174 98
912 80
84 85
833 53
471 74
471 39
434 83
289 19
843 94
33 48
114 36
632 90
55 65
55 96
578 82
58 85
510 72
123 91
250 71
13 57
220 78
156 25
1013 55
615 11
779 96
165 14
429 66
754 62
166 53
683 79
27 84
840 3
1013 54
228 47
241 57
112 54
933 91
428 100
988 51
591 6
792 54
601 33
677 29
292 1
168 24
282 88
117 22
809 46
507 2
525 1
955 24
76 38
442 93
499 91
222 56
720 49
470 38
134 93
519 83
504 19
28 9
744 67
374 93
263 26
52 63
430 83
635 28
731 2
814 87
477 76
848 32
64 34
696 16
906 80
568 28
627 36
242 64
250 43
238 95
966 2
279 9
46 78
776 69
560 41
961 42
741 38
96 66
707 11
816 2
962 20
2 44
769 15
171 38
239 64
548 57
325 50
842 83
15 16
167 69
797 82
530 6
349 13
205 90
688 69
758 55
507 16
940 98
746 62
98 61
882 83
669 17
605 48
901 100
500 68
947 20
342 83
353 45
307 59
921 20
313 6
354 45
709 80
1031 93
746 21
482 99
64 37
506 36
173 62
388 86
880 47
691 10
170 78
461 32
389 49
260 91
779 25
248 40
717 71
384 67
657 6
488 16
346 32
849 20
786 28
168 99
525 66
304 1
223 7
821 18
295 6
282 33
336 33
181 77
600 46
385 15
27 58
484 58
194 93
776 98
673 10
443 18
800 70
326 7
1032 6
634 15
947 9
309 81
536 83
15 2
135 25
887 65
541 47
455 28
706 67
813 67
314 19
366 59
435 2
81 47
831 37
1011 74
342 54
984 8
590 84
530 95
632 45
644 22
1005 51
31 6
437 70
493 44
51 84
339 79
405 59
240 79
706 42
201 32
29 12
283 10
135 15
703 96
820 28
1029 84
764 88
430 15
406 40
183 41
548 42
802 52
94 87
836 44
481 47
780 89
308 58
501 1
859 57
682 54
11 17
338 67
109 55
144 14
924 1
143 11
844 63
331 32
190 26
211 4
215 1
7 22
150 75
943 61
486 33
949 20
118 13
52 32
854 65
204 100
413 68
885 51
683 86
339 94
258 30
870 7
611 52
243 79
86 48
545 56
639 23
769 86
664 73
61 4
225 48
53 63
354 25
87 37
520 85
491 57
795 54
786 37
629 13
193 100
728 62
691 39
105 91
490 72
1022 72
161 77
377 86
328 97
583 30
926 40
515 55
23 61
946 94
630 38
548 84
107 37
619 60
22 46
921 42
600 36
350 38
683 15
517 17
692 59
769 81
420 2
311 13
436 58
174 55
146 25
939 62
702 25
550 22
831 86
757 31
533 78
106 30
641 16
346 64
673 25
509 85
993 37
502 73
433 12
897 9
530 33
541 12
853 30
283 71
378 58
187 74
920 66
593 96
15 53
206 28
51 16
234 94
697 73
837 22
316 74
263 59
1030 65
999 4
525 91
780 87
113 46
827 80
847 80
15 50
977 6
626 43
807 48
469 69
1004 29
195 54
44 32
455 95
724 1
1007 14
616 38
877 79
138 13
834 58
258 16
921 59
551 76
433 53
550 57
932 17
37 30
430 29
588 81
590 22
545 55
456 21
336 74
976 85
22 37
999 70
73 85
405 44
197 94
298 1
322 19
407 59
720 86
712 41
424 78
547 37
744 41
101 84
120 52
570 81
59 88
823 1
738 82
657 99
204 86
22 59
39 54
2 9
224 24
244 31
337 26
581 13
641 14
157 81
274 90
155 35
708 18
321 86
673 80
853 54
933 1
444 24
123 76
440 46
560 96
88 23
243 4
468 90
123 2
660 76
52 91
809 86
1033 86
849 44
668 60
933 61
282 35
50 28
20 53
190 25
96 70
370 5
511 62
425 93
903 79
74 76
306 2
402 58
692 16
172 22
805 46
210 92
237 71
226 82
650 49
216 2
824 70
350 4
1022 11
781 100
459 70
599 37
11 74
571 20
79 32
334 9
587 93
399 12
940 22
869 21
44 8
165 9
209 17
256 90
888 26
1012 60
684 71
434 88
575 68
231 75
644 27
1013 27
232 99
753 12
270 31
257 66
105 56
643 38
298 77
401 47
297 76
383 14
731 90
114 98
580 24
830 50
973 12
959 54
716 3
446 92
442 92
432 100
814 93
496 22
246 59
132 48
652 75
142 29
782 62
877 40
724 88
915 99
584 77
758 97
1012 93
454 73
585 83
485 64
999 26
941 27
4 82
993 55
500 27
456 13
145 99
669 23
945 34
106 85
679 76
910 99
548 67
850 76
665 3
682 40
826 50
294 70
825 39
189 46
982 72
121 81
761 49
278 64
538 3
988 32
506 68
928 86
643 88
941 64
625 50
1013 87
235 63
814 85
569 80
392 33
432 51
774 85
764 30
877 67
761 24
1022 47
923 10
17 67
216 98
937 78
861 59
377 72
393 16
994 45
539 21
501 25
681 43
762 17
616 90
239 94
859 58
104 72
73 76
921 54
435 44
234 34
278 73
639 91
598 19
188 83
342 3
766 77
537 55
788 5
576 6
587 87
405 97
977 86
727 93
351 54
38 100
98 92
499 91
451 27
1036 23
388 78
527 63
732 65
721 84
874 59
32 36
879 36
180 9
781 59
874 89
708 38
583 65
794 41
716 52
816 69
567 93
6 85
164 15
288 59
136 13
163 30
786 32
121 94
196 11
343 15
811 43
607 98
184 22
672 91
252 62
702 90
452 3
81 97
638 49
273 86
3 20
237 25
632 60
1035 93
456 26
704 80
187 49
864 8
891 4
390 82
569 50
54 58
170 38
419 43
835 76
744 33
461 37
611 21
220 76
447 47
5 98
949 48
674 83
155 42
919 2
485 3
505 6
14 47
573 59
130 94
934 91
605 9
651 81
928 53
805 7
821 38
158 96
480 12
746 80
684 36
522 86
487 54
179 36
845 86
493 48
949 98
663 12
330 100
455 34
635 70
760 10
783 20
533 16
436 33
759 59
304 91
840 43
718 55
929 86
917 74
547 23
102 87
711 21
459 62
585 63
366 76
682 35
646 37
555 88
338 65
423 58
793 50
265 69
705 28
873 3
155 52
53 41
791 54
713 60
882 16
576 38
500 92
498 87
429 56
456 29
809 18
770 98
534 84
419 24
778 28
872 76
366 21
195 38
771 16
904 98
888 29
510 57
369 2
808 13
609 56
808 88
244 67
952 53
102 3
612 63
507 92
916 35
932 100
1015 1
221 2
622 96
113 73
297 71
22 68
332 16
759 26
838 65
29 66
947 58
695 5
97 30
249 66
652 92
403 55
336 6
871 16
845 63
696 7
789 94
347 8
385 18
544 12
337 2
127 49
286 65
858 83
983 80
657 37
261 88
276 37
1016 75
57 37
972 76
478 74
772 95
670 82
331 90
806 22
991 12
457 23
253 95
469 41
92 42
688 85
142 67
226 48
106 52
601 73
611 47
759 2
628 40
615 99
846 14
662 38
1003 98
764 25
310 38
354 24
723 59
638 29
566 68
418 36
910 89
983 30
531 18
405 30
716 72
646 6
598 60
605 53
490 72
517 94
786 8
584 49
357 61
630 60
574 29
609 49
183 17
581 90
389 83
896 90
558 54
288 27
44 78
857 51
749 22
137 36
512 53
549 96
93 18
719 13
86 10
1025 33
444 21
676 89
167 59
397 89
675 92
365 26
284 74
773 66
145 55
156 31
275 31
530 78
628 53
1010 32
448 24
219 15
391 57
656 3
704 39
619 42
774 86
353 81
254 88
258 71
469 1
839 64
367 48
293 88
753 41
999 36
788 97
866 73
588 93
681 44
335 32
561 41
434 20
453 91
39 45
988 23
86 77
626 85
128 20
869 22
217 88
381 15
353 96
508 89
295 61
797 15
426 4
87 38
887 71
788 35
900 47
1027 89
24 96
417 23
646 4
997 42
799 89
597 68
250 7
746 9
519 34
195 82
301 42
944 31
776 86
873 23
156 62
517 93
316 13
75 86
77 71
328 8
316 65
447 68
378 60
1029 89
899 73
968 79
273 30
127 46
925 17
31 99
623 85
368 29
289 61
72 36
534 62
997 76
261 51
724 50
975 3
431 32
36 89
497 91
234 45
890 69
338 57
232 62
794 65
897 3
629 87
800 35
1017 86
255 22
344 79
643 71
70 28
158 42
481 91
677 94
895 51
263 92
215 38
791 4
273 23
867 66
