9890
122 26
521 45
1452 37
831 86
285 88
715 29
1054 48
120 42
1554 34
1703 31
42 50
182 76
771 98
148 54
1103 36
1835 55
1343 23
652 32
52 76
640 35
1396 48
1894 33
1526 22
690 91
1643 39
522 44
294 10
1785 12
432 5
831 31
369 87
731 5
1121 4
1347 10
709 55
1650 13
602 85
1346 23
1855 58
388 79
1161 100
1686 43
344 53
1191 60
704 69
1444 64
1294 95
688 86
246 86
1162 27
89 41
1019 55
1056 67
1089 41
1840 85
1663 74
1078 79
1703 85
1526 100
1546 56
1973 83
1794 89
694 47
533 82
1923 100
1579 29
804 76
1972 98
732 35
438 25
462 43
241 15
423 27
369 74
824 22
167 62
1820 7
1879 96
1448 38
2 85
1709 2
1560 14
105 69
361 35
1970 67
1224 32
1426 17
324 24
1296 44
1263 51
537 39
676 35
741 41
324 12
36 84
1524 65
1289 40
228 1
1732 41
286 13
1713 74
1921 65
456 97
397 11
1112 56
1971 56
1754 34
157 22
1901 56
1977 60
316 79
261 52
1698 16
534 83
1487 63
665 91
1188 85
202 14
1471 46
985 24
1400 2
498 56
614 67
492 56
241 19
768 92
471 18
1497 68
577 18
1065 65
463 24
516 29
1242 81
151 33
388 80
640 67
148 41
1514 57
1945 62
241 12
1121 2
184 54
870 62
763 60
1461 94
394 83
894 25
1871 4
28 45
773 5
1526 43
1119 100
904 48
639 60
1496 6
221 25
520 100
1879 95
550 52
871 29
27 82
1694 78
1122 18
1601 46
1743 82
1915 23
437 45
32 26
578 20
410 88
1606 91
845 100
405 70
1360 65
1613 81
3 83
1406 90
913 22
1154 37
1816 72
815 89
1848 9
1937 84
278 89
682 40
676 98
1608 20
523 90
1604 30
988 15
225 27
70 47
1545 11
1923 68
645 64
1165 81
1534 73
1730 73
1613 98
494 80
597 40
1165 34
396 37
1427 73
90 88
664 32
845 33
1268 12
991 28
679 79
1553 20
10 97
763 73
1374 14
897 29
1372 35
192 88
351 38
414 32
218 43
1547 97
814 88
679 37
512 36
382 82
74 11
1816 72
1846 1
574 32
810 11
904 39
295 33
1168 34
1451 26
227 21
246 84
155 10
20 33
1097 90
1204 21
985 55
357 80
1165 44
274 62
1776 80
1542 7
1572 97
463 5
1423 35
1551 7
153 5
250 33
743 14
528 25
1186 71
1932 73
1223 59
409 35
1949 19
670 18
1301 80
1319 25
23 81
1617 39
1126 42
1602 23
726 21
873 41
70 96
446 46
913 43
716 92
52 26
1501 26
1534 47
290 18
1749 41
1310 62
1848 13
143 35
712 79
1920 7
858 48
1133 28
492 10
1957 50
484 1
120 34
1168 26
730 17
1475 21
365 55
28 17
1331 83
124 77
406 56
92 33
1831 54
198 91
497 1
14 46
1786 40
1534 44
229 36
1771 5
605 100
297 22
735 86
1081 47
919 99
702 77
806 16
1713 27
1425 45
252 43
25 14
1642 72
913 80
767 54
1168 96
917 23
382 78
1740 32
979 32
1710 42
1799 77
181 31
994 55
1622 35
77 85
965 68
1417 10
1594 62
1884 20
77 50
377 29
179 35
973 3
296 52
211 19
1464 52
1301 90
672 77
1093 95
695 78
941 93
1763 10
1046 62
1349 1
1447 1
19 21
1882 68
604 69
1842 62
958 55
1482 62
885 59
1645 15
1423 92
1811 70
1830 35
897 71
289 90
70 45
1852 51
1760 12
703 49
1551 4
1645 84
788 52
623 10
1522 22
236 1
1324 96
232 23
1152 86
1839 45
1457 26
1825 31
1566 33
1681 55
1814 25
440 38
1088 35
1874 100
289 96
1653 95
1110 70
63 65
802 49
210 50
1066 42
1162 48
1771 60
1406 52
1364 49
1154 74
328 39
912 44
497 100
1473 21
136 54
1156 35
1301 16
1458 25
1502 92
1096 86
512 42
367 46
1939 68
896 60
719 92
138 86
957 18
1944 1
1344 52
1842 75
925 10
727 61
1222 23
484 36
1307 70
961 9
1316 68
235 7
126 97
1620 78
685 91
1374 67
557 63
1977 4
1663 38
1577 80
494 68
709 82
1086 60
226 6
77 97
1216 5
1041 66
1894 87
420 55
320 95
331 1
1260 53
679 77
586 18
1036 8
1353 44
1002 55
1348 22
1080 22
69 92
1476 39
140 61
754 11
256 17
1939 5
327 30
1425 42
959 52
129 40
365 11
141 42
951 28
1650 87
1384 15
640 89
1644 48
1310 25
271 41
1893 88
31 90
454 83
1125 16
1250 14
1623 43
1903 75
203 5
1563 86
970 66
626 30
828 28
1265 73
705 65
331 35
1191 77
71 56
1710 28
193 79
92 100
1665 90
1082 93
1148 1
1366 44
1547 22
811 40
111 67
196 81
1886 36
1223 14
1381 70
582 69
1153 36
1581 34
1854 64
794 74
1854 77
1839 32
1367 37
801 5
1706 26
1138 26
136 28
1772 27
602 41
842 89
1419 94
1634 74
1656 14
1364 72
1296 5
66 73
1970 2
13 55
25 81
34 69
621 66
1336 18
1103 37
1852 97
1597 34
650 48
1127 95
503 44
1794 15
1566 92
112 20
1115 49
422 35
261 43
1844 27
1058 11
515 98
160 55
107 43
55 84
1663 95
9 86
1217 55
1514 30
872 38
672 79
678 61
1559 27
1607 100
744 78
711 26
849 2
190 28
1178 79
1704 90
1581 71
1511 59
1198 69
1775 19
621 56
1725 28
1207 54
565 32
1821 42
1827 71
923 53
946 60
1193 90
1858 3
659 83
112 56
261 25
190 80
648 4
741 21
1698 6
1890 89
1879 19
1300 54
1448 22
682 40
1622 55
1379 86
1824 34
1734 44
1602 53
1247 33
1393 5
206 52
742 55
423 98
1914 16
1538 8
1556 44
981 36
1963 60
878 82
14 84
336 42
1632 41
1268 88
1360 93
1949 15
171 80
1864 37
1969 70
726 13
1607 78
352 23
1752 53
842 59
934 60
512 51
223 68
1794 74
1470 64
40 86
536 97
982 93
158 86
75 75
482 84
1548 64
930 54
597 73
921 77
748 85
949 41
699 88
1697 53
634 45
452 70
457 56
1389 46
1472 93
539 27
774 98
720 19
106 80
1652 52
1081 95
546 69
1489 58
1895 40
84 23
1822 14
460 35
1419 100
953 76
752 72
1360 37
755 20
213 89
398 3
1086 92
1413 21
1814 99
1768 95
340 19
1827 9
1134 55
93 18
1682 12
450 67
1910 89
660 48
1840 10
417 61
937 35
441 85
421 26
1537 57
430 43
1709 93
1837 11
1696 40
641 86
1693 60
1917 49
265 91
856 38
880 51
972 79
781 23
975 79
1193 77
1278 54
1003 1
958 61
512 47
772 22
582 1
1124 61
10 6
347 10
1198 8
1057 44
680 86
117 20
1613 33
1557 62
988 90
1339 25
1671 32
824 89
772 78
457 93
377 86
144 12
488 65
1237 89
774 41
1948 19
543 91
1822 54
1198 46
1915 28
1931 37
1950 83
661 51
904 78
1319 90
1823 93
1928 39
1605 62
1851 9
1265 67
1316 22
1112 47
1134 37
1585 21
1127 88
212 32
832 49
737 59
1636 33
1358 70
1583 10
1798 17
1230 45
596 48
1366 80
538 15
259 94
747 26
458 85
932 92
1200 99
1953 85
754 37
988 69
1618 46
440 57
1483 75
798 9
1957 75
1854 34
390 85
498 47
97 83
472 64
638 69
1102 44
653 87
960 26
1795 7
1960 84
526 68
1530 14
1819 91
1385 89
1481 32
1048 50
1661 61
1956 79
858 39
659 59
846 100
1007 85
942 52
1845 46
182 87
1048 92
1899 55
897 28
749 72
1050 60
659 39
655 54
324 44
1705 16
137 51
63 90
547 27
739 33
1903 53
808 84
508 99
1670 86
1564 93
1919 23
1527 44
475 92
1170 6
981 58
1338 51
1917 57
1319 65
340 84
119 40
1966 66
620 90
1818 24
1507 54
172 65
1519 79
345 32
1796 96
291 3
1833 74
1515 76
1969 22
243 51
1015 88
445 80
1345 30
894 50
1353 34
859 53
291 95
1790 48
1363 16
336 57
1590 96
21 17
254 56
100 26
1903 20
1290 68
708 57
171 66
713 20
1693 27
1806 74
1580 30
1451 55
784 10
1217 89
1726 13
1587 38
1171 68
1903 12
1492 14
89 58
1673 32
1068 68
1272 54
1915 35
1573 85
1521 46
445 84
867 27
1472 18
64 99
557 16
516 45
1053 35
708 43
1818 89
1375 96
203 24
1275 19
980 63
828 7
593 15
471 20
145 84
333 4
1170 32
812 87
1797 22
426 14
84 51
142 46
1510 12
362 68
1398 11
55 11
1172 26
1070 81
1471 78
932 9
1355 89
537 90
1823 8
462 60
1108 42
1855 52
393 97
321 44
694 78
72 19
76 98
1447 13
159 21
1509 20
1163 41
1424 87
1455 79
1610 31
184 74
1386 53
1024 7
219 96
187 22
798 18
1865 52
225 67
283 48
226 52
1095 86
1452 18
1528 68
994 20
287 90
1816 72
1409 48
421 100
547 43
287 74
36 22
849 60
1882 44
1354 32
8 71
1699 66
1731 64
224 42
1697 21
1159 2
561 72
1368 20
765 40
525 65
1815 82
716 73
1883 87
83 90
591 51
1825 58
316 69
848 17
1371 94
1656 28
795 33
579 95
1768 41
220 48
121 79
1921 16
700 52
707 28
840 67
1457 73
1038 74
1602 78
1079 43
1257 2
1718 31
146 9
588 23
707 78
618 26
1042 52
987 84
1115 74
848 96
347 57
734 79
1306 73
819 59
1157 73
594 19
1100 69
663 3
872 10
7 70
1528 33
861 64
836 8
1721 17
596 31
1841 90
1536 21
606 17
322 58
185 87
1139 46
713 1
1039 9
637 84
800 59
430 14
1694 81
1812 69
1225 34
368 77
874 14
834 12
1042 89
1814 96
453 68
1299 91
1458 16
1874 75
58 69
40 24
49 23
32 14
1672 21
1813 29
1890 95
57 41
1836 76
302 76
780 59
873 91
494 92
622 49
651 46
469 53
1844 41
1250 82
865 53
1457 27
1009 98
927 17
1596 88
697 88
1183 66
414 60
1107 77
1150 81
1102 36
1203 8
1139 65
1397 71
632 48
654 74
399 14
1554 22
357 60
1304 35
1640 90
1102 2
1527 21
1491 75
1398 81
623 11
474 9
897 17
1191 88
805 68
705 10
1349 71
1266 56
1318 53
46 52
1462 95
780 54
1020 22
752 26
808 18
1399 98
1396 61
1754 16
1110 4
754 36
1629 21
1202 81
602 79
197 34
362 71
1601 41
1835 73
1359 22
12 4
577 47
560 42
1750 62
1695 37
1974 83
485 23
1885 40
288 54
902 36
100 81
1291 91
629 39
1240 31
1037 86
1424 32
401 90
255 59
1616 87
1035 30
442 44
1576 84
1082 14
1665 55
382 57
215 32
490 11
984 54
46 16
28 91
346 26
838 72
42 40
849 6
823 49
626 39
1488 27
266 10
442 30
250 70
1751 16
1539 40
1289 70
1452 36
1173 5
1673 68
1153 90
992 16
542 73
822 29
1872 35
1871 7
330 67
1065 42
1030 21
123 7
150 70
1059 56
189 4
1299 25
1725 97
1099 67
932 72
150 29
1851 25
44 19
600 80
921 68
943 70
533 45
1483 62
1253 35
1172 94
280 41
1550 5
1939 46
389 2
1119 71
1122 23
830 20
555 82
1744 4
1867 60
1836 51
395 34
1391 56
1470 96
203 39
1535 8
818 47
644 9
1376 28
1731 31
1822 37
864 82
1838 37
82 90
1017 69
895 5
611 19
166 8
989 3
422 43
1684 49
607 29
165 87
1316 89
1516 71
1159 94
958 7
214 1
227 14
1475 70
918 7
1266 87
323 11
111 11
1403 2
1582 74
249 43
930 17
1884 100
900 51
1698 6
1358 44
1514 85
868 93
803 97
1643 37
1142 5
1581 83
202 89
628 22
1121 83
1175 96
511 23
1016 40
1704 65
853 25
1334 70
637 47
1371 27
1360 26
1439 21
1815 85
1074 76
568 93
1382 14
855 5
546 84
1795 77
510 95
27 15
349 28
869 12
932 14
61 65
452 52
183 63
943 11
1651 51
1783 46
1233 4
46 91
257 3
1812 43
1723 97
1052 35
1343 55
1465 5
1153 54
353 94
517 93
482 13
399 88
710 11
332 95
1297 79
862 55
1169 21
1710 54
1098 40
853 22
286 5
167 80
1910 22
1108 98
1787 96
1401 28
637 2
680 41
684 52
1835 13
886 56
64 54
208 7
1689 17
1707 21
26 25
1343 66
189 53
1440 47
1303 27
1892 92
1542 14
907 9
1397 82
800 56
1506 87
1876 63
488 7
1756 12
1808 64
1814 20
1891 36
1099 31
747 47
1940 63
643 10
92 43
490 4
1963 22
72 48
261 18
836 95
1296 100
1373 98
955 73
987 88
817 92
1041 21
1003 33
1851 53
1634 83
352 48
97 35
68 7
1769 62
70 62
1777 67
1282 57
1369 53
1106 8
452 21
737 35
128 30
1772 7
84 68
1748 75
255 57
826 29
1871 60
1372 38
276 96
1033 14
1429 100
1404 61
257 45
1215 2
1861 29
1017 100
1423 29
455 44
751 79
233 26
1824 85
201 96
1326 51
1913 40
1788 52
1806 20
1621 49
114 23
1681 64
1782 92
867 78
51 34
1705 35
9 78
868 13
817 58
1291 80
283 88
905 44
1128 5
1929 25
1426 60
224 57
1142 56
1078 28
582 68
1002 97
424 1
704 26
1308 5
851 3
324 18
1328 3
711 27
1653 68
577 44
148 23
1939 71
490 35
1081 98
294 13
1359 52
1659 39
426 25
113 25
818 65
157 50
1540 96
1243 60
712 84
1212 13
1892 60
1359 96
950 33
840 72
1976 17
1063 100
211 78
1471 97
1970 21
282 36
653 50
38 61
119 90
1740 36
302 70
449 38
337 22
214 81
700 9
1023 18
1856 52
44 11
248 59
107 95
846 24
1809 37
1727 27
594 2
735 35
906 91
1166 47
126 85
1621 79
480 78
1363 29
1721 50
1606 38
671 20
752 37
117 72
1236 61
