9103
840 91
1541 62
414 50
1354 73
545 43
50 56
1068 34
1252 55
270 65
973 96
666 18
832 77
938 36
306 9
832 72
767 77
1245 43
1769 50
911 61
391 89
1394 66
233 66
1173 76
1509 17
1041 96
1092 14
1481 13
1574 80
32 100
734 31
1582 34
65 71
321 80
38 35
1253 77
935 62
750 25
596 3
1628 43
1574 76
484 52
236 52
1334 39
1081 33
1015 12
1700 92
254 75
959 31
441 37
315 11
177 19
1127 91
1042 30
985 97
1035 17
1065 21
1027 84
126 84
1788 60
534 15
404 31
274 62
932 2
1351 68
1587 25
595 98
672 36
746 94
1290 31
1024 57
1621 23
1438 13
1672 60
384 26
687 68
1359 42
1742 2
119 48
562 37
273 26
1066 32
1788 56
779 13
161 71
826 39
1664 4
1496 71
397 94
221 47
260 48
217 12
321 5
473 75
1777 83
116 66
388 18
719 5
263 89
145 65
100 49
946 65
6 72
1166 45
1265 10
1586 77
474 33
1731 31
1043 57
641 38
1136 49
1493 30
1230 93
25 5
1033 26
220 83
364 76
1621 90
1622 39
866 61
1025 76
1272 21
170 83
744 69
1647 15
1545 40
309 88
1251 91
1074 21
572 79
17 37
465 90
352 28
690 81
1035 35
991 82
433 21
834 24
1013 80
501 3
886 18
1576 92
744 55
1162 70
1720 6
1572 32
902 66
1249 9
1401 95
533 26
327 63
839 72
1188 6
454 40
1629 25
925 46
783 85
864 8
1349 19
98 27
1530 70
1103 63
1693 61
324 42
237 13
1706 54
1102 96
1540 46
359 20
1059 33
1601 26
175 28
154 33
1429 87
1191 26
1524 40
1533 30
457 88
223 79
924 49
342 31
1039 37
140 24
896 80
414 92
1669 94
1195 31
990 69
717 46
1438 52
457 68
1208 90
343 26
897 56
745 70
1563 51
649 3
282 57
769 6
911 92
1532 97
1777 67
312 51
1521 68
354 50
700 36
1356 74
1710 43
1550 55
978 46
1568 25
1283 27
1786 14
681 49
60 90
175 83
870 55
671 14
134 54
865 7
551 38
937 31
864 39
1629 80
102 72
1306 9
591 70
446 67
1755 71
1563 65
1227 54
1524 87
318 100
182 4
1241 83
23 12
123 31
301 76
1764 24
882 23
1564 76
1594 62
707 57
405 80
1099 78
1083 75
628 28
682 14
1654 48
1357 41
1306 91
1283 82
187 74
292 29
430 42
919 87
395 72
26 13
1509 96
506 39
1382 83
140 3
1488 10
374 12
363 66
224 84
803 93
1105 44
1212 60
760 48
1450 67
1240 5
917 31
71 53
802 25
598 43
1652 20
877 76
854 22
1661 34
814 8
299 41
1567 29
645 80
579 31
657 57
367 16
1416 21
353 33
1579 16
224 9
300 51
521 73
179 31
824 4
733 3
897 41
1355 74
35 19
1267 42
1017 57
1577 48
705 26
1285 1
757 74
860 22
1595 60
507 8
1276 88
762 83
762 56
1655 100
671 86
321 38
1139 87
1008 51
745 61
1797 68
888 28
646 82
789 24
40 95
749 6
986 36
1202 47
50 52
1035 83
1370 2
1312 42
1182 50
1385 90
1407 29
603 15
999 29
1742 54
57 69
879 56
703 17
1609 38
1248 21
713 3
1209 12
1079 89
1777 20
1070 8
985 69
1453 33
1272 73
921 50
1060 53
1077 20
1341 70
1125 20
1281 43
677 38
1099 16
877 29
1565 89
738 82
174 32
1805 20
1660 20
770 23
946 44
1144 62
1462 8
1090 22
1723 5
623 11
1441 95
351 46
652 85
514 90
995 73
1649 20
1567 75
567 25
1691 53
258 18
353 78
651 66
643 38
782 21
482 8
1494 52
1436 23
1227 60
1632 59
891 87
1679 66
847 11
296 11
588 97
913 20
1523 10
1381 97
758 46
1271 5
197 27
1431 13
200 80
21 33
1074 66
365 57
222 92
1062 80
1645 7
34 91
835 82
568 77
372 38
484 96
1555 12
133 55
896 99
723 85
1143 77
1000 1
1281 5
1569 91
1458 10
109 71
583 94
228 15
1090 92
296 27
615 59
763 45
1515 44
712 25
1610 42
1245 48
1281 23
296 76
414 80
858 65
744 28
1407 66
534 72
446 76
586 75
518 83
125 27
1334 79
1457 60
1763 57
1477 50
32 73
352 87
1434 9
1311 71
144 98
209 13
1222 12
1197 69
1108 10
805 78
490 89
1076 85
286 34
725 71
1544 1
49 50
462 75
814 74
1728 70
1640 50
847 68
1151 38
344 84
913 79
440 21
663 13
1204 20
1442 17
688 81
282 91
1271 67
984 54
237 74
1254 24
1619 53
773 84
60 24
1053 69
988 33
272 50
1286 24
1230 94
1610 36
1586 40
1684 51
1325 83
204 88
1527 94
459 67
1703 91
1219 20
1327 9
691 71
1792 22
279 44
792 2
1521 14
442 89
136 19
55 68
659 67
848 70
1268 72
445 88
594 66
1427 87
1386 99
145 12
692 68
1426 40
1769 70
453 52
1514 91
145 79
1615 35
598 100
1405 55
1778 63
880 30
284 49
1025 96
169 62
74 42
529 35
772 34
1597 12
1700 28
579 84
638 75
1643 78
1343 42
618 47
93 81
1332 69
55 38
188 96
1710 17
185 67
563 33
393 40
1547 76
679 27
1038 98
506 26
985 30
939 82
1672 70
211 33
1613 85
1669 81
1110 13
1004 15
1186 6
1179 31
1625 40
790 72
1011 19
849 57
714 57
1692 22
1582 33
654 90
775 13
1298 89
779 77
1438 78
694 39
1244 87
515 42
61 95
552 84
974 15
719 13
198 5
1250 15
1107 45
751 1
696 77
1554 89
404 14
1129 100
1504 82
1655 83
1584 9
1765 12
1640 91
168 83
252 60
330 81
1094 26
1208 80
1403 24
1476 75
976 15
434 9
259 76
988 28
725 23
361 97
23 52
1821 96
92 57
1548 57
1238 68
1558 70
864 16
1820 97
511 97
482 28
811 58
13 42
850 66
885 72
1057 90
286 80
548 81
1724 26
1333 65
987 15
751 64
922 52
1616 95
1004 67
762 91
847 92
428 3
1750 15
1433 100
368 62
248 51
1213 52
1799 52
695 71
480 57
481 14
125 61
1755 22
452 28
682 73
1327 85
706 97
557 84
9 95
1392 14
1761 91
1573 58
269 74
1555 3
526 16
905 78
1496 9
717 33
1238 15
1589 37
1739 78
708 74
1735 22
274 66
1431 2
1800 85
613 63
1102 41
1469 22
1548 97
1751 21
517 52
1109 14
1697 43
931 33
1205 9
1607 28
299 35
33 29
1501 50
229 94
1762 40
763 100
830 49
793 31
1717 65
1523 64
95 7
681 92
288 8
326 1
1192 9
1413 45
29 7
1809 8
1587 40
1666 91
75 38
42 64
1197 100
491 47
1416 67
1353 12
1128 95
787 40
279 68
1743 21
986 89
368 68
1171 77
68 99
1215 36
1523 35
475 23
16 91
490 82
695 7
36 81
275 1
827 85
387 95
1731 82
160 3
354 45
1254 23
144 73
455 40
563 83
677 57
1529 46
111 42
441 14
407 20
654 11
384 45
106 100
214 63
369 88
614 81
1146 66
228 1
993 25
1516 19
331 83
1811 62
697 98
293 98
1782 72
1173 78
1522 39
1552 71
1173 10
1406 10
897 48
1425 29
1753 64
1307 16
542 71
1716 35
247 6
1408 61
1544 68
508 86
1793 90
426 41
981 9
1191 60
479 20
1692 97
877 30
1457 57
92 99
1817 100
460 94
93 74
1009 21
284 93
310 34
479 72
1192 29
392 82
744 46
957 1
782 41
1435 77
1748 22
938 41
269 46
86 97
75 42
953 77
535 21
500 7
634 100
1452 49
1360 91
1549 8
711 17
287 4
1758 25
1025 44
71 26
1172 3
1409 18
1342 54
1820 83
1407 46
273 69
1694 22
1267 21
753 93
1183 13
292 83
1753 8
1019 89
1057 26
1659 28
40 53
849 18
790 47
638 77
1330 2
1164 38
899 56
683 94
512 73
333 20
747 40
1685 75
1156 59
1425 17
1062 59
1327 41
515 3
12 25
941 39
1748 50
620 78
266 64
1764 28
1521 77
1194 15
1732 13
270 15
1583 98
384 8
585 66
1213 30
1755 49
1211 48
519 54
169 16
1570 39
835 48
1179 72
658 79
125 100
1699 45
66 58
558 98
1191 57
1413 92
12 84
654 48
304 23
1712 62
1385 11
1377 31
389 2
1724 65
751 91
309 58
568 82
561 93
1131 98
1710 52
119 61
1804 6
547 84
138 53
893 95
497 65
501 65
761 7
546 91
786 20
656 71
1088 87
464 54
593 18
1041 72
1449 35
772 59
1620 95
1133 92
689 94
403 28
438 35
1762 38
259 74
530 65
788 35
1293 89
1680 71
911 43
445 46
1182 36
1557 35
915 51
1040 22
737 72
161 97
74 61
395 65
1009 90
773 82
1453 3
1583 25
852 27
776 76
35 53
454 26
750 20
104 75
812 75
714 18
382 42
287 52
1736 41
1269 34
32 52
163 17
1530 74
1125 41
1045 42
1156 33
1645 65
693 90
747 22
1338 58
803 86
541 43
1530 32
475 41
206 67
954 56
1337 39
862 7
938 6
522 96
1296 38
1439 91
1375 51
411 84
774 74
312 66
1445 45
775 90
1479 75
484 28
672 6
1642 11
215 90
1743 96
225 91
319 58
917 75
942 70
691 41
1442 21
1783 93
1452 13
1061 9
995 62
471 14
877 95
1088 15
972 58
886 81
1539 11
946 7
419 76
213 50
1432 88
827 1
340 56
892 57
680 96
866 49
1681 63
1804 85
1402 7
691 100
1475 98
1473 48
1463 25
1036 73
1415 57
983 88
1485 25
1017 30
100 60
421 73
1453 32
1407 41
1726 70
1561 54
345 32
715 71
695 30
683 63
834 84
679 97
1527 60
949 43
1684 13
556 72
511 32
373 67
1611 49
1183 75
532 29
1583 69
14 34
995 67
270 66
690 99
861 79
1377 87
962 41
1706 53
913 41
1263 18
649 53
278 4
815 7
805 82
1033 73
539 62
1220 66
630 29
663 44
1707 67
1580 32
923 11
1515 94
629 27
740 34
711 80
510 72
1110 41
1474 26
1798 68
509 36
203 73
800 10
30 99
797 72
1421 50
378 51
574 59
1701 89
466 2
824 18
851 63
562 99
1530 31
1680 24
508 94
1610 7
885 34
1365 72
1765 27
1279 91
35 42
1304 40
1572 7
1691 87
369 56
1071 24
367 50
213 9
802 38
1157 61
70 10
71 35
367 67
504 27
1115 58
1684 74
1317 17
970 61
47 31
159 40
1480 74
433 6
606 25
356 60
921 60
605 22
405 84
1059 37
661 38
378 14
1608 84
920 87
327 15
1807 93
900 72
850 25
852 53
1391 19
1024 90
1528 25
1519 9
35 80
1603 37
1072 43
736 4
1543 47
164 92
727 62
302 24
1240 15
1722 22
1668 4
212 38
1516 20
318 45
38 61
1714 77
1011 64
1676 15
37 68
768 73
1227 52
1286 36
136 9
1652 36
1373 53
992 1
519 27
1413 35
419 31
28 16
1785 30
293 87
21 16
1336 14
1469 5
995 59
1433 27
999 76
25 99
1114 21
727 56
769 75
624 45
342 100
836 5
1747 36
53 18
668 54
1260 19
501 43
164 78
1681 90
1426 44
1084 58
1289 10
1440 50
15 6
76 5
538 16
1446 62
1178 17
1645 92
235 80
1704 60
876 87
851 65
221 84
34 53
929 97
1817 2
404 60
128 36
961 14
276 53
58 19
397 91
1121 76
101 9
1309 20
1174 13
350 57
768 43
903 94
887 12
1288 73
1355 37
1488 31
328 70
492 92
348 16
1712 80
1160 63
809 70
1429 32
1076 7
1775 87
296 26
517 88
429 18
533 63
63 18
362 28
1383 37
365 56
1038 74
913 85
39 15
255 35
1593 82
778 67
1818 65
442 86
809 98
216 1
873 26
1773 5
1327 93
601 72
504 47
379 73
915 58
1692 89
1697 36
274 41
1769 25
1578 28
1534 77
514 86
1372 29
1078 42
1688 69
1210 28
896 91
1557 54
140 27
8 67
630 36
1528 1
1107 94
1262 1
354 71
228 45
53 83
902 5
765 12
562 45
1036 86
1329 53
1443 56
636 39
40 89
778 46
446 43
216 82
343 40
13 85
363 94
1049 18
1250 67
1130 25
1498 82
994 76
1491 38
1444 4
13 63
1268 1
866 7
1742 41
437 9
1725 98
1265 68
106 56
5 74
1060 76
209 74
75 75
266 64
1605 31
564 5
1471 32
1608 24
1796 30
1364 89
1050 6
307 94
1059 79
1297 83
716 15
587 74
1621 87
976 40
144 76
171 72
16 45
594 23
1646 79
924 90
1189 50
1302 96
1541 92
25 53
1697 95
769 36
1692 89
1362 8
107 100
1395 83
101 84
1672 5
107 12
1379 69
803 9
109 25
1648 69
226 39
998 20
1000 41
1107 29
559 89
202 88
39 85
991 54
1298 44
467 51
1115 98
642 38
511 50
526 66
1761 16
1446 79
382 63
1043 73
909 62
54 63
1369 91
820 7
597 97
64 92
1412 59
1546 69
635 42
47 89
1821 38
869 70
1296 64
950 15
328 74
913 14
625 15
444 44
451 55
1336 19
522 78
1060 74
670 3
460 56
873 36
584 95
543 17
932 33
1453 47
540 8
531 30
929 55
21 69
1635 64
369 82
606 14
355 11
915 62
538 24
150 39
1123 5
1321 13
11 56
1267 1
348 66
1150 40
1080 58
1417 66
1079 56
754 88
711 80
465 7
1158 81
1726 97
907 77
1760 57
524 31
252 9
1567 12
1532 8
205 8
1364 68
1544 92
1529 7
1770 93
514 6
370 55
58 79
662 74
540 59
1165 95
237 2
1630 22
111 83
291 64
1445 48
869 7
644 78
1278 74
985 100
646 90
599 51
571 53
1168 5
88 23
666 36
1147 67
1447 67
256 77
107 44
774 22
731 19
518 58
884 54
674 22
1766 90
447 95
1545 18
172 65
1569 16
1712 32
870 7
785 55
867 56
985 86
1650 76
825 14
999 34
919 41
129 76
21 31
1008 50
1472 46
