1818
214 67
27 74
249 33
233 35
17 94
267 40
314 43
73 12
140 7
169 45
280 44
312 56
348 21
95 18
70 41
286 39
31 77
134 95
19 1
193 95
256 63
51 81
317 47
87 50
64 91
310 47
106 26
213 47
124 54
227 52
221 82
140 74
312 89
107 60
269 50
160 35
154 36
167 10
34 75
101 50
132 88
174 61
246 6
68 20
134 12
57 61
126 46
273 41
291 84
89 9
17 19
161 100
340 83
88 89
169 10
140 2
149 38
121 82
44 15
332 25
273 76
25 14
181 43
216 83
269 12
310 41
307 48
313 62
150 19
352 1
51 31
28 61
272 5
67 15
223 1
126 38
270 45
87 2
91 47
67 87
196 81
11 52
22 82
330 98
226 90
243 17
39 64
324 50
317 79
186 85
352 45
174 84
209 9
316 55
13 99
27 20
290 26
232 51
251 36
236 65
348 17
127 55
356 22
209 92
325 58
109 15
16 91
124 3
41 46
362 98
19 44
125 42
350 28
186 55
148 94
148 19
229 14
66 36
142 2
282 49
135 25
160 19
355 64
138 11
346 31
271 10
41 30
147 84
263 79
305 45
80 81
341 39
66 72
63 46
251 63
125 16
276 93
150 97
223 86
348 64
242 21
328 71
115 70
237 2
134 96
340 54
138 21
182 55
185 75
107 50
363 3
70 77
147 3
80 33
55 9
336 34
156 70
156 67
357 33
28 18
304 42
116 7
251 54
127 21
81 93
34 94
107 48
306 88
278 35
309 94
209 2
105 82
187 22
316 29
161 52
127 89
178 61
257 48
151 60
350 78
128 16
281 69
13 76
69 82
193 62
327 65
255 27
251 33
89 20
51 33
148 99
228 65
127 77
161 82
7 81
54 61
134 1
325 40
254 31
218 1
121 29
107 56
52 22
45 48
36 9
259 79
177 46
223 57
284 79
235 66
180 56
170 51
146 53
111 11
265 28
26 51
330 84
338 5
72 38
247 37
274 47
28 68
125 93
4 3
354 78
75 70
239 89
193 61
125 57
72 47
156 8
265 99
27 93
109 43
303 44
17 40
9 71
349 50
266 43
283 13
219 16
147 40
248 17
356 39
282 40
20 49
299 53
17 96
66 43
250 45
69 61
331 15
183 30
351 87
205 52
106 80
262 10
294 74
178 48
257 48
169 90
138 12
347 83
307 20
250 98
47 37
178 98
145 8
33 13
339 63
18 13
127 81
34 36
355 88
306 43
339 70
304 74
349 30
100 69
59 43
37 78
349 29
227 65
195 52
275 40
89 92
276 38
242 95
58 64
97 48
217 45
222 36
356 92
187 4
112 68
16 2
148 61
246 32
72 37
360 1
306 12
203 88
122 50
298 28
40 27
346 100
80 72
341 75
320 18
36 6
25 41
73 91
80 29
172 93
341 78
217 5
357 44
53 39
77 70
154 81
264 77
271 67
265 29
139 10
143 97
128 56
97 12
233 58
243 21
157 84
112 47
170 97
57 72
197 62
327 58
310 4
104 8
285 76
38 52
96 64
128 9
179 100
137 94
188 68
48 7
234 34
212 57
83 7
47 14
331 80
299 46
24 50
15 36
57 74
315 25
132 25
211 54
15 12
117 48
261 59
105 93
206 56
85 46
247 96
312 74
291 44
192 55
315 88
170 87
291 3
84 73
191 45
42 50
73 32
322 38
351 22
84 50
280 27
132 80
269 65
110 86
258 33
255 61
100 79
111 19
205 32
161 94
329 17
17 64
254 88
47 13
107 10
316 58
29 99
282 38
317 81
350 79
216 29
26 52
290 41
229 93
345 31
38 49
267 97
16 26
298 44
176 15
255 70
12 72
289 51
297 93
32 18
173 62
15 36
244 31
149 100
202 81
357 30
158 36
255 72
108 43
8 49
11 71
295 66
46 3
302 55
83 60
135 82
22 64
273 81
156 99
137 7
251 30
74 80
1 38
240 89
29 88
270 69
147 16
302 29
308 34
364 51
176 35
291 2
155 91
358 51
75 31
327 13
219 71
248 5
129 38
208 34
318 5
362 61
45 15
73 81
103 5
329 88
222 91
95 45
97 28
207 68
73 20
341 24
124 30
9 54
60 99
315 35
56 7
127 23
324 81
155 60
90 4
312 36
303 70
139 21
248 4
56 23
261 28
149 86
137 28
275 9
239 92
128 78
42 92
302 12
279 68
258 49
346 90
244 41
280 5
63 42
320 32
87 58
321 61
60 60
284 7
333 89
280 82
347 56
70 90
216 85
254 21
176 60
11 82
28 68
289 25
311 32
232 8
160 79
332 48
200 46
273 4
106 84
34 97
220 88
112 73
167 12
175 13
80 25
104 10
188 69
151 22
260 6
137 2
136 76
357 20
213 89
244 47
30 5
174 37
60 47
20 62
330 64
332 55
81 17
175 20
129 87
246 73
97 82
126 78
16 62
142 40
212 62
282 88
212 21
56 75
308 39
38 79
328 63
324 47
214 71
161 76
88 2
185 70
62 68
301 65
251 59
184 100
242 66
35 72
206 14
134 73
121 80
13 56
300 88
245 45
217 68
326 9
103 97
252 55
243 28
224 28
78 46
182 15
121 69
332 46
352 79
144 22
84 82
90 100
302 69
268 77
8 57
341 84
318 68
124 60
62 75
133 88
201 77
79 100
129 65
337 67
249 14
38 99
177 7
15 16
75 36
130 99
136 89
7 11
37 37
273 68
342 8
309 49
50 12
150 33
195 64
348 82
28 31
333 58
50 5
99 99
6 56
197 1
192 22
47 48
191 37
93 24
17 51
47 57
174 9
182 65
304 52
357 37
53 40
190 2
244 30
182 47
60 7
152 76
353 98
93 89
347 16
244 6
64 40
76 60
268 12
44 7
280 97
66 53
20 53
121 98
268 57
207 15
319 43
259 93
226 7
256 84
27 1
125 62
62 46
303 22
265 30
138 96
95 73
118 80
215 60
76 78
60 83
176 23
122 35
291 80
141 54
290 51
114 89
362 100
267 83
344 98
132 44
145 28
286 77
138 48
359 27
262 39
113 16
86 75
183 53
251 32
73 75
143 66
232 66
77 51
67 87
36 10
362 21
332 65
135 31
206 66
194 32
343 75
194 16
109 74
301 14
46 38
150 43
191 76
116 23
204 7
35 84
106 100
74 98
197 14
154 46
133 99
213 9
47 98
80 20
237 24
131 48
327 57
169 5
251 2
292 16
205 55
304 97
109 87
106 54
8 44
305 89
163 58
182 73
161 46
338 57
50 41
136 97
63 87
203 30
323 96
159 30
247 82
235 82
139 78
298 73
334 99
292 92
321 86
46 78
301 95
146 8
130 45
165 68
191 94
112 93
308 57
118 60
91 16
97 47
244 31
54 32
159 10
263 26
104 50
10 18
71 6
275 81
323 21
80 98
304 73
81 13
179 54
191 2
76 94
42 34
78 68
340 91
211 33
317 55
77 5
163 56
14 6
175 98
210 57
23 22
145 35
298 61
129 9
15 71
288 67
33 71
71 4
136 30
263 98
45 87
337 43
135 2
60 3
256 74
46 33
329 2
92 7
214 50
332 52
127 46
250 20
280 89
45 21
109 67
227 25
274 36
188 55
180 26
229 99
87 73
38 78
174 54
325 16
288 85
272 30
343 19
296 19
75 16
233 43
79 87
215 87
234 41
161 78
321 16
137 74
312 78
114 12
148 83
309 20
127 33
119 77
87 72
190 63
299 35
238 15
41 1
332 85
188 37
320 16
254 60
202 53
35 77
113 1
59 80
128 53
182 37
157 36
343 73
114 3
245 44
320 80
19 100
114 17
120 64
329 28
15 64
79 60
351 51
291 17
323 31
159 29
85 32
262 7
315 21
263 7
295 50
363 49
358 31
218 66
338 88
229 22
90 39
149 18
349 60
350 4
279 86
96 57
91 66
132 7
202 98
362 79
5 83
231 15
230 45
260 98
253 51
143 94
221 21
182 19
173 67
217 93
350 75
109 6
188 26
55 80
163 90
223 3
202 80
230 18
314 25
120 1
241 77
237 92
116 71
24 10
202 58
1 27
67 67
213 65
79 73
317 11
138 30
58 86
195 77
126 83
177 45
106 11
315 53
11 85
359 45
201 88
119 88
100 72
301 31
159 25
320 70
49 8
13 61
65 25
141 93
188 54
101 84
327 96
215 31
252 11
290 13
175 14
91 44
106 61
303 92
6 93
90 66
52 35
217 76
278 69
317 94
209 1
223 52
10 100
355 74
277 94
60 92
307 66
257 8
306 22
163 88
280 97
242 37
298 90
55 42
243 37
258 94
146 57
325 80
6 8
73 27
61 85
153 83
76 40
342 53
280 36
364 69
54 2
65 29
118 51
157 41
146 52
269 45
108 56
292 74
178 36
245 3
199 13
36 94
204 37
308 43
7 18
103 97
70 66
315 74
148 48
337 29
287 52
200 29
330 54
319 11
76 68
340 50
299 46
20 81
137 82
11 82
300 44
134 89
177 55
358 61
177 96
297 85
320 57
136 17
43 72
315 67
243 63
208 81
271 79
7 52
146 58
176 34
124 43
294 9
125 62
9 5
84 60
315 44
180 43
30 91
261 66
93 49
259 81
108 95
262 25
44 95
345 51
5 84
170 6
67 95
126 88
233 54
143 30
209 60
134 28
124 64
241 25
343 96
145 86
283 80
15 23
284 22
190 4
249 6
315 23
219 99
180 19
341 27
259 46
214 53
96 83
316 47
262 44
27 77
175 53
120 85
122 49
316 62
229 90
169 52
185 89
76 11
94 7
332 40
256 35
342 14
198 57
343 46
344 16
262 5
183 79
332 34
296 86
88 17
306 30
29 100
295 15
96 65
260 89
95 93
180 8
186 80
356 97
45 15
44 64
112 44
11 85
265 3
9 57
48 50
362 36
26 50
304 88
105 35
84 8
282 4
166 9
7 46
362 30
18 33
254 62
7 90
185 7
110 47
159 76
238 78
35 11
137 47
34 25
133 41
170 23
89 67
241 33
38 52
340 84
277 100
96 29
282 17
125 61
312 76
160 69
217 53
301 6
15 52
46 66
28 64
293 100
51 27
269 93
189 82
53 83
23 97
200 67
159 97
26 42
209 2
330 24
41 96
224 74
173 89
157 18
233 43
281 46
220 68
283 79
308 56
149 4
156 17
117 44
134 82
110 24
160 54
288 99
351 77
2 17
23 49
142 60
363 100
171 11
222 3
14 97
195 17
322 87
89 10
171 85
330 67
204 95
162 63
274 92
289 86
166 70
150 90
51 29
329 35
168 15
160 96
31 31
158 30
79 92
203 68
125 22
122 49
4 47
32 83
140 100
118 81
84 59
214 16
66 33
296 62
275 53
80 86
34 48
177 3
205 35
185 78
213 55
360 14
307 36
344 100
49 57
269 66
77 53
7 70
327 8
340 7
103 28
211 42
85 90
53 46
94 13
46 13
22 36
280 28
345 30
246 94
138 93
172 61
42 2
25 2
47 92
10 28
25 33
246 2
239 75
111 99
230 39
279 98
150 76
123 84
284 52
285 44
282 5
328 30
109 42
250 77
292 79
186 34
302 19
36 89
33 5
281 93
189 9
336 75
65 62
173 76
148 78
357 23
188 80
133 38
208 90
243 50
40 55
327 54
133 39
340 45
84 17
243 40
127 53
252 27
65 66
43 48
322 80
130 30
229 2
341 69
296 84
275 9
193 11
294 22
5 73
264 64
363 89
305 95
255 86
49 59
357 36
128 49
33 73
62 28
179 35
347 18
359 17
167 34
340 50
321 92
116 99
335 62
255 64
4 31
197 87
88 13
324 25
234 8
70 47
87 91
42 10
153 82
309 34
300 26
264 32
267 74
189 49
177 23
121 49
110 40
17 14
344 57
109 46
253 92
356 61
222 28
219 93
145 81
198 97
47 57
174 2
296 35
339 36
18 24
234 57
38 31
321 95
128 54
139 2
170 96
30 80
120 67
124 57
140 58
195 11
2 89
209 97
157 9
149 30
340 69
170 60
106 55
45 64
282 62
206 60
97 69
17 18
266 97
65 44
50 57
200 26
46 52
351 65
301 27
151 43
187 66
271 22
196 91
164 58
268 75
53 34
285 95
257 99
262 3
209 67
117 74
203 56
125 78
148 80
159 86
303 68
77 25
53 27
65 95
194 61
146 59
18 40
55 78
150 11
104 12
132 42
85 79
49 91
65 99
221 6
280 61
189 94
158 92
222 51
331 91
347 99
72 2
251 78
6 33
214 100
359 77
113 52
198 28
212 36
50 14
334 7
48 1
197 51
257 30
251 5
270 48
140 87
185 22
218 92
192 45
86 52
247 33
302 43
245 33
175 91
159 95
8 55
70 6
190 83
73 66
345 42
88 58
306 80
35 83
4 81
335 17
309 93
130 87
79 6
47 35
93 82
312 77
316 3
287 91
109 9
233 79
181 67
61 30
125 96
250 100
181 54
39 33
118 66
36 10
335 20
244 77
173 32
81 78
343 68
174 62
19 20
72 12
309 73
299 81
297 4
153 43
188 69
119 52
196 34
253 19
355 70
91 60
350 86
112 8
9 61
23 35
91 61
233 90
343 41
162 28
4 32
184 92
57 50
359 64
