656
127 96
104 47
79 47
100 79
13 93
56 93
117 54
121 75
2 84
27 32
41 36
53 84
39 34
58 42
117 38
24 90
123 2
118 61
44 43
73 72
83 49
74 54
115 17
85 68
104 75
54 9
71 53
62 52
23 7
2 45
43 94
27 86
49 41
73 62
46 44
74 55
77 72
4 28
44 44
92 18
16 99
68 89
89 23
2 90
17 45
13 93
46 87
117 41
56 32
67 81
131 95
72 32
82 91
59 22
67 77
14 20
63 62
121 32
6 20
38 36
49 5
52 84
82 48
12 23
99 24
65 99
54 9
40 7
90 100
57 50
52 43
52 19
86 62
103 65
125 52
21 15
109 75
63 96
55 12
112 100
99 31
104 45
99 60
67 88
106 78
74 66
78 71
9 6
110 4
128 29
1 21
114 68
40 58
66 57
20 20
71 60
63 86
111 14
18 35
37 97
116 42
121 73
114 90
42 61
88 76
4 57
84 75
75 89
62 67
129 64
13 55
32 44
106 50
58 19
1 42
130 15
122 2
6 3
128 97
78 13
37 92
48 85
44 8
71 64
29 86
102 17
66 72
60 39
53 55
8 4
9 48
109 10
80 99
111 58
42 24
16 52
28 82
96 57
110 16
12 65
70 73
24 71
131 65
49 62
63 26
105 63
114 62
116 72
68 80
94 77
3 84
103 32
47 93
103 5
20 100
67 77
21 50
33 27
100 19
80 65
74 30
67 12
106 94
80 67
93 73
22 39
58 96
52 37
1 81
96 61
53 11
15 96
87 25
24 77
90 11
89 100
11 28
78 11
70 9
113 34
122 95
27 19
101 21
102 37
47 53
21 67
86 97
99 70
121 60
40 85
39 38
88 62
109 84
26 48
10 98
52 20
44 78
78 97
52 11
81 99
72 41
9 28
109 63
71 66
32 54
40 71
71 54
29 97
69 51
129 1
49 90
104 74
4 90
13 10
55 62
44 76
73 84
25 80
131 14
129 83
53 45
21 88
79 77
68 64
71 58
126 1
92 35
48 69
128 82
74 25
45 77
81 52
114 29
14 16
118 56
118 3
54 14
119 53
109 76
67 4
76 31
94 83
48 72
123 35
33 32
70 27
110 39
66 38
4 97
21 90
32 88
10 23
29 17
1 80
42 98
105 42
108 95
12 56
98 89
33 49
69 88
107 7
124 84
8 62
52 75
53 92
59 48
58 82
86 80
111 66
111 63
38 6
12 53
57 98
61 65
79 54
58 30
108 28
98 36
122 79
28 3
92 52
60 25
83 62
6 84
118 50
76 71
3 57
8 32
91 47
113 84
27 30
69 65
98 32
120 24
40 85
56 51
81 7
80 15
74 8
87 58
107 33
39 73
5 75
63 34
111 79
24 91
89 20
99 8
124 23
62 18
31 9
67 25
127 13
98 5
30 22
68 65
81 46
101 28
8 17
31 75
54 91
129 15
75 17
50 23
42 40
76 31
52 92
40 20
1 52
6 36
24 5
126 31
35 69
46 83
25 51
6 17
31 30
91 15
19 5
81 96
39 9
64 92
109 54
41 39
89 48
119 81
101 57
3 16
104 15
13 33
42 88
2 71
52 9
19 90
5 40
58 20
92 14
52 9
78 77
115 38
126 12
89 19
89 97
1 13
129 34
57 60
81 24
5 54
111 92
90 43
116 64
47 56
47 58
86 72
31 68
83 79
24 28
128 61
27 90
26 29
43 2
38 89
10 67
109 96
5 93
108 53
38 56
47 17
98 96
101 14
99 12
103 55
23 49
111 80
44 77
12 26
130 35
110 23
33 46
43 10
76 73
7 31
88 66
60 1
12 75
65 24
9 91
86 35
52 20
7 15
43 56
90 73
1 63
14 92
131 25
94 37
24 100
92 63
92 38
24 30
96 39
87 47
87 45
64 52
25 61
19 75
10 76
130 66
61 15
23 76
78 48
2 58
70 71
7 54
58 16
100 92
84 89
36 17
87 21
100 85
18 1
87 41
116 22
6 63
125 3
125 2
100 12
81 78
23 95
100 94
52 93
103 79
34 91
125 24
102 35
63 71
69 91
113 100
38 21
89 20
21 73
2 96
66 52
117 4
27 6
92 87
32 81
101 92
76 26
41 42
18 54
59 36
109 50
51 2
6 9
4 2
86 17
94 72
29 22
40 62
68 6
11 47
126 60
75 53
109 65
130 77
107 15
64 51
43 65
74 70
124 86
101 57
70 32
32 14
38 88
18 71
65 10
102 67
63 28
19 47
5 90
73 56
81 89
83 39
8 58
115 46
29 25
39 57
70 99
76 14
22 55
5 97
79 63
111 21
99 95
44 35
102 70
7 36
56 36
41 23
38 89
52 3
73 57
131 34
2 2
23 92
15 84
31 36
43 10
77 14
34 17
112 34
114 76
85 52
94 75
55 77
74 37
21 79
41 78
10 87
7 45
51 36
77 100
116 93
99 10
70 4
23 50
56 67
99 61
20 9
120 19
26 12
23 22
100 38
92 8
92 20
15 89
21 80
53 84
128 68
32 73
82 5
32 49
82 6
69 98
65 90
105 78
85 59
95 32
91 99
63 95
52 49
80 66
11 80
65 87
11 34
23 59
90 66
40 81
29 84
117 57
15 40
20 83
57 9
40 37
29 63
5 47
28 25
63 60
11 78
83 68
21 31
1 62
109 34
68 60
34 75
73 20
38 73
86 40
116 88
47 97
103 78
86 43
23 34
35 83
97 87
37 73
43 16
16 11
66 86
122 58
30 18
114 47
88 57
64 14
21 66
97 52
43 32
59 25
25 89
97 53
77 28
81 4
74 54
1 49
42 44
23 39
40 18
64 90
78 54
69 24
37 10
19 26
81 53
55 19
75 83
123 7
21 97
50 19
45 61
66 99
69 44
40 94
26 36
66 79
59 86
111 78
80 51
105 62
62 68
69 6
87 63
76 55
103 71
4 73
42 100
89 51
14 34
53 74
124 28
9 9
23 40
21 98
129 53
16 46
49 40
15 89
13 12
112 29
38 7
66 62
55 30
15 71
62 96
95 79
32 71
8 54
31 79
55 20
5 55
128 9
18 86
31 83
30 32
130 56
22 82
126 14
60 31
75 89
87 21
12 51
130 13
36 66
93 9
47 27
29 21
101 49
24 50
89 51
100 30
79 38
84 91
63 27
109 20
112 4
81 55
93 13
99 40
31 68
118 29
62 74
61 62
77 55
83 85
62 23
112 56
23 59
38 13
122 64
8 45
59 92
48 65
1 86
80 52
116 7
120 50
29 43
89 96
82 98
89 73
3 81
37 17
10 71
10 14
126 77
55 12
112 19
105 38
13 10
6 87
43 15
94 92
77 60
118 28
97 68
88 82
12 5
21 9
61 15
109 13
16 42
69 32
81 18
68 25
61 74
131 98
86 26
87 76
61 97
125 71
68 31
75 2
99 22
121 46
27 50
105 48
83 18
89 75
9 65
65 84
39 13
108 99
115 12
56 94
34 48
123 29
130 41
65 31
73 56
111 58
129 93
129 85
42 95
104 46
119 30
125 53
27 23
83 29
46 3
127 76
129 92
32 53
44 49
77 28
25 41
87 76
67 98
73 47
103 81
76 31
50 83
49 13
88 10
123 2
8 95
60 84
124 21
5 100
25 100
49 32
107 5
46 94
115 75
40 18
96 58
81 85
128 68
86 60
44 26
58 81
67 23
76 75
19 1
47 35
87 50
23 76
52 56
43 56
85 26
27 92
44 70
116 95
84 2
59 62
61 81
22 73
8 1
83 26
125 53
42 83
14 60
20 28
67 37
8 13
1 64
97 46
127 47
1 51
76 18
126 1
75 10
30 58
75 13
114 86
12 100
21 86
79 54
38 53
88 45
67 69
106 1
39 42
2 74
32 38
83 15
93 63
118 94
54 9
5 64
128 56
54 73
109 50
117 91
85 94
63 6
42 9
76 7
36 96
76 77
68 32
106 88
24 1
108 69
19 60
29 64
38 59
59 46
80 5
117 13
53 79
88 51
122 32
83 9
50 25
54 36
111 84
85 5
16 76
116 68
48 50
75 64
66 80
27 7
1 30
37 35
100 23
130 87
59 27
96 37
13 22
42 68
122 27
97 3
64 96
43 29
55 52
25 99
50 25
4 78
74 95
104 14
21 29
113 12
19 92
77 8
48 89
97 89
50 27
120 34
68 29
56 11
85 45
26 83
20 67
125 28
92 47
56 12
131 37
49 26
64 77
82 54
6 78
51 96
39 94
51 100
48 47
105 92
114 95
102 81
72 47
80 94
78 57
50 48
27 51
96 70
5 100
16 97
23 17
114 22
86 76
83 52
37 55
49 69
39 80
41 56
118 10
100 18
70 48
77 50
50 59
112 87
127 53
56 38
12 77
31 67
85 74
83 33
7 12
59 71
127 40
24 86
27 2
38 89
2 4
12 54
98 32
28 95
83 83
48 51
20 4
31 51
105 78
74 93
18 80
98 19
103 75
34 87
29 14
129 52
31 98
108 38
48 81
43 76
5 89
9 38
24 48
42 88
115 55
51 48
102 73
57 38
17 39
46 18
12 92
81 94
81 51
36 64
104 52
9 16
50 27
16 47
129 51
129 80
90 31
36 12
74 37
122 8
33 63
67 83
63 96
44 41
73 65
100 19
20 33
129 24
83 27
96 92
122 9
32 66
128 96
96 60
14 93
112 56
10 93
22 1
62 6
92 8
15 87
73 9
51 71
2 4
96 70
49 84
25 28
79 57
108 83
44 35
126 39
98 98
131 82
2 26
16 46
121 73
31 27
54 52
56 62
43 58
122 26
3 12
50 20
55 63
108 64
45 71
122 2
98 21
2 11
14 11
36 29
62 77
117 84
68 16
91 14
5 96
126 86
108 31
9 47
76 82
88 9
73 57
74 81
94 19
101 20
20 96
57 3
105 29
75 77
35 69
9 59
98 37
21 100
57 89
69 44
106 66
8 86
25 21
38 32
66 64
14 87
126 51
6 76
23 25
58 68
64 77
126 89
103 5
28 23
59 31
81 17
119 5
86 79
84 26
45 42
67 42
95 63
50 46
110 91
27 13
127 72
84 58
118 71
41 70
41 48
72 84
75 25
90 33
33 41
94 85
40 80
97 48
52 60
124 36
13 14
24 66
74 58
79 55
68 96
73 59
6 45
45 8
72 99
43 62
107 89
2 81
110 19
28 6
106 49
6 15
58 59
101 4
122 47
101 98
77 38
112 10
75 7
94 12
103 86
83 78
13 81
18 50
77 20
14 80
39 36
10 40
129 16
87 6
16 78
118 35
71 67
100 53
39 75
17 42
64 83
115 87
24 81
127 47
117 40
58 98
39 94
8 80
63 1
47 21
116 59
104 38
13 39
14 34
43 81
93 69
23 77
66 62
60 3
13 51
68 7
125 42
84 31
36 21
121 38
122 46
78 6
40 34
84 91
33 17
113 30
82 90
114 46
116 53
35 30
118 78
44 54
78 76
113 20
64 94
101 39
1 18
118 23
33 9
93 49
113 13
130 97
74 61
69 76
86 57
101 23
5 78
53 66
96 42
94 98
71 56
47 96
111 10
65 23
9 96
123 81
85 81
91 38
110 33
3 39
104 77
105 80
94 42
97 70
62 61
59 78
55 35
92 80
105 50
99 63
100 59
11 95
82 56
26 74
18 12
16 60
107 13
2 2
18 85
65 40
127 84
31 73
117 85
80 59
96 66
96 11
45 93
54 44
122 33
72 23
78 41
98 44
117 6
79 90
60 31
104 57
109 43
29 9
81 59
80 57
130 2
51 55
20 85
15 17
67 79
62 93
8 50
78 62
15 63
53 38
114 97
13 10
23 83
63 82
27 77
72 36
69 47
25 68
83 28
62 16
102 74
30 13
32 100
23 47
38 99
101 73
53 43
44 93
46 46
66 28
13 97
5 45
102 9
82 97
123 95
113 77
113 100
54 26
74 74
57 42
48 25
89 84
104 38
117 90
73 43
127 44
111 21
68 28
107 91
17 13
97 60
37 97
35 100
30 18
25 3
55 100
51 94
103 49
28 20
66 93
8 32
103 73
60 46
76 57
19 82
79 74
98 89
111 96
46 47
1 36
63 89
64 60
61 25
121 82
93 14
108 91
4 32
68 72
49 86
1 55
130 24
82 34
27 57
105 10
20 61
112 91
31 78
118 86
76 34
116 65
72 60
92 18
39 100
68 67
74 27
111 97
72 72
6 50
29 3
107 32
43 90
90 57
52 38
5 68
6 10
38 23
33 49
19 19
36 88
63 94
119 76
68 15
4 40
64 89
25 98
19 99
113 17
65 16
89 32
123 49
123 38
104 77
54 21
115 73
21 89
6 33
94 23
29 60
121 55
12 21
110 81
63 51
1 17
84 33
122 94
84 65
44 83
106 74
120 36
126 29
40 60
114 98
21 24
64 41
8 66
37 68
54 78
119 90
126 22
118 30
1 46
111 12
54 78
71 48
105 59
45 28
33 15
112 37
29 100
131 8
64 71
8 33
24 18
70 84
116 60
121 81
9 17
28 57
119 50
123 87
98 37
103 79
127 89
46 15
48 57
47 91
70 6
25 59
72 68
103 27
30 50
123 98
114 29
91 18
42 85
20 71
61 33
3 52
21 43
74 80
40 71
117 86
83 55
