5296
609 70
687 25
178 75
54 17
773 31
127 47
679 24
1020 38
629 81
800 25
47 4
954 90
1054 73
534 25
713 86
261 72
175 65
780 73
806 83
15 26
804 76
685 88
268 30
193 4
537 4
242 43
1016 42
1025 88
165 33
50 61
610 36
1029 96
557 16
9 28
971 58
198 64
313 40
909 72
636 59
538 56
704 70
160 47
498 20
496 21
190 83
154 23
221 52
80 58
761 46
718 21
36 81
1032 47
757 39
525 77
351 38
1025 34
226 78
924 17
745 74
744 5
989 34
359 15
557 69
963 60
599 52
1008 69
299 36
545 58
659 28
270 12
803 21
951 44
855 22
509 98
616 12
852 40
751 68
427 21
990 56
780 75
42 29
221 88
547 86
914 97
396 39
779 68
407 51
503 50
395 30
177 51
113 76
612 80
80 58
867 81
718 33
409 61
56 42
148 79
741 83
79 91
212 44
247 43
118 76
400 5
1042 4
996 7
796 37
636 52
731 71
985 57
500 79
156 39
939 76
795 97
1027 99
366 86
482 74
271 31
1023 19
806 26
865 58
332 31
996 3
1042 53
844 21
752 92
377 25
146 49
840 48
691 47
718 32
55 24
95 21
190 5
516 84
445 1
1054 59
520 99
1012 99
203 41
1033 20
829 36
841 33
195 47
176 19
509 22
957 53
880 74
704 36
233 98
334 69
446 90
483 12
58 75
56 73
796 96
510 10
565 55
132 10
169 64
339 30
696 95
905 41
174 24
525 27
27 24
723 87
197 81
629 83
159 14
998 91
803 33
219 58
447 11
984 78
824 42
906 67
849 88
258 78
1026 46
918 67
538 28
848 94
275 9
18 67
735 78
526 44
396 38
816 58
697 84
12 87
341 41
306 29
265 68
692 58
775 13
433 83
118 91
682 23
980 22
344 81
543 28
1018 5
531 54
575 59
810 67
289 70
335 37
84 92
503 53
346 86
444 73
880 55
667 76
402 45
547 14
286 8
890 26
494 2
747 93
982 53
32 1
520 70
896 2
544 83
582 61
423 53
813 13
897 92
393 24
963 52
644 25
129 92
193 86
641 71
623 47
567 15
28 42
490 64
633 77
501 33
303 11
382 62
827 38
165 50
271 17
514 54
167 17
353 82
983 67
213 23
370 40
899 14
552 33
865 87
734 7
270 97
358 67
773 9
245 14
278 18
769 17
738 88
418 56
842 41
378 10
1006 91
1022 41
280 55
996 93
333 89
167 34
579 35
462 25
723 27
323 31
67 71
297 94
861 19
866 19
216 96
745 16
178 48
567 59
44 36
1046 57
553 72
652 2
20 40
770 16
117 68
342 24
1021 30
392 69
540 15
1025 15
445 83
232 9
944 22
489 49
310 99
953 76
1044 19
143 43
150 17
627 45
739 41
927 56
641 25
943 30
567 63
900 66
201 49
966 9
632 76
657 99
173 54
888 53
205 40
1029 79
157 83
400 45
707 35
895 18
470 62
271 80
428 98
928 65
400 23
625 63
387 51
456 72
218 88
918 32
506 45
855 92
794 75
335 15
14 21
141 96
635 92
119 41
68 70
555 38
858 18
665 18
438 45
63 57
568 47
315 26
884 46
564 12
332 24
115 96
625 94
99 87
662 46
279 73
125 31
98 21
340 83
935 98
873 92
283 73
805 34
154 69
704 30
878 78
20 2
904 66
694 17
35 67
234 56
978 24
546 42
838 77
495 65
614 24
309 30
875 51
98 84
519 67
101 48
928 66
51 25
30 34
957 59
1007 48
707 59
145 97
78 74
269 56
76 88
432 9
899 33
1054 42
138 37
142 49
213 16
169 70
538 65
30 65
835 52
919 71
158 52
768 27
1054 64
27 95
700 23
185 94
181 83
172 67
679 100
849 11
594 23
563 66
918 27
59 99
540 17
356 63
516 36
552 43
133 1
235 39
987 72
635 33
736 19
864 99
945 37
777 59
756 77
536 61
974 49
429 57
659 6
860 86
660 38
706 62
691 93
970 69
1022 67
107 94
416 2
740 35
218 32
600 89
783 96
732 83
1018 46
843 20
652 25
226 80
356 74
537 63
710 4
1058 7
529 44
104 79
536 51
752 22
289 18
347 75
575 38
67 50
664 77
75 15
1007 7
895 80
137 73
343 76
564 49
443 58
939 10
982 75
774 46
716 2
38 79
786 11
689 29
670 91
398 82
73 93
129 40
825 2
48 18
351 72
703 79
480 45
486 2
800 58
1050 2
307 20
801 44
430 50
423 86
391 93
842 88
460 92
45 43
34 99
829 44
896 83
913 60
780 51
758 29
500 12
729 8
618 7
283 74
129 81
52 66
766 58
782 40
776 76
308 5
1025 44
1010 10
696 88
926 6
15 26
196 30
190 59
911 88
694 21
927 4
1033 10
750 92
785 1
976 25
121 27
419 10
669 86
684 13
1002 35
860 38
22 86
653 71
441 46
683 54
98 55
82 100
827 36
432 100
413 86
673 23
768 21
975 36
260 13
661 42
392 74
8 29
494 72
708 18
82 43
746 84
225 36
85 15
933 83
553 20
618 21
974 37
53 99
596 14
767 73
763 44
1052 40
397 80
963 22
60 41
673 88
92 31
814 43
744 57
531 81
338 100
158 18
308 98
223 68
155 5
645 71
295 48
643 99
594 97
752 91
1037 69
312 56
921 80
513 85
893 44
431 100
119 5
433 52
943 92
965 82
182 36
52 95
115 44
203 44
707 20
518 32
1003 13
657 45
248 12
1014 72
864 25
645 74
305 87
592 100
324 54
830 66
600 76
188 89
859 31
51 70
890 46
211 98
556 69
540 57
264 82
266 30
888 40
666 43
955 89
451 14
749 64
677 4
927 17
46 31
1038 79
199 99
408 52
378 12
858 70
145 84
551 8
546 81
247 97
119 80
701 46
1010 11
470 32
105 56
48 46
640 67
945 63
770 87
643 16
745 76
153 60
959 44
268 73
526 34
111 98
1053 57
732 66
382 65
110 69
429 53
562 94
15 80
108 32
917 13
360 12
237 95
149 3
733 32
796 69
918 73
119 20
1043 30
771 52
399 44
179 95
492 85
379 70
1001 91
836 65
94 8
508 48
331 38
625 43
731 2
699 5
738 66
966 83
660 39
247 33
724 94
95 15
981 25
485 41
116 32
971 70
617 14
900 58
484 72
1015 35
163 28
943 91
352 34
944 91
609 60
811 7
255 58
438 21
504 18
776 57
621 40
139 38
67 24
863 78
548 45
201 53
707 5
761 55
669 94
117 72
864 22
93 100
207 19
403 22
672 73
685 87
987 97
540 36
623 68
210 71
443 68
740 51
674 80
376 35
1045 93
15 9
777 86
628 32
357 89
549 38
542 50
21 68
810 82
1055 28
227 88
1001 13
220 32
552 64
255 78
196 31
793 97
267 90
912 62
791 5
713 57
217 30
81 50
75 84
134 92
915 25
227 37
1026 57
338 46
84 3
978 28
536 10
1012 59
786 33
945 73
526 18
61 6
496 48
1025 27
638 41
598 47
211 94
857 65
184 23
76 6
430 84
801 44
239 36
834 80
86 99
825 63
449 27
771 45
76 51
295 79
1013 46
391 73
7 82
810 39
731 14
204 4
494 48
214 27
987 76
1015 16
684 77
743 77
541 97
637 5
390 93
687 12
413 40
27 41
717 29
420 71
320 76
56 88
563 4
484 84
366 91
1036 32
973 49
978 63
456 6
42 20
896 67
945 19
688 52
84 97
960 35
782 91
237 56
301 58
666 97
446 40
730 15
458 63
928 16
313 53
548 62
603 11
487 14
715 6
872 19
763 48
538 69
474 5
339 52
81 96
426 96
541 83
620 29
791 55
1049 17
161 84
718 58
878 44
647 75
9 55
487 27
326 65
457 91
350 2
780 37
749 71
519 15
760 77
190 95
715 60
182 53
463 80
841 92
394 13
968 29
695 30
975 1
833 34
292 79
20 45
492 2
224 81
172 85
791 64
259 22
64 81
241 49
604 47
219 3
920 4
528 21
699 94
16 5
1019 65
291 88
657 74
985 22
54 75
361 88
561 91
762 73
162 80
750 9
305 2
700 74
513 50
129 4
488 90
491 22
579 28
1032 20
520 26
262 46
236 49
526 73
978 63
182 40
93 19
179 61
710 8
1039 77
613 22
774 62
373 19
1035 56
636 81
751 50
321 81
877 22
457 58
1029 58
8 48
267 40
30 91
251 63
725 26
841 24
57 61
165 19
44 34
23 94
149 18
644 52
511 64
603 34
454 45
472 33
1043 84
1049 54
117 12
586 91
243 64
239 91
837 72
857 98
650 55
953 24
738 69
232 57
812 84
48 9
235 59
608 43
249 43
241 85
746 80
419 43
717 97
325 38
967 54
498 89
1029 93
892 16
337 67
206 76
646 48
298 47
1059 81
240 97
1 50
480 67
842 95
219 45
658 53
918 57
314 34
600 41
455 95
82 84
843 41
262 50
361 88
81 90
661 26
8 4
80 28
958 15
408 95
377 94
216 17
472 9
747 23
958 17
503 77
1017 37
459 89
182 67
664 23
499 11
240 45
862 95
661 46
534 55
10 73
127 37
265 12
443 81
688 98
948 15
53 16
639 5
78 97
396 15
302 23
708 47
937 78
663 69
948 19
361 22
1019 56
645 48
67 52
607 100
815 18
743 29
670 46
305 76
377 93
626 86
301 84
148 98
409 23
10 74
525 53
308 49
675 26
740 53
762 60
951 57
192 49
851 18
436 27
536 4
666 1
178 3
456 58
558 27
257 70
151 81
893 59
46 72
94 16
477 90
28 25
792 82
274 13
530 77
642 10
404 2
754 42
917 4
172 11
479 79
83 62
1012 98
465 43
981 40
648 86
324 7
584 20
137 67
488 81
924 67
625 54
649 25
338 60
1007 24
698 26
56 45
167 92
619 12
701 15
8 72
329 27
984 16
311 62
171 16
509 43
589 39
89 19
1050 92
863 84
428 50
478 70
528 88
309 46
896 71
584 95
840 65
63 48
441 13
541 100
912 38
263 86
5 85
15 54
739 31
498 77
706 78
918 48
829 12
892 80
344 34
477 53
792 42
307 17
797 69
605 19
265 89
146 73
749 59
499 32
184 46
760 38
592 76
414 91
327 71
32 21
351 33
467 59
127 17
708 64
310 30
329 81
310 6
241 6
114 59
1029 64
983 9
13 75
173 38
534 96
450 64
289 6
673 79
385 47
606 77
337 42
366 23
977 78
176 93
651 62
772 39
446 22
731 62
1021 75
397 1
58 31
345 15
329 51
342 86
784 18
849 63
245 27
825 50
470 74
322 21
16 35
556 22
918 64
217 73
704 26
554 63
497 99
394 73
682 15
554 23
350 68
908 35
748 23
1031 66
565 80
969 64
33 83
505 41
565 2
186 44
542 54
963 54
419 11
13 60
698 64
155 72
707 95
977 89
212 50
566 16
75 83
685 76
587 68
367 91
507 1
803 70
540 17
847 12
671 70
662 25
1035 79
385 84
153 86
380 51
456 53
479 40
756 10
322 8
244 60
18 34
940 33
760 20
650 7
995 36
745 18
774 83
962 87
996 66
37 95
611 89
143 51
354 50
1008 17
315 60
754 26
868 67
767 94
168 36
841 66
680 79
377 42
1023 80
90 63
512 75
57 83
807 92
607 83
239 58
478 20
149 75
1006 36
481 27
843 92
388 48
262 92
708 48
406 91
387 18
196 38
324 39
519 27
573 70
521 26
429 37
1053 76
865 86
883 82
751 98
57 13
152 49
369 54
515 79
793 92
505 63
375 9
421 8
475 50
420 47
1024 88
41 2
268 74
208 61
285 67
976 93
625 23
203 95
301 58
728 62
518 38
1015 22
125 35
277 2
751 27
885 64
729 10
213 73
437 37
197 91
171 39
364 20
809 99
765 63
474 91
419 80
444 24
871 8
180 32
708 86
680 40
65 96
478 60
614 62
712 10
672 93
835 65
568 33
918 35
318 60
1053 75
82 72
85 29
129 51
483 76
63 29
760 60
442 79
91 59
213 52
550 72
277 1
422 59
929 30
872 93
761 64
276 81
61 63
644 12
414 61
327 96
619 28
326 13
1005 71
591 3
247 12
183 7
829 78
808 37
405 46
336 74
102 28
724 33
372 30
241 72
513 69
271 68
1027 91
539 73
224 69
693 21
740 94
584 86
131 80
351 14
569 85
852 99
123 23
608 87
71 29
718 4
1010 55
359 51
973 75
1019 76
757 95
513 78
796 9
791 79
627 73
128 36
128 30
159 82
10 2
1015 88
452 23
653 59
593 15
64 17
259 85
982 17
1054 16
632 88
21 65
2 72
854 36
131 12
276 88
477 64
122 47
580 11
37 9
988 92
818 90
748 80
228 9
916 31
759 49
471 9
841 40
107 56
151 100
744 37
296 42
760 61
137 91
631 23
277 8
96 34
870 69
505 39
290 4
368 45
757 57
151 75
346 98
230 66
1010 89
828 3
366 9
424 61
66 55
1046 81
937 78
425 72
986 95
463 20
107 60
290 61
505 55
113 87
560 20
574 46
694 91
440 9
55 57
65 53
843 30
595 67
866 10
710 38
126 58
98 18
381 45
1055 40
472 3
542 32
82 3
182 73
671 2
697 64
204 61
947 93
397 17
270 18
44 82
599 16
76 96
765 100
468 91
758 18
806 35
98 30
664 55
297 79
311 14
592 38
853 39
834 1
298 12
163 3
74 2
178 5
542 82
214 8
746 100
499 13
771 96
736 16
30 88
672 40
421 1
56 74
1037 36
996 4
