4060
427 22
319 4
407 72
112 29
604 95
200 28
424 57
364 72
554 15
470 89
365 35
391 94
695 6
553 5
260 26
679 100
303 66
74 81
513 23
323 11
120 57
477 44
298 87
328 26
360 46
106 58
271 44
212 39
183 65
309 38
510 83
33 40
788 9
746 75
491 28
625 28
617 72
262 36
579 72
531 39
482 49
178 99
771 57
257 42
235 30
485 28
485 91
731 79
568 7
538 78
642 100
705 69
400 79
470 28
752 56
290 67
544 53
490 25
211 62
174 24
327 16
293 7
771 73
233 15
593 74
261 100
97 96
173 1
749 99
245 1
366 62
633 6
681 92
804 64
304 11
631 9
658 85
75 42
537 28
20 28
565 25
752 59
122 29
564 53
715 65
736 22
760 68
722 83
441 23
742 94
672 44
370 51
204 18
706 70
569 100
252 34
540 87
462 38
270 1
532 19
128 61
104 46
449 17
743 55
717 5
663 52
543 60
463 63
802 15
595 53
777 9
724 84
166 1
253 94
210 56
603 87
169 92
291 85
52 26
788 59
751 51
684 89
385 47
604 42
107 91
7 93
397 78
117 86
786 65
317 75
329 34
121 62
629 40
519 17
128 89
309 6
45 74
122 51
243 41
196 46
152 13
386 74
448 38
678 15
363 43
123 52
776 91
337 95
650 26
199 36
630 5
76 97
804 77
443 91
605 18
387 38
556 86
563 82
90 19
498 98
270 22
389 81
80 14
769 62
769 71
331 50
674 3
217 14
280 79
298 55
413 73
126 18
691 13
800 49
798 18
546 75
249 61
351 67
354 35
615 69
36 77
631 29
710 44
768 23
371 86
440 82
596 90
520 27
385 66
764 70
809 55
32 59
790 20
499 19
549 12
300 39
67 97
626 65
574 15
760 54
406 27
139 55
527 19
478 52
34 46
435 29
14 45
99 23
206 56
150 63
49 62
684 50
746 79
120 77
153 20
321 50
375 4
178 12
270 27
242 60
112 100
445 28
291 21
352 65
584 52
28 73
602 41
688 91
663 80
72 51
276 45
487 85
130 98
151 95
298 41
528 26
726 10
701 52
364 73
678 92
779 92
411 77
207 57
533 87
124 85
302 58
674 48
768 17
247 51
238 72
501 77
295 34
736 94
60 80
621 96
74 64
720 21
761 14
788 93
218 77
141 60
424 74
139 41
435 31
81 73
85 25
15 13
403 49
155 1
222 32
589 71
445 94
278 45
412 53
554 48
243 96
59 83
779 84
422 69
193 87
373 67
774 58
245 26
96 21
143 28
33 37
305 11
740 35
340 60
636 48
221 87
321 62
388 79
249 60
695 95
799 59
527 9
212 10
592 36
216 33
661 40
726 53
693 18
70 3
280 2
202 81
102 66
756 90
117 8
357 60
157 29
760 47
698 20
27 24
599 80
212 93
137 89
309 45
94 29
123 27
532 92
5 11
39 63
217 56
51 17
760 17
717 38
765 66
739 54
159 8
453 29
117 19
792 68
445 27
725 25
732 20
508 83
164 32
149 100
7 86
540 44
593 48
781 50
424 37
136 55
514 38
645 53
777 27
631 52
393 41
647 57
231 95
340 7
99 9
524 54
701 52
554 14
397 99
269 13
744 82
113 74
489 60
571 42
336 52
69 19
507 26
613 10
366 33
594 35
595 87
221 61
169 47
423 4
802 32
381 6
475 89
524 73
533 16
442 35
772 39
611 51
229 97
250 37
564 60
515 21
136 72
12 93
679 15
715 70
165 24
656 20
447 88
242 15
310 100
12 5
350 39
13 28
364 43
668 93
782 14
246 53
812 60
597 31
675 22
41 31
507 80
471 82
61 9
561 7
119 24
280 63
557 84
157 95
346 49
772 51
241 41
172 32
657 72
365 18
649 97
644 3
793 90
71 68
214 29
516 35
392 34
552 38
509 10
271 69
85 87
17 32
422 60
326 51
19 40
591 88
415 97
302 91
202 45
458 9
140 11
639 85
632 41
428 12
289 44
710 17
37 94
365 86
453 62
207 46
537 72
461 60
363 11
222 86
195 88
584 58
13 100
414 17
88 3
182 67
681 48
54 11
257 88
623 16
151 12
709 35
684 33
495 26
178 82
1 43
731 82
12 16
162 65
65 6
225 1
409 44
490 29
254 22
35 53
351 94
472 91
284 57
66 99
76 12
460 48
308 45
211 45
579 20
713 77
223 30
66 66
787 43
222 35
747 44
549 54
358 62
132 40
21 83
230 31
729 3
282 62
635 16
228 30
196 97
110 36
634 85
189 94
348 49
24 71
360 80
189 66
783 26
719 70
727 38
743 5
678 90
313 99
764 60
457 97
207 56
201 3
542 9
546 84
530 99
375 62
718 38
690 27
492 57
432 26
303 81
667 47
19 91
125 59
458 75
426 24
725 65
572 51
754 82
688 4
479 69
612 35
559 3
593 35
520 95
433 28
695 8
586 4
288 20
39 43
158 23
541 18
637 94
272 71
426 80
810 90
131 26
40 2
750 95
620 59
470 86
117 86
126 73
466 63
526 67
601 1
143 14
739 61
200 7
791 62
519 66
370 52
772 19
548 36
183 20
192 84
521 76
802 4
564 25
187 97
707 23
597 58
610 55
51 90
121 49
384 77
348 94
391 58
743 71
495 59
342 18
385 27
365 57
690 98
262 48
626 77
275 37
502 80
720 3
183 7
660 82
672 96
96 77
180 85
14 98
332 32
806 54
401 11
42 85
771 30
256 35
807 87
600 4
71 18
332 26
526 42
651 100
199 17
107 44
475 75
426 94
434 73
77 1
534 31
442 83
62 93
597 6
517 43
138 94
9 64
607 67
586 22
537 57
610 46
39 8
42 70
687 14
735 10
742 48
784 12
308 42
493 55
130 87
687 20
82 88
465 64
131 12
281 7
764 32
528 43
142 52
533 67
734 46
580 76
463 52
758 62
31 30
706 16
586 2
172 26
144 11
766 97
496 30
390 11
128 10
663 56
266 45
214 54
90 42
595 93
693 50
305 74
209 20
378 76
46 46
787 35
200 29
184 35
78 44
686 84
686 17
156 56
29 26
191 58
42 73
593 63
561 69
245 57
339 59
374 69
592 19
217 74
529 86
283 52
185 88
271 28
229 74
105 91
509 69
734 53
281 8
591 22
661 43
286 23
472 99
595 94
696 65
298 99
135 78
36 85
712 69
43 47
10 34
96 9
613 26
270 6
135 75
200 48
664 44
465 30
496 19
231 20
692 72
746 34
253 3
319 15
362 5
25 58
181 1
733 62
497 55
349 29
637 71
439 62
625 27
534 19
409 74
33 92
658 92
598 60
38 83
602 62
244 91
735 4
811 90
278 8
51 48
360 95
505 67
219 36
680 42
378 4
737 82
9 32
519 33
180 58
441 15
599 92
373 89
522 31
225 1
557 48
106 35
81 5
775 96
730 19
353 6
704 77
752 51
153 9
491 46
483 5
53 31
552 40
603 46
69 70
739 89
466 23
495 63
169 42
567 77
348 19
690 12
49 41
427 49
414 25
263 5
623 64
496 10
441 11
184 44
143 75
336 85
419 81
397 85
652 76
155 91
427 10
375 10
115 87
78 43
107 67
341 79
350 100
465 16
299 79
396 72
530 75
567 28
672 6
283 67
670 99
345 64
554 57
777 11
678 55
606 97
67 60
107 12
47 99
149 48
34 91
6 7
652 21
793 83
564 35
124 9
269 82
195 97
146 61
387 20
666 26
50 91
349 62
467 80
664 7
359 77
503 77
705 20
488 37
83 69
387 8
369 53
718 53
796 26
434 33
213 8
286 40
682 17
160 83
601 61
369 26
255 23
394 72
149 37
539 59
498 62
29 50
106 33
53 73
76 12
395 57
448 54
567 90
187 82
575 40
634 51
702 16
475 4
280 58
362 5
751 47
168 32
258 27
451 87
333 100
502 82
446 20
662 76
470 85
309 41
434 61
64 51
99 63
587 68
381 74
140 74
158 76
654 1
47 81
262 68
415 100
52 88
252 64
243 55
500 55
409 28
664 97
95 11
79 47
625 23
108 22
721 85
586 51
565 65
519 28
732 54
170 71
65 94
744 49
360 61
274 77
203 62
410 15
143 69
598 79
331 100
433 87
409 74
265 53
163 56
326 8
607 95
27 56
420 32
4 59
52 41
16 81
12 97
64 29
230 88
13 87
572 96
209 20
523 27
309 67
118 76
174 56
165 90
497 33
577 89
221 89
468 16
343 69
687 2
792 47
67 51
342 69
255 40
748 82
781 92
749 21
696 3
776 70
727 66
16 90
377 94
690 69
651 3
756 51
719 51
521 51
794 41
412 91
137 1
686 54
235 42
142 88
7 8
5 7
66 66
383 72
529 59
259 97
430 12
650 3
71 82
368 65
561 50
395 1
611 89
94 95
169 100
654 38
70 84
237 2
92 47
637 74
16 39
549 45
546 29
374 97
374 59
193 76
179 37
695 61
179 4
256 71
136 57
43 11
477 35
425 2
397 3
585 33
131 7
78 86
598 77
297 4
257 25
541 72
552 9
729 63
314 42
373 87
673 47
401 90
184 25
13 51
390 16
710 69
255 46
489 45
117 40
439 79
728 47
155 82
221 7
568 67
389 60
449 80
263 10
105 7
481 47
276 23
647 40
266 82
713 12
240 80
770 2
449 11
599 70
557 2
400 56
354 34
790 2
222 59
803 39
664 35
568 53
151 3
633 8
522 45
280 25
174 42
492 78
345 51
175 72
265 25
600 30
259 13
659 39
58 73
751 36
195 89
611 44
80 66
175 19
85 88
150 100
290 29
172 36
550 37
552 47
763 16
563 53
94 92
690 67
527 97
707 60
172 43
636 52
801 56
52 40
313 75
28 90
87 7
255 71
286 52
768 74
114 86
716 86
121 49
58 17
365 79
1 54
329 20
644 70
461 80
354 25
475 24
776 6
253 3
587 39
435 33
478 11
708 87
545 100
430 20
290 20
114 33
600 79
665 50
781 18
707 23
501 28
508 29
219 10
706 90
573 14
230 65
392 95
794 38
305 8
323 70
467 6
597 28
127 17
630 93
537 57
676 20
589 1
431 38
45 59
582 94
448 69
244 74
727 95
768 90
575 65
407 45
520 83
238 3
179 51
341 56
604 9
168 67
761 19
391 48
399 30
87 41
453 13
640 97
578 28
491 23
167 58
590 31
45 52
275 69
552 1
102 79
672 74
727 21
214 24
681 58
603 39
212 91
227 97
89 65
287 16
22 60
656 79
523 36
748 50
326 11
322 9
158 55
559 4
191 28
516 8
683 73
443 61
541 93
638 79
690 66
511 34
535 8
730 80
731 50
538 26
74 42
693 25
764 92
768 47
572 14
738 64
509 51
448 38
400 62
139 56
414 86
639 6
561 19
786 7
789 88
19 1
166 30
6 58
459 53
330 81
53 78
562 28
377 23
179 18
149 71
250 20
786 16
307 69
148 57
575 26
148 28
638 85
568 8
513 12
93 97
300 18
68 85
262 59
436 85
80 54
60 85
494 67
545 67
440 7
239 26
53 94
488 84
143 76
511 86
156 41
53 60
386 97
799 48
732 18
781 37
318 68
600 27
750 10
230 18
795 92
504 35
67 93
281 88
694 5
392 54
452 83
436 62
607 18
359 68
483 36
776 9
321 46
292 73
516 51
326 90
176 100
719 98
51 93
551 92
144 37
355 24
380 38
132 32
455 79
57 41
34 27
526 56
5 40
70 53
134 68
219 17
319 68
100 28
199 3
88 47
780 2
319 70
97 66
537 7
320 3
427 80
339 12
361 56
113 96
223 92
93 71
24 44
719 94
593 44
162 49
605 17
340 34
488 29
63 19
213 53
765 79
282 5
521 53
112 47
13 24
491 30
425 2
644 86
811 71
466 36
727 100
233 92
595 82
676 11
257 24
597 7
511 51
326 73
452 49
577 54
656 13
422 65
702 47
807 55
755 33
280 79
596 7
274 78
404 59
68 90
427 53
671 56
532 78
759 67
148 94
175 1
344 43
373 42
120 20
560 53
635 52
59 55
55 71
56 65
370 59
51 58
295 40
165 38
506 55
3 79
421 26
735 49
700 75
718 91
454 8
4 14
699 73
760 85
730 39
137 31
630 71
152 41
591 19
726 22
11 99
2 84
509 59
43 87
553 82
272 88
616 9
769 4
22 12
733 34
405 38
431 92
367 55
56 87
80 85
546 84
124 16
28 52
234 66
711 70
731 67
494 16
297 84
547 97
767 8
3 33
699 35
106 68
753 42
740 23
749 9
277 80
488 49
12 33
142 58
291 36
292 47
356 83
228 87
654 90
24 81
249 12
709 42
733 60
498 58
473 70
507 7
743 58
639 27
409 39
373 48
523 44
35 72
545 79
758 82
711 34
514 38
519 96
586 83
4 11
376 35
620 50
25 53
277 85
339 51
784 94
225 92
797 57
283 2
323 19
416 69
512 78
66 11
116 91
671 54
268 100
276 70
21 89
302 10
512 65
476 70
520 37
765 73
373 23
262 45
100 81
38 96
801 38
207 32
743 61
371 53
219 45
660 25
419 83
547 40
448 83
730 14
659 48
95 53
302 9
255 89
808 65
80 79
191 66
746 41
605 86
373 15
572 23
329 97
710 66
533 9
623 14
250 35
719 35
269 45
243 8
591 99
146 15
349 78
676 52
756 6
234 70
29 72
347 26
321 66
561 36
357 32
558 54
348 93
517 6
210 72
521 9
572 15
801 84
