3113
346 77
269 83
46 18
88 6
197 82
235 62
150 94
593 32
100 16
410 17
344 74
88 93
103 78
456 10
521 53
574 59
381 52
315 65
132 34
156 38
411 64
129 42
561 13
428 57
196 22
256 60
62 26
522 63
537 56
284 17
189 73
562 3
559 83
617 22
353 11
527 47
454 41
28 33
326 73
428 90
439 82
392 84
520 17
594 46
462 9
349 68
546 76
602 92
45 62
276 22
94 28
570 16
280 90
287 45
3 51
53 84
512 39
276 45
379 28
186 100
73 79
336 14
395 72
46 41
323 15
449 17
74 99
505 39
546 8
108 91
237 87
150 79
37 22
113 91
249 99
235 64
153 94
107 52
432 94
609 37
394 82
84 78
452 95
334 41
119 47
290 51
426 54
339 18
574 15
265 60
400 65
211 40
322 3
262 20
285 17
496 16
609 82
127 79
57 95
596 43
194 94
198 80
285 66
505 20
135 35
315 59
574 43
551 76
553 38
508 27
405 8
186 87
565 75
208 14
377 13
557 45
395 65
551 72
45 54
29 56
315 4
222 24
106 95
499 18
87 98
95 48
508 10
321 65
407 17
393 92
161 64
373 87
129 42
399 94
524 16
452 73
242 73
514 31
81 4
152 31
115 95
80 83
279 60
239 61
432 79
161 31
484 65
21 65
582 50
40 20
17 5
79 95
321 42
35 15
70 80
31 83
129 72
158 44
405 25
412 73
200 12
284 55
209 49
471 53
606 60
226 98
24 50
554 48
222 50
499 27
578 60
592 35
341 47
507 68
361 61
169 81
383 11
443 20
493 86
222 28
270 29
121 57
72 16
294 96
488 68
292 64
210 40
349 53
245 17
315 93
607 41
5 11
24 54
609 41
240 66
548 15
281 32
355 39
489 64
40 84
14 25
88 46
83 36
336 30
54 24
306 63
562 33
97 83
98 14
265 30
237 74
569 7
462 21
276 78
292 36
238 6
507 63
597 1
235 49
601 76
450 5
100 37
79 99
247 5
495 20
620 98
91 65
621 93
439 48
182 82
284 27
126 14
415 70
352 96
326 88
315 92
533 52
17 94
419 4
48 80
39 51
613 73
27 82
423 53
615 3
404 100
480 93
319 54
511 53
282 4
388 100
406 100
570 49
193 7
444 93
233 96
614 11
154 69
415 34
280 37
71 61
339 33
67 2
204 20
574 96
448 9
65 95
141 81
560 38
524 69
585 42
229 68
275 88
195 21
597 4
200 27
148 47
578 41
140 98
63 73
309 57
413 98
471 56
500 11
84 56
31 54
279 89
196 63
130 25
265 56
309 74
36 67
254 98
240 94
385 37
524 71
86 85
508 97
125 18
86 3
310 9
122 81
415 74
120 66
194 2
91 10
13 3
117 37
467 86
592 95
76 28
109 21
295 89
463 7
330 54
77 37
177 60
139 89
243 28
570 91
402 17
72 47
158 23
621 91
56 87
35 100
550 79
295 86
135 52
236 43
613 9
353 64
550 50
552 29
618 58
500 61
508 38
613 78
254 65
303 7
439 37
244 92
532 13
219 31
510 2
294 54
288 28
365 99
454 44
55 33
439 50
405 59
574 10
99 76
492 18
182 83
311 12
434 43
261 86
446 59
163 35
547 17
388 83
532 83
343 98
562 5
181 22
51 94
128 36
401 53
94 28
66 47
5 34
1 35
531 72
258 38
21 84
410 13
589 77
182 61
292 63
138 90
2 35
475 63
178 90
547 19
198 28
3 6
570 13
352 81
414 7
16 85
218 23
477 29
267 65
402 12
381 29
542 72
535 41
379 78
208 9
604 39
237 94
115 31
13 22
251 55
513 10
184 65
316 7
511 34
27 89
320 79
146 25
108 36
89 9
592 26
441 76
396 30
601 94
143 13
185 38
560 75
357 20
62 91
166 76
114 40
582 79
74 26
432 39
112 47
205 75
184 43
459 38
297 89
135 74
495 90
422 3
30 46
71 6
158 53
271 59
241 24
390 69
303 97
454 3
74 5
170 38
344 65
195 88
490 45
238 93
248 72
221 15
4 60
609 24
259 57
451 34
230 1
103 43
566 100
135 56
436 39
87 45
265 88
191 49
575 26
183 79
161 94
361 3
356 67
332 73
143 17
466 18
397 1
472 26
490 50
385 74
369 38
267 86
297 49
483 84
393 55
297 18
256 65
227 40
155 4
148 4
323 71
144 11
554 84
44 48
380 81
64 68
522 77
136 63
165 7
609 36
89 95
154 54
71 28
50 30
423 81
201 52
571 61
476 86
138 43
186 55
361 34
421 1
525 35
54 71
538 8
595 82
124 66
543 82
130 25
486 77
153 44
577 8
143 5
514 49
56 20
333 100
486 10
161 27
139 11
421 6
434 13
441 56
231 10
44 53
190 54
129 58
457 69
574 17
536 81
559 99
130 42
440 83
465 11
88 57
241 42
122 70
341 69
5 6
551 75
347 65
298 3
607 19
588 95
196 45
14 3
54 40
520 55
539 40
346 75
355 68
446 64
448 12
193 14
509 15
484 24
141 42
585 28
372 17
15 71
163 14
316 81
373 70
97 41
440 86
432 41
417 2
187 66
588 51
166 28
494 86
8 64
174 26
127 72
448 76
61 10
341 8
324 85
162 14
354 29
24 6
66 59
317 70
111 22
587 22
150 6
520 37
460 61
379 83
572 21
255 10
534 46
171 97
268 41
197 88
159 47
37 16
420 43
435 58
200 69
550 51
390 26
611 74
475 58
599 81
557 9
234 5
384 35
605 15
273 78
102 17
379 72
151 13
330 97
306 81
83 91
199 64
354 49
573 87
203 12
374 79
47 93
32 56
342 44
559 73
359 29
28 40
256 6
349 10
119 77
127 51
576 41
30 70
123 59
595 2
250 96
171 85
31 78
98 81
85 56
214 24
193 46
262 55
51 69
173 51
12 92
241 82
298 72
263 23
528 46
217 18
166 32
447 17
212 98
239 98
44 94
128 21
498 14
268 87
282 62
584 19
328 30
218 93
133 64
129 27
29 53
181 9
27 47
406 57
351 50
406 9
219 41
450 66
155 76
517 77
24 26
316 70
413 55
371 79
623 93
126 66
602 4
117 51
304 33
211 10
427 30
616 19
555 65
327 32
520 91
121 15
494 94
541 29
73 61
98 17
443 69
379 2
206 32
275 59
383 61
619 7
550 76
571 19
617 88
289 85
151 4
432 43
92 49
468 6
86 1
302 54
445 29
259 15
141 52
310 14
596 23
14 50
528 31
445 57
216 93
562 39
560 85
83 20
483 73
412 73
149 42
380 92
80 40
135 34
594 74
519 77
223 5
506 37
387 55
369 66
573 83
405 93
250 6
415 22
418 20
349 82
215 17
67 12
395 81
347 99
197 19
259 9
82 14
299 96
135 93
396 37
473 52
495 82
278 82
440 99
606 3
323 78
483 76
558 96
505 50
122 21
133 72
74 34
104 72
324 88
65 65
402 37
596 12
526 3
150 57
534 79
92 82
562 52
424 56
379 85
201 67
348 34
196 1
441 96
280 80
403 46
338 66
362 44
247 68
207 25
368 30
60 99
522 52
26 82
111 38
178 32
575 17
80 80
377 91
40 59
349 69
554 94
152 54
27 74
408 28
86 53
549 38
253 11
363 45
358 33
230 52
353 71
88 56
499 47
487 67
621 96
87 61
57 81
466 40
515 43
281 57
387 76
571 9
450 7
157 78
446 65
280 2
86 76
290 48
310 93
88 35
332 26
149 35
548 56
11 35
481 35
112 27
176 75
29 96
329 68
508 6
131 51
209 27
510 55
32 63
395 5
250 37
268 9
170 45
213 30
6 12
450 94
575 93
582 84
514 43
53 35
407 25
180 77
564 63
315 86
397 20
428 30
557 72
121 24
542 32
493 98
347 90
138 70
83 61
567 46
536 36
429 39
29 3
260 34
505 48
281 89
540 60
39 91
261 96
148 33
459 30
116 91
577 26
188 19
1 49
393 67
281 67
600 69
79 81
372 28
611 19
251 68
573 29
185 52
345 55
291 59
85 69
208 88
220 75
201 13
57 27
139 61
551 20
415 57
279 15
606 36
241 97
489 69
571 55
480 11
77 19
499 21
474 86
356 57
157 53
2 42
557 24
434 17
354 70
129 8
155 85
450 97
91 55
522 74
262 21
296 80
119 62
84 62
421 23
496 29
608 95
611 20
94 71
73 23
362 25
564 20
559 65
542 85
176 45
489 40
280 72
49 24
274 77
39 2
223 48
360 24
15 11
449 28
185 39
514 49
328 44
139 49
48 43
498 87
570 31
245 58
562 71
69 2
528 89
612 42
560 52
443 45
23 73
457 56
205 20
151 58
583 90
242 29
446 86
345 80
558 51
540 3
420 72
448 9
496 46
526 55
444 94
560 17
529 88
237 91
108 5
572 64
489 92
94 51
472 20
224 69
458 41
197 64
318 11
229 74
328 53
90 37
523 17
125 36
166 98
52 33
415 95
294 89
243 19
580 20
22 11
374 34
522 49
600 31
517 89
1 4
360 99
395 9
585 43
152 70
347 26
328 22
27 65
177 59
141 40
13 67
29 60
244 26
525 64
142 37
347 6
136 64
292 61
555 76
317 73
308 43
169 29
62 3
501 99
570 36
92 94
299 24
320 27
133 97
67 29
591 60
317 73
527 70
248 89
75 6
510 26
524 66
468 29
435 17
516 82
367 48
11 7
173 13
319 6
558 98
355 74
265 91
531 21
271 50
462 73
315 69
623 44
159 15
198 55
69 35
225 77
234 26
193 38
136 85
539 51
534 6
330 71
376 15
248 28
420 61
504 24
37 20
507 25
76 56
155 20
38 32
514 78
434 78
187 25
139 65
11 99
144 59
529 93
408 55
36 2
285 19
262 6
308 69
325 57
528 97
221 87
130 24
442 86
288 49
586 77
112 95
142 91
133 49
379 13
162 22
451 48
140 8
420 38
428 7
237 91
612 27
338 2
77 11
266 31
191 73
354 57
184 88
96 87
379 70
250 73
38 88
589 10
405 25
305 13
394 82
168 88
72 32
554 95
445 14
372 96
601 85
47 98
14 2
333 1
109 66
28 58
76 33
233 32
324 72
69 53
511 83
89 3
426 74
431 61
294 39
509 82
203 45
464 38
176 75
606 11
536 70
452 72
544 58
608 35
257 19
274 46
279 68
245 73
100 87
376 90
594 34
515 30
522 48
91 32
277 76
223 81
115 94
350 70
395 65
460 50
441 16
466 87
136 34
350 99
135 76
21 15
354 60
401 45
309 95
550 73
332 42
536 74
489 18
365 18
310 15
96 22
237 41
431 8
56 92
534 8
401 63
205 93
212 5
231 6
479 95
169 2
208 15
437 24
557 5
335 42
342 75
612 38
517 41
358 64
260 48
486 97
137 16
293 62
408 65
192 5
105 29
319 67
464 89
247 56
358 30
513 94
67 91
621 42
480 32
472 97
289 59
323 66
561 82
38 4
507 36
128 45
538 94
498 68
553 44
404 45
119 13
252 67
554 30
216 57
182 48
231 82
605 4
571 70
194 22
336 54
402 35
266 97
311 87
352 26
154 19
231 5
374 6
357 13
427 32
309 2
463 95
252 82
348 73
385 37
340 2
554 22
486 75
560 37
365 30
29 26
165 1
539 47
452 85
143 3
605 46
449 19
302 21
373 41
219 18
470 59
272 9
481 75
523 77
223 89
246 46
154 26
546 79
547 49
135 88
475 65
93 46
583 40
604 96
5 48
587 11
510 1
453 97
458 56
49 40
325 26
391 48
475 42
225 55
613 41
96 76
34 28
361 42
459 37
120 8
457 72
82 28
440 5
441 85
103 82
118 24
459 59
347 98
329 41
454 3
331 91
187 17
73 13
296 67
77 67
615 44
218 90
31 80
290 55
123 58
130 34
14 23
451 50
253 39
466 52
536 11
383 49
353 18
441 26
105 90
398 41
366 38
430 49
317 2
533 66
485 41
126 11
615 46
32 61
92 1
109 21
192 81
482 30
240 40
577 84
563 27
368 68
293 92
192 81
587 55
117 76
350 86
108 85
508 8
240 90
67 13
255 60
526 14
47 28
107 81
533 9
373 75
494 31
195 35
117 54
300 12
619 67
181 37
292 27
534 20
618 43
463 36
612 95
268 46
313 32
619 16
282 97
603 30
305 88
371 8
383 27
613 32
305 1
585 37
499 46
175 99
609 99
221 61
575 25
555 65
208 10
403 24
356 70
206 48
139 42
493 81
101 26
118 50
611 3
332 52
31 10
233 67
537 93
561 33
117 49
318 38
176 81
475 26
104 62
608 52
60 28
215 64
498 55
249 46
164 92
588 85
569 80
600 85
534 58
448 12
349 39
287 39
521 48
51 85
357 83
311 92
203 79
450 54
276 87
121 88
245 18
512 25
399 44
495 8
127 75
219 82
584 1
469 49
470 25
591 93
456 62
25 25
265 13
619 89
277 74
383 53
500 3
13 42
129 58
53 38
287 58
325 48
604 86
492 73
294 72
595 27
320 42
145 79
16 56
373 52
180 13
221 64
120 39
41 24
342 37
147 19
263 4
210 17
328 80
78 48
488 12
346 40
366 68
531 63
616 20
421 28
78 35
389 47
291 46
607 65
536 70
518 42
183 46
221 63
386 44
431 92
245 7
556 83
393 65
395 43
71 79
143 4
385 19
251 5
367 73
482 82
196 57
165 87
45 6
327 11
353 45
546 87
588 92
153 4
335 44
272 50
109 94
590 76
263 76
218 23
411 65
379 18
400 21
571 51
571 43
