5080
159 18
53 60
712 74
536 38
985 54
893 97
656 52
121 54
585 42
780 1
971 41
925 61
290 23
960 15
88 51
8 9
59 16
293 14
55 56
443 35
903 36
946 54
182 23
846 25
189 95
354 50
199 50
239 45
786 40
846 41
260 80
412 1
299 75
222 76
803 85
944 20
53 85
85 74
849 86
272 53
341 64
81 97
49 32
678 82
355 97
250 45
921 51
154 2
746 10
581 58
484 76
139 49
799 70
169 41
158 12
891 93
440 34
80 31
542 69
18 54
437 81
991 85
600 27
589 60
551 47
483 42
826 82
316 76
52 54
985 55
900 100
257 71
558 53
483 83
631 82
246 25
189 6
422 40
591 50
683 4
112 21
24 95
321 74
335 10
325 72
1016 81
988 99
832 74
877 85
613 1
861 81
75 30
852 39
609 3
146 72
70 23
185 98
792 10
32 51
797 98
230 32
667 56
786 44
104 13
98 62
192 4
408 44
904 41
519 63
625 59
580 45
927 3
625 47
164 10
434 84
345 27
954 81
506 32
912 89
679 36
309 44
865 40
815 76
75 69
305 60
890 11
662 84
776 92
564 42
115 48
188 81
949 14
734 75
791 96
818 40
684 56
359 90
383 25
91 87
196 85
13 98
330 27
136 2
733 2
100 7
442 51
871 66
325 39
319 20
378 39
401 88
257 77
304 33
447 84
527 8
308 42
559 55
743 35
257 8
532 67
96 100
376 71
430 32
919 78
857 88
182 74
711 62
637 95
886 34
454 63
664 37
876 94
28 82
768 47
97 79
944 71
332 13
907 24
86 89
325 39
176 58
810 67
87 85
143 20
232 67
472 75
74 50
798 96
69 9
160 18
523 29
183 29
630 22
379 26
450 74
538 19
988 54
196 21
539 56
50 20
69 14
888 73
409 55
952 75
850 23
468 22
668 42
158 42
32 59
119 86
786 51
83 39
903 64
131 48
214 71
647 70
695 42
616 37
802 55
311 7
873 12
535 78
201 51
202 32
936 100
517 38
174 14
171 54
256 42
640 20
179 80
399 5
714 63
9 40
846 2
15 10
532 30
657 99
830 69
547 39
900 30
144 35
876 55
51 29
723 16
146 96
718 51
171 29
248 29
963 91
478 83
286 35
367 55
882 64
675 89
802 83
880 2
598 20
435 90
317 70
647 51
315 54
670 38
848 21
425 29
464 96
502 19
25 55
543 58
224 51
505 86
817 96
306 43
432 44
888 17
340 57
877 65
73 38
308 18
809 4
151 26
525 88
193 95
195 19
658 55
644 17
525 58
991 20
130 75
759 16
720 43
145 75
833 30
761 51
915 20
172 94
814 8
533 21
990 15
1 75
839 10
472 73
951 94
147 24
694 72
628 13
644 20
821 20
1012 83
871 84
757 16
428 31
186 21
696 85
311 70
813 49
633 87
813 98
341 3
812 79
663 49
298 49
529 39
619 88
853 8
781 11
228 10
156 43
740 26
503 22
722 31
367 1
952 71
578 10
709 94
733 90
788 66
438 60
463 35
167 57
205 16
180 65
380 87
750 82
111 36
1001 38
956 10
975 30
939 12
589 96
872 27
617 58
609 86
267 76
215 91
614 93
433 20
551 61
121 12
433 48
969 1
738 56
797 91
447 56
359 100
968 57
277 38
228 28
220 69
591 4
588 23
470 56
518 35
358 98
681 83
89 58
626 25
262 49
570 83
569 4
914 7
950 17
263 24
656 57
202 9
559 1
479 23
153 15
396 28
463 43
925 6
164 52
294 59
553 78
248 90
175 2
850 29
85 5
712 92
106 55
778 94
137 44
790 99
94 77
860 100
216 24
406 47
619 15
351 22
170 93
603 78
646 11
620 40
37 3
816 12
428 18
480 98
476 22
391 92
98 41
904 10
463 81
619 21
136 20
886 19
991 12
272 69
236 38
921 36
830 16
756 26
315 99
396 11
717 18
203 3
697 98
227 60
89 17
560 14
789 72
74 16
468 13
406 45
135 70
871 51
881 77
346 30
403 16
403 65
321 14
443 60
632 34
714 91
660 3
597 25
983 38
763 65
381 67
842 82
636 29
198 78
445 44
194 24
975 13
689 26
265 34
566 45
474 83
543 6
113 62
314 65
414 73
333 31
416 8
542 36
315 65
241 6
851 95
451 77
861 84
765 65
683 75
193 6
1 10
708 7
338 19
316 33
253 22
878 39
867 31
525 17
117 62
226 87
19 27
699 24
839 5
962 41
171 18
202 13
217 10
871 94
46 63
872 24
765 63
177 26
115 65
830 86
113 17
714 93
945 57
871 58
849 69
143 8
167 85
285 49
656 25
80 60
462 82
710 82
323 79
1010 12
458 9
225 38
920 42
1000 87
185 18
166 29
570 55
701 21
555 21
80 100
182 10
537 48
275 8
718 83
929 86
1013 50
1001 66
428 63
867 77
254 57
145 36
728 98
523 58
776 59
493 6
369 61
933 13
913 12
432 10
786 11
223 96
903 100
186 77
166 67
70 15
758 55
993 47
261 32
663 17
420 56
626 19
934 54
843 72
262 35
703 60
817 20
621 50
836 95
409 96
230 43
203 44
320 99
465 68
264 15
808 40
406 20
240 10
949 56
536 10
103 85
505 59
615 8
183 52
346 64
189 10
841 28
821 100
529 87
207 80
483 9
950 36
129 6
341 96
124 27
984 46
915 73
400 20
756 52
31 45
859 17
590 1
911 1
509 21
434 46
616 25
277 73
872 48
529 61
74 79
908 1
231 56
127 72
389 27
823 42
396 64
673 94
733 80
640 96
834 41
912 54
857 66
313 1
991 17
752 2
813 1
375 45
668 35
884 16
140 56
52 80
696 75
145 60
645 38
117 34
439 23
299 80
249 3
934 71
823 35
365 45
66 89
63 82
972 5
328 46
226 29
47 34
788 72
73 91
612 95
534 62
553 87
233 79
788 4
355 96
53 55
29 14
845 43
313 1
325 64
617 89
1011 41
127 59
164 11
871 85
386 50
435 28
870 28
670 18
367 18
773 44
533 53
983 5
380 78
598 34
964 25
311 84
181 90
811 61
898 52
737 57
190 47
513 100
395 93
68 59
238 50
848 39
140 50
279 12
160 51
200 52
989 57
539 22
966 41
474 55
276 64
806 5
433 6
953 64
868 41
2 66
607 49
618 71
401 35
908 93
850 80
989 22
430 51
360 11
896 55
485 75
1000 99
487 24
145 91
266 99
764 74
655 52
68 12
176 90
79 64
605 70
164 57
260 80
798 17
53 8
747 5
645 53
870 32
782 38
64 20
216 66
728 73
599 11
240 32
327 2
786 56
975 12
773 70
749 84
230 1
663 66
244 100
526 18
106 54
215 28
335 70
38 40
977 17
62 81
257 87
635 52
645 34
119 88
117 30
604 100
677 9
567 39
549 51
292 71
759 54
394 83
233 35
266 74
689 65
559 98
843 1
868 57
656 41
955 29
897 44
259 60
786 60
515 16
645 48
153 35
54 71
864 32
486 72
764 7
971 49
761 11
824 16
227 38
146 87
722 8
118 28
864 53
744 51
542 1
70 38
60 64
532 57
392 64
104 22
1001 13
935 48
414 6
740 71
518 23
598 26
292 49
376 32
102 27
322 72
9 43
90 99
244 99
482 20
76 62
218 38
545 81
764 68
378 84
37 46
58 54
582 31
347 78
839 47
319 2
526 66
901 53
399 28
732 14
408 46
334 52
1007 11
419 3
231 11
785 23
735 3
55 67
288 49
731 24
147 55
482 98
679 97
902 18
442 10
892 5
51 2
401 36
391 79
334 41
700 14
429 70
156 11
473 94
42 18
822 43
308 33
1010 44
258 14
420 10
377 64
754 19
819 76
937 34
80 12
321 35
47 48
11 94
617 42
665 98
580 15
404 89
854 48
1001 3
42 23
425 11
595 60
340 15
42 72
156 14
193 44
647 32
49 6
239 21
671 39
3 77
30 76
778 85
931 38
760 100
289 94
947 92
934 53
455 51
40 61
882 88
756 9
1006 71
477 4
1001 57
539 47
333 1
5 18
691 64
937 87
619 92
383 53
623 48
938 38
136 55
833 87
503 46
656 80
295 60
903 42
407 57
543 94
566 54
854 28
83 92
168 95
627 25
556 94
438 15
664 83
58 73
562 81
475 54
972 77
679 76
393 88
632 97
927 10
249 46
503 96
370 24
335 54
792 61
903 24
605 72
718 2
1000 13
390 17
941 33
878 64
880 51
481 77
920 59
488 80
61 16
977 21
742 32
303 2
815 54
652 27
795 92
487 54
644 75
811 100
917 81
439 7
838 70
110 91
640 36
188 68
467 81
974 11
964 71
921 5
630 42
108 14
560 65
138 25
139 75
542 99
595 3
296 55
711 80
970 1
251 36
90 96
592 100
461 40
555 61
622 15
90 71
729 97
493 5
569 17
390 97
451 22
301 85
853 13
118 100
697 68
843 42
277 52
650 85
491 100
255 75
976 22
306 23
748 4
29 69
563 70
990 6
550 25
348 44
473 84
159 68
583 20
547 78
718 30
391 52
77 62
139 43
969 61
377 75
697 55
371 72
597 95
828 77
306 24
967 89
295 81
981 93
913 41
845 14
574 62
808 46
57 21
715 76
930 85
508 98
138 30
955 8
277 11
205 97
299 74
67 11
307 74
234 43
632 86
54 99
491 46
960 84
180 24
329 48
45 30
316 23
561 93
707 61
686 57
960 56
437 85
528 91
640 67
844 48
424 57
823 94
154 48
489 37
892 86
114 92
509 51
88 48
1001 28
662 37
303 83
241 10
212 39
908 88
623 24
176 4
874 55
460 76
303 97
6 14
336 26
655 85
731 28
394 37
853 21
179 50
32 72
61 29
748 68
749 24
575 91
39 7
979 32
48 96
128 30
933 92
659 82
783 91
78 78
419 46
233 15
1003 30
545 41
287 25
98 76
611 8
424 50
285 99
357 35
792 26
421 16
443 52
137 87
601 51
614 78
636 43
64 88
919 75
104 14
2 52
416 47
35 37
111 34
239 75
948 39
476 15
39 7
988 13
435 99
527 2
392 86
414 18
77 41
820 72
539 91
529 62
321 91
521 82
821 60
633 36
4 96
450 28
149 70
595 70
940 88
99 22
995 72
652 73
428 86
287 71
245 77
125 94
568 59
307 85
678 97
144 45
748 8
851 83
924 21
999 42
978 97
167 38
409 12
201 40
354 86
34 92
947 19
539 51
770 63
47 74
731 79
32 23
512 79
360 81
294 18
542 5
395 76
832 79
633 40
24 99
140 19
365 56
954 44
594 46
504 9
913 69
517 29
884 39
900 8
239 90
792 81
674 53
546 69
195 53
693 29
692 84
258 57
989 91
616 46
503 60
974 67
325 12
780 7
320 57
942 25
743 77
474 34
289 66
662 4
769 40
979 86
980 41
96 31
287 5
382 62
825 60
541 50
256 28
476 69
527 23
314 12
766 51
929 52
575 37
793 12
816 81
446 49
617 71
313 8
839 54
299 32
773 43
777 38
339 12
846 42
74 33
993 40
705 52
91 75
666 76
452 10
641 82
370 49
998 77
188 12
868 27
337 13
243 71
913 89
137 64
440 29
627 52
379 70
64 28
145 66
398 93
503 3
426 3
363 78
186 84
920 81
722 6
90 95
232 87
123 31
847 66
820 22
434 76
591 93
380 86
445 37
286 4
651 48
325 6
541 96
812 42
360 64
127 61
469 78
415 70
128 70
794 61
420 43
710 37
259 40
648 81
267 64
445 13
432 44
725 53
40 55
264 77
563 9
109 57
72 72
824 100
628 86
25 39
118 72
929 90
249 29
155 87
229 15
428 38
421 43
669 39
700 46
746 7
408 2
43 58
897 71
715 65
38 13
161 88
956 48
491 36
241 97
294 41
432 38
571 90
927 49
805 82
426 82
239 10
553 73
480 1
437 31
528 66
850 100
544 24
306 8
974 48
834 35
92 88
273 68
796 46
594 43
608 69
730 87
960 100
724 52
10 78
810 84
23 27
779 100
819 77
350 36
719 61
628 39
533 8
762 75
223 75
833 81
173 89
669 97
367 47
390 19
767 57
104 99
991 25
906 45
713 19
931 10
632 60
510 89
327 31
876 89
622 42
43 56
892 15
611 77
876 97
886 87
120 2
298 11
868 2
179 67
129 97
597 27
806 47
755 50
158 46
689 43
960 32
560 6
793 13
236 50
503 24
577 99
455 48
81 36
833 25
385 48
223 100
569 35
321 91
188 92
733 7
384 24
942 75
550 4
359 87
707 91
617 15
657 36
303 71
388 93
1003 21
341 10
249 22
50 36
739 16
434 55
3 60
478 70
496 33
175 56
460 78
743 84
198 35
292 48
441 97
855 76
589 63
259 76
467 17
583 56
485 4
316 53
589 65
455 11
106 8
913 41
730 68
847 41
1004 52
985 34
972 70
133 63
125 46
511 29
520 19
710 45
220 87
46 15
1002 50
581 27
805 44
363 79
436 47
330 97
884 14
128 28
219 60
789 8
101 57
203 50
612 15
93 22
397 61
386 48
602 79
478 97
872 10
531 27
602 97
136 43
279 36
747 20
618 90
140 43
872 76
218 9
310 80
963 43
739 82
993 78
881 98
88 74
699 50
975 25
486 97
347 73
502 15
906 78
405 69
428 1
464 33
870 26
41 54
608 42
830 88
571 14
146 64
371 78
594 22
280 97
780 56
583 78
664 16
399 69
525 46
934 32
324 19
850 37
571 72
98 98
391 48
664 82
524 33
934 17
539 85
631 10
817 62
1003 15
200 80
932 69
811 75
885 23
238 51
381 83
382 16
998 72
130 39
95 53
48 18
101 46
582 46
956 66
