6170
163 96
997 22
746 14
223 81
200 98
70 39
403 28
1181 21
65 27
18 80
773 22
1120 13
360 59
687 40
652 74
379 77
800 48
184 21
543 53
626 5
1118 64
458 58
889 58
781 58
397 65
576 75
672 100
237 25
555 88
701 92
1055 62
551 24
213 90
84 32
181 64
135 39
1206 8
500 71
1051 23
1107 95
81 81
947 24
337 25
450 51
718 87
790 24
62 98
361 38
1052 30
352 50
732 67
1186 75
1202 27
216 63
782 47
79 32
1005 36
331 88
443 67
108 7
942 58
93 12
159 70
267 27
901 32
555 47
277 98
457 70
653 51
504 16
330 52
572 48
630 35
461 90
332 49
202 68
189 84
141 61
424 67
527 69
255 32
571 37
950 51
538 82
963 21
306 33
717 96
505 5
292 88
469 75
120 35
1161 11
1179 74
960 64
209 57
75 43
1066 99
419 83
1034 11
259 85
1122 73
956 49
705 85
985 44
539 96
451 96
562 75
460 57
369 13
1114 11
672 32
641 85
578 42
989 6
443 11
469 57
634 58
1146 29
720 92
71 76
25 41
1077 3
1113 39
533 66
133 64
543 88
175 69
887 82
741 52
1130 84
14 67
262 29
685 84
564 23
921 57
1092 88
972 76
34 25
90 11
972 46
325 9
276 39
276 52
1128 33
1076 51
959 54
1215 61
288 17
600 65
817 78
630 35
128 66
712 11
1112 28
988 92
178 7
1234 39
884 68
761 21
571 91
853 93
234 76
607 21
619 73
587 28
171 34
751 56
1071 66
832 95
110 96
1193 28
373 26
327 45
1050 20
1227 6
188 66
1121 77
437 28
188 97
269 96
907 73
793 72
415 68
307 26
569 5
867 39
717 24
795 8
604 47
599 89
966 84
279 16
834 35
834 7
852 98
40 36
510 25
1061 81
369 21
59 36
947 32
852 54
8 58
582 72
933 95
1135 35
1119 41
570 21
92 25
499 56
222 20
256 25
404 96
991 56
1107 99
1095 8
1167 44
1156 26
675 58
1133 2
33 55
1119 70
698 48
932 26
616 18
1187 12
169 85
207 77
352 67
1128 39
741 80
719 58
459 97
11 24
300 82
61 83
600 36
228 60
602 9
677 49
954 13
584 25
342 71
134 51
1026 65
27 26
687 7
1055 46
732 39
244 64
519 41
542 1
412 73
917 88
1082 70
1014 34
673 62
780 40
534 57
222 51
967 80
1200 69
333 20
931 53
1159 73
869 61
476 20
519 2
857 23
879 83
770 12
169 96
766 22
298 21
802 94
385 78
587 9
702 12
1144 77
536 18
196 49
119 9
239 21
596 84
176 21
940 40
365 91
878 92
206 78
648 96
760 84
1092 28
856 21
581 64
676 36
549 50
984 87
238 20
101 28
1208 68
374 17
276 83
313 98
1222 79
1179 68
830 40
242 61
274 69
948 92
161 25
503 19
572 45
325 85
984 33
889 30
191 75
385 65
902 96
280 83
853 97
672 72
257 89
1102 18
657 50
791 81
302 14
759 34
882 59
957 80
970 46
55 14
388 24
943 54
223 93
224 16
993 50
151 1
120 88
1104 82
1188 36
228 61
671 58
482 94
327 8
353 27
677 46
487 18
397 5
901 23
1164 49
1180 57
55 7
641 44
1064 14
815 43
359 64
27 12
120 20
777 63
544 53
225 27
570 31
332 86
198 25
155 10
86 68
221 46
23 49
251 91
1210 55
864 20
1198 70
954 1
343 23
1195 77
286 63
1067 3
16 90
227 8
436 98
298 60
139 27
1016 91
17 48
1215 17
443 55
96 55
833 31
1052 9
1141 42
409 49
580 53
923 37
462 49
105 16
136 33
798 27
446 93
894 24
1007 18
958 73
896 64
301 84
501 7
557 17
505 18
452 48
1196 11
536 42
1134 79
1182 46
471 41
150 8
22 96
926 27
539 94
304 5
1126 56
1081 21
659 38
1233 92
730 95
588 37
958 84
847 38
1120 70
143 82
990 45
179 69
734 64
1128 66
152 36
801 23
1052 40
1136 96
692 68
973 70
952 13
1051 35
978 97
1011 87
916 93
2 48
1126 40
180 63
1059 14
124 17
562 46
1136 32
1068 51
639 51
51 25
1046 64
53 39
630 78
1019 35
1061 82
407 61
1191 25
1178 63
853 90
1187 92
857 23
668 100
1034 56
615 62
564 40
1197 16
326 19
1079 86
1108 50
2 36
666 25
1096 76
854 90
465 68
284 94
844 19
431 75
439 86
926 17
248 38
92 60
383 63
1080 82
359 8
1012 15
115 73
130 76
825 8
325 17
1017 31
380 11
722 96
41 91
98 21
1091 94
1157 9
314 19
586 100
409 11
214 64
726 81
148 63
191 99
85 84
1065 74
716 72
507 91
217 45
435 7
41 12
562 78
118 22
529 52
168 3
1198 81
937 78
100 23
520 62
1110 17
173 32
988 69
181 29
980 20
1191 2
290 57
512 6
1128 54
1203 57
153 46
1164 85
49 25
943 16
377 40
635 68
575 8
914 61
761 1
446 30
730 53
137 100
108 15
503 22
870 12
562 67
897 15
771 25
564 98
93 85
241 78
106 78
669 98
182 24
69 4
218 54
975 2
1008 81
161 75
918 29
1001 4
144 72
500 4
1182 79
1233 53
1060 85
213 26
1213 92
925 99
231 20
820 83
1228 36
692 67
1077 64
467 11
316 62
581 68
441 8
30 92
40 75
700 57
811 12
163 2
817 24
336 18
1001 67
96 90
79 96
1010 15
1026 61
532 42
1094 40
1075 76
876 2
775 23
227 4
745 53
159 73
555 60
543 3
812 81
372 52
1075 97
914 28
157 97
1188 31
1049 35
535 37
1144 44
319 53
201 40
732 86
438 78
178 24
687 8
304 61
501 57
931 83
1145 22
705 83
1072 25
813 97
984 59
756 59
103 3
679 85
684 44
210 80
416 56
897 33
440 63
968 52
273 10
460 29
976 91
1099 84
573 90
645 81
1063 82
214 31
956 1
527 3
250 96
650 62
1162 22
1131 2
426 94
699 66
1090 80
943 75
822 98
296 73
1037 38
186 42
355 89
233 71
793 38
436 95
787 5
1117 12
1101 86
662 80
673 23
960 9
198 78
539 84
301 19
119 87
1064 4
327 71
909 46
389 77
30 19
881 31
1028 43
150 54
1192 44
140 6
730 89
358 43
983 87
1036 52
1017 60
62 87
1012 12
1143 33
650 27
1007 21
647 50
768 41
487 7
36 92
309 64
2 80
1132 20
805 95
935 79
507 9
153 85
162 36
1061 37
616 91
574 33
739 57
660 79
663 43
647 47
1192 13
291 70
278 68
964 92
1066 51
309 66
1116 96
327 83
159 78
67 7
1171 29
1086 1
555 71
360 69
840 76
997 29
1022 61
263 86
977 88
995 16
274 60
343 13
331 27
1152 26
379 7
357 44
839 52
1084 42
1199 59
997 94
563 98
305 75
291 31
631 61
404 66
493 10
1033 48
408 6
326 18
1027 36
1154 79
131 60
1187 49
59 30
34 29
679 87
156 29
1225 50
172 49
35 85
1217 80
965 99
95 41
391 75
580 54
238 3
1131 3
912 38
1141 80
781 96
39 65
1081 45
1225 9
799 85
90 59
19 57
53 26
584 29
442 98
742 35
883 90
42 31
684 86
416 48
35 54
939 60
740 21
772 16
87 97
658 92
949 48
835 46
1181 9
554 64
836 98
274 73
489 18
5 5
167 53
732 82
1168 2
204 89
638 25
74 8
514 20
208 98
153 65
70 87
682 46
453 51
862 29
959 41
130 50
272 52
351 4
924 57
6 49
1052 66
159 16
1023 86
272 26
543 51
283 48
113 81
708 93
467 71
203 80
620 54
722 96
155 92
425 49
360 76
58 66
982 27
23 88
422 33
1 39
1022 56
333 20
462 6
14 33
976 99
1003 89
100 66
764 13
445 87
1200 49
279 8
692 87
74 12
497 35
696 57
786 87
634 20
797 1
931 47
668 84
1152 25
614 60
719 92
69 35
316 43
10 77
235 22
1050 90
733 78
512 13
107 45
983 38
353 12
1187 37
870 64
530 2
1218 61
377 87
182 45
127 77
511 23
501 45
925 100
251 72
645 12
216 61
287 67
613 33
335 17
61 39
244 82
206 74
336 84
1105 59
711 46
212 5
680 50
1022 68
581 74
132 47
397 93
1097 82
779 4
972 30
346 7
1030 62
419 92
775 4
424 1
342 1
294 98
235 5
84 32
1011 86
210 5
1147 62
279 83
164 27
722 23
782 30
880 33
70 8
1013 28
1158 51
888 84
1155 68
1226 19
924 76
350 27
562 42
1047 73
171 45
238 52
1142 91
749 95
1180 78
1070 93
475 8
158 80
472 63
855 89
616 11
273 68
316 23
389 56
866 59
445 91
595 32
785 62
387 98
737 15
70 24
1032 79
581 45
978 83
128 68
450 83
315 63
1091 24
133 2
1199 47
925 44
1113 72
1070 77
359 13
1071 37
1099 21
812 61
672 27
116 89
812 88
930 30
1018 44
478 4
726 32
534 7
87 21
179 33
590 77
830 56
724 67
654 33
1212 10
787 44
671 27
248 37
349 19
479 23
553 1
580 20
1042 53
348 64
909 58
415 77
158 31
1101 95
1135 44
1048 56
1159 68
1075 84
506 22
1044 14
629 82
600 20
1074 56
217 20
647 8
1041 95
1180 70
786 66
1053 77
412 8
1206 98
423 85
869 67
53 94
4 99
451 20
822 46
658 28
1026 14
15 97
1096 6
86 74
751 11
835 57
250 74
913 19
1216 35
193 74
720 88
825 18
1099 19
380 83
145 75
24 64
1135 48
764 63
578 89
925 9
830 21
1134 57
747 93
1217 55
1192 19
914 81
856 37
1086 71
259 78
1220 80
815 16
1143 61
926 78
797 55
374 46
632 42
371 17
175 38
906 71
111 97
684 60
80 73
364 55
1091 27
1190 80
943 30
74 92
468 78
69 95
860 34
780 19
1102 74
1073 70
852 33
240 12
831 81
252 81
325 59
1041 29
969 15
440 89
562 60
913 76
216 90
761 89
42 26
1200 43
1006 93
956 26
598 60
927 90
255 72
93 54
756 27
91 83
471 6
1124 86
1196 3
677 20
1123 78
526 48
528 97
846 51
1004 54
158 86
750 64
23 11
487 15
732 48
1072 8
1037 82
318 89
616 67
108 92
185 63
1026 90
689 58
20 1
1129 27
109 71
949 52
491 2
332 67
518 9
504 22
485 18
286 43
317 26
1006 39
362 95
714 23
194 66
841 69
136 97
945 12
889 86
572 4
1100 40
439 85
157 44
349 3
752 41
819 52
419 11
676 83
640 72
436 6
805 37
1147 96
1145 50
373 64
22 40
765 36
1074 91
1034 40
307 4
944 36
1175 59
1032 9
377 74
154 68
745 91
641 7
266 40
436 33
1227 53
915 34
908 54
597 53
563 54
274 36
532 99
813 3
701 33
1025 84
146 77
149 26
980 26
600 25
868 21
1008 54
226 37
708 58
722 76
312 45
673 90
1044 55
1112 56
234 30
629 60
968 36
85 20
283 63
49 4
1035 8
1061 50
418 64
623 48
844 45
438 7
918 50
1180 17
421 65
136 62
475 38
765 59
1082 36
900 26
1121 14
210 66
220 89
587 61
37 45
321 2
150 39
693 15
1187 80
942 8
941 4
266 93
405 52
973 59
331 1
1001 19
1081 59
756 5
203 82
229 17
752 63
75 17
409 51
565 91
688 24
805 59
652 59
59 21
1124 17
428 43
629 78
588 23
839 9
1178 12
742 83
920 87
375 41
190 37
568 90
560 73
66 96
910 79
22 94
1110 21
1138 100
831 73
904 61
12 53
518 89
1102 16
828 93
586 73
120 71
453 44
393 24
937 41
754 80
190 97
628 42
468 61
636 98
1126 16
151 15
187 8
574 4
1093 92
177 45
771 44
532 66
272 64
650 82
871 46
1173 42
1169 96
471 14
398 39
295 16
34 57
668 35
805 94
249 57
927 83
543 25
476 43
1019 43
481 35
1129 75
806 55
687 33
719 1
575 57
451 27
500 59
923 38
171 65
170 56
243 91
270 35
65 26
543 63
837 66
170 49
1008 59
505 98
443 48
199 78
1197 47
149 47
982 69
522 26
417 17
963 40
258 83
1032 78
17 79
113 38
575 29
782 56
426 51
625 51
611 33
1075 79
466 37
1087 28
451 85
1214 86
494 31
818 66
409 87
989 37
1205 16
221 36
342 59
846 43
747 72
455 40
144 92
1130 16
517 31
674 78
758 81
904 87
32 79
17 92
646 94
482 3
1232 7
1084 47
1154 14
770 51
26 18
790 11
1180 38
225 91
167 75
803 17
57 21
140 6
277 48
246 20
701 54
849 9
813 11
1123 71
1127 15
556 91
1118 93
1132 16
1204 15
652 57
896 9
162 17
1174 18
80 11
274 65
256 71
79 63
470 42
558 52
1062 83
255 45
155 45
1121 83
868 24
666 83
536 95
220 42
929 45
1082 95
350 59
438 18
1170 65
749 68
170 24
247 47
63 83
9 30
211 13
733 35
139 78
568 41
271 55
50 76
319 72
1075 13
737 81
414 67
234 62
1230 4
621 66
897 54
926 88
947 97
687 68
820 87
850 49
1102 59
1025 65
22 50
1071 49
368 50
1193 92
216 85
1219 74
967 71
793 36
394 52
261 6
781 3
540 75
279 52
65 25
500 91
1044 98
738 94
1153 38
1063 9
761 62
1087 71
267 41
539 93
741 36
19 14
311 1
202 66
916 87
809 17
760 90
1182 26
946 50
567 53
331 58
15 93
1213 10
701 76
1 13
848 33
1056 35
441 76
711 30
634 66
1014 28
693 16
83 19
1229 59
171 87
1135 69
1224 91
778 69
471 92
39 61
252 98
977 68
922 14
1033 9
116 30
879 73
466 69
803 70
987 56
180 37
117 90
575 9
1009 58
725 35
1202 79
710 33
896 67
1027 4
558 3
629 25
1234 61
752 96
345 80
558 59
578 34
298 78
74 56
234 59
1228 47
671 35
1056 8
1092 2
299 50
276 28
1153 3
911 56
822 3
942 6
346 85
460 98
429 82
1051 41
320 76
717 77
324 84
33 23
876 13
892 11
583 81
746 95
1109 87
1 89
957 13
326 13
460 31
1101 92
994 40
