7837
115 87
1098 11
407 19
22 1
74 66
1374 36
1006 7
1494 77
1252 64
539 70
184 46
447 38
568 40
588 20
1307 59
1388 80
292 93
989 71
1382 92
446 18
860 96
1013 48
1006 49
1119 18
843 28
1212 86
961 58
1508 26
762 66
469 18
1075 28
1306 98
323 52
1317 16
689 21
12 28
173 21
1514 89
1282 67
591 47
1402 11
965 35
1531 55
1147 22
102 87
674 85
1063 48
184 38
1334 31
643 89
665 44
1006 85
869 8
881 57
579 76
439 50
1072 64
194 40
849 76
134 27
430 71
795 10
1405 1
1559 31
1367 45
891 74
1511 31
1247 49
1552 7
711 51
1404 34
161 50
564 80
405 18
1405 52
628 57
370 26
243 32
265 25
250 31
1060 99
1169 67
791 56
1005 56
1332 44
17 51
744 38
544 61
1136 94
1030 78
870 62
676 26
590 65
88 69
339 35
768 17
1304 61
1050 75
648 69
73 13
982 72
790 80
871 4
1193 33
815 3
1545 67
86 9
884 6
1534 27
966 48
292 44
1191 89
811 51
412 55
1236 98
372 37
1131 68
206 49
1195 65
267 87
1440 62
46 52
1347 77
353 44
91 34
714 58
678 14
549 98
1346 100
1390 69
1493 35
554 16
1127 18
1117 33
1304 5
1318 60
48 76
1097 38
769 94
1013 25
338 66
1467 24
579 10
150 20
643 78
645 19
1087 83
399 66
455 100
632 71
1030 86
101 11
1282 50
923 57
689 38
1181 45
1281 22
447 31
1469 35
1346 72
1010 34
1380 82
1348 35
1413 48
243 77
1123 3
848 49
1249 93
1293 91
31 81
1141 14
806 43
1553 25
1085 71
1514 74
286 3
1335 53
102 93
381 71
1516 75
577 90
1495 24
1435 100
772 47
1319 100
350 93
1088 50
900 7
792 39
1361 39
701 69
629 84
375 25
655 13
212 41
1567 58
1289 72
1106 69
212 48
390 24
1370 40
502 93
400 45
175 80
89 86
3 4
139 100
700 56
582 76
93 46
1293 33
318 32
1401 60
178 77
442 79
846 46
394 98
18 48
38 53
452 100
55 37
213 57
805 43
528 86
637 80
1198 30
362 86
870 95
59 51
39 35
150 84
127 70
610 25
73 77
1373 16
506 9
1078 38
1393 65
1521 37
1537 10
1163 28
178 26
469 5
262 50
625 100
301 27
334 86
1434 57
154 84
718 21
803 99
1259 64
1033 55
1059 10
234 14
620 79
146 5
888 58
179 16
1314 77
354 61
690 97
681 8
1544 64
545 25
1371 40
336 18
1383 24
835 35
1104 15
781 23
1214 20
647 50
1273 7
181 67
1315 49
1260 23
487 21
977 41
916 84
742 50
198 33
1496 9
912 77
1091 94
120 3
242 93
124 73
469 37
639 78
1381 83
378 21
1027 88
1249 58
409 73
881 66
260 1
907 13
280 69
109 35
1013 65
191 92
975 25
660 40
245 84
685 31
1302 96
237 52
685 75
1266 75
556 28
879 58
1110 23
297 45
1045 82
980 85
999 37
1459 94
537 82
646 4
279 62
1263 85
317 43
1478 24
1450 16
714 24
769 65
566 63
416 4
844 14
1045 36
556 100
624 57
93 45
564 21
163 1
360 19
501 65
1151 67
659 87
215 35
654 15
64 3
1049 47
651 71
968 71
777 6
1295 47
1457 42
429 15
517 82
997 68
11 82
878 20
927 19
1355 86
1558 36
314 31
411 24
1407 66
737 92
1563 56
899 65
870 83
1287 12
73 12
116 53
1038 50
1271 86
677 7
1370 70
925 76
196 62
908 94
30 95
761 55
1409 69
1341 72
799 43
1511 98
484 5
588 55
1214 26
1192 4
981 16
1339 20
940 4
1480 35
1061 70
1216 85
323 35
700 96
1479 96
889 15
497 37
214 31
1069 41
153 51
1004 99
1476 19
565 32
487 20
437 63
640 75
772 23
23 25
374 15
206 5
878 93
1527 18
1157 28
1340 38
1461 54
75 73
1102 58
509 90
1404 9
882 53
1108 21
778 62
334 25
1329 61
790 44
1333 77
622 85
390 93
778 85
717 11
1269 56
1505 77
423 17
435 49
1038 82
1277 38
502 93
71 55
533 56
779 53
1290 44
568 8
710 22
872 74
1269 73
351 97
1562 2
1435 80
736 13
110 73
294 1
1537 13
1095 55
579 2
346 27
1557 75
1231 36
646 94
607 66
174 75
1396 25
1219 96
1388 94
768 70
1272 52
761 63
756 58
1502 70
1014 14
1385 91
1460 73
827 43
1316 90
1476 29
509 26
1088 19
74 80
83 9
543 13
144 75
166 100
152 23
1239 53
1465 1
1436 37
86 25
1473 21
282 25
441 61
1496 69
611 72
641 14
178 45
883 21
55 16
226 21
876 82
1281 37
1508 78
990 47
1539 19
1125 97
390 83
1287 52
655 54
351 67
245 20
1252 64
163 55
977 11
1373 77
1383 16
1300 47
819 15
530 25
1477 7
899 75
1411 1
953 9
1492 54
568 51
924 45
844 42
81 74
1299 74
1416 84
1197 38
1294 32
760 73
23 95
435 98
821 55
931 67
413 50
585 27
963 85
323 30
1377 53
668 88
1009 54
1399 35
1439 88
1065 73
1463 20
1001 94
300 58
331 4
536 41
1447 23
457 53
993 11
1172 67
1039 78
120 8
818 69
592 57
1497 72
1458 6
1390 34
678 25
1404 8
653 28
1417 87
1200 80
786 95
947 2
315 53
190 23
1547 34
1546 38
1153 51
1059 77
1348 99
407 30
167 42
583 90
1461 61
1448 63
793 14
1436 24
76 47
210 19
945 61
366 86
251 70
1225 72
582 27
1280 21
1019 14
1079 24
82 23
152 17
562 62
1060 85
683 53
1089 6
1413 52
929 36
177 58
530 62
1311 55
370 17
1297 16
271 9
372 9
1481 19
1248 86
935 58
1549 52
1251 1
945 17
557 69
324 39
721 26
127 85
1192 4
726 13
572 76
1556 6
844 46
786 40
1159 93
1238 17
1238 29
39 65
1494 85
166 52
38 82
599 78
910 51
704 50
871 35
369 73
1463 91
1487 37
841 83
1279 52
370 100
1376 14
1483 38
1348 5
532 58
205 14
936 72
1153 36
1014 4
881 8
1097 40
1091 56
888 9
829 11
443 3
989 79
826 80
273 20
936 68
1361 37
1052 44
152 57
697 19
466 33
1366 82
1082 54
858 52
1252 88
498 17
678 97
737 76
1283 64
82 70
1375 20
396 47
1157 33
1523 77
588 60
1536 17
223 95
1434 42
344 40
1542 23
85 70
407 70
180 41
174 48
464 32
954 63
513 44
221 43
1404 91
1301 80
689 8
904 22
257 60
779 30
742 53
968 19
163 81
323 75
449 94
794 25
16 18
611 13
1270 79
161 4
852 17
1350 35
1393 14
518 19
451 34
583 27
584 75
1549 58
1111 75
324 88
1175 93
814 30
723 81
1114 88
938 79
1106 100
517 78
1253 68
307 46
752 71
872 11
955 7
1200 63
125 55
144 28
200 18
574 42
887 51
1408 73
933 59
50 44
1268 10
495 38
1353 1
400 26
86 90
1352 65
943 72
1343 16
1443 44
171 44
583 13
125 88
1357 52
962 84
231 74
1406 15
883 37
616 39
333 12
1389 64
1237 29
1530 2
959 43
104 31
1115 21
749 49
244 22
591 88
1293 76
259 28
376 38
344 11
1168 57
875 37
1553 92
268 41
1424 21
220 81
704 43
1192 82
45 58
851 97
951 64
577 34
611 98
1519 11
1258 32
99 92
49 99
1420 99
1129 88
1509 43
1198 61
380 10
1473 44
623 50
752 72
880 77
1412 29
186 5
1532 8
243 43
631 63
856 51
121 98
387 83
920 77
543 45
986 28
184 90
521 38
41 99
803 64
1362 83
852 99
1445 95
1457 39
1493 31
364 55
87 16
377 74
742 39
808 83
1451 65
466 64
580 92
186 9
1536 68
1333 46
1044 8
624 67
736 57
329 37
949 78
788 66
1271 99
583 31
427 1
293 41
843 34
324 88
1097 88
1216 9
1488 28
1330 83
641 16
185 24
933 58
1089 22
1138 16
253 36
310 21
752 54
696 18
1130 72
464 36
350 79
617 65
1395 31
376 29
562 41
257 100
1282 71
1021 35
996 32
291 96
1017 17
1121 43
355 16
21 65
1146 91
958 47
336 29
371 78
71 24
125 57
506 34
933 75
42 51
378 24
405 20
1355 66
1019 71
1301 81
920 74
1543 55
1051 28
1520 7
156 15
1399 42
1236 94
726 75
1119 20
1225 94
933 69
1549 28
1270 83
717 25
197 77
551 32
477 59
749 33
751 59
743 12
1072 88
926 94
385 9
1304 40
1322 62
753 91
1448 69
380 93
292 91
544 37
289 59
1519 60
967 84
171 74
1376 100
1548 16
1185 79
1431 91
1150 70
798 35
64 34
502 84
679 18
1170 94
1319 85
1099 6
225 56
1481 61
885 68
170 72
792 99
243 78
180 68
1177 34
135 73
990 1
102 15
1020 95
806 95
745 1
391 50
1450 9
1537 49
291 36
749 68
979 90
580 18
1021 42
729 97
414 37
883 48
1136 60
765 84
207 90
1184 18
105 79
821 36
1160 82
1299 3
1515 37
440 68
761 84
1274 12
220 56
558 13
223 14
1299 9
1271 64
1000 81
1437 50
815 25
157 55
657 57
964 11
318 49
1019 27
267 26
480 97
843 59
447 22
1042 32
895 39
262 44
1354 87
97 24
868 15
454 59
1001 3
236 44
364 43
1291 59
404 21
509 6
233 93
806 30
349 69
788 15
6 23
449 97
1457 19
694 82
806 11
950 94
895 43
1458 76
1486 49
915 41
1238 73
1073 82
890 99
532 46
580 20
835 52
1444 45
1174 81
67 50
767 13
289 86
1540 59
486 66
1441 68
437 92
665 100
111 34
388 36
1066 70
1044 40
624 66
1326 51
963 46
326 10
629 18
1488 45
901 31
617 83
106 36
1536 94
1562 27
1058 60
168 10
337 88
830 69
1060 57
850 43
1054 69
811 76
1322 52
1183 77
1378 90
695 27
704 14
527 54
338 12
278 8
1264 12
1221 55
1174 15
427 77
115 60
1463 5
1173 22
1170 49
1559 83
1528 42
1535 39
1049 86
1184 90
1259 37
1067 40
145 81
602 81
316 3
1535 36
1546 15
969 94
144 81
345 17
725 79
1084 67
1257 5
1214 85
248 66
865 26
1115 39
478 42
977 49
161 7
1155 35
758 68
118 71
772 46
1297 75
513 90
1088 72
522 29
1103 27
1024 98
89 36
129 98
972 17
203 23
1435 87
1091 53
842 41
290 8
437 44
527 11
1344 46
177 39
609 29
872 9
360 18
366 23
849 9
1389 11
134 44
130 19
572 70
652 55
1486 10
388 98
1254 49
367 78
598 30
436 43
110 18
911 89
958 7
280 73
1155 4
669 66
955 25
570 56
98 28
915 95
1280 66
164 35
713 75
1394 99
476 8
330 82
746 65
1406 93
1446 9
172 90
560 27
1404 34
1245 11
1089 40
506 7
952 54
1038 80
843 81
1414 53
851 4
1256 63
1287 57
1520 76
302 27
806 29
244 1
1145 41
756 16
1301 87
42 60
226 38
576 32
1063 53
221 42
353 5
1033 85
1095 70
491 83
232 6
1281 3
218 28
8 74
564 72
1261 83
223 51
980 27
915 34
735 76
285 51
1144 89
868 97
1009 52
1071 21
1407 6
30 50
1353 79
200 93
701 50
1285 73
788 21
845 91
964 16
1100 44
415 36
729 35
58 17
556 81
1362 28
73 99
283 95
983 49
963 42
346 70
1161 9
1008 67
328 77
975 89
1076 77
167 83
1171 60
1321 58
504 55
182 58
523 97
1040 50
786 95
655 56
1268 39
1169 68
1294 16
920 46
547 30
251 92
490 59
497 2
699 68
682 89
344 14
249 42
1447 32
274 80
1074 76
1478 90
1187 100
393 82
815 94
183 99
1118 23
913 25
521 93
1061 6
727 58
1535 75
1262 4
1290 8
155 40
116 84
408 69
1519 62
303 46
1565 26
892 24
1300 69
907 100
323 56
1341 81
281 97
1326 19
1445 71
244 55
679 24
740 79
227 44
585 16
1199 1
227 44
1335 91
701 75
170 87
1241 41
111 31
1523 33
1312 17
382 34
724 2
107 56
1552 47
762 11
677 56
1195 73
190 72
1049 56
971 29
297 78
16 99
718 74
911 26
1116 77
1024 73
1453 11
934 94
1043 79
489 37
148 76
22 35
458 31
741 21
1566 49
1365 41
881 19
1286 43
78 57
224 72
804 41
753 85
1364 72
132 50
1420 13
717 82
705 82
337 27
798 80
1020 8
558 87
1500 17
599 53
802 100
575 17
1298 90
1474 7
826 2
505 2
196 85
91 46
1228 91
1172 69
416 86
211 83
871 47
779 53
368 33
639 60
1269 54
379 71
958 4
623 92
856 91
799 53
1134 99
563 74
963 18
1290 9
1507 87
781 24
1125 54
447 67
504 92
755 55
1543 95
838 37
347 68
1492 95
77 5
1062 31
492 3
319 14
1402 6
439 37
797 33
1118 71
1086 95
1496 26
775 82
638 3
1389 94
617 6
873 84
1205 22
521 2
1075 22
287 53
1349 11
114 77
1149 67
770 88
1461 4
1361 42
554 40
647 83
146 93
1031 82
231 85
1470 48
985 79
992 61
348 71
665 51
754 62
320 44
1521 1
203 21
406 4
384 26
553 55
758 68
114 15
1110 15
47 33
536 79
1035 88
879 13
901 64
804 90
4 88
739 12
894 45
1520 83
985 4
1234 25
462 60
57 79
749 6
1364 86
1116 34
1465 89
226 37
1507 34
122 21
805 94
1210 34
1223 40
1479 51
347 1
1299 100
1148 1
1322 91
755 44
446 95
520 1
87 38
1338 60
1161 93
461 96
982 89
233 11
1345 24
416 6
963 59
769 60
122 7
1102 17
240 53
337 25
522 45
1179 68
284 99
461 52
67 43
1097 4
1042 97
888 71
378 88
35 79
278 83
78 29
1137 98
1554 83
1529 97
1531 3
34 60
435 65
1054 29
1422 33
1084 65
529 51
1351 46
523 82
756 26
31 33
793 73
1432 4
154 79
1364 57
815 6
1448 31
1008 44
172 88
47 16
1542 77
57 30
606 57
1327 14
1549 14
416 86
1473 34
1302 11
545 60
105 79
320 84
591 44
1469 6
259 32
443 51
1445 51
890 79
1442 24
271 32
345 23
527 74
1326 4
587 13
2 80
613 46
1017 75
1440 10
178 54
295 46
756 22
73 68
850 80
1447 39
1128 36
1460 66
923 68
56 86
1219 29
695 27
1151 69
969 4
260 74
798 92
1438 61
791 44
721 34
229 98
732 40
822 59
1347 12
585 8
387 15
974 54
175 49
379 42
1157 82
240 100
315 27
98 49
355 46
