6308
755 12
118 27
1171 97
707 49
161 39
657 12
223 26
409 66
479 49
736 47
1129 61
1194 79
1072 44
330 92
1136 1
624 100
1178 20
355 32
257 25
53 5
13 7
673 7
1191 37
357 85
961 38
1072 94
1069 50
309 52
795 73
183 84
247 77
943 76
1020 16
836 6
1197 77
569 61
133 15
425 16
25 12
183 34
440 52
1159 45
710 95
103 77
1095 81
307 11
623 29
596 69
922 77
996 65
252 99
1134 10
388 18
1033 1
219 77
737 91
1161 61
765 37
356 22
1058 39
595 86
9 85
1009 25
1236 67
1182 48
643 21
383 10
817 17
87 88
284 56
736 22
533 55
240 67
1055 84
1159 75
365 22
1124 16
562 72
450 38
916 28
956 90
580 100
363 33
348 87
964 35
433 53
930 51
1252 86
491 36
1067 11
816 3
601 74
179 73
231 4
797 92
921 37
675 3
173 85
723 27
980 82
664 61
723 13
251 64
905 50
399 41
1252 92
747 45
381 24
772 16
21 95
67 43
494 64
1076 72
563 84
316 17
339 10
967 6
791 58
204 31
981 58
897 37
1067 87
779 31
574 7
1025 26
857 65
1123 63
802 3
1109 30
389 5
1059 100
981 8
387 69
1118 77
68 96
362 28
372 97
960 83
984 61
1177 84
846 98
721 100
622 70
54 74
233 23
260 10
407 40
438 46
75 61
1088 57
666 60
153 62
535 62
633 65
311 19
857 94
528 47
40 34
697 90
633 38
1157 69
456 17
608 14
842 39
1042 27
1218 62
466 15
1071 32
425 95
842 76
841 55
605 61
102 59
1099 36
1255 89
243 42
297 44
1104 77
918 94
859 21
1123 20
46 48
1258 99
266 81
835 67
299 33
122 3
158 87
1039 38
1058 87
789 4
422 94
187 31
1121 29
489 92
39 38
177 37
966 99
843 80
1057 45
1237 58
446 50
396 65
291 99
524 50
252 36
240 42
657 85
934 56
956 54
316 29
123 31
1177 72
35 29
946 41
544 90
1258 90
38 14
1052 53
1097 63
1162 97
763 18
1233 44
49 36
1142 54
1150 79
947 76
1175 84
641 43
183 48
788 80
659 1
1252 69
767 55
299 25
379 59
1098 9
689 64
217 22
570 85
294 68
484 40
992 86
750 56
1137 59
1183 22
220 51
232 29
69 73
474 82
451 78
325 6
212 62
267 37
283 8
727 3
238 21
1136 22
49 36
1163 44
767 65
606 41
498 6
694 87
13 61
594 72
721 93
158 6
1186 69
992 71
1134 8
417 63
929 77
152 46
697 35
953 56
1207 65
459 78
626 75
464 9
863 7
3 82
958 43
899 4
1173 90
388 65
686 6
1121 99
613 88
130 71
80 15
4 20
347 78
861 92
201 64
496 19
661 48
901 75
625 60
97 91
741 46
1171 8
923 79
7 23
1102 30
1238 84
404 47
736 86
518 85
11 52
846 74
1227 29
128 3
1094 60
679 49
764 43
1069 89
166 12
191 53
594 86
1220 30
420 96
843 46
524 71
173 10
734 49
942 28
446 46
337 51
621 3
913 25
745 99
625 27
931 91
993 48
1106 2
358 96
950 69
846 21
165 60
715 97
393 21
1181 68
750 4
997 3
35 78
937 24
385 96
1141 72
1012 70
190 37
1237 24
359 87
528 59
732 28
692 77
412 82
738 70
505 8
282 9
910 10
375 68
182 100
163 59
829 12
1238 39
654 41
983 3
333 3
465 91
407 62
1101 97
899 79
74 53
724 99
167 24
1089 74
320 19
681 33
711 100
246 47
804 75
741 62
462 52
1223 41
313 45
709 80
920 92
292 56
198 76
1103 64
466 69
167 25
57 87
912 47
1201 26
856 68
184 59
725 1
302 16
1149 25
721 80
87 40
807 91
506 52
295 83
735 22
404 45
933 9
1227 80
664 51
443 97
288 32
628 62
873 74
521 96
876 6
699 48
1195 46
472 12
771 35
717 93
1006 83
407 22
231 13
1056 20
430 64
1041 61
1019 92
1237 56
991 87
287 95
635 85
917 79
175 41
217 38
338 82
122 18
1034 97
411 67
170 39
522 33
530 8
237 35
23 63
195 63
1069 60
1059 23
1021 94
897 46
54 91
446 17
673 9
904 48
319 93
183 47
1052 41
641 77
258 66
62 3
1055 53
647 98
1252 22
837 34
733 68
528 36
1172 81
998 18
355 36
448 59
25 71
528 40
265 64
364 33
60 84
284 28
729 47
128 56
401 39
62 98
237 89
1029 11
364 99
757 61
562 93
169 6
742 36
942 82
277 10
884 71
1232 90
1147 8
141 83
280 98
1133 69
1192 40
1203 99
399 65
276 65
231 95
805 91
550 6
619 13
1005 90
149 58
610 53
773 76
663 81
569 15
1211 14
489 94
968 92
600 38
735 14
1233 86
263 38
1124 82
1011 38
1067 76
769 18
933 88
578 81
285 46
1099 22
404 68
384 80
60 2
952 91
25 53
460 98
16 53
37 37
164 52
310 26
342 94
535 24
170 11
1015 51
269 47
419 68
353 76
428 6
970 38
1243 58
377 85
1049 75
1197 94
295 71
565 52
858 56
493 35
114 81
660 89
1168 97
742 69
364 38
1085 79
1064 66
662 24
453 71
136 69
1144 92
1202 38
859 6
556 7
253 6
53 95
580 11
612 73
885 79
414 85
860 26
51 83
1254 76
659 53
399 49
831 31
939 97
816 94
328 45
71 45
1198 65
430 29
363 6
704 82
970 65
910 22
66 38
1055 51
877 82
344 44
504 68
13 58
132 39
834 4
1024 33
792 67
1066 12
243 30
820 90
844 44
1132 30
50 39
816 91
914 52
500 23
55 35
1202 17
926 85
1031 43
348 73
927 58
364 58
424 53
868 30
1064 15
1028 34
252 26
391 56
1095 18
111 41
179 78
507 26
1220 88
26 87
530 81
115 24
186 71
1128 86
690 61
722 55
305 6
1200 65
574 15
265 60
1004 25
1227 42
548 4
950 51
198 59
144 17
1169 73
701 42
798 33
406 50
182 50
660 75
695 6
456 26
177 88
721 32
839 84
111 22
906 14
336 14
812 65
62 79
499 99
1101 80
721 75
272 82
74 15
324 22
103 84
724 39
750 57
308 68
533 91
508 72
73 89
426 1
313 27
567 15
1190 14
604 65
651 16
47 27
84 28
417 42
677 2
279 76
811 7
113 41
252 58
175 59
160 81
326 81
857 29
480 90
619 8
69 38
944 84
522 79
843 79
1003 87
1121 16
7 66
716 12
283 33
344 66
632 64
531 59
793 3
530 24
82 17
605 19
1217 93
594 66
850 36
333 37
602 98
735 51
357 51
543 77
841 64
186 29
489 1
1071 7
283 35
385 15
510 49
584 18
1134 5
644 46
1049 69
182 26
66 39
315 86
286 15
1082 58
969 14
598 67
783 15
692 54
39 99
763 11
510 51
478 69
759 80
624 75
1161 16
519 4
1007 16
537 78
442 77
279 39
982 99
648 64
185 41
554 58
698 64
1005 61
813 20
697 22
509 100
334 71
987 90
649 41
1198 21
728 11
521 88
662 80
738 87
433 52
1180 9
671 100
26 100
403 70
1010 4
586 7
1208 58
1120 16
1243 9
653 85
946 2
897 4
271 39
455 92
25 29
923 30
1239 52
1221 76
576 15
1255 53
886 70
280 77
1055 25
567 38
786 10
851 20
725 54
182 60
1131 15
1210 73
914 98
1029 84
189 3
16 66
619 22
588 22
764 100
707 78
526 7
835 76
948 18
126 88
485 21
594 25
869 63
123 77
583 14
716 42
395 47
30 80
299 50
108 47
1011 28
204 19
816 93
269 6
726 15
1194 8
918 29
626 36
174 93
610 28
137 29
220 91
1117 54
943 45
38 81
769 58
572 6
132 39
811 27
348 38
333 11
349 60
1050 23
1239 33
36 85
1157 83
847 9
374 39
918 17
489 43
603 15
875 31
1221 52
1111 24
1108 11
329 22
797 92
797 69
1188 33
485 90
1018 51
44 27
880 32
561 13
213 61
1038 80
787 44
81 83
50 70
1091 94
248 14
536 92
386 41
946 79
391 57
1075 2
341 41
27 44
334 61
1106 67
180 6
749 67
936 39
1002 51
118 19
311 3
96 14
819 95
613 60
1236 62
1003 52
1111 35
940 35
1054 10
494 66
154 95
360 91
653 49
881 54
938 32
204 85
325 6
1067 58
792 72
952 47
1028 47
250 18
888 89
1188 80
229 55
1035 57
945 45
1101 75
829 34
1219 74
1131 70
242 9
1049 38
1197 95
182 25
936 85
1136 83
527 15
492 27
327 84
955 93
1003 38
631 23
480 82
230 13
506 82
1243 69
152 21
867 29
315 70
318 80
1045 46
1007 26
223 49
56 44
1170 14
1070 48
393 42
596 52
912 30
1222 35
478 100
1199 54
791 83
990 94
972 39
56 54
185 36
738 94
651 88
1228 19
842 71
735 85
123 75
983 50
895 98
950 53
1155 47
382 70
898 90
304 93
658 48
897 63
930 19
989 48
1068 64
414 17
219 11
532 94
717 90
855 22
714 86
876 75
1181 11
556 61
351 52
632 49
220 5
108 76
1210 47
472 64
609 75
352 69
65 69
1254 37
1049 34
342 39
959 82
217 1
790 63
445 96
879 64
764 96
1169 58
786 67
408 87
110 10
900 37
981 39
864 78
1252 31
387 91
1192 85
364 71
1249 67
1216 43
182 44
235 4
1149 22
836 61
793 65
1076 60
1223 22
692 10
95 96
57 37
665 86
1151 1
1130 55
21 74
1146 15
349 94
725 14
218 50
5 2
548 15
576 93
432 40
1057 81
775 8
492 26
395 35
1203 26
734 70
181 56
778 53
41 41
568 67
882 4
674 6
1174 62
957 15
937 90
920 67
1008 65
619 68
380 59
793 45
81 87
375 21
1253 57
1167 89
696 7
635 90
637 79
1065 38
1055 95
635 56
603 88
1209 1
679 57
1057 6
151 36
124 25
773 40
1014 45
70 96
906 68
982 18
164 70
1029 28
336 52
39 61
266 49
60 38
711 69
281 58
691 58
894 28
1196 18
739 90
833 40
706 94
1242 14
83 78
1238 40
727 41
364 15
651 20
340 83
447 37
820 1
281 63
273 47
570 77
886 86
1035 79
1117 80
617 59
759 6
1206 29
228 12
1134 71
189 93
649 5
828 8
753 49
957 35
785 27
668 42
219 47
195 80
675 46
259 5
569 32
793 15
258 74
133 77
31 45
192 72
787 57
244 33
79 6
211 59
769 22
418 63
1129 96
949 34
541 51
923 52
694 67
551 33
722 2
578 31
844 75
676 39
43 31
142 43
728 59
1141 54
819 89
1201 72
936 66
1247 5
619 78
388 80
1034 64
752 79
484 6
849 44
1187 84
644 4
1197 54
956 5
1207 41
1159 51
813 72
364 53
826 44
56 34
1220 54
1011 77
640 50
308 37
101 84
986 83
290 54
326 26
65 13
329 9
1076 88
109 100
977 72
542 32
342 29
987 6
173 86
1141 26
401 23
1225 46
1157 43
296 49
260 67
910 21
496 2
243 18
413 36
484 36
754 12
524 43
440 52
694 14
148 30
458 100
954 93
582 21
519 99
724 61
53 29
844 83
425 50
725 81
962 13
1038 3
374 83
537 47
649 78
579 43
812 59
147 25
642 44
1045 44
200 56
195 96
705 8
199 86
577 99
1124 49
356 10
877 36
628 42
1073 59
525 88
194 57
135 3
711 13
1011 98
190 50
764 9
180 86
1137 30
214 4
1001 50
87 81
478 95
1072 76
1035 53
158 99
583 21
1134 40
1228 92
584 68
453 44
719 64
1221 69
457 56
334 91
931 77
585 22
422 35
302 97
1023 49
395 61
844 79
96 2
1085 39
1097 80
468 10
592 73
1001 42
1152 15
915 96
1239 27
852 56
800 32
731 90
92 8
1191 35
199 8
599 90
458 96
379 100
866 73
1167 70
623 60
335 30
1066 19
308 31
37 75
1043 24
24 24
456 12
591 99
1236 91
1176 4
439 31
309 66
122 34
957 10
582 51
602 33
447 83
1061 25
1201 70
1047 8
574 18
501 65
251 76
1040 3
460 67
1079 75
664 48
412 72
379 5
1247 38
613 19
1100 28
869 95
671 27
1256 57
1105 68
106 91
1160 83
702 75
1114 56
657 88
215 25
889 30
513 70
88 30
48 56
323 3
282 33
644 17
385 14
489 77
1077 56
492 30
895 7
382 69
568 16
388 70
606 41
1246 98
127 5
679 20
1115 83
1081 4
1048 83
143 37
942 72
1205 19
426 70
487 69
454 47
966 54
851 54
809 76
860 56
774 37
132 89
933 95
574 34
229 65
59 68
219 90
245 2
582 84
299 49
479 97
509 93
1193 100
717 1
499 69
1013 53
600 56
485 57
1171 28
873 84
822 12
591 95
602 74
952 76
586 88
1222 93
943 31
486 61
159 73
24 70
237 70
777 77
483 62
29 21
373 94
137 92
735 63
51 21
36 4
157 70
995 65
1113 52
1262 89
905 58
260 81
113 83
993 82
1250 58
785 56
326 83
988 24
25 39
207 99
425 45
126 92
932 36
1025 95
283 54
454 25
720 13
484 93
903 22
1062 98
308 22
533 65
189 71
823 85
685 65
619 100
264 62
946 92
807 88
103 36
140 14
1230 24
578 15
999 2
1092 93
220 77
98 19
1036 11
3 81
542 78
1181 76
202 32
353 17
664 60
416 27
414 93
828 40
902 8
387 4
157 22
353 48
396 61
687 28
84 54
76 64
1046 8
173 50
34 84
444 14
366 92
457 14
419 39
192 9
491 30
944 52
692 33
895 84
1081 73
301 98
710 77
1246 85
394 10
18 90
1147 81
110 48
1058 97
1191 90
196 26
444 88
1106 76
679 72
433 80
1225 30
947 42
128 66
430 6
826 53
730 61
717 90
1101 25
349 15
637 91
410 32
996 32
1115 33
769 28
61 64
1199 82
267 75
457 65
1232 63
835 61
997 32
999 12
1220 26
1088 97
788 47
923 46
36 57
1173 4
42 1
445 93
998 1
1077 58
622 20
970 77
662 34
68 17
479 70
63 27
1260 57
908 62
284 10
1125 18
1134 79
1041 57
451 75
1135 21
1128 50
553 55
430 63
1 31
1210 59
105 64
339 51
460 78
983 35
1151 14
584 73
981 21
873 70
318 45
138 88
1072 21
1091 16
1095 41
345 79
339 7
648 6
1041 44
865 7
422 72
1024 86
232 73
558 24
1097 69
1138 79
