767
26 11
125 86
142 87
88 42
133 28
151 95
64 70
54 36
83 47
29 59
74 19
15 28
42 75
97 34
72 94
115 83
41 85
98 38
102 66
102 35
60 92
44 55
143 61
20 9
24 10
11 30
74 84
131 40
121 76
118 43
1 20
43 97
135 39
3 39
140 7
57 6
61 87
49 3
149 78
59 44
92 94
108 29
53 45
54 19
83 11
87 6
128 97
46 51
139 72
20 57
76 31
1 54
122 34
63 59
63 33
30 57
87 33
16 20
106 20
114 59
49 82
90 13
23 27
110 57
5 43
107 13
99 83
63 7
40 85
131 12
62 11
67 100
16 84
102 36
124 93
89 46
142 13
4 57
14 99
108 5
44 93
75 23
16 96
131 33
29 46
22 24
109 11
145 64
105 93
100 91
57 69
42 65
116 19
13 54
86 75
70 24
42 2
12 76
96 98
111 69
125 93
84 92
89 76
2 20
127 5
89 22
61 8
2 44
32 27
28 68
139 17
143 76
69 15
151 81
8 43
32 71
110 16
62 8
148 3
138 44
58 100
98 80
139 7
70 52
68 79
114 31
77 5
82 32
71 49
90 6
63 13
5 29
62 19
79 13
74 7
43 100
82 54
61 85
133 34
97 37
123 89
57 22
151 67
29 20
33 70
10 89
78 8
66 30
88 86
36 65
142 30
80 71
69 87
16 84
70 48
53 12
87 50
146 66
35 85
98 57
149 84
38 55
75 94
84 98
15 7
22 39
52 91
146 21
7 4
98 93
88 62
93 93
140 70
22 86
94 16
115 16
80 15
120 20
123 98
19 62
137 70
83 64
51 18
119 62
118 62
132 76
43 58
104 90
142 80
105 2
151 96
51 42
23 49
52 96
129 35
100 5
135 86
23 23
109 22
110 24
40 86
66 28
103 15
100 51
60 27
57 56
70 21
105 21
120 12
59 55
109 75
105 41
50 95
136 36
13 37
32 93
149 98
43 21
29 47
138 5
105 85
45 98
56 69
6 52
99 49
149 64
77 56
82 89
27 45
128 61
102 19
146 60
30 45
42 43
75 90
135 31
129 27
85 100
92 96
41 63
84 97
129 17
43 64
37 83
69 53
19 15
99 61
105 50
101 97
100 42
94 70
148 43
61 52
90 81
35 68
57 60
76 43
127 11
50 18
103 5
23 22
35 59
50 55
127 72
9 82
23 57
107 71
23 50
72 3
24 13
36 52
111 92
56 9
143 73
34 7
11 2
13 84
42 57
5 29
147 48
86 87
62 27
130 48
124 79
37 17
82 24
140 94
133 32
60 1
48 22
113 47
32 37
125 39
84 27
37 97
135 31
126 45
119 82
146 23
49 57
48 81
60 62
19 18
98 66
117 13
149 72
7 76
94 45
146 27
102 22
142 15
118 98
9 26
135 68
13 77
136 36
100 26
101 20
128 98
18 7
15 49
123 78
62 14
66 12
38 31
110 31
81 31
66 52
36 10
56 60
121 5
100 85
10 59
131 91
70 66
149 14
6 89
82 49
105 66
4 45
42 87
15 8
139 65
62 16
72 28
15 47
51 94
9 82
72 17
123 80
12 80
9 41
127 66
153 13
101 44
25 95
24 98
39 25
126 64
87 6
86 88
64 58
71 55
41 75
83 7
31 8
74 71
151 94
21 11
46 63
113 70
28 70
141 53
121 19
50 79
75 2
58 40
141 74
123 46
66 18
141 47
49 53
122 87
58 68
106 91
83 16
105 21
145 96
104 99
120 86
70 18
111 99
78 26
88 98
93 40
73 76
26 59
24 40
145 45
41 13
21 87
24 79
3 58
56 9
7 73
76 3
32 3
149 94
16 24
148 55
66 33
103 30
122 73
28 79
132 11
61 10
65 25
14 16
135 48
133 19
96 10
90 1
45 73
55 78
67 15
126 63
57 44
103 87
40 3
46 91
47 15
128 52
92 47
106 41
86 95
5 13
64 52
73 91
63 93
41 48
92 96
132 30
25 77
62 83
147 91
43 92
60 1
36 74
128 27
66 61
55 40
20 28
105 3
9 67
70 58
128 11
70 77
138 47
148 23
137 26
80 80
54 63
134 61
64 70
131 84
85 99
37 45
50 24
60 62
117 98
52 64
48 61
72 14
74 24
152 72
149 56
69 40
81 86
24 50
15 22
141 59
152 65
92 49
87 84
21 61
19 39
76 17
42 54
142 69
71 36
58 86
114 8
65 20
53 54
48 85
100 40
134 94
25 11
15 79
88 70
56 85
22 100
55 61
57 28
17 14
45 22
86 99
25 41
143 87
80 17
20 18
67 34
32 38
26 84
143 78
23 87
94 60
43 99
87 47
86 98
88 18
94 57
130 39
58 44
4 27
27 20
139 37
71 86
1 68
111 27
35 31
11 92
28 24
24 15
10 98
18 34
59 76
64 61
4 30
30 67
73 9
117 14
136 23
132 22
143 34
13 42
72 34
18 66
23 96
3 73
81 37
64 64
98 47
48 70
113 46
136 14
32 44
99 90
71 90
33 22
21 45
86 47
46 59
15 89
22 40
56 16
139 41
124 15
109 51
82 38
104 89
36 30
39 36
49 54
97 32
112 81
41 62
126 68
42 2
37 31
75 88
105 46
93 15
99 10
138 14
64 80
68 59
36 14
144 27
79 4
61 17
117 50
105 11
13 79
84 17
48 10
53 2
135 67
48 71
102 97
139 81
82 8
128 13
149 67
153 95
123 75
117 77
49 67
124 49
57 90
104 75
13 26
61 99
82 95
25 28
4 25
127 16
26 53
146 97
66 82
86 47
75 99
146 47
114 78
58 78
55 32
118 15
144 7
47 18
127 93
47 40
144 88
41 30
43 82
93 17
20 39
139 36
94 10
72 66
62 58
61 2
130 9
73 89
74 72
50 15
71 94
141 80
66 66
148 61
61 53
36 62
83 14
81 30
94 40
101 70
147 64
129 16
65 33
85 75
73 39
27 36
64 71
43 39
152 89
69 38
112 71
85 37
102 40
57 37
12 27
32 22
72 67
137 72
6 33
52 51
78 66
111 73
11 80
13 15
116 34
54 92
7 72
62 19
30 4
24 100
7 63
119 48
117 21
75 76
112 55
68 40
82 22
65 10
85 75
92 69
123 27
136 94
74 14
102 24
48 30
151 8
109 82
144 85
83 14
74 69
79 34
93 26
8 20
19 62
133 58
128 78
46 12
145 85
14 35
141 77
134 90
43 86
101 9
30 33
143 92
120 12
10 70
99 58
94 62
120 88
93 93
3 34
21 39
37 84
85 45
78 79
53 10
25 84
5 90
110 41
115 36
115 70
110 88
61 43
53 46
12 42
143 3
23 79
52 69
148 7
151 20
116 52
132 74
32 65
144 23
17 6
107 99
28 78
97 54
84 78
143 19
37 34
125 7
146 97
112 2
61 16
119 4
110 51
88 100
95 47
52 32
1 13
125 92
31 98
15 34
95 16
145 34
95 9
152 27
65 72
116 16
121 61
129 3
64 31
14 41
150 20
71 45
48 12
124 14
80 37
143 11
53 44
117 75
38 22
111 74
12 89
2 67
32 10
40 14
93 7
81 12
46 61
69 72
147 84
92 40
148 87
75 36
149 75
126 57
6 71
55 73
56 79
116 9
43 76
15 59
66 86
123 87
16 79
129 63
17 42
104 49
4 27
89 37
107 6
75 65
49 41
70 72
59 45
108 43
70 27
11 56
53 72
94 1
134 22
114 11
38 96
81 25
51 14
143 23
20 18
31 83
121 54
69 87
92 59
67 57
55 14
33 80
18 54
38 9
134 43
45 56
68 15
77 96
99 61
53 31
15 28
9 99
95 51
136 12
63 64
103 46
55 29
47 57
19 52
71 82
33 1
60 25
131 71
109 97
59 69
152 87
84 50
123 6
106 35
139 90
120 85
97 72
8 50
65 76
48 39
85 88
48 20
6 95
80 55
127 44
43 49
39 25
76 23
89 39
130 75
118 3
34 74
113 25
2 51
12 22
21 64
120 9
112 73
115 4
24 29
46 68
89 96
120 39
112 28
151 5
132 64
15 65
59 10
119 15
45 45
13 95
84 79
51 61
143 61
19 81
139 8
105 95
121 91
14 11
68 16
8 51
152 86
153 65
39 45
80 91
39 11
54 32
18 4
13 36
46 97
71 28
47 28
111 38
10 84
146 13
21 15
16 18
97 38
81 55
33 47
46 82
101 60
126 7
82 56
87 72
61 51
64 38
76 33
33 75
24 63
135 3
90 91
50 79
142 38
47 68
81 63
78 65
71 88
80 88
67 98
34 81
18 3
97 27
83 69
151 78
2 13
107 76
128 28
118 23
42 69
104 54
78 98
106 97
14 50
114 99
115 60
57 63
138 31
98 65
19 14
4 3
74 94
24 29
148 72
80 42
26 34
140 95
153 63
55 82
92 12
121 37
132 77
36 45
103 76
52 36
23 8
77 91
141 67
120 47
130 43
72 32
64 62
47 36
2 11
45 26
54 35
134 3
66 81
68 25
129 57
18 10
19 34
113 88
78 89
42 11
95 69
10 37
76 86
26 76
81 11
10 79
112 14
19 22
4 77
104 27
126 79
70 59
150 72
21 24
33 88
56 38
41 64
90 3
23 73
134 83
134 23
34 46
50 83
121 55
38 93
63 46
30 29
43 29
45 39
125 51
79 37
106 70
2 23
28 32
149 53
63 9
32 66
129 81
95 7
97 26
95 99
75 46
37 94
51 34
75 71
45 28
136 41
55 9
98 35
117 25
31 59
114 62
80 7
126 49
89 83
72 47
64 4
94 38
92 75
120 12
28 70
126 61
112 52
25 80
69 5
57 50
112 63
5 83
50 30
1 66
43 2
77 99
151 75
134 37
26 41
45 68
146 10
30 89
23 16
51 25
5 33
107 92
40 80
64 13
29 93
77 71
137 85
29 86
44 22
109 11
147 53
17 81
8 84
68 4
108 59
60 83
147 46
12 66
66 69
99 84
9 27
128 13
130 32
40 57
91 49
136 5
74 77
136 81
91 9
98 30
19 86
135 28
69 64
149 68
29 9
99 72
142 6
36 66
75 15
116 55
55 5
10 14
7 63
85 22
143 25
30 35
148 11
40 1
35 33
135 57
134 7
27 73
46 48
147 51
72 79
6 18
20 15
95 8
117 24
24 8
107 27
12 93
84 47
107 89
13 82
38 52
135 39
103 84
109 40
41 23
56 54
67 43
66 61
58 45
29 2
13 10
24 62
148 57
128 57
119 33
144 32
109 7
153 53
25 93
9 22
97 4
51 48
10 17
11 1
127 64
139 2
133 3
116 78
44 42
14 72
38 11
37 33
126 5
3 2
20 92
134 23
57 6
76 52
22 89
62 26
52 65
90 69
58 16
105 1
89 77
101 64
98 48
33 27
71 87
18 73
129 74
13 56
32 76
79 58
2 43
5 10
99 36
103 66
142 66
120 67
29 97
69 70
129 89
122 79
30 88
16 97
47 64
95 51
78 79
144 89
79 65
118 62
31 29
63 94
113 69
122 16
15 25
42 3
81 7
94 23
47 48
131 61
113 100
68 78
42 66
16 12
151 5
80 55
52 12
64 24
106 63
32 43
136 67
140 32
129 29
40 68
141 8
50 89
24 31
34 80
32 100
86 38
126 16
70 18
130 58
117 46
35 8
54 22
63 60
88 56
57 35
41 70
3 20
65 48
146 87
114 7
53 78
97 12
54 73
103 76
125 43
33 56
51 73
14 27
33 8
116 93
23 70
49 6
105 97
36 60
63 96
147 54
129 20
6 19
112 98
43 5
3 95
34 71
121 86
70 46
97 95
125 63
110 21
70 94
26 17
23 72
52 39
93 50
117 63
3 30
109 54
131 70
83 15
105 83
107 20
82 69
94 67
70 18
29 93
61 42
62 19
16 85
32 81
114 6
14 82
56 17
149 17
110 16
140 73
22 70
124 39
94 93
9 82
93 80
78 18
36 65
103 94
6 26
17 84
54 95
136 45
35 69
30 92
128 4
102 78
54 72
8 27
78 83
82 47
120 34
2 44
148 75
49 81
99 12
151 6
76 19
124 80
77 43
104 65
61 53
88 26
2 57
127 7
114 7
117 5
104 98
75 44
58 38
30 30
60 33
22 75
142 34
67 6
65 21
4 79
2 63
134 96
57 44
124 60
102 58
80 13
66 19
142 77
121 35
143 80
90 36
93 91
64 95
147 12
21 42
113 47
35 45
54 80
94 40
72 21
62 45
50 39
109 60
66 4
102 22
44 17
8 84
74 87
13 42
138 90
78 71
94 53
119 5
153 7
71 90
47 14
149 97
7 85
126 98
46 12
33 59
153 71
87 88
71 94
51 90
69 76
144 45
109 34
88 29
108 48
69 51
93 81
4 99
79 11
88 33
21 20
61 24
137 63
99 2
84 94
91 77
35 80
103 36
30 28
37 38
56 61
41 83
39 47
72 66
42 75
28 77
16 90
133 32
52 2
105 37
3 51
144 54
5 11
134 74
83 38
34 52
114 27
106 24
132 23
121 56
39 23
63 52
11 95
148 83
66 82
121 86
100 12
103 8
38 59
121 95
151 65
151 26
51 22
142 27
38 60
139 19
63 61
29 93
111 38
129 79
68 55
14 65
115 5
68 40
86 51
80 93
111 64
94 60
40 77
56 88
127 21
79 9
61 72
135 53
56 21
145 87
21 41
55 24
26 54
107 82
1 19
4 13
83 52
43 18
118 83
73 94
101 53
4 47
109 14
63 56
132 54
146 97
24 59
14 11
81 77
125 55
108 72
110 59
2 66
52 87
70 60
32 38
26 66
137 39
113 24
81 75
84 46
38 47
96 11
150 11
62 49
34 61
127 78
92 68
60 41
8 90
83 3
38 8
58 100
24 13
69 79
19 38
123 35
105 90
114 15
132 82
95 19
56 80
137 11
122 42
70 37
129 100
112 98
115 48
81 97
105 39
99 65
53 13
132 9
58 23
99 13
38 50
29 24
94 100
75 56
50 97
76 95
139 53
16 18
40 90
33 65
125 36
46 77
42 38
130 68
