6604
168 17
92 69
1217 96
1258 84
843 70
244 46
917 81
1298 12
524 52
1128 61
589 57
427 33
187 17
739 89
207 26
1264 77
833 62
1207 43
65 88
1211 64
959 78
471 21
243 99
687 26
913 38
988 52
741 32
31 26
152 85
716 5
215 35
161 10
910 86
105 99
162 41
1056 63
947 33
175 43
222 44
962 25
1233 94
992 84
168 3
205 13
648 12
752 64
945 68
529 100
67 20
231 27
159 87
1306 59
995 90
1 40
671 50
902 98
97 5
762 98
185 38
370 50
647 78
1300 10
511 83
613 39
9 21
277 77
639 21
674 76
293 33
1054 4
626 78
880 4
1176 63
48 2
428 62
226 88
290 83
734 91
767 42
38 63
548 82
1241 22
1283 62
292 94
1007 31
340 6
1154 56
204 100
25 32
282 43
499 56
103 98
1028 1
188 73
243 9
371 28
513 18
146 17
539 74
1095 43
1145 3
1173 83
342 35
115 99
1006 92
1213 35
199 2
780 66
784 8
940 45
1039 94
563 63
129 46
1310 36
715 52
291 9
180 30
713 39
533 23
379 59
705 62
1111 72
943 27
594 96
522 74
1278 29
168 73
887 8
39 50
338 53
372 10
71 75
662 57
1318 15
423 88
75 35
390 80
836 11
1155 55
1167 83
1103 74
277 5
1111 39
484 85
925 28
283 54
1144 23
310 55
308 77
235 57
273 87
1141 6
1102 80
459 79
456 66
763 4
85 7
639 75
17 95
1286 48
606 27
1299 78
1257 60
365 93
698 62
116 25
958 43
84 86
495 94
310 60
734 88
1319 28
773 46
1187 74
613 1
403 39
987 40
762 15
248 57
11 74
937 88
723 85
1053 58
361 30
1222 12
552 62
479 7
594 3
315 93
1317 37
318 23
855 31
816 33
252 82
293 65
469 46
841 75
906 10
1171 45
990 99
429 76
439 65
474 83
970 62
996 99
685 44
394 21
404 53
5 44
340 84
1202 23
1247 98
1018 93
448 60
1181 88
66 35
170 65
420 28
259 34
826 96
175 8
1210 40
124 76
1119 21
520 6
1237 46
344 60
1138 19
313 15
419 52
1119 25
534 24
645 60
903 50
787 86
960 11
997 73
20 25
399 43
334 87
281 53
725 53
476 99
331 51
363 33
867 15
1112 91
65 36
693 60
659 72
850 75
1035 92
931 82
602 13
1311 87
627 72
1290 6
72 71
203 16
264 11
323 48
1 32
574 54
1217 79
1301 18
938 48
1193 95
190 30
478 95
1321 13
1181 1
1257 88
1290 93
180 5
518 45
923 76
807 74
911 65
1110 91
1021 55
81 84
137 74
1047 65
737 74
82 59
1304 26
808 45
1303 31
1154 3
589 41
318 94
103 93
1282 14
978 46
953 46
307 94
1080 3
248 54
1025 48
220 27
69 10
1163 97
477 4
1254 17
664 24
1294 57
745 42
861 6
1154 49
1005 81
652 98
1319 24
1034 66
1286 45
1168 13
502 83
957 45
327 58
919 60
1296 33
365 73
361 83
959 70
679 51
1316 76
926 47
218 18
1156 31
287 20
1150 96
434 100
705 39
478 4
605 42
826 39
352 38
1078 3
1080 28
448 45
1242 87
518 85
461 63
608 26
1020 68
1262 94
733 49
40 16
175 6
667 43
565 2
711 89
634 95
681 86
702 92
680 11
1201 80
832 25
899 27
616 52
71 34
482 47
498 81
443 87
502 82
714 91
1060 51
891 76
677 18
953 79
560 36
708 55
412 44
1167 2
494 28
653 89
819 42
83 69
471 32
1174 15
250 87
84 32
542 47
987 23
660 54
1105 66
1216 44
959 35
550 25
352 14
840 90
8 100
447 90
1092 25
1153 81
51 8
700 84
795 100
1201 23
913 97
74 74
1175 30
206 50
1251 76
829 73
562 7
922 73
1215 37
443 64
387 65
664 79
1141 51
421 52
1237 36
623 54
94 27
1093 10
241 72
594 77
1293 12
534 21
1236 75
998 26
698 70
1203 53
802 82
1212 70
120 19
416 98
1231 52
240 100
407 49
1180 94
1074 33
63 86
1046 37
992 24
269 71
1182 24
883 60
22 79
635 13
1222 17
885 91
326 23
674 19
236 94
55 1
449 69
1220 58
835 18
136 68
143 26
798 21
186 99
162 20
1117 36
571 37
883 93
762 68
1010 68
549 43
1232 20
28 66
405 79
755 98
919 82
245 41
935 76
147 76
1127 55
509 8
1131 77
1152 37
792 27
1034 5
142 52
538 7
533 56
243 32
488 9
411 14
840 39
1204 78
354 3
724 33
1122 10
1287 3
839 87
825 89
1084 87
671 19
133 31
487 64
711 58
1241 77
886 82
1307 31
132 43
1041 28
58 62
1090 1
537 24
545 8
814 4
382 49
1148 86
165 98
959 96
790 52
316 16
493 53
676 13
1192 53
768 61
1253 49
1317 79
376 92
442 5
605 34
984 85
1244 10
477 58
1178 62
346 86
1183 15
846 48
231 78
845 16
400 90
759 81
317 11
70 64
1216 33
1244 84
99 47
997 80
886 12
979 97
733 13
338 28
1160 74
802 35
145 74
314 72
404 76
1009 19
130 12
600 44
893 87
413 33
1061 67
615 34
1307 45
115 63
726 39
467 93
637 83
3 93
109 47
136 29
514 25
276 37
454 82
710 10
29 74
183 57
1175 6
281 26
386 1
741 98
1288 9
716 8
716 78
824 42
1061 64
827 52
275 99
173 72
1160 74
481 1
541 45
179 57
613 94
260 94
840 42
508 45
458 2
926 20
1216 52
585 63
882 13
704 70
489 4
1312 49
854 73
817 30
64 57
379 56
475 31
612 44
888 6
440 34
534 77
261 31
769 39
402 48
682 13
389 24
275 90
554 47
66 68
692 46
780 60
220 86
51 7
37 32
1010 51
788 40
922 43
1048 35
35 62
1254 13
1124 29
1176 62
1253 96
116 95
1307 64
682 85
1161 78
397 81
574 68
1075 28
565 81
824 2
409 71
286 12
187 23
515 49
306 99
393 78
1170 37
1069 45
1103 91
780 32
1281 24
710 34
35 57
192 58
650 75
332 39
1262 56
365 17
40 97
1198 93
1181 52
899 37
482 72
31 68
457 73
1235 78
571 2
685 17
103 14
848 83
1034 56
599 57
668 34
701 90
1185 60
631 74
410 91
434 26
1168 73
378 79
2 99
663 4
86 40
558 62
235 35
1260 78
1139 20
1190 37
624 48
957 15
582 79
668 6
299 16
1129 45
391 73
885 36
535 60
163 74
17 91
623 56
160 96
1059 48
276 90
684 59
952 70
259 85
25 7
416 96
1100 9
1208 6
372 66
92 60
371 20
968 100
829 100
1180 89
1119 33
432 11
595 19
375 46
549 91
636 75
89 55
1158 18
953 58
1303 8
172 29
648 20
690 97
739 33
743 9
1019 90
743 58
380 35
1089 77
436 78
1309 5
652 28
616 8
36 2
451 31
122 54
905 82
1128 24
27 10
592 38
375 7
1299 31
563 87
383 48
11 93
835 52
1018 43
453 96
209 2
1047 98
986 44
775 38
212 39
361 96
423 99
1274 96
1048 10
1049 3
861 9
532 76
637 74
616 60
310 43
1178 69
85 17
256 40
817 67
1275 98
145 33
1188 65
258 67
962 100
1112 33
1087 37
787 82
404 14
676 42
959 38
486 98
221 40
271 75
204 90
501 14
720 53
201 44
789 100
360 83
576 20
133 86
16 30
989 42
250 55
851 97
1212 60
1029 25
370 16
524 27
650 69
825 86
165 12
711 35
1078 25
712 36
318 9
911 97
1178 65
1264 29
1250 8
967 33
77 17
1000 18
1132 37
505 67
477 8
562 46
902 56
1288 51
1216 83
1312 100
157 90
881 82
745 61
61 27
989 76
323 76
347 79
404 5
1008 37
1275 1
416 95
1176 53
1050 1
1027 26
1178 89
146 25
648 70
1145 97
347 37
1001 39
427 43
782 83
394 37
944 82
219 85
494 44
710 43
1222 53
1267 85
1080 17
150 38
732 12
872 68
625 87
69 86
1129 49
1032 88
624 96
739 44
726 87
469 90
230 68
571 31
26 34
1061 97
154 17
1096 39
353 81
1228 67
503 22
990 45
811 29
1022 41
1228 68
921 100
1104 46
564 90
1068 46
231 91
25 19
900 99
1180 14
425 17
1124 23
635 7
395 29
111 24
1227 17
920 81
851 75
1206 47
602 24
903 3
534 22
163 90
664 34
902 58
954 36
252 8
287 35
312 4
1007 19
388 19
667 17
800 43
901 16
980 11
238 64
167 66
992 99
42 8
307 7
1184 11
598 84
700 5
1241 98
1186 11
1217 45
619 48
778 23
274 45
1277 97
564 23
1253 60
1124 99
582 67
179 4
518 56
578 32
251 63
22 16
1031 48
787 8
100 93
815 79
1092 20
244 77
1162 60
702 73
161 19
1227 65
828 29
802 77
323 47
1169 61
1230 83
302 83
972 74
76 82
405 16
1088 15
76 26
1197 53
116 44
1132 78
242 29
595 14
36 90
715 66
154 13
972 37
156 24
591 12
858 98
949 60
99 68
580 9
38 96
124 80
1195 47
968 83
56 63
559 25
260 43
992 30
460 1
249 63
121 93
1268 65
76 45
1225 13
790 13
834 10
1002 24
451 99
328 19
822 65
329 43
368 92
599 50
748 80
243 96
746 44
832 59
539 28
305 84
314 20
965 20
1057 62
1158 75
130 3
257 26
1210 50
384 17
476 47
716 72
652 31
815 43
253 71
1009 71
1153 98
1316 33
316 82
1096 4
197 98
9 1
303 17
144 48
751 42
3 44
624 5
324 56
577 59
829 50
211 75
62 47
557 58
444 81
1059 63
149 61
1158 77
969 64
911 54
958 65
825 70
859 71
820 14
924 95
556 17
966 86
140 100
1029 80
82 98
963 18
972 3
988 33
1007 83
94 46
736 74
236 68
273 95
697 92
584 87
873 95
627 60
648 49
980 67
564 11
10 30
403 38
385 1
475 82
1202 84
1219 55
488 16
484 59
775 67
493 42
290 75
1024 95
652 23
411 55
249 23
1030 25
286 44
462 82
319 49
529 38
610 16
859 13
942 22
871 73
1034 36
713 68
531 19
247 20
868 55
748 35
98 3
114 14
458 45
199 85
1258 20
119 79
1254 39
259 78
663 63
666 12
1207 99
1161 59
906 47
74 53
290 45
433 14
163 75
967 27
1100 69
733 86
927 54
1107 49
579 29
260 57
222 78
121 31
47 78
724 98
690 99
139 100
442 83
330 77
213 79
683 87
411 80
123 4
259 33
1209 68
598 62
69 74
1155 40
1022 65
709 29
427 14
987 28
200 98
1147 93
231 84
1275 82
968 93
207 83
853 85
197 58
693 61
1063 27
36 55
495 51
586 11
371 76
313 95
110 76
507 43
697 94
923 49
651 19
565 13
696 16
1292 10
558 6
682 35
248 94
1034 84
159 95
671 74
472 90
16 48
126 81
573 72
147 60
500 95
434 15
463 8
335 77
1091 2
1013 41
523 36
1015 63
194 70
406 100
429 12
1049 67
255 51
179 63
1177 26
726 78
831 49
925 6
332 44
258 32
1177 63
976 90
1155 41
440 34
1265 19
566 88
216 66
326 65
266 47
1294 18
165 3
741 10
770 88
721 44
1096 22
418 73
1156 86
1019 49
608 36
766 71
1100 26
1235 89
1158 40
1172 57
234 50
425 57
510 94
57 90
1273 56
1224 74
1185 68
12 2
434 1
1145 86
466 22
582 82
397 92
544 65
1182 33
612 91
1070 62
652 32
768 90
72 36
284 14
535 29
1182 97
92 14
278 42
179 49
1023 55
669 1
85 31
1315 50
95 66
1249 85
230 67
390 25
960 75
260 77
899 78
111 61
799 61
627 79
791 97
609 76
1263 54
420 42
603 72
447 87
350 16
511 10
306 21
490 24
1286 20
835 90
986 35
906 12
1023 34
2 68
353 72
330 53
359 16
1202 13
830 80
234 50
729 31
15 43
712 77
970 44
875 43
996 69
1211 10
550 62
134 95
997 54
56 52
953 54
537 82
798 9
450 27
975 51
836 52
968 98
66 8
485 54
1282 9
1303 44
888 95
523 91
1089 88
876 92
971 21
892 33
1041 20
532 21
1312 26
596 76
459 33
57 92
622 10
93 44
833 55
1141 97
358 46
1141 11
1272 72
1015 27
1253 92
91 50
1168 37
198 32
346 21
1194 24
1017 55
297 13
620 96
167 93
324 32
394 93
1306 71
70 84
1055 7
985 65
396 21
1 50
889 15
683 20
67 67
803 3
802 84
1264 84
655 59
719 35
705 32
485 34
758 28
279 28
346 42
78 83
728 18
224 41
266 48
1204 47
665 13
309 89
121 42
565 38
1285 71
187 66
863 77
392 4
780 47
930 85
1129 76
172 1
692 36
542 13
935 90
506 83
1164 100
812 25
742 22
9 90
1260 27
88 3
1045 58
794 96
637 7
1062 22
182 100
1268 31
1317 76
1032 67
1059 68
412 56
191 2
488 70
1016 18
1304 95
93 8
520 70
1315 73
7 67
655 99
1083 96
1262 91
433 95
996 27
90 95
1244 59
498 78
150 58
1105 92
512 25
386 35
10 46
266 56
1153 33
420 49
1262 71
1281 81
493 49
506 58
868 38
786 97
131 19
583 62
919 85
1070 43
556 88
852 33
1251 55
1252 77
45 98
1275 27
687 46
158 4
1104 25
979 65
1192 29
276 54
953 58
870 100
1309 28
411 47
79 52
18 59
1224 43
234 91
228 65
944 86
330 92
544 13
700 65
1034 15
575 38
1136 33
577 8
537 61
580 42
961 95
735 37
811 3
118 20
1083 70
570 51
713 29
187 78
719 99
455 77
475 35
266 62
1123 77
45 96
150 92
641 27
614 60
1129 13
1312 47
1280 91
399 5
259 1
200 88
274 7
993 34
351 66
1185 38
46 82
489 11
394 10
850 89
1103 33
1179 100
709 19
858 80
865 80
2 60
550 55
505 22
398 76
1273 92
935 85
598 21
1162 18
401 32
1066 39
457 36
1234 41
90 32
438 45
1088 3
1131 9
376 21
764 60
1124 62
796 55
524 7
169 87
267 56
511 6
1062 5
723 51
1206 75
94 59
1008 56
203 6
838 26
353 7
136 66
799 37
679 38
930 15
176 31
193 79
541 62
110 61
1070 91
1119 2
527 49
733 8
550 50
1267 97
1285 86
413 81
891 97
109 7
1055 1
821 95
1288 57
677 28
715 23
184 95
707 98
754 65
518 94
1249 99
104 40
1232 81
898 56
1163 63
660 85
995 67
1166 17
1293 12
355 79
1177 86
544 83
582 96
215 44
1097 87
115 35
106 44
457 85
212 77
929 53
195 94
231 25
758 73
556 97
818 49
1138 17
293 64
259 39
1253 78
1127 34
1129 27
405 86
95 14
495 8
710 61
75 83
350 24
268 48
