4398
324 31
866 37
288 9
103 98
760 43
749 94
325 44
356 71
270 52
281 48
533 22
509 69
364 74
111 35
378 70
414 40
523 13
464 73
870 26
16 76
240 90
107 30
463 19
287 38
167 28
64 14
233 24
471 74
135 79
787 13
183 76
500 44
335 66
357 43
302 26
665 27
797 64
427 77
866 20
790 57
765 37
275 88
369 70
508 25
47 58
129 87
871 14
667 10
509 76
385 6
222 88
418 45
201 6
624 38
83 19
653 62
525 28
172 24
788 22
378 80
605 50
388 96
462 67
287 31
624 60
300 81
728 16
318 86
252 88
377 74
502 34
387 63
846 59
325 55
327 10
153 29
79 38
516 82
263 22
105 43
747 17
688 41
255 66
290 31
446 36
38 52
746 42
775 72
415 73
733 36
812 54
696 33
294 56
727 20
582 36
48 20
550 98
144 65
879 20
529 71
472 17
805 6
502 97
480 88
377 52
736 71
840 68
237 48
55 33
593 22
73 97
867 17
476 44
640 43
429 20
283 21
431 40
1 25
853 57
626 66
320 5
687 89
429 25
333 58
84 14
820 63
390 77
232 88
472 93
793 97
7 88
133 81
461 12
413 45
1 35
492 24
57 30
64 32
378 6
838 21
651 51
872 28
551 98
558 75
266 44
700 71
690 38
713 71
802 22
533 6
73 5
689 10
647 64
148 49
846 6
402 17
656 9
346 8
867 31
850 31
150 91
839 41
561 28
75 81
480 66
48 33
716 29
535 76
430 64
562 100
17 35
470 53
408 67
436 64
773 67
69 17
440 77
216 87
541 46
578 2
61 17
733 83
123 24
236 24
607 98
506 44
282 53
427 1
861 21
257 96
497 35
150 34
6 87
326 4
520 23
74 14
749 83
699 38
730 78
261 26
755 29
879 100
505 99
520 3
758 38
634 28
512 53
551 37
171 49
728 65
607 72
348 46
255 66
484 5
823 47
305 57
239 48
468 51
593 25
263 39
337 81
78 51
880 1
708 98
705 86
74 34
429 81
410 88
397 51
194 40
638 28
521 14
683 63
336 49
667 40
846 75
466 42
727 13
353 62
63 41
455 66
413 56
174 57
520 21
699 5
771 86
78 69
472 63
201 82
826 80
409 12
534 100
318 78
661 60
624 70
737 16
667 8
281 67
214 59
712 81
42 89
722 63
13 26
790 60
220 2
212 47
435 56
655 89
205 23
37 81
256 95
866 9
13 4
189 25
104 6
549 56
3 2
40 88
82 11
759 95
622 92
677 85
441 11
96 92
331 22
137 44
614 7
117 45
647 46
497 49
294 25
362 58
837 82
199 73
636 49
682 96
821 46
382 94
44 28
82 71
307 16
18 89
745 12
154 19
780 79
703 28
346 77
854 46
586 45
511 87
463 54
100 94
49 47
610 36
88 73
389 26
804 10
71 51
114 18
596 91
78 5
412 18
220 10
97 38
262 43
788 7
490 70
873 33
494 46
283 32
701 20
622 26
729 6
362 40
39 36
62 10
717 99
229 82
880 87
496 81
678 44
149 64
826 59
221 77
478 8
834 56
676 90
250 61
149 32
218 69
590 94
641 2
144 25
655 50
293 62
158 20
458 49
335 73
188 81
695 7
152 66
527 38
382 19
324 30
314 91
643 24
876 56
644 65
747 31
42 69
581 88
28 97
52 79
539 57
442 66
194 39
191 34
384 29
631 1
356 96
81 66
484 60
487 34
821 26
130 92
656 51
468 3
611 58
814 17
429 13
849 24
19 55
394 53
574 59
35 18
618 78
876 47
389 76
456 47
273 76
623 90
531 64
716 39
138 55
190 90
861 9
627 69
367 16
257 22
205 47
131 41
82 58
166 36
499 30
473 32
376 86
508 32
104 31
497 73
43 32
823 64
286 5
757 87
213 70
567 47
7 79
692 61
534 59
119 79
353 43
329 8
418 91
874 87
239 35
620 74
821 30
805 51
220 49
215 86
381 77
531 51
541 8
418 63
669 90
363 86
682 74
80 74
415 55
176 1
117 2
563 19
299 73
658 89
837 18
775 74
826 39
82 32
862 64
574 34
223 62
479 47
448 91
77 90
446 4
284 17
723 15
250 37
137 93
649 42
254 2
349 4
21 95
166 99
301 84
76 17
147 8
14 55
805 38
560 85
265 74
35 51
437 55
682 79
355 28
8 75
97 74
836 44
36 53
771 94
493 15
240 48
185 55
725 45
423 88
236 36
628 52
710 79
55 34
213 6
226 5
860 18
9 14
35 91
357 58
247 6
58 90
787 41
7 32
498 14
641 52
712 45
89 18
346 88
606 73
565 63
736 38
621 24
826 26
382 6
161 62
407 14
477 90
787 79
624 53
461 52
239 90
490 37
736 62
87 11
423 14
61 70
428 53
684 55
859 11
649 81
310 100
429 73
138 4
94 32
255 42
92 92
630 85
678 31
589 61
316 5
686 75
324 93
316 45
450 65
854 2
710 41
416 50
223 83
352 58
140 99
706 67
840 8
220 55
604 68
580 40
362 64
668 99
845 45
1 89
511 25
101 54
806 81
321 90
689 8
506 24
29 43
518 69
557 27
595 93
30 70
832 11
812 43
712 28
47 100
512 73
663 24
511 47
1 51
860 63
695 65
65 3
757 78
389 95
309 27
401 66
257 65
77 95
658 55
879 38
378 91
784 44
445 76
478 7
354 62
602 11
186 1
699 41
862 16
416 57
326 32
63 73
740 70
181 17
60 72
503 32
14 4
773 28
871 75
274 3
141 67
504 76
141 94
217 6
395 97
489 27
4 71
267 19
625 76
664 47
798 10
761 83
92 43
448 79
552 37
65 95
813 46
681 71
477 94
286 30
130 33
311 8
409 13
183 100
384 15
131 39
430 42
519 47
551 97
782 58
572 49
630 18
119 50
351 77
545 46
570 48
146 75
820 5
805 40
142 92
339 41
540 66
818 80
143 100
38 20
296 99
388 96
270 5
764 82
363 46
216 44
863 80
618 60
772 95
661 96
401 11
398 28
306 53
587 37
798 58
753 69
461 38
677 81
755 3
758 43
479 54
712 81
541 29
783 43
344 39
163 52
127 85
14 17
400 57
392 34
258 8
36 15
547 56
188 59
531 11
651 38
254 69
109 99
248 24
370 14
575 75
176 75
633 22
625 85
538 44
766 26
807 72
276 40
561 15
13 11
330 49
64 1
825 26
516 28
801 58
684 27
514 2
848 22
362 90
529 34
816 16
144 2
837 57
476 7
190 36
734 48
90 78
846 67
769 45
209 30
826 68
708 71
655 96
316 26
554 62
780 48
334 74
265 52
50 15
117 56
3 71
793 5
662 18
673 79
426 11
75 6
61 1
7 84
647 89
111 77
392 12
522 33
828 9
94 91
524 12
604 63
565 43
276 23
326 8
784 20
519 1
500 13
363 65
524 16
409 98
815 86
30 73
589 25
42 97
94 63
178 46
773 29
107 52
878 15
494 76
291 20
24 95
214 9
778 92
843 99
494 35
432 98
661 29
508 61
332 42
736 31
472 7
239 13
500 91
838 88
713 43
363 83
200 92
241 51
444 9
846 74
404 31
787 52
771 85
793 10
226 27
541 14
741 92
76 93
779 77
399 4
365 93
677 73
738 62
270 28
17 12
741 88
743 30
657 6
541 93
598 85
391 28
242 95
500 38
677 21
466 80
158 71
60 51
504 3
437 86
510 98
163 75
703 72
109 40
614 87
76 18
783 22
846 64
663 54
813 92
863 53
146 17
503 65
47 38
837 22
426 89
754 60
294 7
426 38
437 61
869 98
606 50
452 87
319 72
175 63
554 11
717 44
806 48
33 53
592 73
121 63
714 63
313 98
399 93
449 28
276 88
828 85
195 55
852 33
651 17
728 35
782 64
353 72
370 30
403 15
398 36
132 5
444 15
32 60
628 30
387 35
426 15
831 86
398 93
239 66
299 58
94 17
130 69
828 41
810 5
715 39
755 29
603 61
846 78
750 11
158 4
381 68
288 61
437 59
33 42
473 95
583 72
243 54
281 99
393 59
427 12
201 66
141 13
398 63
357 13
454 51
688 13
700 35
474 77
319 49
609 79
360 47
755 40
90 96
732 58
764 81
319 56
164 87
496 20
214 25
803 55
83 32
75 48
138 91
688 69
682 2
105 58
760 33
395 87
663 97
692 39
435 85
422 85
249 16
338 55
470 74
812 64
646 17
792 12
669 42
809 47
464 94
277 40
486 21
624 56
452 72
461 68
45 70
245 60
340 96
358 26
783 21
664 35
866 59
429 56
767 90
533 84
658 94
427 99
274 30
576 56
650 76
212 47
695 79
675 42
62 3
177 58
679 12
692 78
286 64
564 71
26 3
255 57
675 24
316 1
62 99
422 18
578 95
46 31
203 24
634 64
754 49
104 89
773 3
857 45
869 38
723 75
766 6
538 48
244 91
784 82
842 10
233 97
673 10
503 32
855 89
366 58
483 55
246 99
456 50
566 75
482 50
786 30
575 91
610 86
726 5
793 20
663 28
265 67
614 54
478 73
132 73
550 85
810 79
434 63
511 3
523 45
760 31
527 6
741 91
839 51
417 39
815 13
184 50
198 93
147 38
386 34
612 97
249 7
739 71
707 97
648 26
168 80
656 51
763 38
345 91
8 82
485 48
488 32
664 60
380 32
265 30
161 84
207 73
325 45
119 95
789 55
183 37
108 35
129 80
25 1
2 63
169 72
364 83
528 98
329 29
364 21
412 68
646 90
264 88
184 32
371 29
292 87
117 59
402 90
720 60
300 21
610 77
201 20
165 98
665 20
646 37
384 30
591 33
122 50
355 12
589 34
179 91
590 82
181 59
3 27
207 46
186 84
832 59
725 21
611 67
303 85
482 48
346 88
4 88
399 51
455 58
135 73
594 60
227 73
234 40
124 96
686 35
409 34
19 48
566 82
192 44
19 9
370 81
271 21
171 8
838 48
170 2
873 26
760 88
261 80
265 57
374 52
292 45
378 36
143 4
410 29
35 1
811 97
187 18
149 46
32 4
275 4
789 93
875 95
635 23
300 71
642 11
220 15
801 17
461 4
746 71
287 74
768 79
582 58
714 74
363 31
38 61
339 46
200 17
251 29
686 12
798 41
293 8
9 11
657 94
764 19
85 37
186 22
627 98
359 21
278 97
127 44
153 18
847 44
413 40
698 74
635 2
205 82
84 89
559 44
305 42
86 28
135 19
414 46
509 32
293 78
469 75
815 28
52 56
339 87
755 18
301 77
657 6
592 39
563 63
419 56
759 2
171 89
853 40
501 5
506 14
700 99
479 27
402 48
198 28
192 44
267 80
560 30
276 46
868 94
865 81
468 45
822 79
269 71
866 64
780 70
211 69
162 48
512 89
446 12
156 89
657 51
116 53
698 95
707 99
524 89
286 90
9 33
214 13
842 42
850 49
263 74
378 80
180 25
583 33
855 25
58 49
604 18
104 84
57 4
153 38
707 49
333 9
511 30
855 24
689 82
605 85
58 38
353 32
858 20
390 78
396 34
228 44
501 25
797 29
429 18
370 52
177 90
120 73
566 76
17 83
461 48
860 78
64 81
692 43
498 9
665 6
27 71
422 60
714 30
196 59
425 54
691 17
800 90
91 17
554 39
339 74
559 20
131 81
614 100
591 41
356 38
253 28
250 70
576 58
649 10
267 1
574 21
400 22
453 15
196 38
68 75
862 29
468 6
361 78
204 64
280 2
835 8
623 23
12 85
558 22
413 91
735 88
564 68
818 14
653 53
740 98
8 92
174 89
82 40
598 48
830 11
370 72
12 10
746 28
825 92
606 37
817 79
686 24
677 78
864 69
775 48
801 7
647 79
650 79
613 17
500 35
763 90
817 4
297 82
720 12
492 60
856 26
593 89
510 80
117 59
862 1
652 3
843 74
655 80
509 85
301 83
657 94
122 15
331 69
149 93
626 66
379 8
863 65
286 37
467 48
353 31
301 28
697 82
306 24
644 24
375 16
126 22
16 16
758 54
856 18
730 18
70 39
230 80
277 28
21 47
291 26
281 79
444 85
26 70
455 51
549 81
701 41
685 53
55 93
70 60
567 45
352 73
337 51
650 64
606 98
365 24
113 45
377 16
706 80
158 54
37 42
377 12
461 14
779 37
284 80
219 79
129 37
249 53
840 27
791 3
86 60
762 4
43 10
163 81
54 8
491 87
77 47
76 50
532 26
588 58
213 47
341 59
625 87
441 71
554 92
684 23
208 70
388 10
858 86
780 86
613 95
430 87
171 25
440 97
409 39
159 31
539 37
434 62
423 59
442 32
649 23
18 6
189 60
291 26
156 99
75 47
648 80
131 49
522 77
1 82
81 68
90 90
121 54
638 34
259 56
583 12
448 14
474 5
532 45
674 70
422 71
247 100
333 97
264 18
43 92
525 37
458 96
118 6
784 7
605 1
179 28
117 72
302 79
121 70
329 39
251 32
502 99
489 22
232 37
105 32
131 6
167 24
728 30
182 39
494 80
497 71
378 1
736 16
303 39
580 97
192 12
405 58
49 62
429 9
552 71
209 48
13 57
650 92
230 58
303 90
47 86
178 25
763 3
402 10
148 53
358 89
713 91
791 76
404 8
216 100
207 76
85 14
703 11
128 72
212 29
272 91
504 78
2 50
164 22
372 68
722 60
672 16
286 60
116 93
85 73
125 22
173 47
145 35
279 90
122 69
588 48
220 29
589 13
252 100
179 42
236 56
666 6
559 54
639 8
630 38
285 3
452 27
815 9
855 53
417 8
454 72
126 3
728 61
866 8
437 24
680 21
606 22
859 65
689 74
600 22
276 14
213 38
232 83
798 31
130 93
308 19
229 87
748 18
606 96
131 10
221 18
460 32
547 90
859 2
732 5
807 20
447 44
441 8
43 71
486 32
324 23
256 59
680 20
767 87
642 100
603 64
127 25
347 72
787 87
686 58
122 53
374 97
600 22
504 17
164 33
430 62
403 42
659 53
332 5
124 36
27 48
877 54
784 48
259 7
360 82
417 4
716 68
594 77
756 98
307 21
186 94
521 92
727 29
666 80
258 2
831 14
494 53
812 27
404 22
319 68
273 19
121 21
672 67
834 17
299 57
564 33
433 51
35 13
386 35
