771
129 37
3 86
133 93
116 97
126 7
128 13
3 27
139 58
27 36
16 72
63 43
105 16
86 46
18 66
98 96
55 50
135 53
145 58
104 77
130 87
67 72
122 54
114 97
131 1
135 1
100 53
98 98
111 73
8 22
117 99
22 88
17 70
146 35
80 97
148 8
120 88
69 80
145 6
32 30
71 27
76 59
46 49
119 54
55 30
25 73
62 72
52 5
51 34
15 51
80 33
143 95
53 56
149 99
9 5
9 57
85 90
96 43
74 67
139 26
4 63
101 43
15 78
8 89
60 55
113 80
105 91
10 1
46 33
2 24
100 56
17 23
54 56
82 54
64 73
10 2
67 5
151 6
117 96
82 32
39 36
116 1
134 54
66 93
79 2
40 90
37 34
117 87
99 43
10 51
22 48
59 44
84 6
153 92
3 94
101 23
19 15
91 74
49 58
11 3
97 33
46 54
102 64
27 97
147 50
40 50
144 56
19 57
10 73
5 50
133 70
49 7
108 45
7 91
54 17
42 46
38 81
151 24
92 63
148 83
67 95
101 19
35 79
45 64
96 22
49 53
103 49
31 56
77 78
25 91
152 47
125 75
6 38
56 21
104 73
21 72
17 64
104 85
120 33
97 12
75 45
8 82
50 6
121 27
90 64
52 9
54 57
114 33
101 39
12 58
12 65
100 90
38 68
65 26
145 86
37 100
14 80
136 4
77 18
26 97
152 94
94 1
135 99
90 50
7 89
111 92
132 35
40 52
109 48
97 2
96 23
142 57
55 20
144 49
140 27
73 71
8 80
57 73
130 46
109 61
112 58
140 70
124 27
27 39
38 40
31 94
86 72
80 18
70 75
108 97
5 68
62 51
125 69
113 65
137 56
110 68
61 51
19 25
2 4
45 97
11 57
46 78
124 36
26 94
42 63
89 37
14 96
118 15
25 74
48 73
84 77
12 82
77 79
21 81
14 26
79 22
97 64
61 42
60 19
69 88
50 86
139 42
87 35
53 98
17 46
132 88
10 94
91 44
17 68
16 61
26 23
21 85
94 78
90 63
18 25
81 94
30 11
87 2
24 93
24 79
127 37
136 69
41 5
132 57
33 60
51 19
85 74
70 35
50 46
103 54
151 99
124 46
6 37
99 14
38 55
84 4
108 7
61 49
21 85
10 23
143 78
91 69
61 1
10 92
32 73
17 9
61 79
73 10
65 40
80 4
94 97
74 34
111 14
98 12
151 60
76 3
128 25
138 16
113 98
115 56
138 66
21 52
116 63
53 85
138 30
79 27
11 89
25 30
153 96
15 17
150 47
14 15
105 36
8 14
8 33
153 44
6 30
78 61
39 75
109 35
25 35
33 25
54 93
41 57
44 97
50 11
79 17
148 32
150 32
75 3
115 47
130 39
41 87
47 25
14 39
32 55
139 48
145 65
121 27
125 37
59 17
78 32
74 20
89 79
3 5
98 82
20 24
115 21
103 31
100 4
42 36
107 34
129 46
113 41
17 41
23 91
23 28
25 67
83 31
32 37
58 29
142 82
39 59
87 87
102 34
125 59
52 82
98 82
106 65
106 37
4 5
15 59
49 86
10 28
9 95
44 100
50 12
108 82
119 46
134 22
138 83
81 34
125 25
31 28
48 93
73 30
61 49
13 89
76 95
57 98
64 39
97 67
23 35
112 85
132 47
26 69
71 5
131 39
1 18
96 15
86 16
122 29
6 54
48 28
54 94
78 84
117 43
137 14
43 38
29 42
137 94
83 12
83 71
32 46
8 30
88 50
32 13
145 68
46 7
61 66
26 2
30 11
131 38
47 2
17 18
38 74
117 81
27 7
63 73
33 96
122 19
10 90
143 69
15 34
36 99
50 77
37 13
87 48
15 63
154 31
141 43
76 55
116 49
14 94
104 50
144 52
3 42
51 48
36 26
83 17
76 100
102 52
58 19
77 79
117 74
44 81
111 46
113 32
87 19
40 46
22 3
103 34
110 77
128 36
92 58
18 15
101 20
127 3
21 7
115 99
54 2
40 91
154 58
86 31
51 1
127 1
150 43
56 40
64 5
113 23
48 45
80 66
29 55
26 77
132 1
136 64
49 52
89 97
44 93
76 59
109 53
11 73
139 84
116 2
2 16
109 77
122 19
145 73
54 39
108 73
102 23
45 72
133 41
78 57
7 17
154 84
137 8
21 77
137 87
104 65
34 88
53 44
42 60
118 4
102 82
67 57
101 51
62 70
51 14
1 47
13 98
82 43
144 29
36 84
94 60
54 11
41 8
111 42
50 66
117 93
31 78
64 9
40 75
147 56
84 12
33 48
103 24
92 1
93 71
39 71
127 11
90 56
145 6
143 41
66 62
57 63
91 14
146 95
78 77
83 13
92 91
92 58
22 39
122 15
40 21
6 77
9 98
102 47
57 74
79 43
22 75
122 35
105 51
41 41
135 5
139 40
85 43
96 60
101 80
88 7
119 43
145 16
68 45
114 14
87 15
119 2
135 75
37 27
4 70
97 80
116 75
52 47
108 5
132 36
129 85
135 21
22 88
29 91
26 50
121 8
148 45
107 92
122 48
146 87
93 69
147 64
65 60
3 69
135 68
147 32
89 35
8 26
33 46
137 72
122 29
67 60
102 34
153 18
39 28
19 5
35 60
43 87
94 23
89 26
53 30
128 1
137 66
126 61
131 47
3 74
70 24
51 39
142 1
29 11
79 22
147 55
16 25
143 61
1 78
10 57
143 38
99 95
79 93
3 97
117 9
48 10
36 38
51 68
44 70
25 36
134 78
72 85
89 20
131 24
33 54
96 39
80 9
100 100
42 94
5 71
4 100
78 73
74 6
108 72
14 46
114 18
62 86
100 23
109 49
58 46
146 24
1 95
103 21
40 81
46 60
14 6
61 21
51 66
16 94
7 82
35 55
91 54
7 74
143 34
91 77
82 26
92 55
128 3
12 43
32 25
9 48
90 78
75 89
101 1
146 54
11 24
46 10
78 47
4 21
138 28
49 92
92 62
18 90
13 96
51 33
41 68
47 73
59 10
33 56
45 88
30 1
39 71
77 51
102 15
118 14
119 67
126 38
63 3
151 85
2 22
54 71
32 73
74 50
45 31
66 16
100 79
24 27
13 87
103 19
106 87
58 43
22 51
123 11
61 60
106 31
17 34
149 47
38 3
24 24
26 67
108 60
22 34
84 14
132 87
33 32
36 18
41 61
103 52
76 85
107 41
68 90
49 60
11 72
19 36
54 4
47 24
43 86
92 20
135 11
74 63
83 5
87 25
5 87
131 66
89 57
73 40
1 57
152 70
50 33
69 6
9 76
103 34
139 75
72 6
120 70
85 61
114 29
103 93
20 61
38 61
78 58
26 65
124 71
89 24
6 32
83 88
10 14
22 60
83 60
40 67
135 14
132 4
107 19
41 63
13 44
136 7
60 63
24 85
38 85
17 71
36 16
1 75
73 49
13 93
11 88
127 46
36 56
81 43
109 9
45 5
19 52
74 82
150 40
12 24
147 41
32 5
58 27
146 83
58 13
51 9
142 44
52 68
153 14
124 81
18 67
34 74
3 71
28 63
35 63
28 7
33 30
22 8
41 57
128 51
35 83
76 5
107 22
69 32
93 67
24 67
50 96
127 78
38 7
93 55
129 7
134 53
33 48
84 76
121 86
138 18
151 20
141 67
104 17
95 29
75 68
11 87
152 87
41 46
141 96
136 55
91 23
91 70
96 77
145 43
44 96
7 29
42 95
60 64
63 89
60 61
149 67
123 64
128 36
145 37
4 81
14 97
18 41
42 91
63 77
83 16
102 67
147 8
27 87
6 9
26 22
68 75
44 22
40 68
15 39
127 6
144 17
70 92
95 75
110 92
113 37
106 39
14 94
149 65
117 68
1 37
43 52
128 74
141 13
13 36
12 99
67 26
42 49
146 6
79 2
141 47
94 78
107 41
143 78
109 59
114 41
153 89
9 23
40 68
139 53
9 94
32 63
115 6
57 40
38 22
90 73
110 7
150 8
27 89
23 41
135 74
71 47
51 66
37 10
117 90
90 75
154 25
38 82
55 74
56 58
19 53
51 54
126 13
104 5
107 68
149 7
9 76
42 44
112 46
87 58
154 30
100 94
107 82
122 60
105 80
108 10
87 21
117 96
40 74
122 16
23 7
61 5
118 94
74 82
91 99
133 24
106 34
127 57
117 60
83 13
31 22
57 42
33 85
29 91
57 90
12 81
21 44
114 4
14 6
72 47
93 49
106 68
128 28
119 100
110 47
73 17
62 88
115 59
54 11
98 5
99 15
41 80
24 65
51 7
73 50
52 37
135 79
110 47
105 2
22 19
104 39
105 87
127 38
35 77
3 45
23 43
27 95
119 87
35 88
26 90
10 62
5 79
150 7
134 29
111 61
66 27
151 58
45 87
90 37
133 78
8 70
3 30
99 13
6 76
89 8
44 61
14 64
101 68
101 8
102 78
145 40
37 3
147 36
103 33
148 39
128 75
123 88
92 62
123 8
57 28
74 37
33 5
86 53
135 8
34 94
102 20
99 6
104 23
120 19
91 28
93 75
1 80
85 66
107 82
57 48
48 40
29 58
43 10
43 30
152 59
54 42
128 9
60 61
143 7
126 46
125 34
70 72
51 6
78 14
30 4
92 10
80 51
110 65
145 78
22 50
123 87
66 48
46 1
145 25
63 34
94 30
94 48
8 37
33 72
47 54
66 81
4 15
65 25
25 15
129 42
80 51
97 10
27 57
128 32
38 19
36 31
90 19
29 11
131 63
142 49
107 5
110 86
130 9
70 82
76 27
73 22
104 48
70 62
127 96
105 64
31 20
47 45
25 57
88 48
147 15
2 49
25 96
35 76
38 73
144 49
32 28
129 20
4 2
84 95
60 7
83 69
121 32
96 2
125 72
25 47
16 76
2 11
101 49
45 44
28 79
68 72
4 38
43 6
138 24
101 98
116 31
135 76
103 15
41 47
144 77
73 46
73 98
127 97
76 97
83 73
79 14
13 49
51 61
11 73
12 30
76 54
128 27
126 75
6 75
87 32
119 86
147 97
71 84
32 37
75 55
74 15
29 22
52 34
90 28
39 27
78 42
10 90
120 17
39 75
71 85
111 43
51 56
55 7
145 78
44 36
130 45
68 60
52 86
21 4
25 3
89 22
78 72
79 93
48 41
122 60
34 30
19 50
107 32
91 64
88 30
115 97
138 64
93 87
50 12
3 77
36 29
13 50
135 10
142 16
109 36
125 80
98 15
91 35
27 89
58 59
59 41
34 36
57 58
124 26
145 80
87 23
43 23
137 39
116 17
98 24
90 78
88 13
129 65
87 29
5 92
131 94
99 39
79 43
146 29
150 6
83 66
104 58
78 46
83 82
53 47
69 25
9 41
112 36
38 38
86 54
106 53
33 13
14 92
9 1
73 100
117 40
88 94
2 34
54 99
104 88
10 83
1 26
79 3
147 56
93 95
11 92
53 78
27 36
3 6
118 62
46 85
54 89
141 55
53 62
11 39
75 67
64 49
72 100
33 5
13 94
102 24
135 11
36 86
36 63
134 19
118 55
67 64
12 27
10 37
65 73
132 67
9 29
40 71
123 31
112 39
52 27
31 51
57 45
68 39
142 4
140 15
63 21
141 95
49 73
148 68
40 87
137 12
46 63
94 20
3 85
89 28
51 86
72 1
106 14
46 40
108 68
21 57
119 17
4 96
70 100
138 20
141 19
100 78
86 14
139 52
10 84
107 40
113 13
132 31
80 13
60 87
54 46
79 66
52 82
17 94
39 37
147 29
5 33
23 100
21 10
50 41
13 75
94 12
95 90
58 97
83 13
71 74
113 39
45 43
30 5
152 65
86 16
35 3
153 6
111 83
103 89
41 51
78 76
51 7
90 53
146 87
110 2
86 60
33 44
68 37
67 8
111 17
127 57
118 5
13 56
74 33
88 45
141 41
38 25
58 65
85 82
27 54
95 31
23 78
22 15
133 47
137 45
109 26
55 72
56 12
151 33
10 75
125 26
151 68
150 34
74 2
103 21
153 61
35 63
122 67
36 39
57 73
17 90
100 22
106 45
31 15
30 30
30 84
118 82
35 79
69 1
71 8
73 93
56 72
116 93
74 99
145 7
83 46
133 11
103 48
142 84
25 57
89 81
127 38
144 84
59 87
127 35
53 42
57 60
110 59
112 61
49 1
141 42
97 50
131 70
86 62
140 23
129 73
2 83
89 9
55 19
8 51
43 40
82 78
125 24
49 71
28 64
143 1
38 92
103 63
103 12
82 13
65 16
2 5
14 13
62 21
49 41
112 34
121 55
7 58
20 58
110 6
46 27
12 56
8 44
33 68
74 92
9 77
62 1
85 69
81 68
91 4
39 70
144 43
88 2
56 4
113 38
65 65
43 27
19 64
129 98
145 19
30 88
140 87
27 74
140 78
81 11
123 56
147 78
86 30
64 2
83 11
24 21
30 15
56 29
95 68
117 59
10 21
35 78
46 30
74 15
13 91
152 16
25 98
129 21
36 69
81 72
16 92
136 82
144 6
140 41
103 34
131 22
52 65
59 51
103 54
128 38
150 62
78 28
118 43
39 80
110 61
93 35
76 76
113 29
86 36
9 71
106 6
128 33
49 73
41 44
76 73
115 20
15 10
13 78
31 22
139 67
44 56
40 48
28 5
108 49
22 58
74 31
75 5
27 56
25 40
119 74
55 35
87 19
47 88
120 95
56 84
107 66
151 76
34 42
3 40
88 22
3 12
64 33
88 75
7 5
102 66
93 30
109 25
115 4
99 30
2 12
137 48
117 47
2 30
77 28
76 54
66 18
91 92
150 96
28 36
98 72
25 16
54 79
123 57
28 95
116 11
134 50
47 100
152 19
66 83
55 16
13 80
89 20
127 96
6 8
73 63
57 34
115 50
41 75
37 61
120 66
139 54
135 76
121 38
136 45
149 85
50 85
21 54
133 6
59 38
118 90
13 6
101 59
16 75
90 56
117 1
132 60
120 22
42 82
98 42
20 63
90 10
61 81
152 70
152 91
88 47
93 57
130 26
148 32
43 27
125 9
72 78
137 46
95 13
85 41
28 61
56 3
25 5
22 46
117 84
113 4
59 75
89 15
72 82
151 91
126 8
20 74
114 56
47 98
94 82
93 76
