4645
371 51
399 12
919 67
265 98
49 82
799 84
438 78
760 75
666 78
151 32
462 62
781 25
845 51
766 85
149 95
720 56
284 40
289 42
774 100
337 38
896 46
175 82
143 75
792 4
131 78
167 16
5 34
160 71
146 59
357 12
538 9
14 21
661 39
27 69
504 43
184 2
340 15
882 82
285 26
196 5
830 93
464 88
762 18
863 54
683 31
604 31
343 1
678 88
907 71
215 20
861 60
614 70
633 28
735 15
827 80
43 48
46 44
419 34
401 88
264 56
129 2
921 88
493 38
106 37
671 68
665 7
433 63
738 7
70 95
188 66
633 42
573 93
584 9
699 63
612 62
398 46
862 80
91 90
308 66
771 99
778 42
438 20
672 16
831 31
148 54
299 35
667 86
577 27
607 100
381 39
484 4
703 34
254 39
842 37
713 92
764 23
366 3
127 50
885 20
582 10
385 70
642 27
922 3
469 46
519 99
86 58
483 85
109 99
523 13
706 35
698 81
198 85
369 63
650 62
217 58
153 64
875 85
489 2
204 65
186 70
258 75
697 44
27 99
93 73
162 75
388 46
201 88
733 35
455 90
796 63
131 73
748 53
586 16
589 57
239 21
704 50
774 50
555 47
692 36
2 55
474 38
744 93
201 9
55 21
687 81
904 40
863 12
598 7
194 50
231 71
109 89
76 22
667 52
495 42
734 65
571 27
399 49
889 69
352 15
108 21
444 21
658 78
544 53
835 95
508 64
860 16
833 74
906 6
786 55
828 53
448 49
745 26
874 29
677 67
691 7
601 91
917 58
469 74
88 71
831 89
661 88
92 62
410 54
411 76
581 48
338 38
824 98
918 5
90 15
487 22
425 57
334 96
354 57
262 51
544 40
116 80
680 14
842 23
216 80
394 82
902 21
780 24
124 86
556 86
564 63
293 9
548 94
707 77
478 49
90 45
100 45
258 57
251 35
673 92
132 98
671 22
288 19
753 13
543 70
902 64
793 87
736 83
352 34
799 22
370 70
90 89
617 5
233 76
906 74
424 73
76 59
834 50
12 86
7 81
11 60
652 60
515 84
352 60
573 12
704 91
398 12
90 59
786 77
662 13
500 21
316 9
497 15
552 22
149 21
779 83
80 59
194 19
840 57
873 78
871 3
401 83
451 57
79 17
493 61
501 63
458 54
548 86
444 2
841 87
15 84
658 48
713 69
274 68
91 57
619 66
630 67
87 85
754 11
445 60
733 9
706 99
571 2
644 60
881 100
314 86
464 33
54 43
521 89
239 1
21 46
696 90
739 65
715 55
285 66
822 74
343 97
431 15
504 92
555 54
462 52
51 69
846 79
606 18
493 73
108 89
631 19
456 63
356 89
302 100
34 98
580 7
533 35
287 97
124 81
102 75
383 60
46 47
234 100
884 2
190 76
110 58
377 36
291 15
702 52
718 30
208 72
335 88
182 4
442 73
564 54
624 10
181 35
223 47
773 37
667 24
811 52
752 81
213 66
580 34
566 88
919 50
378 77
334 43
77 86
308 46
36 22
484 92
422 55
502 100
733 33
162 23
524 4
174 86
110 99
684 23
310 8
455 72
94 86
875 3
644 49
444 32
479 19
700 14
870 54
280 55
171 53
859 7
356 71
219 88
726 44
629 61
387 1
866 91
504 96
782 82
518 99
673 99
925 58
106 28
282 32
663 64
365 100
89 55
34 74
25 43
923 46
40 62
842 39
531 91
351 86
533 26
131 45
541 15
498 46
829 47
709 73
400 94
737 1
292 20
632 38
356 30
913 13
185 25
152 82
799 95
255 5
882 63
745 15
364 26
484 9
204 42
385 6
929 75
558 95
543 17
560 47
576 98
861 84
799 77
810 26
102 95
360 55
46 48
821 96
305 4
643 98
772 80
264 41
677 94
291 8
875 43
553 75
895 6
821 81
354 71
779 60
494 11
895 16
27 87
308 11
245 7
243 100
557 23
275 70
657 92
678 34
920 52
820 33
840 48
200 70
872 43
119 11
255 86
226 18
566 55
799 84
397 7
164 34
218 41
914 8
488 68
29 70
667 2
715 56
10 75
732 50
598 86
356 75
276 64
868 6
517 56
507 91
643 45
275 29
415 88
787 28
631 40
837 39
446 69
550 67
599 86
472 27
129 32
622 41
922 68
331 57
810 51
717 84
317 81
563 31
848 38
737 17
686 69
901 54
129 72
575 30
358 100
237 17
109 1
750 68
419 79
566 42
14 87
464 22
820 41
390 58
678 36
711 100
364 27
129 15
823 63
405 22
675 51
586 46
84 58
362 5
594 51
136 33
356 22
81 54
65 53
573 10
477 18
222 24
820 26
897 48
36 63
889 3
559 36
323 92
481 36
346 81
522 42
36 17
449 33
911 30
742 13
554 55
677 73
382 3
664 31
155 83
142 26
761 65
406 57
270 63
791 43
371 41
348 44
121 42
581 87
360 89
631 93
812 12
109 41
526 92
776 52
820 64
302 46
534 7
457 78
331 12
310 60
686 82
66 10
479 54
519 99
745 88
907 65
793 19
544 73
719 42
203 11
495 69
296 83
650 97
323 26
827 8
72 67
613 37
240 49
245 7
398 99
165 75
610 52
750 44
4 34
904 26
705 2
908 74
74 1
514 90
806 46
461 10
881 44
36 41
68 85
468 63
115 54
438 35
688 40
442 56
643 41
485 47
512 31
312 82
78 20
738 51
118 3
221 66
886 57
229 9
694 4
900 93
555 54
208 21
900 42
787 56
557 43
23 21
113 10
890 94
776 49
565 27
30 60
300 99
325 42
566 13
406 2
345 52
477 18
230 96
395 99
591 66
408 31
765 68
605 67
495 20
312 20
784 5
643 97
578 26
149 63
805 68
269 60
590 26
650 44
111 73
21 74
848 90
436 21
19 7
269 54
367 87
175 81
231 66
513 33
393 85
305 9
30 2
10 7
845 11
914 100
156 5
107 24
505 82
177 33
393 63
541 3
422 8
711 54
423 77
441 65
103 96
832 35
627 34
190 12
278 28
206 67
536 74
85 89
462 82
77 13
669 57
679 98
444 9
338 96
743 96
179 50
686 8
636 91
302 42
918 79
356 5
241 4
114 52
332 96
310 61
501 94
42 50
60 6
696 88
606 22
269 95
378 80
79 7
809 9
488 21
161 48
700 81
677 41
166 61
269 34
245 21
262 72
785 42
88 47
404 74
484 24
843 5
26 19
928 58
403 55
299 73
676 42
806 28
8 7
697 77
400 12
66 57
355 3
127 5
492 29
704 17
858 27
233 68
823 80
626 55
238 73
287 44
66 74
795 94
551 48
887 48
898 61
695 24
258 12
696 48
127 16
31 48
562 24
441 51
876 20
149 27
920 53
261 31
382 10
520 17
796 66
436 1
347 11
500 63
641 92
514 88
196 98
596 44
220 23
449 61
364 90
405 81
102 34
257 26
487 40
661 1
609 9
459 84
721 79
213 82
453 93
785 77
560 49
911 63
740 33
123 3
707 7
46 16
717 12
398 85
399 33
355 71
662 12
652 59
629 55
726 48
74 75
32 60
892 31
245 24
115 8
582 14
291 81
343 57
777 45
686 68
95 22
744 44
87 8
255 39
49 88
621 1
217 27
53 65
902 32
14 41
208 52
878 9
529 88
699 44
869 95
391 37
740 19
113 52
268 46
402 8
642 82
270 25
370 42
219 4
65 11
672 23
539 9
756 82
864 81
706 84
698 77
809 92
764 83
855 77
709 50
122 84
782 1
155 84
650 98
779 22
733 94
670 62
927 53
618 47
801 16
505 56
596 40
667 74
276 75
450 22
73 78
862 2
585 73
578 66
51 57
773 85
284 91
3 11
893 61
808 41
547 7
252 81
172 50
202 47
216 33
272 14
775 3
883 93
531 70
165 9
680 69
336 6
871 25
84 83
220 44
912 98
789 73
793 80
201 17
322 40
44 30
261 23
50 78
697 60
104 55
357 31
269 76
732 64
623 75
447 85
216 64
261 55
243 61
682 50
32 48
777 75
270 72
232 68
585 63
909 85
718 61
9 82
155 94
100 82
31 36
529 57
810 43
381 79
48 86
340 30
757 76
735 56
220 55
749 72
281 97
394 62
817 28
772 35
593 40
93 75
221 50
789 23
528 99
581 51
638 55
296 8
730 69
442 1
422 46
173 22
176 27
490 38
595 74
521 81
352 29
488 38
679 16
718 44
566 23
796 29
810 95
608 78
455 93
749 86
532 58
6 22
716 63
890 45
383 81
537 8
43 23
18 36
29 46
293 87
245 83
36 76
234 5
562 97
174 64
103 92
926 33
837 3
363 70
775 10
212 92
637 14
401 13
885 35
327 25
219 23
49 4
541 25
498 96
766 79
687 59
558 3
583 47
689 86
704 9
131 58
714 69
838 95
530 35
911 9
343 14
641 64
852 76
146 91
202 27
344 47
249 39
142 57
411 29
436 40
98 33
404 18
784 68
27 100
10 29
634 10
647 60
882 52
614 95
172 18
162 24
119 84
198 29
178 51
508 54
219 97
222 53
409 92
278 54
175 8
665 1
870 20
452 99
388 24
705 48
338 5
623 44
64 79
643 21
873 23
98 9
235 5
277 11
897 72
339 8
323 62
244 25
404 15
615 10
910 92
480 98
463 96
314 90
862 26
672 99
561 94
627 78
302 3
820 70
234 27
381 11
108 66
518 29
123 66
48 42
458 88
359 65
292 86
255 46
562 6
227 82
81 45
444 24
834 70
576 42
142 99
793 96
560 61
250 27
365 64
777 2
142 68
89 33
782 16
99 11
829 45
248 88
575 38
923 51
585 57
204 1
814 41
726 10
450 31
822 10
859 24
782 9
141 25
203 62
584 97
374 30
235 95
540 54
380 95
566 42
169 11
627 98
257 30
113 54
147 35
135 34
707 100
624 96
913 64
333 47
107 32
82 91
631 64
461 48
328 92
118 88
456 75
811 62
771 92
628 53
582 14
238 81
639 55
562 52
607 54
208 82
391 16
508 59
824 2
602 38
780 79
431 89
568 84
366 72
791 44
804 71
797 8
657 45
477 56
116 13
317 14
577 41
823 74
599 92
485 90
197 35
491 92
517 59
299 90
129 42
309 52
667 30
924 71
507 80
871 82
428 51
247 94
665 33
175 52
175 55
697 8
242 10
288 8
377 85
159 75
692 81
265 46
754 82
543 8
635 34
336 34
732 65
644 96
818 22
84 67
478 47
260 91
421 47
882 2
692 81
546 99
193 56
152 52
322 81
708 54
433 7
872 26
889 72
344 97
715 32
235 66
717 47
134 17
538 21
845 49
834 51
690 78
907 8
764 65
533 42
763 34
791 67
168 31
865 33
313 9
480 49
924 66
704 62
421 72
738 51
757 80
697 27
139 92
211 92
419 74
577 17
748 46
373 51
401 66
816 31
343 38
451 69
435 94
306 84
653 41
221 73
645 82
255 62
142 99
472 11
739 76
146 63
839 23
786 6
473 79
586 64
124 42
63 2
132 21
481 42
266 39
437 4
858 80
423 89
459 63
845 17
728 23
715 40
558 84
874 39
599 94
687 65
788 72
714 46
123 39
75 66
311 38
10 89
38 37
335 70
299 39
795 31
471 22
159 30
170 6
97 98
24 9
478 4
681 15
200 68
798 45
702 16
158 90
714 37
818 55
196 29
724 39
886 62
685 30
337 50
627 37
227 30
381 13
418 89
517 82
570 2
902 79
590 99
707 59
586 39
892 78
753 91
330 58
894 15
111 32
761 80
463 2
757 18
865 45
561 40
701 63
305 88
909 51
270 52
120 47
744 55
926 3
758 14
218 14
466 97
786 92
673 47
111 22
461 56
386 95
67 71
260 85
864 57
719 20
880 97
756 37
465 63
423 89
285 67
168 39
443 65
307 87
466 25
22 74
435 68
74 55
777 10
627 51
531 38
688 72
769 39
359 73
484 16
236 59
922 75
298 34
529 97
616 18
522 74
766 57
350 80
509 29
246 82
445 60
489 28
897 33
253 40
123 8
451 59
370 14
350 98
242 5
251 88
414 28
401 70
831 93
92 76
61 1
44 14
840 66
157 15
774 16
480 37
745 41
388 64
632 91
371 27
805 45
95 44
846 72
531 53
656 84
916 18
317 67
136 74
165 62
725 17
58 67
444 6
66 86
247 67
518 64
911 83
622 99
379 74
759 64
714 32
875 15
322 80
630 47
104 23
419 36
621 79
236 6
53 60
659 23
456 38
368 76
332 85
870 32
230 10
166 95
381 69
416 45
700 48
508 59
82 37
450 62
413 9
869 12
703 88
468 27
765 12
261 74
419 67
163 9
501 34
69 9
900 81
302 47
4 47
798 44
476 57
292 34
653 6
734 26
291 65
417 37
353 1
736 22
844 12
180 10
330 67
153 18
410 34
840 39
256 28
827 2
902 12
776 49
643 59
529 16
676 48
548 14
46 58
797 73
216 52
607 66
116 77
918 60
329 16
485 56
31 2
247 90
288 49
756 21
818 27
197 22
132 87
632 58
171 23
688 55
853 22
141 85
469 51
572 79
78 61
172 19
222 6
19 97
589 31
740 27
423 72
303 68
728 100
587 36
364 15
641 61
575 64
37 84
842 42
485 88
155 62
677 45
236 80
378 35
617 73
56 4
466 47
486 5
90 72
274 57
847 65
803 30
927 76
709 95
37 59
179 17
613 26
221 12
224 57
450 39
34 100
472 47
109 99
671 90
766 56
478 69
790 55
643 80
411 45
83 66
538 45
7 22
336 44
16 63
130 54
302 37
822 74
497 77
814 34
779 31
131 76
279 75
772 34
568 75
171 14
438 1
520 95
497 3
902 23
27 72
729 26
837 80
42 81
501 36
432 34
16 2
576 68
98 42
186 88
308 46
519 22
336 60
464 45
107 33
476 69
372 7
817 15
233 47
155 79
400 67
716 44
853 48
664 16
617 48
701 65
541 1
450 2
546 4
457 76
413 56
557 27
178 20
594 92
80 2
247 6
581 68
365 62
700 80
728 39
597 64
210 92
782 9
136 98
682 86
724 49
18 29
664 3
317 9
926 36
587 32
124 84
843 2
723 24
415 44
725 61
759 25
275 28
241 3
417 39
468 58
268 3
96 35
720 38
215 93
85 61
838 67
302 42
908 95
418 73
321 92
929 1
889 31
770 31
513 63
711 87
358 58
124 24
490 10
38 64
468 74
781 15
881 98
468 90
877 82
440 41
