3766
282 82
37 75
67 100
163 32
541 12
574 27
331 13
177 93
339 9
286 42
611 68
118 32
177 68
186 91
151 67
207 86
435 83
627 45
499 71
147 54
72 32
119 53
22 61
532 95
59 30
253 10
85 1
169 74
290 48
189 39
619 82
713 60
144 43
530 59
154 87
546 17
596 6
147 52
327 90
391 14
408 16
587 1
630 90
667 76
657 54
422 87
673 62
184 8
453 19
84 57
110 29
616 56
299 77
348 37
523 45
332 78
752 71
49 5
439 35
35 10
700 38
573 86
114 58
689 10
688 38
371 34
156 9
293 27
475 32
180 61
556 89
619 51
658 60
431 93
345 50
746 10
532 63
1 16
169 47
434 50
213 56
707 71
125 90
163 65
405 53
262 6
57 100
562 82
613 42
55 5
750 8
316 44
67 6
344 65
305 70
479 36
223 99
552 82
193 14
284 96
259 57
543 10
686 66
224 4
201 92
614 5
176 75
2 51
688 38
212 5
683 45
87 51
701 47
312 28
508 78
730 38
626 17
348 42
614 66
715 48
384 40
66 34
575 63
483 68
633 47
298 30
490 56
191 98
250 97
512 74
669 34
422 18
625 66
544 85
383 22
639 31
483 59
624 37
441 13
710 23
392 90
105 10
609 61
282 17
319 45
581 31
179 40
482 22
752 49
96 42
96 2
432 84
464 77
268 44
420 71
603 35
49 97
266 96
417 56
369 48
567 10
583 86
461 26
46 19
731 24
472 52
641 92
110 12
718 48
118 1
544 78
433 40
59 69
743 38
507 33
46 45
400 51
143 88
509 10
561 5
57 77
575 37
330 16
38 58
6 75
379 68
370 39
250 67
11 77
355 34
349 36
399 98
148 48
207 62
117 36
82 92
715 16
35 93
99 29
203 82
475 97
648 28
110 72
79 11
416 74
138 30
132 97
546 57
608 87
156 77
129 96
617 26
221 13
331 7
136 69
708 78
741 16
610 70
484 2
387 99
27 60
466 85
126 96
551 62
261 90
268 44
527 19
740 71
321 76
361 22
33 54
713 17
556 51
657 48
60 90
279 26
626 24
317 96
272 7
40 23
698 71
665 96
585 73
503 93
158 22
746 35
613 72
254 87
684 75
52 88
122 29
275 33
481 5
22 61
692 70
697 47
620 56
145 67
250 44
720 17
102 71
721 79
330 8
75 90
732 57
477 77
352 80
311 92
471 69
572 7
36 13
87 29
93 78
704 27
453 47
53 11
526 62
39 94
103 63
430 68
10 23
293 4
160 32
93 22
240 7
491 41
353 50
117 53
538 88
73 89
600 86
161 79
511 75
721 61
437 86
314 40
170 10
590 60
561 72
310 84
694 14
356 76
725 34
324 28
147 71
505 36
197 21
138 42
169 10
263 22
130 30
413 21
325 1
571 67
368 96
638 87
144 42
25 38
220 53
745 1
172 75
663 76
498 52
261 94
60 64
105 87
696 5
670 72
130 93
179 87
568 21
172 22
564 5
550 47
380 38
715 1
105 82
744 83
405 55
286 23
308 93
588 12
306 77
389 99
576 19
641 2
392 24
518 8
33 7
295 91
679 2
418 18
59 64
646 35
688 31
652 80
454 6
514 39
269 87
531 51
247 80
487 32
317 14
487 19
148 18
595 73
751 76
554 73
239 74
345 17
43 97
152 79
334 88
588 88
623 70
91 45
223 82
284 32
271 15
269 95
522 11
568 9
660 19
333 12
603 80
120 83
459 82
617 31
1 57
347 26
692 27
209 8
640 90
739 78
710 82
107 8
268 85
517 89
23 74
712 16
570 86
73 66
106 28
78 73
674 53
81 17
166 59
561 38
58 80
111 63
424 91
452 5
560 69
183 66
753 97
698 12
717 30
529 11
509 70
753 1
629 76
672 4
464 10
217 98
630 85
532 84
190 42
355 85
348 23
197 41
715 17
709 23
97 82
416 76
424 79
730 84
298 9
62 61
104 82
53 18
176 26
592 42
615 68
165 26
347 17
190 78
574 81
77 46
92 52
694 9
526 25
426 84
668 29
730 81
564 34
375 32
373 30
495 12
140 89
493 86
291 56
724 93
53 83
457 2
294 63
358 65
733 35
46 84
504 50
36 32
513 42
529 48
663 23
526 1
408 72
374 67
130 75
484 9
19 4
178 50
687 65
189 73
148 24
422 86
194 51
60 71
746 80
273 56
658 30
176 58
623 16
316 6
161 7
94 50
462 62
59 56
690 80
618 16
351 44
318 22
177 28
128 62
273 69
689 68
187 34
565 69
347 62
9 30
736 34
489 43
405 1
494 60
401 24
720 43
678 58
228 14
663 63
258 34
14 52
378 4
256 39
241 11
271 93
90 38
697 29
635 32
203 86
5 60
350 48
363 50
367 64
117 78
597 54
360 13
7 41
223 80
401 52
269 9
750 69
458 69
730 2
629 16
633 48
667 88
268 61
31 26
661 90
668 27
396 53
480 100
83 96
133 91
742 90
17 31
487 15
355 46
570 91
616 39
411 76
731 42
483 23
700 79
705 62
284 14
598 26
740 25
607 8
127 49
578 23
392 17
92 4
688 3
391 90
30 38
387 41
36 95
181 94
569 90
125 56
591 70
49 37
395 43
426 77
73 85
91 13
99 53
464 23
14 60
113 40
525 28
576 75
555 16
139 84
215 95
211 3
747 20
222 40
502 66
120 98
423 23
593 60
618 52
560 63
468 20
463 89
374 59
544 49
84 69
130 92
317 74
187 50
338 48
203 83
358 4
543 50
613 75
732 67
311 65
549 48
514 82
366 35
113 40
503 23
176 33
135 71
193 76
149 56
277 41
133 28
464 32
18 27
358 91
267 13
675 33
534 45
59 80
320 68
94 46
12 94
248 92
46 79
441 68
310 98
562 98
405 93
240 48
702 80
342 34
599 46
12 64
98 43
419 16
360 82
79 42
552 13
710 83
543 16
263 36
719 100
53 87
286 33
65 62
119 2
593 75
78 30
149 2
544 9
486 79
579 20
632 13
288 38
220 44
644 67
600 36
176 35
659 9
51 40
398 89
733 39
324 62
257 2
710 63
721 97
190 4
500 32
476 100
167 61
242 12
293 18
214 18
353 34
260 20
401 83
396 45
71 45
553 66
129 14
209 15
365 4
414 9
567 97
200 89
282 30
277 39
381 26
263 96
302 50
700 6
168 81
199 50
541 45
257 61
666 76
339 39
684 22
439 45
646 68
614 75
623 86
626 17
50 11
474 27
504 45
367 89
672 83
120 28
166 41
392 77
329 60
585 23
352 39
619 48
163 17
90 25
85 22
408 16
467 29
655 100
272 86
90 37
280 72
625 24
649 55
244 65
563 44
333 23
670 20
581 21
312 100
471 20
624 87
616 81
575 33
449 27
139 30
612 44
495 27
603 38
275 4
91 69
644 72
614 25
365 75
333 44
681 67
44 77
270 13
179 35
713 96
169 4
353 100
173 47
59 80
350 96
148 53
589 87
86 91
443 75
241 85
71 79
424 48
65 48
291 19
82 74
334 63
573 19
686 19
399 29
634 86
556 77
619 86
616 19
112 2
294 68
293 66
97 55
687 8
192 73
228 11
408 34
489 9
388 42
204 47
598 19
202 3
83 77
526 2
101 77
544 23
26 3
631 47
504 50
686 97
725 56
272 28
360 64
663 78
169 80
408 52
341 26
717 25
640 47
485 16
60 51
78 52
54 32
372 81
216 93
474 11
517 76
669 53
334 25
74 18
85 17
571 92
683 63
685 18
236 29
424 100
688 50
725 32
423 10
417 34
527 21
663 64
336 66
175 90
399 19
413 4
324 93
379 40
455 72
527 89
745 62
133 12
545 91
698 11
335 100
41 82
268 14
544 51
306 63
72 79
437 35
629 20
494 67
750 15
247 50
689 68
131 37
384 77
202 48
674 9
276 18
140 33
25 81
27 19
695 93
392 93
491 34
577 32
290 37
180 65
206 46
318 19
729 89
268 40
602 85
170 76
467 44
420 35
671 87
224 98
27 72
489 39
469 38
732 35
363 14
154 81
439 79
613 93
502 10
707 80
735 11
288 44
745 20
695 58
322 11
726 33
106 57
104 84
633 29
604 22
561 48
518 31
57 69
30 69
576 90
568 36
715 70
505 99
145 57
19 23
101 86
596 51
658 97
6 9
318 25
343 40
577 8
555 43
262 28
532 27
311 82
738 42
392 99
470 19
594 2
286 24
220 14
146 38
478 40
61 72
647 38
704 55
279 6
492 52
145 21
566 96
486 80
559 83
334 58
745 59
633 94
638 37
262 37
396 12
745 93
620 32
421 72
22 98
195 72
295 90
723 15
33 14
334 93
393 15
705 29
103 15
244 46
68 82
40 79
118 6
11 45
447 1
494 38
421 25
390 62
334 99
368 87
67 19
366 40
322 54
212 68
341 79
270 45
250 35
673 98
688 9
307 35
19 64
738 46
125 12
510 74
18 83
748 46
121 84
145 61
360 25
268 77
268 35
88 26
67 83
137 58
425 78
401 80
109 6
323 20
303 23
527 16
533 28
641 78
548 53
585 93
258 27
637 19
555 19
90 36
381 50
318 55
640 36
678 52
157 61
274 84
245 98
216 11
245 68
731 82
204 79
719 96
607 4
670 93
6 7
255 21
248 11
444 67
264 32
481 100
301 10
33 96
318 63
383 16
531 70
668 28
23 7
588 86
535 81
634 20
265 14
744 70
615 26
120 14
440 69
445 64
701 98
324 39
504 92
62 8
132 2
536 15
715 99
617 32
170 83
313 81
519 87
168 72
266 11
140 23
291 40
425 8
322 37
373 74
408 79
684 96
245 96
308 85
627 23
503 62
10 20
662 36
47 39
536 44
518 44
546 83
665 18
589 75
106 11
376 98
674 18
485 70
355 11
747 22
410 89
752 4
341 17
395 76
362 66
514 6
559 47
74 100
582 45
620 92
570 99
537 99
429 52
385 39
52 4
744 83
573 46
517 56
126 62
220 3
190 55
130 9
131 75
314 37
305 38
417 68
367 26
613 51
641 29
219 18
158 72
691 46
72 99
27 43
637 48
622 81
620 51
504 6
256 55
509 59
376 14
635 5
301 45
46 19
191 23
15 78
291 71
451 31
56 7
28 83
105 98
366 33
312 43
106 30
583 97
268 21
259 53
607 16
422 87
118 96
648 89
608 14
218 53
114 68
96 74
416 97
319 96
234 60
364 10
600 26
530 95
202 70
59 98
44 46
121 91
277 32
328 41
699 77
672 50
329 15
256 59
26 8
234 86
607 60
375 45
513 68
437 11
58 12
537 37
64 50
288 80
9 19
414 73
703 60
626 36
418 100
626 43
715 89
422 47
298 78
337 66
46 49
550 84
131 45
478 52
371 22
154 92
278 91
69 39
534 8
255 70
673 88
579 79
25 31
185 69
91 71
551 71
660 57
468 50
222 100
610 50
622 27
297 86
493 88
652 44
206 6
452 69
224 83
741 43
235 95
247 32
516 13
8 98
650 85
689 17
562 89
457 51
125 71
486 74
148 41
271 91
77 87
747 95
401 69
575 75
407 79
131 19
616 1
463 60
579 13
721 69
34 50
311 10
130 59
577 69
4 52
182 51
386 63
40 2
391 20
573 79
398 85
740 30
509 73
394 20
404 91
328 92
378 76
55 2
143 40
132 41
163 66
244 39
603 86
359 39
80 19
276 82
243 88
407 40
504 64
128 65
578 86
303 51
624 71
209 12
284 76
356 36
691 77
608 34
262 1
585 21
386 41
629 70
377 55
430 32
517 6
158 18
568 59
590 46
740 77
302 13
651 65
416 5
361 35
251 44
16 41
240 41
672 20
738 67
566 89
525 4
404 1
738 32
355 79
283 79
358 98
18 4
526 66
146 32
533 31
375 56
450 55
130 72
366 28
379 75
380 48
99 9
708 75
679 90
573 12
327 15
173 80
141 73
422 100
574 98
722 15
632 35
720 49
669 71
544 99
521 54
613 40
465 26
560 32
430 66
601 79
231 72
453 42
471 64
594 39
298 97
174 85
687 61
600 46
618 22
138 8
506 43
396 83
303 94
452 37
672 54
344 63
528 28
233 77
287 87
286 90
202 35
511 23
532 80
592 98
232 20
398 17
633 84
626 74
196 59
84 44
703 1
599 76
593 47
250 56
38 78
322 34
275 3
714 95
307 33
283 36
544 73
684 44
288 72
605 69
668 26
625 30
627 6
661 15
239 74
169 77
329 10
661 13
324 72
579 61
317 28
454 11
459 31
191 91
593 74
371 16
337 29
442 31
166 18
546 98
285 57
395 85
87 65
172 19
31 29
633 61
199 42
175 45
175 64
8 79
171 96
748 87
722 91
397 17
394 24
743 14
317 65
309 24
51 21
610 81
682 56
17 38
517 28
349 83
193 61
250 9
419 49
238 27
706 65
453 2
405 83
108 1
362 36
455 50
436 76
563 36
228 15
421 32
630 67
734 33
396 18
620 24
655 91
416 87
263 77
541 46
705 44
285 49
463 25
86 29
542 26
750 17
96 65
419 71
711 84
446 85
405 64
448 52
568 69
554 75
62 18
713 28
139 73
425 81
99 29
537 64
229 81
55 93
595 34
447 80
502 9
462 58
671 21
556 38
71 82
500 94
619 90
135 79
522 86
95 29
128 37
518 63
363 39
74 97
474 6
144 28
660 90
304 65
507 30
224 18
341 27
406 35
478 56
23 73
239 90
79 31
694 44
29 77
390 51
98 100
374 30
415 46
351 4
495 36
674 62
212 33
39 94
667 47
73 82
292 55
496 88
119 73
561 43
187 71
159 65
468 27
7 82
422 7
125 33
712 37
482 72
720 77
275 77
335 69
368 55
624 4
590 12
504 62
665 48
365 84
692 83
316 32
577 19
557 66
95 32
748 25
608 16
339 74
709 65
605 55
598 18
344 80
45 65
66 13
469 8
100 88
544 68
290 30
729 6
493 77
504 30
748 94
609 27
543 60
463 100
40 40
261 3
410 89
569 35
373 97
445 40
270 94
741 92
608 93
153 51
148 97
166 6
236 81
631 61
657 76
323 60
60 65
314 69
539 60
272 51
392 32
444 22
654 27
208 5
150 59
273 47
348 75
534 52
562 20
730 35
729 62
204 15
8 7
59 100
227 92
371 8
326 12
277 71
482 22
372 79
342 7
111 36
254 21
528 5
664 64
367 53
613 69
340 100
41 35
196 23
180 20
586 95
400 51
222 40
505 79
552 12
33 56
679 7
702 90
629 80
584 1
404 29
642 96
