8962
369 54
256 76
183 74
1209 78
181 98
272 95
1606 28
993 52
1194 52
1178 76
1608 11
1774 39
431 37
1516 50
1372 30
1530 3
701 66
261 13
763 6
697 33
1085 29
426 33
637 55
56 43
1677 12
287 2
1265 84
1072 93
260 79
722 70
1275 89
59 78
1359 3
960 100
125 18
632 26
1363 88
1583 22
860 45
806 96
885 99
755 59
1564 87
1082 51
894 14
238 38
549 67
1765 52
1110 52
1599 8
1046 58
476 100
1557 76
821 78
691 18
1712 27
1549 6
972 9
1753 31
537 41
2 36
1201 22
864 71
1393 69
357 96
560 73
638 33
1756 81
378 89
968 92
147 31
285 50
1169 5
1388 11
1610 80
934 52
1352 84
692 5
927 71
1138 30
1738 33
203 88
61 39
1206 45
176 73
1768 79
870 20
415 70
343 57
1674 96
1678 100
1122 23
421 54
463 35
1761 72
1439 97
182 25
539 56
537 36
498 33
455 53
37 66
31 36
692 97
862 95
250 9
94 81
1687 83
865 20
107 5
1575 6
432 50
1030 95
463 94
608 12
48 81
29 31
1634 74
1141 59
1463 1
1135 7
1375 31
349 76
1724 50
481 35
375 7
914 95
1182 46
1151 68
768 70
552 44
21 41
1060 24
141 98
124 9
1224 92
1504 91
537 14
403 13
30 26
1466 32
1136 54
1171 89
67 35
846 88
1634 75
1139 39
776 4
1529 96
1002 31
156 84
194 10
425 23
478 23
458 99
832 25
998 73
478 49
261 85
1055 79
1011 3
165 21
534 76
299 45
541 48
1649 34
517 26
1230 72
1182 10
1152 86
189 15
1146 12
1542 24
1055 71
1533 82
651 69
471 39
1371 49
825 18
1086 19
384 55
162 35
1698 80
535 98
1329 99
1515 11
1077 40
493 33
1097 77
1088 38
117 13
204 58
604 72
1013 62
597 27
1518 20
1265 12
705 69
316 34
1503 21
1451 52
840 59
1451 30
1247 93
1340 82
296 76
186 48
1583 26
1114 10
613 51
1271 28
1630 12
788 75
628 17
367 91
498 89
1592 56
1055 29
415 64
1082 66
1155 89
795 60
85 88
1594 61
933 99
818 38
472 86
146 85
912 52
144 59
1060 47
480 44
636 70
986 89
1050 76
458 67
583 92
1705 97
151 58
1083 65
1115 13
365 45
1646 95
963 38
694 52
665 66
1056 3
1694 61
539 86
447 82
1611 27
580 37
1757 56
1032 5
895 47
1233 44
1677 5
1532 5
1659 27
1628 91
147 42
718 35
868 8
1323 13
360 87
1781 9
711 26
218 98
278 29
326 39
924 41
245 6
112 45
1547 79
1679 8
848 90
1724 6
121 25
1362 53
1553 71
415 56
507 29
1402 67
1272 52
798 92
358 72
1187 18
954 94
1270 40
1345 21
488 97
672 71
1125 77
694 11
1730 36
1270 73
314 77
1271 58
782 5
937 15
675 53
312 94
282 17
1413 80
1088 10
350 61
808 24
1594 96
348 20
663 36
548 10
1154 86
49 73
838 69
660 20
803 7
32 31
1571 16
1651 95
589 90
381 23
788 94
1194 13
758 39
598 90
530 72
653 84
1347 25
1211 65
1645 36
1419 81
1001 35
698 17
262 3
1515 83
1073 58
1785 40
500 75
1740 49
1194 68
19 19
1082 26
535 38
373 19
1726 14
944 43
711 88
1651 28
286 68
71 3
1749 38
124 7
1168 23
1663 78
262 48
1419 47
1606 49
158 10
787 86
263 42
478 84
135 35
525 77
1623 3
1437 26
655 14
1138 9
1482 83
36 74
1409 68
433 67
1347 24
636 73
978 99
1188 19
219 8
603 91
960 51
1780 90
701 99
808 64
874 56
1720 11
1561 84
26 21
1633 33
1235 35
1410 93
876 78
1084 9
716 18
1525 42
958 66
1614 87
768 71
1132 90
98 34
1372 20
403 8
973 97
448 97
643 99
1746 2
728 63
162 73
748 24
749 9
85 98
323 99
1300 57
535 20
1756 89
1487 63
1686 86
837 18
1098 48
848 11
774 95
312 42
1642 21
641 33
1378 98
1023 68
722 93
622 55
1443 36
1380 49
1357 1
1081 76
1365 24
1475 36
1605 58
681 20
1493 23
1697 88
906 44
613 85
330 19
1668 8
68 12
1495 40
118 33
396 47
1198 33
606 77
1041 71
757 34
1644 83
1376 28
1506 24
1081 11
1508 50
1365 82
436 81
997 98
1560 31
286 65
754 25
1696 56
866 73
1637 11
1754 5
1584 50
1412 98
64 67
1297 95
393 15
1569 59
658 92
1458 47
1682 79
149 63
1663 43
1755 71
1287 78
1762 31
1185 80
51 2
190 95
1103 66
274 10
164 57
1244 32
699 97
1791 22
112 31
621 12
1284 72
1775 49
1244 25
311 60
166 35
1527 8
368 10
636 31
126 34
987 14
417 56
1750 39
504 66
294 54
1526 32
1532 19
140 63
1661 56
837 15
32 45
33 54
1107 51
1407 82
1168 63
151 100
843 76
659 81
333 83
448 93
672 49
1307 9
116 90
1760 52
10 72
1251 16
705 4
1435 92
915 25
278 53
533 51
640 31
1287 32
290 91
466 30
154 88
891 56
904 71
520 48
1777 39
194 73
738 19
542 45
976 35
1542 61
1709 48
1430 77
1698 66
1399 26
621 54
938 44
1647 51
1521 60
645 36
1095 80
595 1
656 100
1013 25
786 24
1753 51
357 13
645 8
143 36
840 60
1290 17
1725 13
593 78
1539 69
673 22
601 17
1627 89
1546 19
96 83
816 81
1443 25
1248 8
319 87
995 57
1206 5
690 9
1774 97
1532 31
1377 7
1758 63
774 91
127 68
362 65
1225 7
1225 23
1381 55
1790 85
1066 81
487 96
324 74
513 27
1742 30
459 95
103 57
664 74
1044 64
1051 24
732 99
865 19
1307 68
335 41
323 95
1456 97
374 5
1335 68
1494 20
443 33
300 44
356 48
316 49
1626 24
1485 70
1448 91
1210 70
1784 84
306 93
1352 9
1174 27
920 29
510 17
280 23
1607 35
1051 86
550 1
2 70
1339 80
1638 10
1378 35
1344 38
199 56
458 68
644 80
1312 78
206 52
1255 12
1711 75
782 66
1694 66
1337 38
31 74
1787 71
638 58
1249 15
1131 88
47 73
696 72
102 19
715 34
1194 29
329 67
667 1
887 24
317 7
1070 65
956 70
1172 53
1088 18
990 87
8 47
1234 18
1222 25
394 11
190 35
1499 73
1372 31
1631 3
818 68
1499 43
1768 92
408 14
1432 21
1371 12
33 55
46 94
357 84
1500 96
1683 46
1186 32
1637 37
1084 41
155 60
686 52
1066 64
874 2
729 71
782 35
989 57
749 59
99 62
1097 70
819 5
467 90
646 76
813 64
138 51
505 13
291 47
1027 71
1646 24
1510 92
1379 45
1445 89
908 8
949 49
1561 51
1090 58
980 84
187 53
1437 99
1596 70
1600 34
518 66
439 52
55 28
924 57
259 20
90 79
167 46
1647 88
471 10
495 33
1330 5
1107 56
433 11
452 84
38 68
294 4
1270 9
1312 8
1615 51
1227 49
72 47
1241 10
1772 34
848 6
409 7
1048 48
1092 94
1547 99
1082 46
844 11
1192 4
383 2
1612 71
1035 41
158 4
1368 8
194 72
424 67
454 10
1188 82
64 25
851 97
105 86
134 19
700 76
890 16
308 36
1061 56
838 65
146 27
73 91
776 30
935 61
1154 84
523 89
1069 47
446 2
242 23
1083 42
71 40
1023 42
1502 27
127 44
576 98
1680 75
842 63
700 6
31 2
221 86
1457 84
212 90
1337 60
1046 11
3 90
292 42
840 24
1495 50
1474 42
1582 44
946 26
1719 64
894 4
1053 98
217 34
1622 53
939 35
267 42
1498 65
1046 47
1777 48
1485 71
1457 23
363 43
429 72
336 87
1140 15
713 41
1031 66
1607 9
1501 72
995 6
535 81
1404 52
61 4
617 88
489 38
986 12
1449 8
1282 9
1236 38
105 67
1426 77
1329 95
690 43
1712 84
1765 87
1510 36
715 81
281 12
1299 18
1120 81
765 74
547 24
289 28
716 49
286 27
1582 67
735 55
799 40
117 32
22 47
1219 82
1289 22
1122 23
1178 12
1559 58
607 92
438 89
455 23
657 15
1363 88
954 43
780 55
1518 22
282 99
1734 86
1493 10
107 24
1367 15
594 28
1272 82
1145 40
1070 25
1286 92
999 85
152 32
504 35
525 20
115 69
156 74
823 83
410 62
750 88
313 52
883 6
580 2
543 63
972 53
316 21
1790 74
150 46
1014 86
844 46
1429 95
1192 11
1073 29
815 87
1071 44
662 100
329 10
536 83
1558 13
389 50
899 32
1087 24
559 89
1178 13
635 38
1524 4
1454 39
1534 99
751 96
199 86
1423 54
972 50
1670 50
108 84
777 38
789 89
438 24
1024 6
1754 79
226 20
1731 23
1325 84
1571 83
1141 28
1030 89
1306 43
475 53
1463 29
655 69
230 48
1645 76
682 93
124 88
1540 52
747 35
750 12
208 25
1147 17
1389 51
562 59
361 50
1098 92
980 17
8 31
263 76
1242 3
1261 36
918 37
1240 34
697 16
457 8
280 63
1692 6
26 96
1741 80
921 69
690 54
1470 83
2 27
1102 37
437 56
652 67
280 77
1429 13
1514 74
50 69
982 47
1304 93
353 11
1765 69
891 41
1387 50
1636 55
1190 83
789 26
224 86
935 70
1039 90
665 9
783 41
1338 13
918 47
436 83
696 41
721 19
1508 80
697 5
297 55
995 54
1311 84
1545 48
1579 99
312 89
556 40
454 31
468 17
1762 85
621 32
294 37
1254 88
1674 25
1207 68
460 2
1266 46
369 58
1477 83
1078 6
918 8
1279 28
379 28
1469 8
1137 84
1525 3
614 92
1633 89
405 8
108 80
1316 14
547 14
844 95
459 55
382 95
315 56
1442 48
390 29
333 14
998 63
325 77
225 55
1263 92
1601 19
111 49
1561 12
919 12
1554 63
1070 72
1739 92
1457 79
879 28
1612 86
1378 6
1410 4
684 35
458 34
580 15
1521 9
245 76
1778 68
1788 47
1610 41
485 75
1124 70
1780 63
576 78
1149 22
490 23
430 81
1556 22
1656 72
169 91
453 43
562 86
1406 74
1402 30
627 68
1509 74
1551 49
166 94
487 7
1518 59
719 91
47 57
1514 98
1144 73
195 40
1034 1
396 60
1491 76
731 17
1610 94
232 4
1198 91
243 51
988 1
198 2
1218 12
802 68
1173 71
1229 82
1394 37
410 80
562 29
1312 49
178 48
547 99
1587 31
873 6
343 79
274 85
1293 67
809 99
1779 74
413 9
902 51
10 27
449 64
107 17
805 83
167 40
221 99
934 58
1480 41
1328 80
1624 51
825 65
261 86
1006 67
335 70
109 36
1643 4
1313 84
648 25
733 53
91 3
726 98
1736 8
1700 50
514 4
559 49
778 49
1691 96
742 94
9 2
1500 69
823 22
97 14
747 8
168 45
1051 35
807 25
1664 16
163 40
148 53
779 57
1778 90
112 48
851 75
930 56
1150 2
1070 87
573 1
1189 74
957 51
957 61
1715 73
700 28
60 48
994 32
1106 23
1147 42
736 30
115 78
1504 96
272 11
1043 76
918 34
1401 1
434 77
1668 33
414 45
1671 40
1540 62
681 26
1273 61
1243 36
387 30
931 25
481 53
1726 61
362 24
256 27
1326 93
1662 43
1352 84
5 90
1318 16
878 67
132 50
1657 92
1046 10
982 33
1770 40
1371 65
305 15
153 80
1102 2
351 36
707 74
1728 82
1310 96
401 60
1344 70
1706 72
159 36
318 77
346 10
1217 58
338 55
1483 65
180 43
1096 76
1178 33
639 20
1621 9
221 25
747 94
951 31
1167 20
1663 89
810 16
767 43
680 36
687 49
612 58
1239 86
1004 25
1000 1
108 93
188 32
1766 17
829 10
1198 76
1468 84
577 66
105 99
1545 39
429 39
642 19
1653 98
470 100
802 69
320 14
571 35
778 26
1646 24
753 4
854 94
1470 62
972 56
984 57
1565 100
1397 33
279 40
1705 17
1735 25
419 82
1647 4
1433 62
195 22
512 100
733 4
1663 48
1738 67
841 42
1563 84
584 70
1620 83
41 29
445 61
484 26
41 7
1281 16
784 30
1340 8
664 8
1457 18
1590 54
1114 4
999 59
882 44
99 67
1494 74
1623 37
757 23
180 30
454 17
447 20
270 2
173 15
1601 65
1175 90
1499 40
365 50
825 32
236 69
550 12
1348 35
586 13
858 41
1730 5
1203 75
304 36
1515 11
1291 46
1157 87
1317 75
1186 32
1507 11
876 57
313 50
1379 12
807 88
278 84
493 15
1022 95
466 96
1316 70
1675 46
997 75
1591 6
602 13
1417 79
425 84
1337 82
1106 25
424 59
785 56
503 46
897 90
1606 64
450 72
642 52
1340 99
529 77
1461 14
1105 89
414 65
1728 98
1543 91
1620 76
954 92
565 76
82 5
513 29
1638 59
59 96
1082 60
1123 75
1302 50
1770 100
944 98
802 82
1268 50
6 33
1043 15
1279 53
1639 32
413 41
618 47
85 52
556 8
897 64
1656 23
976 63
1772 18
1653 50
1002 23
842 49
753 4
769 97
725 64
311 80
1376 87
1665 27
464 27
84 99
236 21
495 44
1334 46
403 16
1227 80
293 62
1570 43
1232 13
767 21
13 56
941 93
969 64
842 81
448 49
1572 1
53 92
1753 94
364 84
575 20
1480 7
220 36
436 49
1534 10
1615 91
1728 38
354 47
1592 48
1441 64
837 3
1772 37
1661 65
434 83
1122 47
726 76
211 28
668 100
1763 54
153 76
779 55
1600 46
291 63
520 6
1264 24
624 42
1701 43
87 9
1490 67
827 93
916 84
1237 92
388 6
1763 50
1766 87
1366 82
1001 22
299 64
1307 78
99 27
701 7
1571 14
272 20
983 40
936 89
1667 79
1510 11
1118 12
1644 21
21 17
291 76
1647 42
112 92
385 35
1188 89
1421 64
309 48
433 75
1089 83
514 15
195 92
915 60
1694 1
1142 99
460 74
927 99
1228 3
1253 30
1188 32
133 83
1697 59
239 7
393 8
1625 32
550 20
1294 16
648 2
85 8
1084 97
43 65
417 79
175 49
923 90
1766 90
200 68
607 21
818 59
902 79
472 96
671 49
414 43
113 27
1437 39
1054 79
762 80
1449 55
900 91
466 77
1659 68
570 53
1516 99
738 55
41 6
1404 89
1380 77
245 87
941 51
1155 63
1046 23
1044 4
499 61
1273 47
1252 15
1670 85
1782 13
1578 22
921 38
1098 95
337 96
1685 79
1306 94
966 74
50 35
705 7
861 59
55 66
1479 20
1082 49
498 54
632 36
398 13
8 23
149 88
108 57
1472 19
1296 74
1359 30
1697 87
112 11
1513 14
107 84
1586 6
443 49
223 40
1170 85
371 97
245 11
1128 54
1459 71
76 93
273 10
1583 81
259 31
395 84
1189 36
1012 12
1543 40
1309 5
779 77
280 16
567 68
1579 48
562 29
221 47
422 32
839 25
1614 56
507 52
783 41
922 15
553 74
1513 24
1136 74
1057 27
822 48
1051 73
103 35
1564 94
1634 71
173 40
1420 43
1615 33
198 71
361 94
932 8
297 79
625 68
1733 62
1564 46
1726 28
943 61
450 2
836 75
1536 25
1267 11
1329 60
586 20
1466 94
1315 65
381 96
926 40
483 56
742 8
1176 40
307 13
131 17
43 12
1500 45
1737 15
250 22
1678 82
1693 16
501 81
128 38
555 75
1468 70
1204 40
1346 20
746 75
1195 77
456 47
32 84
1428 60
346 49
1526 62
1217 91
475 63
333 18
853 85
478 33
873 27
376 5
1675 57
450 69
1191 40
1388 69
799 82
1228 30
320 94
1162 31
1711 44
1629 59
