212
20 88
13 20
7 27
21 13
1 52
18 59
18 88
9 48
32 62
40 63
11 74
42 35
30 66
5 72
12 35
17 7
6 54
4 33
28 49
5 98
34 91
25 35
10 10
3 37
17 65
21 46
10 47
39 17
28 99
4 68
24 43
39 92
5 80
35 55
32 36
26 87
40 53
18 40
34 83
6 19
14 33
5 18
15 21
16 27
26 96
3 29
11 28
39 53
38 34
9 90
30 73
14 75
39 24
14 92
15 95
14 84
18 23
11 87
30 72
10 85
37 61
32 90
37 63
16 25
36 10
17 30
6 65
31 77
26 94
28 82
26 46
40 63
19 68
35 18
29 16
6 17
35 33
26 55
17 27
36 87
8 2
28 38
5 53
18 75
42 93
42 96
10 24
8 28
4 82
42 45
1 64
42 99
5 76
20 40
5 87
18 21
19 28
35 48
41 53
28 35
19 91
5 18
34 97
1 29
17 83
36 95
23 42
20 32
20 75
5 13
26 98
32 67
13 73
40 42
17 27
5 40
22 96
15 53
17 1
39 59
37 30
42 56
13 24
7 44
9 53
12 10
18 49
25 63
8 90
31 91
41 6
21 63
24 11
23 81
19 5
2 28
40 67
19 95
16 62
24 23
18 18
27 49
22 89
19 77
36 51
42 17
9 94
11 3
34 19
16 60
41 93
18 40
5 98
35 6
13 43
17 68
3 51
33 99
2 39
35 58
40 83
3 80
25 82
13 76
22 78
13 72
4 74
4 96
37 69
17 76
10 28
28 60
15 68
8 90
26 64
9 39
40 95
31 22
20 69
20 70
17 31
11 84
1 32
14 99
13 69
37 8
20 59
3 71
18 12
12 40
13 89
22 64
9 79
42 18
1 24
26 93
32 74
29 98
15 67
6 50
40 97
8 93
6 3
19 64
8 18
29 95
1 51
31 45
17 10
20 48
5 76
10 20
7 49
39 39
2 20
37 47
9 72
19 68
42 33
35 93
20 92
10 1
12 63
6 65
14 69
37 51
20 45
41 32
15 45
10 54
25 1
21 15
37 70
15 11
14 33
21 25
13 5
5 87
20 100
1 61
16 71
14 38
10 13
21 1
40 68
7 95
22 79
34 17
25 66
10 100
25 17
7 40
25 49
34 57
8 92
16 87
17 25
36 99
17 59
11 94
14 92
9 80
27 39
40 15
39 91
17 28
19 16
25 75
33 66
30 5
21 43
3 52
33 89
10 45
32 26
31 77
19 77
4 24
19 43
11 37
42 89
33 47
40 100
10 81
27 18
8 77
14 79
36 16
8 90
12 43
22 7
23 34
23 33
3 32
5 55
8 88
35 52
31 39
28 30
41 82
19 57
14 36
24 18
35 91
1 89
17 61
13 21
14 11
17 56
8 77
30 57
28 63
42 80
22 83
22 81
39 60
10 57
41 22
36 73
42 33
17 10
33 25
5 84
30 97
24 74
40 63
38 52
3 87
29 32
17 68
37 49
39 51
39 5
17 75
1 36
34 74
28 4
23 76
33 56
12 9
22 30
8 75
32 58
19 9
32 2
39 26
6 83
18 75
1 55
30 60
14 20
10 85
1 41
1 63
3 2
31 30
3 36
21 76
22 99
25 82
25 94
18 66
11 5
23 56
28 55
5 91
36 40
4 38
5 12
4 96
36 72
41 54
4 69
21 80
11 30
1 12
30 81
2 32
19 4
14 17
27 69
30 63
30 71
31 46
10 95
41 85
16 92
21 14
38 94
22 86
31 91
5 87
23 51
6 87
10 85
39 91
37 34
30 8
4 72
11 59
4 80
10 18
17 32
4 3
21 88
19 17
37 25
1 56
18 73
18 93
40 28
23 21
42 90
26 29
41 57
6 38
28 75
35 67
37 31
3 81
30 32
20 49
27 63
4 92
22 43
34 55
18 85
15 60
15 86
2 10
20 35
16 13
26 48
30 9
33 55
16 80
5 89
38 9
3 63
15 86
17 54
16 76
37 98
30 8
15 18
2 32
29 71
33 96
19 67
36 94
24 89
29 37
41 61
18 78
40 21
39 45
5 78
11 2
42 39
16 64
1 79
34 100
23 12
35 71
27 14
41 10
23 10
36 14
10 21
38 60
22 76
27 67
34 13
19 99
10 8
13 49
22 87
23 61
28 78
2 51
20 15
8 92
41 67
5 18
27 79
18 76
27 44
26 38
40 19
36 58
35 20
17 43
42 10
2 21
16 81
42 47
26 100
18 84
39 50
7 16
12 42
11 87
24 30
29 35
40 97
20 47
5 56
30 40
35 7
9 8
32 22
42 31
7 87
37 73
29 80
42 22
35 57
32 39
8 60
38 27
35 26
39 95
12 76
24 83
36 100
13 40
3 30
27 74
1 38
6 53
15 2
3 69
14 88
42 67
7 14
34 14
23 32
17 27
38 92
30 100
9 51
26 59
4 50
1 63
35 29
29 17
38 55
36 86
20 17
3 87
1 83
13 42
24 6
33 54
15 2
41 35
7 68
6 60
18 59
27 44
10 92
13 83
19 28
4 77
35 49
25 79
6 24
24 83
4 2
36 94
31 37
27 57
4 2
21 98
40 21
14 68
2 53
12 88
9 26
14 81
29 35
40 18
30 6
5 7
11 79
37 83
39 21
22 8
37 60
10 76
36 16
39 14
22 33
4 92
8 88
1 37
12 64
33 30
32 68
38 100
17 36
31 23
36 1
36 11
30 32
20 36
31 23
32 23
6 61
16 20
5 5
37 45
2 55
24 9
25 2
8 25
33 87
42 92
24 98
1 71
20 48
38 66
37 97
38 60
17 34
17 45
27 7
2 19
19 3
12 83
10 20
33 70
18 48
35 33
42 32
38 18
14 63
34 88
11 43
28 36
28 7
31 61
29 94
21 99
14 51
34 66
19 72
18 5
33 14
19 76
19 51
35 75
24 1
12 68
4 55
13 75
3 77
26 19
33 80
14 87
19 71
8 83
37 29
14 7
16 14
17 91
28 63
37 94
13 93
11 38
3 80
25 50
39 31
6 85
7 90
12 16
20 70
13 17
10 3
12 89
37 29
18 29
28 98
5 82
40 4
41 25
29 71
32 85
8 62
9 99
32 75
24 37
29 28
25 53
26 1
3 4
40 45
33 70
1 47
7 66
23 50
5 64
30 55
7 46
27 89
27 36
31 20
16 36
3 64
11 26
37 74
25 82
29 6
35 96
24 40
19 47
24 77
34 8
36 25
4 63
1 78
8 10
6 86
4 49
17 35
22 70
8 67
30 64
22 36
28 44
21 53
1 40
2 94
32 83
36 68
40 82
30 3
27 75
32 61
38 62
34 30
1 52
24 84
18 45
10 59
17 47
25 69
9 99
6 96
16 94
40 52
26 52
34 72
39 57
25 81
21 55
6 58
9 93
23 61
7 65
18 10
25 62
18 26
26 99
42 55
15 78
15 33
25 70
25 53
18 29
38 50
21 60
42 23
12 79
38 56
5 72
3 84
15 6
42 48
24 49
25 89
35 79
9 24
4 69
14 19
7 93
21 9
9 64
31 68
40 60
29 42
37 69
17 49
13 65
27 26
26 97
41 38
35 15
32 5
7 40
32 36
15 52
38 43
12 77
2 96
21 28
12 69
41 14
7 39
8 47
23 13
17 61
23 91
4 31
14 7
38 16
30 8
12 6
29 25
28 37
40 49
12 47
14 10
42 13
10 83
23 92
19 55
21 60
23 80
22 70
29 64
41 70
30 37
17 14
39 18
30 61
33 96
40 23
11 87
29 1
38 16
17 57
33 68
20 32
38 15
24 95
26 69
27 78
5 9
11 4
37 86
4 12
39 78
15 13
7 93
7 43
3 83
16 57
18 37
42 30
33 6
6 100
39 52
26 20
19 76
13 92
20 18
13 29
36 83
10 46
26 55
5 33
27 17
29 25
25 49
34 60
17 25
30 60
25 99
30 62
35 18
3 59
2 22
41 48
19 54
1 96
15 67
25 71
38 95
37 56
20 57
27 69
34 82
17 35
23 52
3 8
14 82
11 64
14 34
7 8
23 68
22 63
29 100
39 68
12 49
38 36
30 100
14 80
17 76
17 86
42 17
15 67
7 39
39 84
17 70
26 97
42 77
12 95
1 31
18 60
13 73
6 19
23 43
25 40
6 87
28 67
26 75
29 5
34 8
20 95
17 100
5 12
36 88
20 12
34 77
20 6
38 11
19 35
29 1
16 33
4 4
12 79
10 6
7 44
38 11
31 61
30 52
26 28
8 97
3 61
17 96
1 56
4 94
20 45
41 2
13 26
27 43
13 73
39 69
9 50
3 88
6 39
10 67
27 11
22 25
29 74
16 3
20 88
26 50
24 49
12 81
26 29
35 19
29 14
18 47
5 60
13 33
37 54
41 50
21 90
4 42
32 57
12 60
32 58
18 27
30 95
26 49
15 33
30 2
26 80
21 85
37 27
1 52
26 2
17 81
28 98
16 21
36 16
15 14
1 69
14 68
26 35
27 57
24 29
18 69
41 20
6 30
5 63
19 73
21 72
9 55
35 73
32 21
1 65
35 16
11 19
20 1
18 38
9 79
21 34
28 64
20 39
33 63
9 67
38 19
30 31
3 2
37 31
5 4
16 96
31 78
37 23
21 54
42 28
30 90
26 34
37 83
1 25
34 15
22 6
19 77
18 55
38 95
21 92
7 18
8 18
27 49
7 32
5 59
16 16
1 78
13 52
41 25
12 90
29 93
23 57
34 50
5 90
15 75
28 1
41 4
38 15
10 74
5 17
16 44
4 95
27 62
5 54
19 51
37 80
20 80
26 32
16 21
20 91
6 5
32 28
30 98
2 49
3 17
26 95
27 51
3 48
41 28
26 47
29 89
19 38
28 45
19 32
40 92
1 39
23 15
30 31
22 21
19 93
40 13
37 30
24 56
22 25
31 10
37 42
4 76
42 68
2 18
13 52
14 37
29 44
15 55
25 43
20 87
20 53
38 90
1 67
42 2
2 46
31 71
8 39
28 91
1 38
38 69
38 95
31 74
24 96
33 91
22 49
32 10
9 82
12 92
38 49
18 97
39 9
38 24
40 46
36 28
11 99
27 86
42 54
39 37
16 65
5 44
6 33
13 44
40 45
35 50
27 1
37 54
27 3
22 1
32 81
30 7
13 82
1 5
9 83
42 57
36 16
23 5
22 39
4 93
27 28
20 44
15 44
19 13
1 7
12 94
34 83
2 55
30 10
12 8
25 37
2 14
6 33
38 54
11 79
11 87
10 43
23 69
29 77
31 83
30 32
33 21
20 64
27 72
18 97
6 63
3 55
4 93
3 99
15 16
39 48
38 4
37 63
23 20
4 55
23 8
14 66
11 27
7 84
30 31
39 89
31 60
7 2
30 45
5 26
13 81
21 44
10 13
18 21
26 53
3 34
4 69
12 66
37 1
4 89
31 69
41 7
11 52
15 40
15 14
19 79
7 38
16 22
7 25
2 49
23 41
38 17
25 94
35 80
16 58
37 87
28 17
36 49
36 1
40 71
3 6
12 21
29 14
19 54
5 88
33 44
27 93
10 100
38 99
42 45
12 55
22 3
5 22
36 64
35 41
17 94
11 32
24 22
16 22
29 64
5 34
7 56
19 15
9 37
24 41
35 74
23 23
36 56
19 89
12 19
16 67
7 87
34 77
12 4
13 74
39 67
19 79
39 24
39 46
21 50
33 21
9 36
6 79
42 74
6 86
22 26
31 36
5 75
42 8
5 32
42 18
24 61
30 18
41 61
2 47
10 80
24 48
9 47
37 43
17 5
9 43
36 12
29 90
7 88
14 8
27 51
1 33
9 34
6 94
42 33
24 67
14 14
37 26
19 88
31 58
34 38
15 35
42 30
14 78
9 13
15 41
14 81
33 39
40 26
42 52
22 24
15 46
22 12
18 2
4 1
13 57
19 91
6 58
36 45
8 13
3 74
31 62
30 9
16 68
5 43
22 96
12 18
2 50
9 17
38 99
32 70
40 74
19 26
30 27
33 73
1 46
40 44
8 13
23 89
39 61
5 74
8 59
8 38
8 44
11 26
18 34
42 28
37 11
17 28
41 17
26 73
14 96
27 96
32 48
37 19
33 46
24 22
17 5
21 14
35 25
29 94
1 95
1 10
41 99
41 72
18 1
19 68
21 92
22 50
3 77
41 45
16 77
32 36
16 88
9 37
27 17
25 47
39 15
28 58
42 19
9 11
23 14
26 22
32 37
23 11
35 14
28 58
34 25
4 3
13 30
2 7
42 49
11 37
33 15
31 71
12 2
34 83
42 76
37 45
41 21
30 56
16 93
11 1
17 43
30 83
38 73
34 14
20 70
7 65
16 66
38 86
25 59
3 29
32 55
34 50
25 21
30 53
1 27
10 10
6 30
19 93
34 60
24 73
13 69
11 3
9 2
36 7
25 61
14 47
20 43
27 47
25 60
8 15
6 100
20 46
12 73
26 41
23 81
30 27
34 75
8 11
31 74
18 27
34 52
29 33
32 22
34 7
32 4
26 45
1 80
14 70
17 27
30 3
16 8
6 69
34 96
25 15
3 97
15 47
5 68
30 84
42 69
16 83
15 76
39 31
33 41
5 33
2 83
1 39
27 61
42 89
28 39
10 8
6 82
19 79
15 81
34 94
11 83
22 38
41 80
6 96
36 19
17 5
36 69
19 23
21 40
6 43
23 36
4 70
29 64
26 44
28 29
5 3
39 68
11 20
40 50
17 27
7 18
40 13
6 7
18 10
1 36
36 12
2 51
11 25
14 48
15 25
42 86
12 38
14 49
3 86
1 53
38 90
1 49
33 42
40 65
8 16
22 31
15 4
26 44
42 38
30 62
8 73
12 58
16 87
41 84
33 23
23 87
28 75
12 93
42 9
20 34
27 81
27 19
13 59
24 75
27 9
15 78
15 50
25 34
11 91
5 11
15 89
32 90
42 61
14 82
29 2
33 59
30 98
19 44
38 60
3 74
23 42
22 87
4 19
13 29
37 60
41 89
11 4
31 28
5 70
9 42
4 20
1 30
9 27
16 31
32 89
15 8
42 89
15 4
12 92
3 81
1 32
39 99
4 24
10 50
2 56
42 73
35 47
1 36
18 100
33 99
24 37
39 66
27 58
30 23
12 70
30 71
41 31
5 89
28 100
4 35
3 78
31 19
19 49
34 20
13 85
37 53
12 61
10 87
21 98
6 98
10 44
36 80
7 38
35 62
12 79
14 100
12 36
4 81
3 58
21 97
7 59
17 25
23 59
33 74
26 22
2 7
8 94
40 17
4 31
3 94
31 38
6 94
28 41
10 89
5 83
20 52
35 55
14 15
19 55
23 82
37 39
