4496
619 29
636 84
855 78
599 37
143 67
396 38
378 56
307 60
512 65
361 41
888 97
123 47
683 65
591 27
381 90
86 88
667 96
694 87
494 38
184 88
570 55
522 90
815 73
283 90
246 86
493 21
175 78
621 19
49 90
53 73
552 29
419 17
859 89
549 69
240 54
385 14
810 73
368 25
169 52
33 9
768 5
301 38
305 46
875 59
341 77
398 19
794 44
74 38
546 96
743 46
580 32
236 57
140 35
250 60
281 40
60 75
591 5
739 2
184 81
836 85
433 74
398 86
479 59
636 48
270 88
897 87
730 27
620 25
754 46
890 54
176 42
816 91
872 22
207 48
570 46
375 93
758 30
627 26
96 21
684 18
72 30
4 61
249 94
217 9
801 60
397 16
685 6
444 36
619 77
19 35
174 3
384 70
773 89
201 70
182 99
631 59
106 60
307 50
150 42
551 74
299 93
317 17
616 93
558 41
872 39
178 13
39 50
813 71
247 32
479 69
363 9
610 24
806 81
130 60
213 88
481 26
802 86
268 53
837 65
240 34
804 74
237 37
311 79
153 84
632 3
129 96
116 10
167 93
64 84
780 16
773 88
235 66
857 26
138 17
467 30
805 22
828 68
104 97
569 36
371 86
163 47
152 82
435 63
351 73
597 82
153 39
732 80
673 24
211 19
158 95
724 3
708 67
372 2
18 38
711 26
197 87
846 99
353 74
445 47
269 94
11 45
631 65
469 22
631 8
490 98
99 66
546 75
89 17
526 95
636 20
193 21
468 25
95 27
288 81
695 56
87 6
841 55
328 74
685 73
112 47
799 70
869 21
389 27
254 21
570 80
81 88
171 86
339 74
75 56
109 16
620 25
549 79
163 88
686 52
245 29
309 17
572 84
230 72
689 12
105 91
25 69
118 78
667 22
91 91
642 69
382 83
724 65
480 38
760 69
722 56
804 92
37 30
87 43
811 62
50 29
642 8
532 54
795 24
851 82
228 19
26 79
881 22
297 65
695 52
723 72
681 98
2 10
835 82
275 99
183 60
880 29
676 46
435 55
201 8
278 11
95 51
716 21
335 32
29 33
51 75
36 28
381 34
535 86
116 49
172 79
612 85
891 49
685 12
227 51
581 50
533 100
338 27
662 7
22 41
457 6
335 100
143 92
357 8
764 28
760 78
385 59
421 95
647 41
329 63
627 59
174 46
203 65
511 40
477 47
287 47
499 47
248 42
753 58
275 39
711 31
333 58
91 42
522 63
872 87
655 6
9 37
692 73
533 14
482 30
285 73
227 9
509 30
99 89
898 70
214 79
571 18
229 46
175 16
736 41
402 24
762 100
762 42
826 89
127 83
327 49
248 94
740 84
85 76
765 54
22 56
152 99
817 3
273 28
716 58
350 96
354 7
459 78
864 38
694 5
418 40
880 68
220 55
42 19
531 17
458 75
394 47
709 38
775 76
794 20
17 7
787 39
775 85
358 52
535 53
850 56
25 50
242 3
72 100
625 51
706 71
787 64
211 19
398 86
776 12
45 6
302 2
460 99
389 79
15 98
479 25
158 56
653 87
807 66
134 8
176 23
162 3
77 30
810 12
486 59
95 45
489 68
601 48
483 47
235 55
169 24
281 78
544 47
661 59
811 78
23 41
305 29
437 16
384 14
649 96
116 51
683 71
76 92
899 62
46 63
250 79
523 44
539 32
53 98
431 29
253 24
3 77
548 96
682 31
255 60
863 72
119 69
898 69
836 68
889 25
850 36
766 28
111 89
200 72
297 63
676 10
363 37
595 72
818 43
839 100
289 65
285 84
889 79
116 68
132 99
568 39
792 5
231 73
179 69
82 5
432 44
480 2
427 11
664 51
561 41
500 75
716 88
409 3
447 76
304 24
167 18
62 44
457 85
386 66
659 49
486 26
567 70
836 54
557 16
396 86
414 17
457 36
346 89
46 72
181 19
108 65
486 1
169 88
291 72
831 49
441 84
224 54
125 58
98 7
525 65
753 67
393 88
439 96
100 39
768 19
189 60
155 44
576 57
707 74
421 48
86 1
131 52
793 2
613 95
206 65
758 97
475 48
402 61
168 97
340 80
81 41
784 56
769 76
433 40
221 77
75 68
44 75
648 37
857 31
221 39
718 54
790 93
595 56
342 89
534 32
88 44
79 26
147 11
485 72
191 76
39 42
474 95
740 40
30 98
373 69
504 13
867 22
168 91
721 4
41 47
195 33
614 28
223 12
142 85
402 62
505 96
106 74
395 14
647 75
52 20
329 59
518 88
807 70
878 26
802 61
203 95
660 22
584 76
584 45
2 31
205 75
212 33
744 46
92 65
88 8
63 19
35 72
302 61
142 44
867 43
839 100
326 46
408 9
512 20
163 98
185 69
782 56
893 87
50 69
874 54
5 75
555 67
159 52
527 10
76 20
101 90
156 96
225 7
344 94
705 3
743 86
456 86
454 47
159 43
26 79
332 18
284 10
543 29
876 36
875 40
769 71
425 15
330 24
268 44
887 11
449 74
221 32
114 65
469 75
759 50
799 31
296 74
888 81
308 51
504 5
690 31
121 81
28 97
355 99
38 12
838 80
169 17
701 15
511 14
176 79
754 40
662 14
254 80
370 17
104 41
663 71
742 53
588 4
785 18
632 62
888 71
282 19
33 15
275 39
439 73
450 50
127 2
192 98
62 92
506 53
303 82
23 75
523 35
533 85
171 48
192 59
248 26
6 6
728 84
69 99
496 6
869 84
809 76
783 34
280 27
688 26
691 61
528 44
732 20
836 73
5 62
51 23
359 63
193 44
236 98
728 86
407 42
376 76
784 13
748 26
529 46
147 20
194 14
651 95
365 28
819 2
713 56
454 71
341 62
541 81
786 76
520 93
44 3
304 68
695 43
689 25
302 10
136 69
864 28
594 57
718 52
749 80
115 57
92 98
140 22
623 41
618 85
678 30
697 61
527 91
318 46
458 46
773 46
35 71
269 45
166 78
307 19
826 9
212 76
108 85
31 88
175 26
443 20
6 45
392 43
783 96
144 15
857 31
194 63
843 31
454 94
305 64
537 52
335 39
754 66
243 63
694 57
790 70
452 38
42 49
66 21
720 58
144 84
525 80
259 88
135 35
291 24
707 38
5 49
772 3
138 36
798 96
711 39
575 98
854 25
633 73
717 26
608 57
468 64
236 73
14 20
840 50
729 12
899 68
264 12
453 45
656 27
426 33
200 9
654 68
411 25
492 85
20 95
417 8
821 46
271 83
694 51
307 47
604 40
824 66
869 35
185 58
469 19
178 48
731 9
477 10
425 42
824 14
896 2
641 81
58 82
197 19
531 14
605 18
112 40
214 4
335 18
196 46
70 19
2 55
206 76
216 8
366 20
336 56
101 43
757 24
874 85
829 39
53 56
828 1
137 13
324 30
386 78
272 49
90 9
565 61
30 7
114 7
877 40
798 27
140 93
584 70
317 45
84 72
782 27
665 53
260 29
175 50
338 88
770 98
661 39
72 91
890 4
228 90
23 98
671 6
504 71
533 71
642 65
516 74
330 47
612 11
613 26
450 98
265 27
31 7
623 43
420 97
62 90
647 5
881 37
412 75
692 74
55 88
728 24
261 12
873 73
464 68
781 69
194 5
139 45
88 38
381 67
13 60
369 3
65 32
374 83
306 97
409 59
647 20
61 63
771 50
507 75
386 17
706 35
322 46
86 42
84 57
324 33
494 10
426 80
294 21
21 6
613 79
602 97
765 96
888 30
377 3
161 22
589 97
193 97
635 29
36 57
664 85
769 25
338 40
80 39
366 43
127 64
154 28
393 99
15 31
758 18
813 10
299 30
715 32
452 89
429 87
714 48
607 67
310 65
344 98
789 89
599 69
7 47
607 22
27 1
293 100
309 37
403 68
472 97
68 30
750 84
497 44
121 98
357 60
883 61
807 92
549 15
59 84
176 50
145 73
623 48
56 62
844 27
239 43
646 13
73 64
494 52
609 92
881 84
508 35
358 59
533 100
886 7
38 20
285 67
749 66
661 85
775 60
552 1
834 97
797 94
887 65
331 91
824 17
201 9
245 24
420 8
616 6
843 77
490 83
846 43
153 98
326 95
451 60
719 12
60 40
659 30
841 79
47 25
867 84
361 83
486 32
369 59
218 3
523 73
567 18
8 40
14 51
175 82
676 55
36 37
265 40
47 88
844 59
202 93
312 13
275 39
199 100
848 80
105 65
418 13
106 19
321 35
183 18
138 42
154 1
615 32
152 13
753 85
300 70
43 73
624 11
136 12
380 73
682 55
264 16
170 49
691 66
424 83
831 41
240 13
228 32
299 35
485 53
113 65
56 8
876 23
719 25
681 68
365 63
703 96
88 64
565 90
296 3
832 59
746 17
292 9
106 20
567 12
225 53
207 16
400 45
666 30
822 69
121 5
46 4
608 73
193 9
351 58
181 8
256 38
573 69
73 68
385 8
572 1
342 87
92 14
780 45
551 49
309 33
146 92
4 24
122 38
656 51
758 93
608 49
412 43
767 57
629 43
895 13
354 23
617 42
564 8
23 13
579 37
489 20
880 22
298 32
534 79
784 7
109 40
543 74
262 75
289 33
493 75
295 55
290 74
533 35
371 30
82 67
127 19
862 6
341 50
821 99
8 35
301 88
435 25
258 29
283 17
459 72
653 1
140 28
695 56
352 33
63 56
589 52
298 93
237 83
894 81
15 60
374 45
886 98
328 90
266 24
662 96
393 96
100 83
67 27
742 20
103 17
420 98
568 66
721 74
316 38
429 19
835 26
248 42
200 60
125 32
590 63
493 3
812 55
438 88
340 21
292 14
537 13
583 74
719 20
301 46
314 91
49 89
847 53
400 19
526 82
701 6
191 25
713 24
464 81
461 64
527 12
170 13
515 90
666 4
429 17
842 89
689 54
690 13
268 43
781 39
850 18
625 53
183 54
637 45
37 13
586 21
780 64
133 68
257 69
689 37
531 81
331 83
153 66
863 8
238 28
86 81
634 60
403 8
234 77
455 33
833 66
686 86
371 76
303 7
467 94
81 52
800 45
615 78
74 27
813 83
83 40
863 8
140 35
732 78
285 70
318 46
488 81
494 73
323 29
886 55
660 40
491 9
305 100
880 96
48 90
125 4
470 58
610 61
108 92
808 97
132 52
323 91
868 64
814 38
362 33
263 96
863 48
830 37
735 81
135 44
209 19
673 28
879 26
577 43
31 49
820 49
90 66
437 94
285 92
226 13
791 21
697 86
782 81
423 31
663 81
305 48
287 95
808 53
527 9
158 17
366 21
732 29
699 92
672 74
892 8
322 36
153 47
385 45
793 62
800 46
642 61
883 23
712 17
796 12
225 34
101 58
678 46
219 23
527 33
686 47
266 92
197 18
179 22
819 50
459 94
13 9
229 49
135 93
395 21
464 41
149 63
881 73
583 90
59 87
316 19
446 73
140 49
331 14
735 13
137 58
557 8
366 17
98 35
882 79
425 53
393 45
873 97
409 17
374 25
899 82
757 66
364 85
66 86
269 84
231 4
838 2
780 15
734 96
505 71
300 58
855 28
172 94
888 30
251 62
481 99
359 91
518 15
156 24
275 55
358 42
434 24
631 53
427 26
653 82
393 77
287 83
807 19
30 65
185 35
769 58
59 60
778 46
255 78
796 81
819 13
265 14
658 63
802 13
761 66
381 32
104 82
474 12
30 61
208 97
290 63
854 81
307 93
372 17
847 92
705 7
316 54
250 23
7 30
352 11
161 58
348 72
80 12
603 94
452 4
215 97
259 73
25 1
674 63
216 1
229 36
539 27
141 36
558 99
372 76
595 66
600 2
805 89
896 73
246 81
440 3
646 47
227 2
657 69
463 45
845 95
689 73
158 87
840 3
116 13
803 88
836 87
106 28
115 31
806 41
232 89
591 22
675 26
169 26
174 79
472 80
890 90
497 4
487 68
273 70
142 90
144 71
202 64
310 25
607 51
738 37
78 69
266 21
409 29
660 52
541 88
492 20
382 31
671 66
357 52
399 27
688 46
677 68
109 90
772 69
459 14
623 47
216 37
133 13
503 32
820 93
475 12
680 66
462 40
376 56
502 61
597 40
114 51
613 62
573 33
594 51
137 82
160 88
85 86
132 70
119 43
91 8
888 92
185 90
769 44
409 73
27 37
566 7
264 60
502 31
6 81
188 5
368 38
629 98
745 28
896 69
2 54
407 96
751 70
714 9
1 42
443 57
777 68
376 78
766 64
417 92
413 56
466 32
764 58
809 50
55 77
129 81
640 80
238 53
212 12
18 78
884 73
80 11
554 17
66 44
357 28
593 63
438 24
127 38
482 49
29 82
806 38
490 15
144 63
80 56
652 9
162 12
513 92
315 4
208 16
847 4
558 31
10 57
612 9
733 9
87 41
824 51
55 25
181 65
891 83
503 78
227 84
255 1
53 46
656 93
455 44
22 95
817 22
55 40
530 63
474 9
130 89
547 96
657 57
254 45
506 75
301 3
625 79
866 98
603 43
372 44
563 40
272 25
661 68
757 29
209 42
468 76
768 93
897 85
50 21
156 75
609 1
145 16
194 83
37 22
291 76
460 97
305 20
364 35
892 11
87 51
430 29
50 82
523 51
674 10
214 60
485 58
697 2
225 68
324 63
199 95
296 52
689 81
383 29
99 6
433 79
541 27
786 95
718 100
43 86
367 76
463 1
770 43
830 48
837 39
793 75
63 35
246 95
102 20
91 40
641 86
368 91
503 89
389 47
358 46
794 42
882 11
95 26
586 18
71 60
336 22
536 32
747 93
384 34
239 99
636 91
77 21
448 81
631 77
559 33
875 100
783 46
452 45
95 96
378 56
675 96
724 69
408 82
241 82
431 73
512 57
136 78
407 7
500 80
899 21
131 20
830 35
276 3
27 42
471 15
213 92
148 93
73 73
307 20
484 49
255 98
835 28
109 42
274 49
824 32
263 9
263 68
865 61
172 49
505 96
381 90
758 59
889 49
394 74
767 73
325 53
194 9
645 87
589 88
835 86
44 24
239 45
637 5
857 94
566 92
94 63
700 16
292 45
731 96
392 55
118 44
656 65
786 26
501 1
348 40
280 71
661 93
803 68
773 99
451 87
691 81
894 54
726 16
67 74
428 29
579 50
682 43
465 53
44 11
527 91
710 82
269 6
153 17
400 25
224 81
267 35
239 71
328 24
645 4
723 11
278 84
731 1
294 76
803 30
489 13
875 39
633 8
578 51
21 25
619 2
164 56
289 9
8 68
578 73
853 91
238 75
321 44
782 75
85 33
773 96
381 16
383 53
248 21
80 43
267 35
554 88
525 61
195 14
808 69
630 56
698 74
616 49
744 93
367 42
424 2
59 76
21 83
890 24
826 6
683 74
412 53
