2438
453 74
59 98
395 78
232 35
200 88
295 35
225 49
9 28
152 83
4 93
284 49
246 62
483 59
178 69
68 28
373 69
187 63
7 1
440 13
122 85
164 28
215 79
472 68
177 76
40 50
112 69
233 45
189 35
138 20
159 27
312 14
352 67
247 22
258 22
76 5
372 12
129 73
448 93
24 88
115 34
339 67
119 90
282 1
463 61
132 75
405 83
178 74
345 99
281 39
240 95
138 23
100 92
188 20
165 70
181 3
450 44
390 5
329 56
10 23
34 93
84 86
425 65
104 30
452 93
414 45
111 51
410 24
263 28
115 54
419 73
191 13
394 72
276 89
89 56
19 74
100 1
177 48
2 55
449 10
20 10
58 30
476 4
351 74
480 77
413 56
51 47
64 28
274 39
372 85
341 75
304 51
438 47
443 49
316 34
302 61
49 5
27 9
242 82
122 100
279 35
107 39
261 2
222 69
220 89
283 84
200 40
389 50
274 19
20 76
475 69
419 77
305 58
360 68
390 43
382 84
372 88
379 66
291 48
136 90
461 21
331 8
330 50
212 62
99 71
77 69
34 96
472 26
97 65
162 46
454 4
413 93
12 66
310 99
235 56
58 33
11 86
163 35
360 85
88 92
145 57
330 59
115 75
100 18
271 8
262 49
92 25
56 52
380 14
188 97
466 39
55 36
6 95
193 76
205 14
357 82
46 90
186 91
313 95
424 95
404 1
149 48
73 15
15 40
167 75
280 96
239 43
99 10
482 23
310 40
365 40
25 51
333 72
445 4
154 49
251 42
161 4
25 71
322 36
133 44
451 88
289 5
392 83
232 18
316 34
236 91
47 44
215 12
262 64
378 97
99 90
295 14
30 8
131 98
286 67
170 88
271 61
27 100
401 40
123 96
411 9
253 21
17 1
72 54
455 50
405 66
369 35
109 24
439 17
486 16
7 83
431 48
288 81
88 30
53 32
286 32
294 38
114 75
163 9
363 30
162 26
395 83
205 10
118 4
417 92
407 9
61 79
384 32
178 57
401 15
134 48
374 99
379 23
104 13
393 98
150 90
5 47
290 68
127 76
478 8
312 6
170 85
322 78
197 66
39 74
472 5
423 74
54 48
294 37
434 28
378 65
205 57
301 57
297 97
23 74
323 77
31 82
346 51
300 9
252 47
120 75
487 37
293 93
153 65
377 33
98 28
29 92
457 29
428 15
408 67
377 97
255 8
81 47
484 99
445 76
371 44
3 74
370 75
25 15
452 31
219 43
137 71
5 97
439 44
454 48
457 42
302 80
233 47
363 15
118 95
280 11
191 29
400 46
14 76
464 46
72 29
88 67
178 8
343 86
291 39
36 41
373 12
440 23
253 43
169 22
486 31
285 16
322 1
303 26
482 41
385 21
91 19
470 36
470 69
114 10
10 82
430 10
158 51
31 4
208 49
468 66
343 96
129 19
467 38
316 93
203 5
124 58
458 70
90 97
354 37
263 33
434 80
1 73
114 49
8 51
447 59
424 83
138 79
50 46
47 34
271 12
386 71
103 36
288 100
211 91
368 20
161 36
49 83
353 20
476 89
289 13
199 68
317 81
421 79
361 66
156 64
341 19
1 97
315 87
242 54
401 90
471 95
85 29
197 49
34 70
219 38
440 100
80 38
381 36
457 6
71 11
402 46
119 84
234 10
441 63
197 17
181 67
1 26
253 91
400 64
277 87
4 18
186 49
338 50
74 79
158 11
65 8
482 19
179 91
58 1
488 63
415 15
8 89
365 28
104 65
478 4
275 24
386 93
66 6
484 4
32 93
161 13
444 8
79 69
250 61
61 29
374 91
364 29
44 61
435 28
395 77
121 69
45 47
106 89
144 29
132 80
29 19
309 84
312 92
112 67
304 48
86 78
468 100
131 23
392 89
14 83
405 38
57 26
373 87
28 48
286 49
45 24
111 78
84 70
480 21
224 76
454 95
348 51
113 71
199 10
413 18
482 72
151 14
193 71
184 89
212 46
118 28
393 11
458 83
467 84
471 86
140 37
26 75
352 20
297 20
165 74
78 41
370 97
459 17
218 8
167 88
59 29
250 92
82 40
125 71
212 67
23 4
273 10
416 76
453 56
480 41
168 39
220 87
417 77
146 98
284 55
427 39
455 95
444 33
91 2
469 45
132 19
115 47
278 72
197 92
237 78
403 39
397 68
253 74
291 19
229 40
319 68
200 27
377 32
363 54
255 59
220 5
347 50
454 29
432 51
411 48
433 97
471 9
450 41
161 90
289 21
427 17
321 2
229 44
57 65
393 69
102 63
376 8
442 5
374 28
387 57
305 73
453 53
299 99
261 11
110 100
488 47
336 35
33 64
208 63
169 89
378 70
46 7
478 78
429 96
332 32
329 78
134 35
309 34
268 51
393 38
446 25
207 93
203 41
485 7
471 46
383 20
34 50
442 55
34 97
457 76
194 15
456 50
424 33
59 61
120 21
26 13
121 2
475 76
471 1
358 23
219 61
359 96
304 28
42 78
26 42
377 93
452 31
471 37
268 11
27 99
481 48
340 84
289 61
178 29
335 37
321 16
370 76
199 73
27 49
167 59
52 73
262 98
175 19
394 80
403 68
469 39
48 65
376 12
407 3
387 26
144 56
195 70
394 34
67 32
343 26
347 7
117 87
165 84
29 51
447 33
380 55
416 71
190 29
261 64
452 53
143 15
401 28
198 30
463 71
470 10
216 72
394 16
15 25
219 31
151 44
65 77
294 8
240 31
46 47
483 44
328 82
405 30
205 74
227 63
7 75
119 64
395 76
223 39
281 25
412 31
38 83
410 64
137 30
182 4
11 98
415 7
249 74
269 74
114 11
105 62
66 94
31 31
150 24
144 86
388 48
1 51
440 43
123 49
419 54
361 41
322 52
325 59
17 67
150 7
458 72
59 3
245 19
353 61
453 36
250 43
157 76
350 59
287 27
466 58
454 89
409 27
39 86
284 43
133 71
323 15
287 85
281 21
270 90
227 94
139 43
3 85
23 33
120 36
330 62
150 71
78 73
408 58
67 2
127 98
378 1
361 35
155 87
223 35
396 79
386 73
322 44
140 37
371 2
225 18
484 47
417 95
480 98
276 48
370 56
411 99
424 8
369 8
237 35
481 97
309 54
155 69
84 82
294 13
166 3
420 22
282 94
137 100
441 39
433 15
117 60
72 77
65 26
433 86
351 94
244 21
200 71
194 13
303 67
150 67
62 68
485 2
455 47
118 50
425 85
16 42
423 35
308 89
273 30
6 68
393 70
368 83
457 45
367 29
373 67
375 63
310 56
312 28
182 100
48 17
297 65
37 74
284 31
203 32
308 91
191 9
436 78
473 87
213 39
27 56
11 18
323 94
330 63
324 7
163 17
318 95
182 28
279 68
95 23
175 100
418 57
259 29
135 62
152 65
237 92
71 96
457 9
118 98
142 76
343 5
428 71
222 35
270 95
430 90
268 21
397 59
335 1
161 6
437 58
386 56
391 25
272 68
358 97
117 58
176 95
442 48
141 51
156 43
244 75
79 76
240 39
227 52
98 9
378 10
153 66
280 29
434 100
206 61
361 13
47 80
359 26
435 56
316 69
176 55
208 8
483 5
235 73
416 91
462 86
148 52
80 86
115 69
219 63
356 67
149 20
413 65
420 7
417 60
420 94
417 38
190 9
238 71
405 8
404 20
376 36
187 21
328 88
410 11
278 43
233 16
272 1
101 61
167 39
257 4
253 77
312 27
22 51
135 35
166 86
263 19
293 65
305 47
260 72
181 54
223 71
420 30
351 24
225 16
373 59
217 41
63 67
203 81
413 100
311 56
182 35
90 81
85 62
398 73
81 76
232 68
410 2
225 57
324 29
190 27
135 43
320 18
159 25
267 8
111 6
279 5
290 17
396 70
214 87
338 55
463 28
280 47
467 23
163 49
40 24
184 75
149 16
37 96
463 97
9 66
52 5
182 18
142 61
142 3
240 70
110 25
210 71
220 42
121 30
183 78
148 22
229 43
219 14
342 65
454 83
16 69
154 79
80 88
127 84
139 58
312 4
304 74
84 13
28 32
326 84
10 93
344 28
107 60
144 75
166 83
344 10
340 15
179 13
357 22
444 3
462 54
312 60
447 23
452 60
409 60
343 90
473 71
235 45
232 1
465 25
264 16
287 100
190 5
285 74
135 17
261 46
33 96
316 43
285 63
205 25
50 91
319 40
124 47
408 23
394 46
280 46
262 11
453 23
49 87
333 55
450 22
139 76
32 36
328 25
399 78
197 8
380 61
458 53
181 50
120 100
439 14
310 6
308 86
440 15
148 10
447 22
196 87
193 74
108 48
247 16
125 55
236 33
407 32
232 37
355 6
386 63
200 4
210 100
61 57
293 14
78 71
360 2
287 69
458 71
86 43
398 3
359 45
28 42
164 48
453 50
236 33
167 31
417 14
118 6
453 10
7 37
55 89
229 44
97 41
257 44
210 34
357 80
173 17
154 8
242 48
110 76
187 89
446 80
422 67
383 50
353 73
119 21
118 81
302 92
449 27
409 29
74 29
310 66
188 70
346 18
287 92
286 55
33 44
390 80
178 89
359 98
235 86
394 52
465 81
454 36
223 81
259 37
120 84
409 10
201 90
81 46
24 31
136 40
456 26
480 33
283 77
284 29
56 74
128 95
78 90
479 38
296 67
402 63
427 98
75 88
96 40
312 10
446 95
67 90
334 47
411 85
211 28
257 79
103 24
106 9
260 4
416 19
271 89
437 78
265 46
370 18
319 65
30 96
152 17
258 23
422 23
178 3
191 96
302 61
48 96
359 48
193 24
280 61
285 67
337 88
41 17
345 62
350 54
45 29
444 7
264 37
325 24
73 43
174 74
378 46
105 21
66 29
389 96
157 10
78 27
403 82
91 64
346 50
384 53
124 58
160 41
235 89
271 17
323 37
434 13
454 37
219 33
390 40
154 22
16 20
146 12
242 74
425 81
421 60
231 65
184 60
106 88
10 50
416 23
353 75
86 59
194 75
207 62
349 57
1 98
189 52
373 2
340 14
264 26
114 61
481 18
166 25
104 63
299 41
243 3
312 12
406 15
8 71
355 77
388 32
45 49
171 39
111 49
462 57
390 9
130 63
437 90
314 88
118 79
302 78
436 16
259 5
460 24
136 3
447 37
58 92
215 56
145 21
1 96
272 7
158 15
404 9
276 6
213 33
451 98
397 41
470 38
4 99
371 70
473 55
306 83
251 28
51 72
19 80
384 13
254 57
363 2
368 24
432 24
37 80
68 80
113 87
102 81
223 45
28 50
178 38
207 88
383 60
480 67
452 1
460 6
200 36
385 66
261 16
6 67
137 21
145 97
100 44
264 37
328 39
138 99
214 26
393 20
204 68
233 73
335 36
174 27
98 65
477 25
219 23
260 59
308 77
44 37
269 7
370 45
87 30
386 26
228 46
405 21
399 85
158 63
447 54
182 75
11 5
23 88
457 25
219 23
39 38
399 49
376 91
83 11
358 35
254 16
206 67
104 22
94 32
446 68
67 4
118 85
386 15
222 21
422 100
113 8
175 51
119 25
401 57
273 32
359 13
379 40
356 30
57 39
262 19
185 34
285 30
333 15
209 35
92 50
112 78
402 92
96 39
140 20
3 95
4 17
189 83
416 28
191 92
415 51
228 83
82 51
433 66
365 70
65 85
363 74
298 4
391 19
315 53
315 99
356 48
173 15
52 18
378 86
226 90
61 64
291 54
184 55
183 94
35 55
142 96
102 45
201 45
174 40
114 39
395 71
159 47
197 47
19 49
434 27
40 95
429 14
153 48
175 46
251 72
4 52
2 86
305 47
189 89
20 85
63 53
446 84
156 98
207 100
72 36
121 50
389 31
57 67
62 28
78 47
10 92
54 80
173 89
1 51
327 19
272 19
336 62
331 23
357 23
5 63
219 70
93 44
295 21
403 44
96 95
459 88
418 52
194 62
104 71
315 35
224 96
376 41
54 25
390 62
228 50
483 26
9 88
113 34
26 90
212 11
80 64
284 84
93 95
155 49
17 77
367 32
97 54
196 81
155 7
10 65
8 7
301 1
391 16
116 14
319 65
445 17
256 91
341 83
363 15
153 29
355 69
436 10
265 12
396 69
222 87
329 32
34 59
159 37
251 25
234 49
145 97
377 41
67 51
151 47
195 57
75 54
440 27
179 39
110 16
331 91
444 4
430 30
248 18
312 66
138 93
62 67
261 27
153 90
84 50
388 30
102 6
133 24
483 80
75 67
120 16
419 4
433 79
150 92
402 64
202 25
259 94
452 24
236 92
194 74
464 23
114 31
478 3
149 34
136 8
359 2
326 11
42 1
22 52
177 52
192 56
477 4
84 94
187 47
335 13
356 83
352 59
175 39
401 39
118 7
147 62
436 16
192 30
123 18
171 72
437 3
234 33
331 12
440 37
23 50
421 15
327 97
461 44
200 37
365 17
219 25
477 18
23 82
478 63
69 82
167 98
144 20
16 31
392 50
429 56
119 49
82 68
285 34
143 41
313 74
345 36
131 57
473 81
120 68
237 96
294 38
118 31
53 77
487 93
349 99
202 37
471 84
203 51
352 41
248 100
72 50
93 75
213 3
128 22
27 75
30 55
161 7
27 38
49 58
342 50
319 76
470 25
381 56
352 37
450 36
433 31
418 41
296 6
392 52
279 65
128 24
346 75
93 87
451 10
178 6
130 51
203 57
410 71
65 96
72 49
121 35
189 75
120 76
152 59
386 92
326 40
161 74
9 84
241 30
381 42
201 36
89 14
31 46
238 68
290 44
453 81
199 79
467 20
350 60
164 77
487 48
446 92
38 35
191 24
235 39
391 48
351 67
152 38
146 56
58 94
278 34
122 49
420 41
155 66
322 60
395 4
87 43
77 64
151 99
308 72
88 48
293 41
358 61
362 44
328 20
88 51
71 60
394 8
154 99
407 81
107 80
80 52
293 75
68 85
252 18
74 98
144 67
32 93
295 85
191 49
43 96
394 23
118 43
50 100
467 18
193 77
146 15
178 18
480 82
235 94
220 57
278 69
275 17
415 17
205 13
166 54
452 12
146 6
361 10
209 62
275 79
294 100
329 68
422 36
379 38
435 19
154 74
232 24
68 9
345 21
138 71
292 15
148 30
175 24
9 56
167 17
436 89
310 72
417 4
215 73
418 71
257 64
274 49
75 93
48 62
152 49
156 9
76 34
371 78
377 8
101 82
92 11
420 49
350 100
336 75
481 90
377 12
341 6
392 86
72 33
35 11
168 3
106 18
431 16
292 39
216 41
484 74
362 67
69 78
129 61
122 46
259 2
434 52
28 68
144 6
237 15
472 68
460 39
46 11
174 33
419 76
273 99
394 14
368 57
188 38
450 50
44 27
412 89
167 73
240 2
234 3
115 78
26 34
432 32
484 14
60 14
