1654
109 25
110 43
239 43
328 23
47 18
19 99
156 21
54 71
322 5
155 62
234 73
105 49
224 65
134 6
124 10
145 2
292 19
24 32
243 12
188 77
153 7
253 33
329 95
171 20
257 64
108 18
46 45
228 66
122 12
235 95
125 91
182 31
172 99
130 83
70 31
124 6
26 92
290 22
131 51
27 71
98 44
319 65
189 20
286 45
42 86
9 81
173 27
102 61
144 32
216 69
52 41
207 75
7 77
84 97
238 82
39 80
273 12
310 65
195 90
19 7
230 47
171 73
232 71
39 52
136 91
258 10
215 37
81 63
260 47
44 97
81 59
222 40
220 70
78 99
7 63
122 60
84 1
186 20
298 25
131 73
87 29
113 93
328 32
219 93
157 81
301 25
171 11
107 74
26 7
143 30
240 80
118 12
140 3
188 46
119 76
82 67
2 90
148 11
30 30
208 22
31 82
96 88
276 25
244 26
10 89
70 2
199 15
82 78
148 87
92 75
40 89
107 68
165 10
243 92
42 41
258 69
325 76
264 59
225 3
246 43
326 27
20 88
278 60
246 17
188 85
111 51
192 52
193 86
145 20
242 30
124 1
166 14
181 47
3 56
94 55
179 50
146 8
172 5
112 10
10 28
28 88
28 11
240 36
106 18
283 77
310 23
299 85
23 70
192 11
325 56
229 76
57 79
86 22
12 47
251 69
102 15
65 73
283 65
114 8
252 30
115 73
257 49
76 3
112 83
293 60
264 4
295 27
85 8
142 45
266 36
216 37
125 27
53 52
115 55
13 54
65 17
111 39
265 87
260 92
137 70
42 100
10 93
224 43
108 33
292 63
39 34
314 47
254 85
294 93
245 89
155 70
168 18
146 76
4 61
138 16
241 60
283 79
105 97
227 67
115 68
177 10
220 70
304 8
1 63
66 81
170 97
213 41
39 43
153 17
4 61
246 29
320 15
195 33
2 19
29 76
49 55
215 89
304 93
110 87
27 37
1 41
324 78
37 2
295 43
282 80
178 92
159 14
240 48
21 61
242 90
247 76
38 3
160 81
189 3
75 28
44 7
261 99
268 14
160 9
98 31
108 73
53 75
231 2
164 62
106 47
118 20
314 74
87 77
265 82
226 87
216 79
289 73
63 96
218 5
307 10
122 53
125 34
288 51
110 55
6 17
104 10
158 57
106 23
121 90
189 85
308 37
291 84
156 89
45 92
32 72
66 21
277 55
262 66
282 75
25 40
165 68
214 62
183 2
162 7
28 82
133 27
30 13
302 51
47 42
81 50
283 81
72 40
91 3
15 52
286 27
26 51
312 87
38 4
138 95
186 12
110 85
65 73
152 79
273 91
128 42
231 46
231 39
191 51
326 29
58 84
238 58
328 31
230 97
107 18
275 3
26 46
144 92
323 28
246 28
196 39
119 78
111 76
250 87
116 68
162 46
253 76
13 57
136 23
70 74
324 76
220 24
173 69
142 58
208 54
67 73
58 36
248 75
293 94
294 9
200 52
326 86
229 27
80 32
51 83
311 79
173 40
97 84
175 17
184 84
64 90
300 71
88 37
312 90
194 42
20 27
140 96
121 37
257 42
6 55
270 85
134 62
189 2
47 1
17 50
306 1
64 39
244 83
190 87
327 8
213 35
278 8
114 30
93 40
178 74
28 36
3 41
117 18
209 74
122 30
110 95
198 29
308 63
119 85
140 12
174 55
48 89
42 18
52 18
85 58
261 37
220 53
175 69
108 26
60 6
86 36
273 81
114 90
197 18
318 54
61 5
125 95
26 3
82 94
324 99
219 40
57 90
27 38
204 28
313 32
307 18
255 27
24 47
242 42
233 23
241 73
218 100
98 40
102 75
143 19
192 12
45 80
254 86
51 93
134 62
155 16
63 22
311 57
142 18
146 46
284 5
287 73
258 62
130 84
113 53
111 32
178 91
180 5
26 81
273 1
2 84
11 5
191 25
31 65
116 37
323 9
13 45
239 36
114 72
273 40
247 58
208 8
61 22
102 42
229 30
231 29
47 71
78 98
152 50
43 27
150 69
85 88
292 40
241 47
85 6
9 62
263 81
79 58
296 1
137 97
111 92
312 70
61 46
183 72
206 28
27 10
159 82
29 51
308 82
195 49
17 24
139 14
131 14
211 26
298 67
144 77
105 34
325 84
263 37
53 93
64 1
314 36
46 42
279 42
164 35
285 85
1 39
127 8
169 86
133 94
95 93
166 52
45 35
159 93
55 2
108 48
116 21
321 25
147 34
60 11
201 58
4 25
214 98
243 61
315 4
128 45
215 92
161 65
272 55
253 25
292 21
302 13
105 82
52 84
69 10
98 45
311 83
275 2
205 59
165 29
267 80
176 14
37 86
82 84
330 82
119 50
184 17
21 28
222 71
77 35
193 41
235 62
208 57
77 68
103 99
161 40
271 18
67 23
49 5
256 83
187 63
25 88
113 17
127 26
310 49
82 77
158 51
102 40
136 7
285 27
230 78
184 42
184 13
321 83
33 94
113 62
322 62
178 79
41 83
83 99
248 7
170 84
220 98
9 20
65 19
225 91
18 52
282 18
165 21
280 54
171 14
238 4
285 49
136 64
37 44
178 63
224 76
322 81
105 72
68 90
304 44
55 30
175 24
280 76
205 72
166 20
88 77
93 23
125 19
305 100
211 54
48 78
114 5
173 56
259 96
303 59
153 80
83 60
242 79
316 83
226 7
146 62
323 44
236 50
239 59
269 21
227 74
124 3
12 82
4 79
126 7
319 82
303 3
133 90
109 76
42 27
321 71
147 38
162 76
130 65
48 96
153 50
114 51
103 39
305 56
206 42
296 94
264 91
268 12
92 98
27 91
81 79
27 40
131 60
9 17
82 41
290 47
157 45
72 94
140 14
313 25
134 11
45 59
104 91
134 67
284 41
223 47
187 92
235 49
124 83
34 50
71 88
75 84
32 79
164 41
25 63
76 4
97 8
324 60
298 17
287 9
40 64
244 46
304 51
8 9
64 37
279 58
20 17
100 53
123 70
22 32
222 75
30 61
303 15
238 59
41 84
217 28
8 57
296 80
12 42
188 28
14 57
52 27
202 19
321 5
111 89
234 55
147 2
94 17
73 2
79 50
5 23
219 33
246 67
280 66
205 81
122 67
147 22
126 30
145 45
188 90
328 83
308 72
67 82
225 66
146 25
309 57
1 72
291 38
323 63
297 22
283 73
101 64
206 23
177 95
54 43
186 54
64 55
285 8
158 68
281 29
313 24
64 45
252 42
132 54
191 5
132 82
265 88
210 16
314 48
36 4
5 27
275 24
206 25
56 100
132 77
20 64
247 83
66 31
58 8
220 18
196 77
28 17
163 15
198 9
115 63
185 29
47 96
94 69
220 59
146 92
124 33
272 7
182 93
199 27
5 16
80 77
330 37
294 97
324 31
132 87
27 20
282 3
250 83
230 5
126 72
239 18
66 72
324 26
210 72
291 22
10 82
190 91
67 17
91 47
232 48
253 99
186 15
274 27
213 63
291 49
110 43
111 5
69 83
284 7
5 99
256 79
235 99
82 8
69 59
71 5
73 37
63 38
60 68
68 94
262 29
301 85
121 64
51 10
134 52
74 42
290 21
181 63
16 2
117 21
19 40
5 61
275 88
231 37
68 50
173 12
249 88
9 22
103 56
292 77
66 16
203 96
93 67
134 93
288 67
91 72
282 79
239 66
258 14
318 12
173 86
180 4
95 89
134 45
208 17
156 69
206 36
125 23
216 10
7 75
171 93
158 65
3 69
129 68
90 87
26 87
18 74
11 80
179 11
116 47
261 18
28 65
265 58
2 24
165 98
4 28
114 90
101 83
144 40
58 62
59 45
154 82
33 9
130 40
300 25
107 40
5 1
133 90
136 35
74 94
101 50
204 67
237 1
229 7
331 52
142 97
235 68
211 70
157 35
96 88
18 21
227 20
2 22
274 96
113 38
151 46
111 90
142 91
202 35
8 62
156 63
200 11
49 18
126 87
15 46
47 11
97 86
18 73
229 80
176 57
56 78
52 100
229 34
50 23
330 6
86 9
164 25
46 69
298 36
279 92
64 94
29 80
207 15
117 56
155 67
257 63
64 8
292 67
99 49
273 49
82 31
76 71
129 5
314 83
98 23
309 67
225 7
156 7
105 95
271 25
327 9
172 53
146 61
177 72
19 43
59 95
305 33
73 43
253 41
193 90
124 91
100 66
178 2
10 28
204 53
63 37
234 20
275 76
188 49
232 88
229 82
266 85
274 29
284 38
236 39
75 39
223 55
2 77
306 33
317 38
47 57
6 44
117 17
74 97
160 64
146 28
154 63
323 38
120 53
173 43
220 94
111 55
232 42
309 95
51 69
127 79
110 71
51 44
84 23
276 4
139 36
258 59
77 57
90 83
127 42
178 87
283 16
112 79
313 44
163 67
162 18
301 47
326 96
120 24
90 84
60 40
165 73
19 74
2 86
171 6
187 23
259 62
88 11
135 51
117 78
31 8
193 18
276 9
110 59
219 62
328 86
157 41
281 94
219 89
287 15
164 31
218 65
276 84
39 1
224 68
264 11
325 16
317 72
105 21
16 32
77 6
97 27
62 40
201 10
231 33
49 91
42 98
325 95
87 68
144 35
191 23
232 58
166 28
307 56
226 18
256 32
291 97
313 21
292 89
266 63
312 19
203 41
51 77
187 53
7 37
309 94
155 81
38 59
125 7
7 94
249 50
59 27
148 77
315 44
116 2
6 48
290 88
314 7
42 36
71 8
192 50
255 19
286 83
2 6
280 56
7 8
4 95
263 96
155 62
85 59
37 16
7 88
170 42
228 90
243 24
87 38
126 71
226 1
58 71
272 22
35 12
323 61
184 61
110 9
70 97
317 98
246 5
63 4
248 66
11 64
95 2
88 53
38 82
167 85
226 99
51 92
53 82
221 56
175 82
106 58
37 52
309 54
273 70
31 8
214 89
122 72
111 1
314 56
177 59
42 43
192 69
150 18
25 55
145 94
113 49
64 10
185 24
13 60
303 87
314 82
18 22
87 58
266 66
9 54
269 38
325 74
161 45
325 82
109 82
317 99
330 1
162 6
8 5
142 80
8 61
323 67
313 86
227 74
196 39
79 13
315 14
145 24
269 40
315 21
151 13
42 50
207 62
38 51
170 69
91 65
26 91
182 21
327 81
304 14
67 4
206 70
41 75
285 97
157 88
164 18
328 34
215 25
7 7
135 72
217 62
61 58
188 9
238 42
270 97
305 10
77 64
222 51
312 5
234 81
116 54
309 3
190 37
272 77
6 22
240 91
15 42
250 24
54 32
127 43
236 66
151 98
32 82
152 18
174 59
288 56
71 67
175 1
153 23
189 85
271 45
50 59
308 78
315 54
190 88
145 30
182 83
222 76
59 11
224 58
29 72
81 34
201 29
192 45
308 24
315 99
135 60
66 28
329 63
271 77
158 11
274 38
125 12
279 83
49 91
286 73
152 82
204 62
178 39
262 16
133 85
149 42
63 33
234 2
206 10
309 67
318 60
160 52
77 82
231 38
283 7
264 93
180 52
214 38
226 71
195 87
30 51
288 65
24 43
79 79
3 27
70 32
82 7
12 97
292 6
249 72
243 31
243 46
46 99
185 88
311 96
9 19
89 70
184 42
51 95
146 79
274 34
120 2
37 78
14 33
29 81
319 89
269 24
233 43
331 59
81 33
56 14
74 25
57 8
190 21
240 29
127 30
134 100
62 66
77 41
221 27
286 41
162 25
174 75
134 75
29 7
264 98
80 46
37 20
174 66
100 6
123 36
134 60
114 27
29 33
325 2
177 11
154 22
295 39
22 3
330 78
44 82
154 19
83 21
241 63
32 7
194 60
52 70
73 83
327 24
50 31
79 71
190 88
95 96
215 29
7 94
205 83
159 12
130 74
106 19
38 76
126 2
40 85
10 24
11 41
71 67
214 79
142 35
200 10
173 32
129 74
95 92
181 55
13 29
284 24
282 81
7 58
212 77
246 57
188 34
197 65
118 83
306 41
18 66
18 10
90 43
322 66
258 100
238 62
238 98
331 83
293 43
1 80
135 16
195 48
296 54
72 59
253 37
305 40
1 73
319 55
215 31
291 34
151 38
308 68
195 65
169 97
103 33
88 39
241 11
134 74
313 94
252 93
243 94
244 25
243 93
261 60
170 73
32 67
172 72
323 9
293 17
148 79
20 98
288 26
180 38
44 48
330 41
195 17
144 86
190 44
304 33
184 99
95 4
190 49
220 3
138 21
217 81
266 72
239 52
128 56
219 88
184 23
286 78
289 3
120 84
26 52
8 65
190 77
122 30
322 36
316 76
319 9
174 54
202 68
173 34
38 95
30 9
164 34
162 11
6 94
189 46
107 28
117 20
209 78
256 100
34 95
247 69
157 11
215 100
70 33
168 84
209 29
282 58
20 44
288 26
75 11
78 27
330 82
121 21
299 81
107 40
34 39
303 22
213 59
77 23
281 60
271 33
174 82
135 58
15 57
132 37
147 92
137 87
26 42
252 9
124 58
303 16
25 68
304 32
247 3
164 92
40 10
281 89
309 85
148 58
331 99
124 41
130 22
328 86
280 92
31 76
233 87
176 45
116 26
131 89
69 58
111 90
201 73
285 16
219 75
319 51
56 60
259 52
295 24
13 78
297 67
119 69
52 27
48 15
41 81
77 26
110 37
50 27
222 21
129 44
40 36
24 61
170 15
239 87
286 60
1 78
145 31
67 65
170 80
90 77
28 50
96 66
186 70
254 34
246 46
257 72
52 50
316 71
235 31
270 60
202 52
47 32
75 54
303 92
97 68
145 9
60 70
89 73
67 28
17 93
202 10
149 66
309 24
286 83
6 90
237 18
161 24
331 81
91 43
237 42
171 89
72 74
101 59
161 60
259 13
29 95
102 39
213 53
28 76
317 4
326 39
311 78
132 80
13 100
105 7
108 5
45 42
181 30
221 48
38 9
54 63
273 99
89 34
271 35
24 54
101 51
298 88
153 98
241 58
290 39
46 81
198 90
145 4
19 56
6 53
317 100
4 88
193 20
10 33
231 28
282 7
84 1
193 92
301 39
197 97
168 32
282 67
7 87
79 72
154 20
204 64
180 39
317 94
237 65
238 28
16 56
270 96
227 23
167 73
61 97
265 7
176 28
130 4
309 41
299 17
36 46
308 69
188 73
65 58
244 74
196 19
92 99
255 94
180 88
283 91
313 96
307 60
145 59
210 10
201 42
77 45
121 19
311 53
259 5
225 82
156 97
233 86
118 31
88 70
26 4
11 84
6 47
235 37
223 8
72 88
166 26
120 6
135 25
37 45
134 7
120 67
47 91
75 10
292 27
159 49
173 68
210 6
272 29
87 92
100 20
191 42
262 100
138 55
161 97
244 71
138 69
62 3
199 92
217 55
158 87
202 77
229 99
155 60
305 97
156 62
315 57
294 74
148 9
258 96
292 41
23 15
