5439
136 88
580 65
431 83
344 24
532 62
103 99
389 79
34 52
1054 92
575 32
698 9
602 6
295 66
83 13
277 43
517 76
828 11
1027 57
135 70
868 94
1045 56
584 54
970 24
1070 58
316 11
415 16
585 58
1036 4
919 44
469 28
756 3
658 87
1061 44
662 8
903 81
658 51
507 57
801 67
461 46
240 44
283 88
721 91
87 86
794 95
52 15
479 35
931 55
632 32
973 44
14 58
563 23
745 52
963 69
299 71
288 37
25 46
141 42
168 74
808 26
436 1
290 86
933 83
739 85
279 65
633 56
63 65
910 79
182 52
621 5
466 64
722 66
391 56
996 94
142 10
57 53
856 70
40 44
361 43
569 89
555 71
99 29
545 77
317 5
449 18
109 69
63 31
437 46
992 19
1068 40
769 54
800 87
451 93
252 32
531 100
61 5
889 30
827 41
822 9
405 89
385 80
739 61
878 64
323 3
1080 65
644 75
228 67
412 87
1047 74
267 10
873 76
763 38
145 6
983 19
1045 17
686 3
500 22
1084 48
811 52
1068 72
606 41
744 51
358 22
587 71
354 83
324 34
122 91
801 88
439 24
907 26
762 67
319 65
927 86
518 90
220 29
810 28
231 62
959 5
741 54
270 77
160 23
874 14
456 49
492 45
1078 7
220 16
443 14
783 32
990 28
69 44
648 98
182 79
869 45
301 48
483 33
175 54
417 49
976 35
901 81
1071 3
706 57
223 22
1073 49
79 88
125 8
1017 100
783 3
8 54
735 57
129 21
646 48
15 49
29 58
804 99
920 38
901 12
1077 83
524 99
1012 94
878 98
524 97
643 87
818 97
952 61
545 60
702 50
881 21
575 28
419 24
55 70
522 95
385 14
162 84
308 8
670 10
713 67
836 65
350 13
349 48
1065 42
512 4
880 1
61 26
439 50
1049 61
455 30
827 64
957 74
903 92
724 1
34 44
1021 98
161 99
991 72
581 9
134 14
283 84
224 31
674 55
5 44
1062 6
888 40
696 91
673 58
448 44
929 76
879 62
723 62
861 72
276 51
518 40
815 67
677 53
4 53
39 12
286 54
887 32
921 42
264 21
256 94
941 77
28 90
739 26
377 75
988 78
524 37
539 1
151 10
965 41
830 66
515 25
402 42
545 14
426 20
669 54
740 49
1003 30
328 93
143 67
853 85
678 1
137 85
290 80
289 44
919 13
629 66
930 15
358 16
710 45
1052 54
669 14
558 49
287 97
691 22
870 18
359 83
727 48
1088 81
591 59
677 39
279 7
792 92
753 5
769 97
1035 68
642 83
216 67
984 78
130 64
807 50
656 5
440 26
9 86
70 62
603 70
948 67
409 65
566 47
450 50
93 23
251 83
340 2
192 90
729 42
788 70
351 51
104 81
675 29
823 98
778 77
109 71
510 62
120 75
894 11
374 99
506 79
763 70
478 51
895 8
1039 82
1073 12
530 19
987 41
994 28
540 39
60 12
340 11
223 14
931 63
1002 78
1024 66
729 100
871 34
1019 63
666 71
624 9
742 63
726 56
316 43
636 16
190 53
229 63
165 77
348 13
508 70
426 48
600 49
879 5
244 36
716 26
194 40
831 38
754 52
240 11
615 86
861 71
27 85
146 63
407 24
864 18
666 38
376 22
729 15
281 96
627 11
922 7
479 68
688 73
409 80
72 44
230 27
190 56
410 16
791 26
717 30
378 49
577 94
957 7
1005 55
504 76
761 40
656 22
994 53
461 13
979 89
780 60
92 71
944 3
929 80
386 86
33 82
935 69
466 12
1035 93
295 11
626 26
586 26
383 16
912 63
229 89
178 17
1068 7
824 70
575 100
253 95
1037 95
733 81
1038 86
858 62
825 6
831 11
888 70
476 22
535 21
516 20
150 75
365 12
524 61
405 77
56 29
764 24
482 82
228 31
342 60
915 56
936 47
226 85
1067 58
209 79
958 96
638 30
1046 36
998 81
692 69
562 26
215 28
76 8
856 44
547 90
127 58
547 72
533 17
1013 65
380 88
150 96
286 13
878 67
954 64
728 72
527 8
421 53
679 5
939 55
219 31
719 61
1078 22
239 59
1031 84
653 100
646 79
323 77
1017 90
229 20
167 4
414 88
557 56
783 64
225 94
784 28
614 92
504 28
301 75
330 79
480 69
934 13
106 9
521 3
500 70
536 2
509 42
311 21
247 27
997 44
193 37
710 11
368 76
589 62
870 15
894 87
626 35
308 95
999 100
720 3
427 89
943 93
132 94
341 47
224 88
92 77
389 71
366 15
730 6
276 80
898 29
89 49
218 28
330 33
234 90
674 84
395 37
143 26
48 7
222 47
871 100
350 85
474 23
117 7
207 65
329 87
895 32
245 21
664 77
160 44
357 86
476 36
288 35
900 36
108 92
957 17
969 39
44 69
1001 73
649 77
918 96
159 60
412 45
529 9
1054 18
1025 42
539 62
605 12
969 5
283 41
329 76
731 98
558 5
169 88
193 73
388 86
775 67
503 26
717 89
617 27
344 100
798 85
571 20
613 75
1031 90
41 19
654 41
213 82
530 96
191 13
1085 33
1042 41
664 22
877 52
955 69
1082 42
764 33
1063 85
208 40
926 3
805 69
1078 80
555 41
658 27
7 15
779 37
712 92
692 94
871 24
895 98
141 48
432 97
742 30
390 15
432 81
988 26
220 20
701 20
223 93
557 14
527 83
513 15
526 56
560 15
16 31
727 92
723 77
1086 21
516 86
652 33
1070 30
246 37
532 35
534 70
924 74
1003 90
1048 27
167 68
54 68
464 65
126 13
256 8
364 55
70 14
800 35
156 1
314 72
699 63
73 63
637 36
846 35
616 9
790 37
221 24
134 57
1015 97
1035 66
763 23
552 46
802 42
361 44
697 21
576 87
1 28
277 5
786 25
404 20
1063 84
276 59
727 40
625 13
69 65
630 15
489 62
320 89
991 61
720 72
300 40
97 61
409 68
537 5
728 53
139 9
328 23
881 64
172 35
651 79
921 58
107 64
2 13
715 94
605 56
630 23
511 57
393 76
414 85
49 44
49 10
1043 10
525 12
498 30
469 76
110 70
394 77
1035 79
198 35
53 71
403 20
34 84
319 36
5 58
469 9
279 52
636 93
982 90
1008 92
300 79
451 59
763 62
563 28
900 82
685 29
278 21
1035 2
507 84
686 10
573 76
493 29
320 69
671 51
679 18
20 11
114 62
229 80
594 73
73 13
791 32
620 50
406 75
176 68
916 71
453 100
366 40
689 11
861 48
829 85
426 21
1005 85
50 87
232 87
184 96
1036 2
712 35
171 6
658 6
996 53
117 15
94 43
204 65
517 22
368 69
388 21
738 11
130 12
1022 26
870 3
886 68
679 40
639 47
25 6
87 89
871 91
780 23
44 74
855 22
895 77
783 59
478 52
383 13
470 33
630 4
753 41
458 62
33 36
52 86
23 64
177 59
447 7
643 62
606 92
333 71
822 18
997 67
896 87
634 41
402 13
219 81
291 50
305 95
137 85
209 76
101 49
937 27
885 20
277 53
991 94
170 5
209 80
420 75
101 38
603 62
82 54
596 61
303 48
320 93
150 79
899 97
776 11
405 56
654 95
583 56
711 78
369 30
766 23
201 36
818 72
320 80
960 1
627 2
942 88
430 62
474 72
799 41
29 72
284 34
390 28
17 33
275 97
946 57
224 43
394 54
150 80
105 65
814 7
743 14
852 9
250 86
500 53
222 67
459 57
49 61
740 38
624 27
929 10
411 56
673 39
771 10
118 2
508 96
356 95
853 100
538 40
29 85
114 4
795 8
1043 21
1086 34
228 55
554 11
1085 91
530 80
96 98
711 65
966 77
930 92
498 27
225 38
994 17
295 65
159 71
623 16
596 99
205 88
649 46
869 50
688 77
410 40
528 62
1003 63
721 95
565 52
373 78
360 77
862 39
193 62
321 49
602 39
1046 3
923 97
469 79
332 50
810 26
923 85
763 7
248 67
78 25
212 85
930 26
106 39
584 91
894 63
365 27
769 89
1014 67
1039 11
598 68
277 34
817 18
753 18
43 12
1050 77
362 40
247 19
77 93
292 31
291 3
897 50
654 95
910 55
930 26
734 52
1044 64
872 60
935 25
477 97
761 84
609 77
654 30
589 87
545 50
211 56
933 9
123 63
214 76
310 12
774 29
668 97
86 51
453 49
263 39
236 87
443 54
893 84
583 6
817 39
259 40
278 26
30 54
819 56
640 39
594 18
90 92
377 91
932 81
941 80
160 19
312 7
38 84
1023 88
717 68
885 65
971 33
1067 14
857 14
781 47
281 28
911 57
1021 62
478 13
1071 51
270 21
778 74
742 62
933 27
605 38
753 90
788 60
801 44
347 24
523 56
875 5
641 38
1058 27
443 14
1004 19
52 93
1074 78
265 11
811 90
331 63
754 2
199 50
346 14
389 58
185 80
78 67
253 91
184 72
863 45
389 76
429 28
390 85
579 64
213 59
6 68
1060 46
554 4
723 12
24 7
241 36
586 55
923 75
186 40
270 95
267 86
963 9
149 41
460 11
84 27
734 85
631 8
47 2
1047 34
429 23
744 37
987 78
293 29
365 34
676 59
498 64
818 20
345 72
683 60
387 76
955 4
259 35
168 71
510 45
453 31
410 57
239 54
849 10
447 55
92 69
84 38
941 96
59 77
950 43
421 36
438 65
612 71
21 99
99 98
857 83
546 51
894 64
662 15
428 57
381 94
829 69
145 43
368 54
893 25
203 98
746 31
831 20
700 5
261 47
238 24
737 12
1063 3
605 88
766 81
304 53
9 91
375 58
968 48
629 11
518 86
676 59
497 61
70 53
97 1
501 88
457 71
396 9
633 14
946 46
593 48
85 46
753 54
972 15
316 89
562 19
802 36
960 18
821 31
794 88
117 61
236 39
302 36
407 41
826 17
570 41
193 18
371 79
762 84
1028 22
1017 62
44 34
416 20
371 32
640 65
401 55
135 36
844 93
797 42
829 53
918 73
743 10
768 68
767 81
950 50
1081 2
416 75
1032 34
300 17
852 87
1026 48
938 18
930 9
139 82
952 13
110 53
965 74
572 94
481 69
283 71
995 18
738 89
645 5
79 2
988 9
819 90
174 55
61 27
1023 12
54 91
456 94
917 89
532 11
913 77
737 26
992 64
444 18
131 27
679 37
970 26
866 52
882 11
313 12
162 30
484 53
49 64
110 41
47 60
882 57
691 85
521 55
1071 68
723 97
1050 43
150 45
421 51
574 76
405 27
86 91
250 73
379 80
559 23
796 41
879 23
923 48
630 54
915 43
1075 20
464 62
990 10
461 18
129 3
903 92
47 31
396 39
429 49
528 31
745 52
155 2
326 63
606 42
256 25
757 32
902 30
585 45
589 63
736 48
372 60
967 94
58 96
102 82
463 34
534 64
116 82
893 86
420 50
310 20
35 79
616 65
649 26
58 75
491 76
68 2
435 37
361 52
1010 7
1051 16
413 81
484 35
1027 53
652 47
1011 3
926 27
369 65
248 40
869 16
685 15
706 99
169 40
967 61
669 4
321 81
891 60
536 74
628 21
701 89
323 15
981 33
944 90
620 81
663 49
26 14
600 38
571 54
446 45
367 77
1014 91
548 13
553 80
594 35
803 98
286 89
107 7
442 16
54 66
107 28
591 17
877 84
36 54
834 78
939 95
500 33
652 34
1069 30
473 14
536 100
663 69
415 88
288 47
656 56
815 66
554 32
500 88
442 66
559 96
350 55
421 97
557 8
523 43
195 58
95 90
1077 10
46 93
597 68
1075 15
695 86
55 6
610 63
156 98
773 99
325 85
14 27
227 89
812 2
210 96
524 75
243 50
689 90
655 25
305 66
781 25
655 88
623 68
482 52
573 82
356 92
315 88
634 73
669 84
972 13
786 2
130 79
591 30
289 75
282 31
812 71
302 64
826 21
868 71
373 46
972 82
360 5
740 4
856 46
386 40
191 77
692 12
715 80
813 43
611 2
136 45
909 97
359 12
846 8
131 13
54 64
14 87
869 52
1003 44
332 92
1049 39
933 61
317 24
1083 64
674 71
1080 88
917 89
555 6
710 68
735 8
953 7
650 37
91 21
322 76
868 19
1054 71
840 58
37 55
21 64
510 76
306 3
914 97
374 35
973 19
246 55
49 31
234 37
63 61
385 64
698 72
33 89
848 56
1033 74
533 94
446 50
644 45
637 85
139 51
1010 48
75 65
958 4
89 26
829 37
286 7
21 6
347 86
872 53
21 40
908 48
727 56
698 79
757 39
989 99
701 37
758 9
249 39
741 100
517 63
1019 71
226 1
942 66
772 99
485 27
915 74
438 79
152 62
96 73
35 91
489 26
251 55
612 46
637 24
854 6
290 53
441 78
29 29
526 10
576 1
900 34
936 65
986 57
818 87
1042 16
928 84
736 2
361 85
287 87
753 97
538 20
1042 89
603 10
922 71
508 60
863 26
711 33
290 33
750 48
785 77
274 9
671 22
524 13
498 11
957 30
397 97
3 81
533 50
870 40
878 11
201 19
135 5
225 7
783 1
90 46
357 83
64 39
52 18
848 27
541 25
428 14
339 81
340 91
274 88
654 64
580 7
886 16
107 9
592 12
42 25
781 87
300 51
768 50
389 29
98 88
847 64
750 96
991 38
475 55
532 99
543 19
64 85
801 76
935 95
49 7
173 44
373 72
684 16
852 46
474 96
475 69
113 18
94 64
58 36
208 90
71 88
882 41
223 78
623 50
119 84
281 91
979 37
697 1
278 23
188 57
334 33
788 80
245 54
742 75
938 77
737 88
757 4
840 60
656 92
561 82
531 83
61 24
932 76
780 58
586 68
965 11
1016 28
794 97
1020 50
571 84
413 3
609 56
881 19
135 90
910 15
561 14
818 54
463 40
648 38
604 70
269 13
468 67
136 36
809 13
783 25
1031 5
989 81
453 32
773 63
632 73
702 87
662 47
553 43
1081 24
983 85
680 51
804 90
926 21
917 21
631 51
735 43
825 4
856 25
4 61
365 37
65 14
230 80
536 58
866 77
795 48
950 66
968 77
201 82
264 41
866 91
740 73
114 97
231 79
96 83
103 88
117 66
291 87
135 72
953 90
112 22
212 82
152 81
784 15
673 58
175 39
442 91
70 40
897 97
147 84
742 41
272 21
549 100
60 53
622 17
988 85
540 100
785 29
86 82
898 69
656 89
1065 69
920 71
830 44
825 8
651 45
369 68
557 37
629 32
45 78
60 46
877 58
715 15
733 58
942 28
525 28
329 13
387 95
823 3
160 34
818 2
45 71
1055 58
274 66
809 64
273 45
865 14
1000 9
332 48
646 48
9 7
1054 36
587 16
789 96
31 21
316 31
921 2
747 13
249 63
286 99
545 29
116 89
320 8
535 35
773 17
152 94
1043 41
378 97
36 1
662 71
100 69
945 11
193 92
223 72
273 84
478 26
893 55
980 11
113 45
664 15
88 61
716 90
957 66
135 22
853 10
452 4
705 96
202 73
1068 37
1062 53
557 2
59 3
182 12
538 75
396 27
652 9
742 14
923 33
863 96
984 60
911 72
206 21
611 32
962 32
402 72
459 17
995 37
144 67
297 88
852 19
576 87
729 41
112 54
