2767
274 82
12 96
420 17
12 8
256 77
197 43
182 68
137 23
164 13
382 19
28 10
156 59
106 12
64 84
290 10
108 71
147 37
251 60
301 71
417 78
409 77
534 58
59 10
401 89
509 20
271 97
422 6
317 99
175 72
394 18
399 73
219 22
187 46
525 47
156 29
8 88
2 25
424 58
265 83
159 19
475 17
467 40
88 27
510 34
372 93
252 12
502 4
236 93
458 30
310 66
284 80
464 46
299 67
412 67
206 26
359 77
308 88
412 36
244 73
405 53
171 12
56 46
164 83
186 9
286 82
519 74
124 16
428 37
350 16
111 41
187 19
169 91
211 31
442 49
130 44
143 63
351 83
236 99
516 28
325 63
81 37
450 41
355 70
520 60
288 36
133 77
20 87
327 5
379 30
6 70
446 74
143 58
373 34
131 31
459 73
254 82
427 45
133 53
382 73
227 27
151 93
507 39
107 69
450 62
247 12
93 69
480 50
234 50
72 95
10 26
314 66
317 24
384 56
1 100
70 46
529 63
448 21
22 80
199 9
242 15
523 90
336 62
63 98
438 67
33 49
47 10
186 10
394 76
2 43
412 21
138 1
501 97
365 30
188 86
148 56
79 91
425 10
120 79
409 8
346 22
527 99
259 37
409 51
529 52
468 58
324 1
384 17
183 77
418 46
534 46
267 29
279 1
471 58
462 77
153 52
320 32
380 87
69 85
333 6
401 92
297 47
152 56
81 51
460 27
346 5
430 33
156 88
460 51
84 87
443 24
79 49
544 6
226 27
489 86
453 29
80 91
38 43
326 46
295 40
253 53
310 53
478 87
476 27
109 61
125 88
496 18
319 2
425 26
539 20
2 69
260 18
121 65
403 48
115 68
185 87
291 67
117 73
466 27
185 49
141 85
59 85
261 37
166 42
494 29
176 32
362 63
151 67
241 15
319 14
56 77
411 19
542 72
9 85
474 72
424 86
5 66
286 63
255 53
394 18
452 75
369 69
253 12
352 9
380 72
312 80
281 82
169 63
111 41
162 44
32 9
440 82
124 81
428 66
527 67
263 8
151 30
102 47
198 60
510 93
256 14
323 70
523 9
460 21
538 39
20 79
267 29
61 96
324 8
372 81
367 75
286 26
489 93
15 52
114 86
8 37
106 71
321 69
376 54
107 4
447 56
92 5
137 62
99 44
186 37
113 92
120 47
510 18
265 90
415 25
63 16
214 67
414 81
112 54
197 11
60 36
184 74
95 58
55 28
402 52
450 71
310 20
277 55
101 13
203 94
32 59
471 74
74 62
444 51
271 33
415 93
431 49
274 25
384 2
76 33
300 1
247 81
324 44
444 32
445 93
502 57
113 10
319 75
450 61
375 57
455 40
254 5
64 65
290 54
484 25
348 50
441 30
333 87
347 79
247 6
201 67
541 93
96 50
454 54
470 15
46 81
338 64
371 96
277 66
403 87
373 91
506 89
12 52
140 3
90 66
165 100
38 50
193 60
184 69
337 80
409 35
177 47
154 18
200 45
547 41
246 85
486 34
319 39
146 25
289 87
163 44
138 45
49 50
255 37
74 29
524 53
175 50
337 52
365 43
423 18
161 92
290 29
181 92
51 70
34 33
161 74
32 69
213 18
383 99
287 9
545 29
420 86
351 41
523 17
433 100
424 53
339 66
72 3
102 69
391 6
517 83
338 52
71 98
43 24
218 11
122 41
143 100
330 66
445 26
263 89
455 66
124 2
137 59
282 83
255 89
303 24
294 53
21 36
128 56
472 44
314 65
366 93
232 56
200 41
128 77
408 40
1 53
337 99
459 52
368 37
255 72
394 45
283 80
526 29
39 48
469 5
280 11
450 49
355 18
155 41
365 72
408 71
241 79
312 85
14 77
504 73
151 59
372 35
526 97
96 54
403 22
399 50
35 77
397 65
379 69
363 93
241 26
496 32
274 12
149 72
499 54
462 43
422 31
87 68
354 98
532 75
43 68
95 14
12 17
246 68
18 40
500 10
300 46
241 8
164 94
469 77
440 77
255 89
117 68
52 77
541 62
433 82
121 53
116 10
273 16
252 47
410 20
387 37
261 60
507 1
475 77
196 29
331 33
454 65
219 69
383 60
367 42
117 10
131 82
235 18
531 15
216 1
438 35
442 55
338 66
492 38
264 64
232 86
20 94
256 93
387 24
319 23
216 36
491 8
105 19
160 100
382 79
317 22
512 71
53 97
35 20
266 29
238 53
295 59
550 53
438 9
315 37
269 87
326 73
76 69
101 3
76 16
285 82
355 26
510 13
400 27
14 2
186 20
129 58
458 3
498 95
290 8
274 88
148 1
504 63
485 5
126 86
235 99
11 84
236 87
166 87
430 62
39 3
332 97
347 88
412 54
33 48
66 92
106 19
442 34
9 88
463 45
345 37
456 64
348 33
208 44
164 13
118 52
426 13
519 33
38 25
367 91
271 70
493 90
256 30
169 30
351 45
464 13
168 35
144 95
349 97
80 56
8 24
194 36
210 45
441 97
515 94
413 68
220 30
93 82
461 82
524 69
528 87
159 44
172 53
166 23
360 20
478 78
310 92
263 63
440 27
496 90
359 74
527 8
200 61
456 64
463 60
548 81
479 50
321 38
432 3
459 96
72 62
144 70
203 77
296 19
506 81
519 54
216 26
158 74
112 52
19 14
230 47
197 54
115 28
139 74
52 38
505 19
350 50
444 89
286 12
548 59
320 64
354 98
318 64
102 8
453 40
195 28
14 38
403 96
341 1
489 64
84 50
64 96
428 33
290 79
179 27
531 2
137 51
511 76
43 69
474 39
373 15
434 93
406 26
461 53
346 51
26 59
462 7
412 54
549 57
58 23
321 74
189 71
365 38
101 8
20 38
123 85
86 82
436 12
262 49
132 66
304 76
490 56
304 33
399 67
311 17
284 35
191 84
147 25
256 32
307 80
228 2
295 97
107 31
531 48
210 11
455 84
539 56
69 95
255 10
163 91
198 27
287 95
97 15
434 57
480 30
166 61
184 31
432 92
82 24
16 94
209 78
111 31
530 83
214 75
444 96
394 50
435 84
314 48
409 38
29 39
527 61
277 80
29 89
371 73
502 6
44 60
407 86
414 80
125 21
129 66
165 31
429 64
371 68
26 24
300 37
476 12
278 25
444 45
517 26
303 24
454 70
498 48
357 70
13 35
302 72
169 100
346 15
47 2
172 57
529 7
515 13
94 37
484 25
349 69
208 14
488 25
340 66
377 10
127 9
265 7
101 85
401 81
150 20
520 87
374 16
364 39
190 84
412 78
316 15
550 57
546 66
549 25
430 100
77 55
179 90
87 35
13 20
422 76
168 1
286 56
44 51
368 20
91 100
170 7
171 87
490 53
420 98
223 11
442 26
346 28
282 35
58 98
61 20
70 61
465 4
155 96
25 10
272 47
414 32
312 78
295 36
1 74
304 14
419 54
382 92
197 8
213 8
184 33
131 5
453 76
66 46
143 68
87 62
471 4
72 74
457 76
386 2
524 5
487 42
311 1
36 99
384 100
197 73
408 59
339 87
466 55
284 83
317 100
213 99
154 87
521 19
251 50
145 67
72 99
358 1
265 36
284 91
288 26
404 55
236 46
258 97
204 91
293 68
189 98
185 11
101 87
277 16
423 89
522 63
389 57
483 96
135 80
250 13
303 64
3 26
28 55
375 12
213 36
163 81
477 77
123 53
180 18
145 54
66 86
289 24
542 77
295 49
513 59
93 20
129 94
465 15
215 61
192 75
11 62
197 15
215 40
470 82
146 82
100 82
220 42
523 29
313 28
251 92
83 15
265 53
100 85
238 99
95 85
53 5
549 52
239 59
82 8
69 38
439 50
130 25
56 29
126 64
53 57
392 90
361 4
326 62
533 63
542 58
293 89
120 24
290 35
224 62
291 15
515 62
368 61
132 71
202 36
291 65
146 63
479 46
48 59
286 31
149 77
394 43
49 18
263 13
376 94
461 35
538 8
206 1
35 92
405 11
171 96
486 40
199 7
211 86
446 69
82 97
18 39
162 53
394 3
110 22
111 48
456 51
156 17
355 41
268 24
507 77
49 90
159 68
330 51
461 82
429 20
472 20
34 44
35 61
109 12
423 99
438 68
467 73
349 65
140 62
58 63
235 91
108 3
330 62
102 69
252 82
99 22
364 58
65 99
62 17
544 39
2 91
8 24
403 31
70 3
330 48
454 1
117 78
199 33
483 70
552 17
354 87
157 58
138 85
227 53
215 87
440 84
360 38
248 93
305 15
373 1
406 73
13 5
296 40
264 70
537 87
359 62
342 53
182 46
302 100
56 89
341 41
356 87
386 49
411 100
172 92
264 35
429 26
267 95
138 54
208 48
230 88
119 83
48 80
26 60
72 3
543 32
419 36
312 43
289 17
533 62
285 5
373 68
297 87
50 78
283 83
292 33
168 24
179 66
511 49
192 53
518 82
311 21
296 66
419 68
409 2
92 77
260 23
13 52
107 48
357 73
114 38
426 13
381 98
348 31
448 68
529 36
192 10
43 14
268 40
27 45
197 3
292 28
436 36
531 15
170 37
93 56
210 55
236 41
133 30
45 88
218 19
83 64
449 44
523 11
515 83
519 18
532 36
303 98
37 57
41 52
136 61
168 91
116 62
113 63
246 56
433 88
53 97
449 2
312 34
273 93
61 85
349 11
456 25
413 95
274 19
397 69
21 9
228 2
154 33
549 95
532 32
158 96
373 76
29 98
61 97
126 38
295 41
2 31
110 84
427 21
521 98
378 60
181 15
276 56
108 54
536 33
413 51
302 20
551 6
348 40
260 22
115 60
223 49
135 24
473 71
453 27
402 76
222 5
402 73
451 57
40 67
57 43
84 95
253 78
228 9
211 44
537 99
76 96
539 5
255 9
473 15
138 57
386 47
478 92
261 46
405 92
99 18
87 6
173 56
255 59
297 66
158 64
150 79
320 61
129 57
288 55
92 52
358 20
23 37
301 69
203 31
207 38
148 46
545 63
278 9
533 24
463 53
381 61
252 7
242 93
448 70
288 51
88 52
318 43
88 87
348 12
272 56
497 91
124 28
268 26
128 3
118 73
498 18
77 84
393 36
365 18
1 44
517 27
281 70
53 24
494 96
240 10
446 70
181 12
96 97
95 3
93 61
296 65
7 22
517 30
224 62
372 22
426 88
398 96
499 99
307 3
412 32
159 67
135 78
389 100
325 14
361 90
436 10
365 82
83 48
10 64
487 64
332 88
287 86
525 38
288 74
209 39
429 93
128 92
50 95
550 72
358 35
447 57
71 76
337 71
550 69
210 26
130 2
133 44
293 83
272 61
88 51
246 17
62 62
353 61
338 40
223 42
105 61
506 15
230 80
81 20
341 85
537 74
148 75
285 75
207 90
334 76
239 43
433 82
244 48
320 82
242 21
400 80
452 97
431 74
405 79
465 43
351 79
329 1
255 47
487 40
343 63
95 70
335 4
147 95
498 99
112 87
434 8
341 71
494 99
489 24
84 58
164 96
534 12
546 68
492 82
518 66
424 17
402 78
549 83
97 70
383 70
249 24
111 4
421 98
423 31
223 53
320 87
138 12
392 26
221 2
228 77
347 90
508 92
485 53
459 70
255 72
106 27
426 63
164 47
256 65
62 95
251 72
147 11
264 62
401 8
20 68
8 96
17 28
133 40
228 94
380 11
542 12
143 3
194 66
250 68
546 8
223 44
88 24
290 84
444 26
328 2
551 92
517 59
354 65
231 49
273 68
21 44
32 8
547 54
152 32
520 66
18 63
434 76
335 92
373 98
28 51
139 33
9 46
461 58
485 83
269 71
273 18
476 10
495 88
417 61
430 94
544 47
98 45
368 72
427 96
150 94
379 78
435 81
273 89
227 8
107 93
27 57
394 20
320 96
495 66
368 1
326 5
447 33
271 43
543 87
495 58
65 84
484 1
377 16
219 57
311 17
354 6
177 85
520 43
511 52
291 30
201 60
355 16
522 68
524 30
76 37
81 53
485 47
283 45
122 87
7 98
411 89
539 6
478 7
443 58
43 40
536 90
132 60
382 83
187 81
242 48
254 96
180 15
386 75
164 56
340 91
419 40
386 90
143 88
246 4
380 47
156 95
13 76
7 70
335 38
103 22
421 99
228 95
449 28
296 20
269 97
494 56
271 43
175 97
186 34
82 34
332 64
458 92
49 1
444 77
516 22
441 2
521 17
547 75
126 51
14 29
529 66
101 15
275 48
483 67
40 14
393 89
423 11
216 41
476 20
258 7
291 1
516 9
309 87
239 33
429 20
440 42
184 81
48 61
509 2
484 8
479 7
121 26
215 72
498 40
468 76
70 83
310 2
21 23
62 2
526 39
305 75
185 73
288 23
264 45
85 77
87 46
205 44
89 93
36 46
98 15
215 58
464 99
105 94
265 34
511 15
438 20
518 15
279 100
529 35
490 61
548 87
458 75
55 22
332 94
269 73
153 78
38 81
91 29
501 60
51 24
239 94
279 79
502 75
10 99
553 36
333 31
460 9
497 66
23 49
174 74
198 8
56 73
56 35
142 65
151 29
45 32
385 22
352 99
477 84
501 1
194 43
179 44
40 80
285 44
186 61
496 76
198 87
62 88
473 67
363 52
286 32
476 7
405 99
378 75
445 61
354 40
378 73
482 24
173 47
465 78
124 88
46 92
94 100
406 38
337 32
441 28
353 2
26 98
523 45
120 44
332 67
130 11
7 97
189 81
506 91
519 16
368 94
121 31
4 3
334 83
118 43
192 26
356 33
475 43
284 44
462 78
128 39
104 13
100 10
277 19
189 14
305 15
304 89
149 73
437 23
432 26
269 76
518 10
514 30
272 64
227 84
126 78
492 97
212 92
498 20
74 99
272 84
186 63
519 23
150 26
423 59
209 96
184 15
19 37
165 62
74 80
430 69
126 49
174 80
128 76
14 7
536 33
177 16
350 45
306 100
12 83
448 63
461 73
80 48
476 39
147 18
467 99
25 2
134 24
30 57
146 6
484 62
186 94
41 57
533 72
158 7
30 50
317 21
481 68
484 16
469 41
498 84
282 98
140 96
234 53
252 50
233 12
113 1
116 32
506 93
386 28
292 3
359 13
105 100
551 86
78 86
254 90
260 36
328 23
188 51
481 66
327 16
250 60
193 57
481 56
368 82
12 1
372 38
312 8
305 30
128 82
142 68
212 68
219 26
262 60
76 93
112 76
533 6
194 74
329 47
15 45
491 38
83 97
333 38
96 30
469 15
37 64
117 50
34 62
327 42
315 37
450 9
519 72
37 47
89 57
514 57
496 24
129 14
244 35
162 9
374 57
363 76
236 88
201 73
523 79
315 80
237 32
122 86
403 58
92 87
114 72
69 89
223 54
552 20
418 38
243 46
331 36
174 73
251 50
320 87
534 11
474 54
410 80
375 16
229 54
438 30
235 59
290 86
406 6
440 55
429 52
455 81
327 81
227 34
257 13
370 28
384 58
283 55
212 24
539 43
20 43
350 29
314 48
465 7
133 74
58 76
34 53
163 94
477 99
203 35
30 8
68 8
95 10
11 8
