9448
339 28
366 81
1012 89
802 60
1514 38
1098 24
1134 26
880 22
1382 82
970 70
775 2
889 94
806 62
135 54
868 41
783 42
1539 86
1133 27
1486 11
417 64
263 48
1730 63
1400 34
436 78
214 22
928 18
457 90
1472 3
951 23
797 14
709 45
1120 63
1004 53
132 2
1069 54
1302 93
765 65
1866 73
970 97
1098 41
1519 67
1340 74
30 84
395 37
1294 72
626 60
1089 12
1483 66
1290 94
519 15
164 58
1703 71
155 72
937 6
1707 66
415 3
1779 81
1775 37
225 36
1808 1
981 1
997 58
1325 55
1636 45
343 64
1404 62
1225 90
836 20
1698 54
634 44
290 86
176 34
1162 46
383 34
12 87
1781 32
882 61
674 72
1647 62
933 69
654 48
1575 73
819 53
743 20
1501 42
639 44
1066 77
217 16
668 63
1807 32
1647 33
819 89
1741 82
1506 83
1409 60
472 87
1462 77
362 87
1693 37
1017 83
1266 17
959 43
1877 18
126 23
206 68
709 8
1836 67
730 52
125 61
439 40
1771 7
1611 57
1036 41
18 58
1586 48
294 80
206 49
156 55
109 70
463 15
460 100
1862 10
1153 2
1476 68
980 20
1610 92
493 37
107 67
1136 9
448 59
964 40
705 77
1495 17
1542 1
719 76
306 32
57 76
503 68
1275 92
27 36
791 96
366 79
1049 89
994 77
335 22
306 51
1539 62
729 73
847 9
1815 54
287 54
514 100
1027 2
1789 41
1554 25
1705 78
1268 6
613 25
1337 66
1369 32
1882 66
1697 48
1331 81
1610 19
1369 27
543 17
1021 22
342 48
1115 93
1645 40
636 79
1410 77
301 89
1472 12
448 25
603 87
233 66
16 76
1496 90
695 76
1864 78
874 70
1821 85
93 49
967 59
111 92
1202 1
251 21
421 65
588 44
1329 5
304 69
504 22
1488 23
1694 67
862 88
575 90
1205 96
1711 37
814 87
159 51
311 80
1214 78
690 27
229 16
159 48
1210 37
1308 74
1064 80
1706 33
439 78
1043 22
1316 93
315 47
1740 19
647 76
1695 97
1504 34
590 31
1774 33
1854 76
653 93
817 47
938 81
1715 75
1087 50
495 92
1503 99
1271 63
238 6
792 30
865 8
1560 51
640 85
1538 18
1013 43
500 23
928 55
1163 27
1052 84
1371 49
872 5
822 97
1127 99
1178 72
1155 84
961 23
1527 82
1698 14
474 55
113 78
880 6
1200 48
919 23
795 48
51 33
297 52
1459 88
468 22
1733 28
272 68
294 88
951 82
1171 92
1477 28
910 24
1314 95
1599 82
1020 74
192 92
605 29
1332 94
1598 33
67 85
704 8
33 51
1677 66
1584 68
99 84
973 35
450 75
523 21
776 67
692 80
423 21
34 86
898 71
1195 16
1803 40
1854 50
167 57
246 40
676 91
972 52
1209 92
368 66
549 72
261 60
1149 25
560 70
682 31
138 75
935 88
1192 79
1145 74
559 6
102 87
234 81
911 97
1236 4
1266 9
788 39
1423 73
164 86
1764 73
1189 10
1117 43
1710 37
637 55
597 55
612 49
1084 8
839 55
1399 12
826 37
724 80
93 39
713 63
572 7
301 12
1213 99
804 37
1064 51
156 99
1583 91
251 88
1125 88
183 56
1739 36
1099 89
1881 49
554 32
1803 68
920 14
1484 43
1328 79
1056 50
587 75
1872 7
1488 19
145 58
727 53
495 70
379 95
737 72
1243 87
1748 35
806 61
671 1
1629 24
286 86
204 86
1085 6
717 10
694 38
719 35
425 66
1661 5
1330 25
121 28
892 88
1379 97
1145 9
802 24
310 84
1399 20
1435 13
443 76
1048 37
720 2
550 12
445 30
1680 49
1045 3
70 71
68 37
444 52
585 21
329 68
186 83
1432 74
1428 73
602 51
292 47
1207 61
1865 5
1236 19
1685 2
374 92
1453 76
743 53
1172 2
702 54
732 71
755 91
407 98
1617 18
1379 39
1400 39
869 1
1833 73
1227 86
1332 96
1864 7
130 21
1257 29
576 82
1170 32
1260 12
94 82
1246 59
1790 9
1672 1
1627 9
181 30
120 93
88 41
572 84
301 88
1572 38
1803 93
1111 98
709 67
1761 70
1089 30
532 4
437 67
635 38
405 40
31 37
1619 95
1690 53
306 48
1191 81
272 56
1380 35
305 20
1623 14
840 42
776 38
1264 52
97 57
1146 88
1837 14
1484 63
186 29
688 43
1009 33
91 4
172 70
1418 41
632 55
906 92
792 84
586 25
937 59
1890 4
1154 51
1586 61
1505 69
476 89
1060 77
910 10
731 5
1476 12
923 90
1377 89
321 55
1101 12
810 24
689 77
1378 99
1280 74
839 82
393 53
1119 40
415 29
1320 61
284 91
1781 85
1838 27
243 83
930 20
386 13
1454 98
1515 67
473 90
1705 24
153 77
1105 40
1484 53
1885 9
1514 86
709 78
1351 39
95 10
987 73
142 6
1751 77
214 29
1380 40
784 27
727 99
85 50
1147 33
631 80
1092 44
528 88
148 83
1018 69
1618 86
146 92
1607 20
826 17
209 55
1231 76
1089 55
1882 91
339 58
1787 85
1117 90
564 17
1658 14
1691 5
1002 91
1884 5
629 69
1305 74
1741 18
1246 24
823 48
1298 21
1201 4
641 35
772 22
1798 47
1612 58
406 40
602 21
299 26
373 83
1887 29
1517 55
140 58
1676 82
839 24
1723 1
1422 100
385 89
1325 13
103 61
1109 51
208 26
826 36
1290 6
586 36
1342 15
1733 8
1568 97
360 61
1182 12
564 49
241 10
1239 76
1203 87
8 67
1057 91
1292 14
1437 4
111 59
281 56
1813 76
1877 90
558 46
1839 100
263 54
1272 87
1704 67
1783 16
794 7
893 66
962 6
1823 91
7 96
275 13
166 25
1602 58
969 12
1074 1
652 9
977 99
1877 13
316 5
226 32
198 27
127 98
227 12
523 25
1121 10
898 15
746 24
1336 87
974 18
97 95
510 79
541 69
355 70
404 54
950 65
1548 19
715 74
459 36
26 63
294 77
349 86
485 72
1137 4
524 94
1751 40
1056 64
965 26
27 12
317 33
355 95
1197 16
1143 27
803 27
174 12
1791 24
774 60
920 47
220 32
717 15
454 24
872 37
1666 2
69 63
8 55
96 78
78 78
466 24
895 36
1562 14
178 75
754 28
109 5
1089 42
1739 26
1238 5
64 35
1300 64
208 75
308 38
147 25
821 41
1167 86
1821 27
844 69
841 26
1781 51
470 19
1488 47
1020 8
991 59
1658 54
1637 57
1868 64
494 8
1882 36
5 82
1406 16
1259 58
1410 49
1462 43
236 48
838 3
814 55
1698 77
1286 28
1466 51
1656 3
415 34
1003 61
1707 98
1685 2
307 42
510 77
889 20
1017 90
978 4
410 70
494 22
935 81
1707 22
878 14
1594 100
1011 91
1122 35
364 94
1573 46
621 83
222 97
1197 10
1223 82
456 31
111 67
457 29
1795 2
1570 71
1407 2
1751 89
1183 94
1816 100
161 97
1276 1
277 15
1410 52
580 1
465 51
1175 81
1594 56
34 79
1373 27
216 2
1208 83
1427 13
1674 65
1372 94
1714 8
1719 93
1156 14
391 43
194 50
1545 70
993 91
1445 57
822 71
207 100
297 58
1110 74
476 95
158 14
1153 4
1711 77
533 88
1874 99
710 4
959 58
1152 19
872 86
1694 86
1759 15
1722 73
1068 92
1754 38
1077 5
699 95
1122 13
1362 57
1098 30
1701 61
1276 24
1183 17
376 14
86 45
1413 97
249 71
2 29
1579 92
1397 98
1158 91
602 64
358 15
1289 55
389 85
71 31
444 38
1515 100
533 60
1251 39
144 66
1577 76
1843 25
1693 87
1563 72
1630 47
1091 27
439 99
852 49
1215 53
1601 61
622 10
1046 84
1628 29
1347 54
1678 10
1801 19
670 1
954 38
779 96
1851 67
242 12
605 98
44 50
1427 88
864 80
1435 96
1835 27
1256 78
304 83
1427 89
271 68
1773 33
1316 44
660 22
449 1
227 63
350 49
1675 77
1434 99
873 57
1616 17
736 37
1438 33
1463 81
1215 44
1201 89
1557 77
1827 15
671 69
562 78
708 16
1403 12
150 37
622 62
1555 57
1881 39
172 86
1636 31
739 91
507 37
1669 52
504 69
1439 2
708 95
822 93
553 22
69 86
748 34
407 79
1170 85
1816 35
1400 11
210 71
1210 89
1062 30
72 32
794 12
1005 30
1385 1
1235 55
1309 95
1782 20
142 68
599 56
1227 6
1443 18
1752 19
839 38
1456 62
1329 76
348 22
1524 60
470 23
5 7
1070 81
361 28
646 50
612 34
1600 73
849 56
651 11
301 55
430 41
1665 50
1629 82
926 81
554 21
1381 80
1787 30
1807 7
1645 66
1341 18
1193 66
1142 28
662 59
252 11
341 76
1342 52
307 68
1712 63
1014 98
918 74
490 19
1633 63
440 58
1759 22
25 33
782 22
392 17
1059 73
1397 74
1264 45
585 93
1214 70
555 51
571 36
629 64
901 14
825 43
1812 92
1632 94
343 89
835 7
41 79
1567 11
1093 68
453 50
3 33
1010 12
402 42
153 63
1835 95
1338 1
1521 7
1162 69
1150 63
879 60
1707 30
183 57
653 9
1698 70
1215 40
1323 55
698 35
996 60
1790 8
1434 24
621 50
471 6
1486 15
218 38
1240 73
215 35
963 77
1669 12
554 78
551 84
96 30
1087 52
1061 97
576 8
941 65
1757 51
1372 82
1751 44
1736 85
1751 33
637 30
640 84
39 67
343 69
303 85
1282 89
1356 61
1711 31
184 69
666 80
1202 83
134 44
848 24
1356 19
1311 86
390 90
220 84
1559 73
1600 62
79 52
1073 46
642 83
349 16
709 73
849 6
451 91
966 76
260 52
253 90
9 23
1872 93
181 52
1574 54
1663 87
752 100
455 59
1805 25
449 92
1503 23
1188 37
1160 25
587 56
543 62
1328 100
455 9
1204 98
595 48
744 31
1760 57
674 53
1601 79
1015 92
1734 99
14 78
210 86
28 25
1037 16
1195 26
1659 38
962 91
845 88
1167 97
1190 73
398 65
937 1
1829 62
422 42
813 72
678 14
1331 71
325 59
853 78
1741 10
1521 79
419 35
646 88
21 9
382 45
345 75
1880 70
1426 26
1030 67
1004 19
490 59
724 32
725 35
1411 4
40 81
1492 90
1010 87
1835 11
1129 12
1739 25
59 100
1141 56
1011 12
1404 33
840 23
1706 37
1761 98
536 33
576 60
1137 46
608 59
1529 59
240 28
1642 98
1817 9
959 4
636 3
1475 66
1211 10
1034 35
1653 45
702 67
1201 1
811 61
1698 40
59 74
1834 3
1698 57
761 2
860 37
360 97
887 59
1058 72
1423 97
1175 98
702 36
423 3
1761 40
846 29
917 45
360 65
1439 76
1861 50
470 39
1285 56
374 87
1126 86
574 30
1114 10
634 49
731 62
27 51
578 29
1665 6
9 88
1587 87
1300 56
1877 88
1595 26
1263 32
868 14
765 68
818 71
435 54
602 45
466 9
1509 96
1706 55
1637 15
755 95
393 99
1113 82
521 36
965 18
1017 63
1672 44
199 73
984 17
1051 55
1197 2
655 30
1625 72
422 1
228 83
856 57
517 68
1371 81
566 99
1766 28
650 40
93 49
113 17
357 11
151 5
290 38
287 51
829 36
793 72
1297 12
128 52
1248 95
649 69
435 7
99 67
1047 49
416 20
1418 84
443 34
1218 67
1616 58
999 34
574 46
1322 44
508 14
1888 89
1451 66
6 14
1192 19
1682 39
1266 27
1175 65
260 82
1660 48
169 37
31 86
1818 99
49 69
1083 34
1067 41
800 65
1375 92
1043 46
189 74
849 95
709 22
106 5
8 80
1883 60
43 9
1725 53
1456 72
1839 60
608 56
1403 97
327 58
1278 98
237 86
71 70
455 68
512 40
1732 94
149 35
1183 73
488 88
216 81
905 4
1237 96
329 41
1160 45
682 11
1384 45
1320 90
51 56
552 58
1336 44
40 35
1491 100
721 39
805 52
942 8
1179 32
805 97
1828 47
1403 70
1151 86
696 26
451 32
1715 87
244 41
797 22
84 71
1500 32
1257 27
806 86
1220 84
878 72
877 67
1502 39
1884 49
325 58
146 45
531 87
554 69
1617 51
1663 26
542 25
1470 51
494 29
571 86
854 25
1057 84
699 99
657 81
316 53
1103 22
1356 82
1032 25
1308 33
1576 29
757 65
704 56
1144 75
301 59
349 8
1140 35
622 58
784 5
1655 97
531 69
1060 74
1629 61
1627 8
360 4
1786 81
662 58
1367 5
470 46
1449 35
1109 71
1581 69
444 10
991 78
1237 70
1735 57
969 18
759 50
1494 4
1063 61
141 58
1293 91
667 93
1147 44
1094 54
437 29
753 14
909 23
941 97
1067 44
275 40
1874 26
941 4
1130 76
650 42
346 8
1597 45
1575 8
1813 76
1569 91
1458 52
103 32
295 74
1044 13
299 51
1829 57
150 10
491 3
96 27
1128 44
512 62
1370 97
181 51
17 3
1848 57
1550 24
1759 22
1336 100
163 33
751 61
1468 26
858 35
294 34
1159 92
1128 21
1758 68
929 64
622 39
210 96
393 63
1458 15
1574 33
1242 85
432 24
1482 91
858 86
1751 53
754 59
1846 9
1268 53
404 78
169 90
468 38
787 100
1090 49
1849 24
438 71
464 79
1000 11
728 21
280 86
112 55
188 1
635 25
1263 89
75 71
1498 70
1139 8
1556 11
144 27
1031 40
1357 80
879 73
1722 88
934 98
1784 61
1595 89
1754 93
366 97
1076 21
1073 61
1741 76
1777 95
223 22
1814 5
97 71
9 25
546 80
189 46
630 1
478 66
1241 73
545 31
1401 72
329 74
1170 15
1078 59
1696 60
51 2
1076 64
937 59
1355 51
749 16
895 49
544 39
799 33
1745 48
269 77
1070 91
180 23
376 95
1584 74
882 8
785 24
290 13
1129 100
1341 9
231 43
518 55
1423 80
274 12
1202 8
577 41
1364 78
674 12
500 23
588 9
204 15
40 2
1504 61
364 1
863 63
1554 95
438 4
1488 45
1582 53
997 74
180 45
63 7
1084 75
864 34
1627 90
1862 76
83 31
1445 100
1162 10
1229 40
312 70
666 18
37 25
266 78
972 49
859 52
1839 81
1004 55
421 53
406 73
1391 22
1633 68
11 8
1826 82
1295 95
1644 80
1523 95
1835 72
1794 87
1144 81
1721 94
1401 6
651 49
1169 30
310 83
1309 24
501 57
928 39
1230 48
1562 5
1311 10
1242 90
1001 77
82 62
1685 67
1058 72
1766 94
1094 62
574 40
479 44
991 52
531 14
377 70
1434 49
593 83
1158 5
64 92
846 79
1739 80
363 98
1859 40
1576 4
771 44
1336 9
1799 53
700 71
859 43
1340 12
1434 68
1452 42
359 69
1664 14
390 51
757 67
631 28
1503 81
1461 12
1283 43
559 43
1647 78
1560 82
1803 62
105 52
700 21
944 47
1122 5
1126 18
1157 65
1744 56
605 65
1166 45
436 4
848 22
1682 81
1007 83
1533 30
767 64
916 88
1118 56
1345 17
1371 19
1421 19
1352 64
576 94
1644 25
969 71
143 6
1503 79
158 18
1415 18
340 98
1808 25
728 76
332 92
759 88
236 61
691 38
1373 83
1889 59
321 97
1496 49
86 85
367 80
576 100
1109 78
1309 18
478 48
165 92
24 93
969 29
92 98
1305 31
525 68
1484 91
574 6
1068 22
735 36
817 10
1488 48
1118 54
853 90
1536 40
137 58
1538 62
1027 25
1502 64
1069 85
1317 32
413 25
789 36
1213 8
840 99
1478 74
1069 20
1814 62
913 23
337 94
296 97
1652 34
10 34
1630 10
1582 31
1553 64
887 99
1257 47
1675 34
35 66
866 72
383 11
823 39
755 36
953 21
318 50
503 81
1760 88
1061 61
818 84
329 32
1786 12
1419 81
1385 20
1247 97
1396 26
1062 65
1781 60
92 85
970 69
1253 83
622 35
1036 94
148 3
1018 62
648 74
1214 22
360 20
1813 6
829 57
305 37
1439 10
748 52
868 53
1700 5
382 22
1286 34
1560 32
264 39
1394 18
684 70
1575 82
338 34
187 79
209 12
1215 41
1621 86
388 28
1465 16
1759 40
1423 45
219 83
1197 30
1215 20
1148 75
1373 25
63 56
794 2
1511 88
1595 87
471 5
143 8
1391 7
101 3
1847 39
832 31
345 66
953 37
551 27
263 52
1162 83
1501 39
391 25
1705 21
478 12
168 21
459 64
