7058
1088 63
254 77
704 53
507 47
914 89
1166 22
1208 29
1119 51
350 45
342 23
760 47
908 9
680 61
492 89
511 9
1094 57
1176 78
271 29
1191 28
541 94
1272 96
8 42
223 67
712 55
1236 30
652 35
814 1
1027 51
533 21
1270 94
202 56
856 48
100 57
274 60
1237 70
1390 48
195 89
584 65
590 19
1166 19
1314 44
604 68
329 3
1141 57
903 12
1305 52
217 30
1392 44
1179 19
17 92
948 94
121 7
22 96
436 78
82 45
460 55
1407 100
1310 98
426 63
1129 65
1304 14
1061 98
609 29
358 37
830 25
847 44
252 1
1035 36
459 46
491 37
634 9
1357 88
984 17
128 1
521 10
902 30
353 89
683 91
123 31
280 49
1175 80
100 79
1066 64
1377 79
651 45
322 30
863 63
745 2
189 13
931 27
590 47
280 24
781 24
1082 46
647 17
1230 41
291 14
63 41
1187 37
478 58
170 56
545 11
1170 58
1202 43
155 11
1345 70
718 62
539 2
1233 18
140 24
293 19
126 88
1131 79
1142 57
485 64
1226 81
545 4
1216 77
861 20
218 77
1369 80
842 50
511 31
485 72
1026 16
715 62
917 60
712 46
249 84
911 71
1050 81
577 83
7 62
394 1
320 66
8 58
566 25
772 41
1325 49
1273 28
231 89
1168 48
101 90
1156 10
853 48
489 87
59 48
480 2
807 53
117 51
1191 5
908 70
1347 36
453 78
991 19
514 100
807 81
55 96
935 70
630 58
450 85
255 11
586 59
926 75
533 37
1096 51
398 36
1366 10
711 32
256 93
252 65
1317 5
1115 33
1211 37
709 78
1158 15
461 27
186 86
1394 27
446 26
235 74
653 44
1029 87
805 59
1097 64
6 49
589 89
1128 54
1025 43
1280 61
13 7
260 100
131 89
606 35
732 33
179 48
891 88
496 36
87 64
883 42
596 94
1289 18
826 64
270 77
4 82
901 100
340 6
1170 50
1361 63
913 59
585 82
463 14
1087 31
365 53
171 87
549 18
1195 78
703 55
632 58
501 29
910 78
239 27
1333 47
734 56
1 9
556 83
1198 19
382 90
986 28
342 53
750 32
539 85
917 94
378 30
94 34
102 69
1102 77
187 66
154 43
12 14
497 35
1398 47
1185 90
709 13
479 53
452 84
893 5
90 38
1091 58
501 87
1183 1
769 100
290 69
802 35
585 17
609 33
622 96
451 36
215 82
374 81
45 8
477 66
1234 59
407 13
186 80
1136 78
1352 94
567 78
269 91
71 70
1044 45
632 79
236 61
800 37
487 85
477 33
1295 55
977 70
442 75
806 46
238 75
961 38
252 38
721 78
1354 9
231 26
371 20
1338 1
1373 8
727 22
198 55
468 49
317 76
1065 37
479 37
516 46
1188 97
270 9
1189 45
533 72
1166 46
45 15
7 26
550 6
1242 74
769 10
418 49
1386 55
350 48
1244 90
711 72
131 40
1215 84
1240 80
913 51
286 63
203 44
1018 99
1373 52
987 61
55 72
371 29
68 55
155 29
797 43
667 59
824 33
624 21
674 48
664 57
1167 21
1187 78
620 17
1276 53
1099 28
1236 77
1162 25
915 25
1301 6
1227 18
214 34
364 13
1338 18
276 77
1035 62
689 6
1127 6
1337 93
907 93
965 54
1254 2
991 87
130 77
1377 16
41 76
1170 15
1153 16
1189 56
1072 6
1244 25
829 43
133 27
50 52
778 37
976 31
214 59
558 70
467 6
363 35
132 55
474 67
312 71
349 23
426 91
338 46
303 12
1199 68
1164 53
973 59
1210 7
352 18
832 77
859 29
577 66
1138 3
705 43
759 44
1401 44
632 90
361 69
1124 19
1180 75
534 45
516 68
1365 69
148 14
377 26
872 86
1399 95
1341 18
581 66
999 21
1111 80
323 13
131 49
271 11
520 74
26 69
323 79
630 78
1371 81
526 56
997 8
862 37
153 29
1090 53
634 87
334 89
735 76
759 59
769 41
442 56
598 25
827 1
180 53
587 65
121 91
214 61
328 3
58 90
531 4
1130 8
929 89
110 26
13 28
1285 56
981 25
1314 36
1220 98
1214 67
780 25
1236 25
164 66
74 20
154 21
830 60
122 51
533 35
509 90
1182 17
829 92
1003 58
1312 12
214 81
1232 24
1016 28
627 94
1224 23
930 40
943 31
964 79
809 18
118 42
737 58
97 46
158 81
830 84
1031 50
261 93
414 58
420 37
1026 56
1079 32
1095 36
375 40
1403 40
440 82
121 22
1405 32
534 85
1294 97
551 78
779 10
376 56
1283 67
1296 42
410 89
6 97
887 62
614 53
847 28
1133 14
197 7
649 2
33 6
546 42
1319 42
982 69
708 77
236 37
1396 51
441 9
543 66
330 93
335 14
1135 76
163 93
22 31
669 50
437 79
245 76
144 57
347 75
1217 78
1262 65
638 60
1134 58
1113 67
380 64
301 94
498 51
949 56
354 7
1033 37
1125 87
411 57
829 13
348 81
261 98
1227 44
543 69
1222 77
1148 2
512 6
25 91
20 48
628 18
599 92
969 35
1317 70
150 97
531 80
481 2
801 4
215 87
836 90
823 74
833 32
858 28
1242 41
1229 28
1087 28
108 16
136 54
1343 82
1375 5
880 33
750 19
508 61
957 2
1400 79
528 93
1160 96
620 62
1121 49
796 56
95 11
1350 41
689 2
1157 1
709 96
257 79
187 6
1120 73
804 31
495 88
153 85
418 78
869 83
1112 3
460 51
241 100
723 5
151 7
1333 1
749 40
781 26
872 76
61 79
1287 7
943 33
1069 5
1028 71
600 32
191 75
1027 3
833 86
1184 29
1158 54
517 17
128 45
1137 24
1062 81
1033 56
445 1
785 2
664 22
690 40
96 81
1164 38
438 63
817 38
1148 67
630 67
809 31
176 34
753 46
1067 95
575 21
218 55
1296 3
1195 25
348 32
358 78
1401 35
1 47
1038 51
1193 16
1172 48
169 91
951 67
1041 26
963 19
642 52
30 58
754 95
575 93
933 77
958 76
107 50
174 30
816 53
1257 41
582 35
953 64
189 37
1186 33
1027 76
54 72
745 6
57 6
448 47
1103 47
591 95
400 48
1110 98
1084 29
1153 94
1357 87
720 72
837 72
968 5
917 92
31 73
114 62
695 50
1122 41
1246 90
810 42
1228 93
555 26
759 74
648 50
884 92
705 17
1200 63
347 85
1052 26
999 3
12 44
368 89
880 17
1307 82
32 51
761 84
144 48
1243 58
356 95
96 63
326 62
329 15
493 43
772 9
601 3
1411 16
486 49
957 3
593 37
690 3
1120 4
1277 48
498 89
1235 13
906 91
818 87
651 77
854 83
1091 25
321 64
879 39
408 91
687 29
1346 81
1007 92
384 29
1026 5
458 49
698 4
1332 37
573 82
1172 66
1364 41
107 71
1089 57
1337 41
399 27
499 68
1271 71
1050 24
1031 72
1305 9
814 64
412 85
1143 42
436 14
963 52
727 20
1157 32
1208 68
24 99
1120 51
1332 37
43 29
1062 54
1191 12
837 42
509 66
895 60
1283 62
1195 14
632 94
610 7
270 39
1340 63
60 38
746 81
781 24
993 54
466 9
401 37
339 22
433 42
176 34
1393 83
415 75
627 37
1204 51
1064 87
184 13
1245 99
985 70
923 40
466 79
307 91
1412 35
924 88
1390 78
1177 2
962 46
1203 25
215 50
515 82
55 46
319 51
284 24
1376 6
627 59
661 87
187 91
960 67
724 45
492 14
815 52
495 51
986 25
623 82
1217 25
1133 94
1277 28
1368 20
53 47
1245 38
549 16
1122 95
1228 98
892 24
885 87
1138 26
34 78
365 29
476 90
628 38
491 46
683 99
1142 94
690 45
1259 6
758 21
208 54
1100 6
1193 98
911 1
786 85
184 30
1219 62
251 40
10 57
431 47
711 55
1182 89
358 98
644 94
875 48
944 73
777 47
377 96
99 63
725 58
979 34
921 14
1264 52
85 88
1023 97
979 12
337 7
1261 88
780 96
835 68
587 45
44 59
1099 100
166 9
510 89
531 67
1044 33
167 44
1231 97
727 63
1035 60
1313 51
1055 53
1074 13
20 24
205 47
628 52
1080 9
989 73
125 5
547 97
1206 44
276 33
390 60
621 95
140 13
1247 71
208 57
141 16
1289 22
1122 31
1028 55
1114 29
1405 21
561 82
1353 42
1340 70
488 83
86 2
74 9
947 37
531 27
119 53
885 8
1101 69
872 90
387 63
1033 56
920 98
16 32
395 82
852 91
495 73
827 99
1003 77
1263 7
1204 8
1175 44
241 68
728 28
439 34
1410 50
760 47
976 31
222 92
795 18
23 47
327 82
212 89
853 6
207 42
442 85
1066 2
356 46
650 25
201 71
1206 85
1377 87
618 58
704 27
846 74
207 3
14 50
1136 87
463 8
828 63
1395 35
1060 62
911 59
796 46
819 77
185 74
289 53
188 100
108 22
1356 89
1102 96
1084 82
720 36
1039 85
414 36
1402 18
99 42
152 83
763 91
261 96
220 57
1401 69
680 88
1366 5
645 7
705 18
1062 37
851 13
680 96
1111 3
968 99
7 94
1064 92
615 40
696 1
159 33
626 3
529 43
846 66
1035 63
793 13
1230 73
922 73
707 81
879 35
600 45
586 77
190 80
898 56
1157 3
702 66
406 12
270 83
818 84
864 5
109 32
706 91
767 16
1131 27
449 65
1194 89
31 53
1129 63
843 15
296 6
1276 48
1074 61
694 79
615 95
181 53
836 14
298 38
876 4
595 16
299 50
368 89
512 85
299 74
1111 2
1058 89
503 72
1181 89
945 68
859 95
163 95
1316 90
1087 98
701 68
1097 99
1365 6
926 71
95 19
1165 88
942 56
27 81
1358 53
1251 47
1074 14
216 32
380 69
448 84
276 67
1150 57
1043 51
994 58
1322 54
635 83
715 62
835 98
3 10
548 11
294 56
1164 60
1273 22
20 26
258 47
393 72
1085 26
567 71
278 56
913 70
987 50
1233 41
1095 87
1368 5
545 45
436 37
1200 98
846 14
1380 68
1278 41
729 72
1358 93
51 37
821 97
441 79
959 39
633 60
438 84
50 70
482 53
839 67
441 15
193 20
217 91
46 12
102 31
898 44
765 19
623 25
1153 28
814 65
1023 16
1148 66
659 59
862 21
1239 26
947 46
319 25
172 40
279 30
869 8
892 70
102 27
1165 34
198 9
586 12
122 70
1084 9
1304 57
1270 90
483 74
855 100
224 11
980 34
1080 23
1026 58
826 3
899 95
1227 79
819 86
322 20
769 8
1185 34
904 28
841 22
832 78
557 16
1262 67
407 56
469 62
908 32
909 22
1073 39
812 58
495 54
119 74
1331 47
840 99
1238 25
159 64
415 75
178 46
946 86
863 6
682 6
996 78
1188 56
1300 26
1022 31
1291 98
205 55
849 32
1120 89
432 64
1115 99
613 48
1390 35
244 70
6 86
610 69
72 80
1034 53
198 43
123 58
756 54
676 59
1212 17
1315 24
176 45
1309 37
543 45
125 74
955 10
757 95
863 91
268 85
1188 28
1041 96
429 62
73 87
472 17
1347 31
684 48
363 98
1194 26
1089 64
772 39
286 51
1280 14
158 89
501 73
989 85
11 3
199 40
463 88
539 66
672 66
910 66
36 25
1071 60
209 56
1280 33
1348 57
1115 59
1337 84
1138 62
1114 69
1047 97
269 48
216 76
44 90
847 41
211 81
1410 26
599 29
1198 74
1338 72
776 2
119 68
57 17
1275 66
349 62
1321 39
266 28
567 53
953 6
237 85
454 10
728 71
920 63
1068 17
959 34
871 75
337 80
858 46
743 29
1007 84
879 44
332 79
892 28
783 74
1361 18
354 33
1150 87
353 98
480 73
50 47
707 82
905 68
924 86
749 76
1201 8
215 46
947 19
653 84
429 7
6 97
888 62
550 2
1104 40
138 98
257 67
1050 6
766 17
644 31
426 14
1305 43
913 64
502 8
967 92
239 68
1308 52
23 83
78 16
1063 87
204 65
614 7
505 13
115 2
100 55
1047 54
1044 34
579 1
1195 61
61 74
322 89
64 21
639 66
1125 57
1300 40
794 68
778 93
213 23
1260 72
1147 87
1092 76
1203 76
173 45
429 33
733 76
665 74
133 7
156 13
356 69
553 53
411 3
1104 37
1397 33
1374 35
458 68
1101 68
1314 67
662 88
730 65
1229 16
15 37
95 1
910 70
1194 34
117 53
128 50
750 72
1203 35
846 85
837 78
1229 54
664 56
870 37
331 76
95 88
1358 10
1293 64
791 91
1051 49
222 83
711 57
319 49
32 46
755 92
810 86
224 87
349 93
1044 82
990 9
299 34
499 87
654 2
1063 36
746 96
1392 80
887 2
1171 62
398 6
1119 15
1125 30
342 70
499 16
1042 58
776 3
372 63
1124 4
1067 90
1267 80
1299 87
1208 52
965 23
521 89
575 21
492 39
1152 28
117 47
236 90
516 28
1108 55
493 87
979 66
660 43
1293 61
599 23
273 3
116 86
515 37
342 63
937 2
1254 24
175 17
105 96
258 89
135 55
369 5
540 66
868 65
454 19
532 22
1029 29
1175 94
223 30
1056 50
1110 42
281 64
766 100
1400 39
1377 80
28 8
595 30
197 46
742 35
867 5
572 68
1231 59
630 65
502 91
1113 82
335 43
205 21
641 66
1140 21
1380 31
774 42
876 41
411 4
224 7
1096 99
174 3
276 23
1154 99
518 47
984 13
45 79
866 24
320 80
744 81
1312 23
103 43
801 60
128 46
529 75
40 71
359 41
1107 80
788 3
802 57
805 9
21 3
1235 60
524 71
1254 90
747 36
182 83
220 13
1111 27
398 32
372 41
942 84
1107 80
1064 32
1064 53
129 84
822 19
211 19
852 41
171 24
711 16
910 32
88 7
143 49
254 56
179 21
208 30
937 95
1111 58
500 75
772 79
1245 33
1195 77
185 75
230 24
288 11
1212 43
598 44
617 36
908 59
1341 24
967 51
551 18
324 34
582 25
511 43
1031 89
1259 30
971 59
63 1
1248 80
677 15
524 78
1075 79
884 85
1267 59
1403 22
747 23
360 9
1010 28
905 59
256 58
968 14
857 56
1208 47
758 93
1008 13
1397 11
867 31
464 75
185 70
163 81
1283 36
47 21
1358 6
544 55
148 19
136 43
242 69
174 12
746 100
490 84
467 30
305 63
560 16
1225 62
1368 85
1093 18
388 97
557 33
1122 28
568 62
1138 71
994 70
497 7
1335 84
1007 12
688 13
15 55
136 57
1358 85
1359 38
1066 93
1157 61
1111 49
178 52
848 54
801 82
530 29
656 13
179 52
168 69
624 69
1378 80
1026 91
277 39
1308 87
422 15
472 30
510 77
1187 31
802 90
1396 29
1235 27
1066 91
44 32
942 88
523 54
1208 51
585 43
1331 15
1033 55
827 51
1215 44
607 54
331 25
57 59
753 70
1201 53
30 94
659 51
1327 7
1137 47
104 59
1069 94
200 8
93 21
928 65
769 8
801 98
1151 50
838 100
1302 78
706 23
1203 98
910 76
461 86
698 15
166 98
1048 33
40 74
1361 14
951 60
759 75
127 38
790 1
263 12
1209 67
135 44
486 12
80 74
427 44
710 58
75 53
131 5
1038 29
913 63
640 21
815 30
782 81
642 85
715 49
294 53
136 74
1193 26
1075 49
443 74
1409 43
967 69
352 21
773 54
435 72
935 62
1006 33
877 64
440 97
518 13
54 45
260 27
134 60
447 76
1197 82
1146 82
1250 35
552 69
836 20
1319 91
498 69
900 90
404 49
1116 63
253 96
895 43
878 38
561 75
598 85
1166 97
1250 59
1191 11
785 3
1282 78
1122 40
816 12
560 22
348 33
1258 67
607 1
860 54
238 85
42 16
169 44
1403 37
375 22
688 73
65 16
155 24
654 88
586 52
898 39
479 20
647 19
744 32
1228 29
855 37
486 44
750 31
599 33
553 41
796 13
793 75
705 14
1154 29
1038 66
135 94
1084 46
209 93
1035 22
1266 97
513 97
281 37
1356 23
1134 15
742 60
1108 97
505 1
622 89
149 19
1143 65
859 56
1299 14
1029 51
1027 69
413 47
