4565
578 9
89 40
789 3
844 6
723 79
904 57
414 69
293 12
138 17
749 19
608 82
387 54
494 65
359 40
754 43
291 64
779 50
306 86
756 58
687 26
18 20
269 78
767 13
543 53
629 78
229 69
488 36
487 62
633 4
432 86
351 54
4 86
66 93
521 79
865 75
490 9
507 37
881 4
473 24
545 78
466 85
56 74
630 51
769 61
311 54
162 5
52 50
772 58
401 37
365 67
663 34
423 13
159 51
66 21
812 1
672 9
671 19
800 85
303 16
464 50
114 54
782 50
586 71
679 17
38 36
441 64
140 51
860 17
482 67
494 14
227 35
832 28
287 16
477 81
452 57
591 7
489 59
364 28
770 100
744 63
816 79
45 21
672 18
741 86
162 5
2 29
371 24
16 36
276 33
667 40
504 3
126 43
185 58
902 75
335 44
68 15
271 33
804 9
620 35
827 87
547 27
124 97
296 66
811 84
240 100
157 22
870 28
540 94
861 89
584 95
565 95
54 35
627 68
31 92
679 27
301 69
884 65
543 18
341 91
289 45
44 11
671 43
617 91
585 71
910 43
635 76
28 2
737 77
57 1
320 63
768 91
542 65
83 61
855 28
470 91
911 49
106 65
732 64
536 84
493 97
618 32
221 67
399 9
744 77
240 1
824 24
776 38
189 55
199 35
639 98
25 63
674 10
640 46
697 68
417 47
450 83
855 3
485 39
895 52
540 8
485 95
724 98
355 25
623 51
139 96
688 48
905 28
284 5
25 33
401 8
81 53
754 43
574 65
102 59
662 37
853 90
391 95
336 30
573 63
450 58
850 84
121 57
344 71
436 5
164 87
647 65
792 60
259 72
430 13
732 83
52 58
795 3
643 2
223 30
875 56
544 75
404 68
809 58
215 93
759 29
706 56
487 12
8 86
244 23
161 4
99 49
739 11
795 36
693 49
161 84
788 28
799 80
601 32
854 22
242 89
693 48
454 44
392 74
149 79
432 40
530 51
438 37
177 49
279 99
730 75
599 69
713 71
438 59
263 83
215 73
96 95
121 9
283 78
527 72
470 89
575 57
498 72
670 76
315 29
423 60
382 99
832 68
860 22
449 46
773 39
850 79
224 22
639 91
600 45
629 52
790 81
447 12
500 78
240 13
189 51
501 50
232 44
365 13
231 88
365 71
263 72
412 34
409 40
329 13
662 51
473 26
101 43
635 9
742 91
301 71
853 9
168 24
181 5
134 18
238 5
444 73
840 1
311 21
260 96
42 32
77 61
627 71
835 46
677 46
708 4
748 52
165 98
449 84
395 80
276 63
678 20
53 20
93 88
628 35
655 62
885 21
5 26
815 95
171 5
823 23
407 80
743 84
694 12
133 94
542 67
188 7
6 46
291 20
809 44
566 83
285 80
656 1
499 78
679 33
366 30
839 27
415 91
673 83
155 43
640 38
565 33
682 17
842 19
277 55
834 87
580 30
291 4
475 94
383 68
408 44
250 59
37 77
763 45
825 84
316 4
764 95
394 19
248 65
107 69
854 58
635 93
232 39
910 79
895 3
286 98
479 1
529 12
808 86
442 40
666 56
560 40
880 43
799 10
853 37
602 41
790 85
172 82
880 7
187 57
516 100
618 13
878 30
485 55
421 18
566 74
344 60
688 91
421 21
675 82
285 55
754 61
323 100
33 9
496 49
788 85
2 89
645 40
668 55
759 99
762 3
22 98
595 91
260 40
695 91
331 79
43 25
560 19
410 80
673 20
581 28
830 95
507 5
80 58
306 31
331 9
661 30
49 45
616 82
570 72
526 35
53 15
41 29
148 73
674 84
167 72
492 57
497 62
626 98
628 56
133 97
32 42
644 34
739 12
386 80
525 19
271 49
197 56
317 10
776 19
393 45
897 2
253 45
65 56
839 57
525 60
52 12
229 26
568 62
869 7
95 86
291 75
357 3
524 18
766 54
545 28
724 50
617 49
279 72
131 80
169 100
734 67
322 62
110 57
895 98
618 41
731 11
708 73
601 68
499 14
589 24
828 14
648 81
879 64
542 23
663 83
550 6
160 98
379 52
790 21
439 11
109 51
53 24
169 13
295 84
345 11
84 60
34 75
463 53
809 92
754 65
1 49
863 19
264 11
400 26
471 88
104 38
608 94
874 55
221 38
523 13
746 93
39 10
447 46
30 5
820 38
420 80
711 41
794 81
575 12
602 11
25 69
582 83
229 95
395 100
515 12
858 26
266 19
94 80
600 45
394 17
12 28
36 11
657 63
154 29
724 39
728 86
478 29
90 36
389 64
426 2
236 32
690 97
128 97
467 47
859 95
247 6
246 10
890 44
819 95
226 30
564 61
547 26
355 82
500 25
559 91
897 94
32 24
136 82
389 87
863 56
879 59
270 22
468 26
309 32
145 8
562 97
492 16
781 63
676 63
749 92
286 28
393 14
328 1
675 44
868 42
879 32
881 50
848 25
158 78
45 7
536 84
7 54
343 63
881 75
269 95
574 22
432 17
709 88
194 65
195 85
98 9
663 39
92 64
512 82
559 66
717 97
690 76
406 66
166 29
689 91
466 25
542 99
767 73
842 20
461 69
706 58
191 100
799 80
164 25
716 73
725 31
272 31
824 22
573 40
363 3
142 26
85 18
221 77
185 39
223 46
199 17
629 8
833 37
882 47
311 77
76 35
624 64
548 51
206 42
896 8
104 94
2 82
687 18
633 51
567 28
269 61
796 48
720 41
491 41
408 10
255 95
114 95
625 91
606 13
470 99
345 93
315 54
747 5
149 90
160 77
704 28
843 31
357 69
134 100
854 23
454 85
697 8
792 46
79 48
281 98
184 6
319 72
749 69
633 89
58 100
39 100
110 68
295 31
764 6
735 83
429 76
193 97
457 42
801 62
743 38
474 24
752 79
47 47
283 77
703 90
359 89
850 32
545 97
153 45
762 41
538 61
613 24
825 21
327 99
296 88
396 39
714 25
167 34
420 52
420 22
492 69
489 34
236 46
582 34
725 69
372 74
184 90
124 46
850 75
360 37
650 37
293 39
64 78
121 19
217 14
854 77
908 9
605 100
300 54
444 31
568 28
490 44
39 100
896 78
175 97
607 43
400 59
522 94
377 6
399 44
526 57
306 61
412 78
383 7
17 80
762 8
800 64
354 61
899 60
878 92
504 73
94 60
866 71
788 29
762 69
257 20
671 96
34 39
462 83
12 39
316 66
724 49
638 28
846 46
647 98
673 24
708 21
339 65
747 88
269 15
875 45
222 77
379 13
476 99
120 17
190 50
755 85
344 85
79 23
714 69
76 55
685 85
253 52
893 9
897 20
803 29
406 70
123 53
358 8
84 100
477 36
669 55
743 49
210 57
597 39
328 72
643 83
632 9
450 88
638 73
756 42
26 21
349 49
514 42
279 26
415 99
483 69
512 39
186 68
783 9
807 80
106 96
528 49
141 80
336 30
51 68
255 78
204 33
836 94
358 4
333 57
342 63
143 72
655 36
397 24
417 58
165 64
433 64
351 51
21 10
298 75
692 55
5 31
241 84
474 90
760 60
259 66
820 74
729 81
444 47
318 78
200 12
187 7
172 97
600 54
28 36
705 3
379 46
701 29
276 34
569 64
516 45
748 20
202 73
690 83
729 53
525 83
743 99
493 71
90 45
540 66
210 53
664 25
139 17
409 92
878 23
553 20
238 7
428 98
871 89
537 15
44 70
761 46
160 87
552 35
856 96
253 7
31 18
645 98
772 79
85 87
537 47
292 95
749 97
439 90
272 13
503 37
464 60
276 89
103 76
3 44
66 64
569 12
315 87
417 39
222 35
671 16
717 16
863 40
501 25
413 46
699 5
763 61
772 30
115 4
325 87
639 60
295 82
593 17
890 49
333 13
118 9
157 21
434 43
734 71
104 65
202 21
489 82
403 71
724 19
329 39
397 84
734 4
686 97
907 1
126 20
599 99
790 87
356 51
526 78
748 29
289 52
302 22
294 58
630 3
649 89
491 20
28 95
109 52
375 86
677 2
440 38
95 43
600 21
333 47
685 93
811 48
149 32
223 6
632 82
536 31
887 16
36 28
542 62
435 28
758 57
109 89
186 81
824 70
259 57
784 9
24 57
291 74
796 8
802 70
491 20
288 71
102 7
434 3
555 45
842 70
429 75
184 61
159 10
903 43
66 10
292 60
769 34
701 55
407 18
347 10
759 17
224 98
178 35
328 95
54 68
488 85
572 52
315 15
897 30
311 67
377 91
793 26
162 33
558 9
599 61
9 48
177 55
838 94
57 92
798 93
315 48
273 30
70 21
506 10
909 66
250 59
437 60
317 19
871 43
730 95
165 40
392 59
482 96
510 74
810 75
370 96
259 97
597 14
346 75
732 56
68 1
497 86
447 93
694 27
355 6
321 21
319 38
815 91
747 65
679 32
887 79
545 17
76 19
472 71
400 96
350 87
372 14
252 88
211 50
678 49
567 45
107 11
345 61
78 68
481 56
657 19
101 16
464 21
339 18
802 28
620 78
708 7
55 1
631 66
553 6
908 81
692 78
186 30
752 84
415 26
187 20
886 6
2 55
515 20
559 82
205 5
641 48
497 84
713 34
24 40
521 16
340 15
482 68
667 95
234 48
265 42
565 94
72 31
867 86
751 47
69 88
905 21
313 72
822 86
854 53
719 3
773 56
252 19
718 25
756 41
755 88
876 13
415 19
511 20
86 38
497 29
753 5
64 35
231 5
169 66
230 87
877 88
271 52
478 18
371 5
1 99
292 81
802 24
184 51
225 43
305 90
319 4
488 61
524 18
300 41
330 72
146 33
580 74
699 88
714 83
97 3
24 80
150 43
715 64
135 41
462 33
267 11
222 82
367 86
174 66
600 2
766 17
843 1
795 3
446 56
708 33
152 97
562 61
885 2
552 51
618 46
395 43
860 24
363 49
340 11
777 90
525 7
137 86
804 98
165 32
200 73
882 96
472 18
429 5
858 3
312 33
190 29
696 43
508 8
854 62
691 8
34 36
76 47
330 51
232 25
705 82
386 82
854 39
881 79
434 61
821 4
625 64
51 32
653 17
758 91
243 61
54 25
498 40
636 36
201 49
435 31
562 98
83 56
531 89
336 91
485 11
556 48
598 19
517 25
753 79
400 90
585 99
763 30
879 100
558 7
167 43
114 33
114 87
524 51
230 9
908 75
663 36
891 62
293 80
342 65
609 73
105 12
97 81
33 83
35 22
582 65
462 56
376 79
374 47
843 38
713 18
109 7
221 62
304 37
5 36
444 11
742 23
853 67
755 36
559 18
114 100
692 40
579 52
816 40
869 57
517 72
874 93
260 61
363 64
846 32
511 84
748 34
218 79
651 16
277 45
436 76
758 4
709 53
687 61
491 70
212 32
717 43
36 81
891 6
561 97
159 96
887 21
290 96
329 20
879 68
20 74
385 70
554 75
783 62
492 8
386 49
785 80
237 65
603 32
139 85
772 95
427 99
902 7
180 13
584 19
400 16
443 68
13 1
164 15
48 2
38 50
521 66
717 6
65 87
913 95
176 83
823 1
210 69
563 7
593 11
667 24
528 88
638 76
86 10
773 14
405 14
282 66
528 56
197 60
141 69
47 77
544 39
767 93
233 92
673 57
547 67
132 39
356 41
425 65
737 88
260 100
410 7
780 6
38 75
534 61
231 57
99 86
152 30
775 98
736 56
849 48
235 77
258 87
408 92
287 34
82 44
414 50
107 62
876 84
561 97
906 35
291 61
82 49
75 100
765 82
625 75
797 66
670 69
743 90
74 31
548 24
74 59
887 48
13 95
566 83
375 18
321 24
257 59
332 2
764 94
217 33
247 2
110 68
465 99
569 34
759 93
572 35
372 89
595 58
574 49
855 78
391 90
260 55
271 62
86 80
324 45
182 51
383 20
460 54
127 38
362 22
329 20
624 76
764 69
629 75
142 18
25 92
613 20
133 87
89 50
333 94
266 5
877 35
130 18
537 95
781 17
417 34
475 9
547 42
53 97
114 99
288 39
806 96
591 65
327 75
679 89
492 34
874 58
11 93
152 29
748 60
668 47
628 33
690 26
633 21
878 70
173 38
342 28
622 57
455 11
666 35
508 97
794 79
909 56
270 77
316 39
683 37
32 38
326 11
301 70
257 5
624 81
173 67
361 78
326 37
546 38
115 61
252 12
357 63
211 50
77 13
807 60
838 80
59 68
659 88
89 52
74 30
611 16
226 28
209 43
106 57
877 62
7 27
76 36
469 16
865 41
903 95
460 12
802 42
635 24
50 97
218 23
477 68
213 33
675 3
239 94
885 43
262 89
32 68
366 22
129 86
264 82
82 9
594 44
27 69
152 10
365 76
754 66
157 28
39 80
131 40
559 99
838 35
286 68
904 5
599 61
130 12
15 21
245 12
496 19
280 49
238 88
56 67
95 87
708 78
352 88
271 52
61 23
582 70
868 14
312 64
473 16
72 82
185 3
273 98
260 12
152 46
597 83
5 17
24 74
599 43
264 16
57 29
427 79
142 54
439 16
554 87
574 85
738 100
479 14
671 5
552 36
561 62
318 1
66 80
77 41
726 37
163 48
351 59
284 19
238 100
109 99
613 20
149 13
183 48
409 34
417 97
445 71
891 18
655 60
445 88
147 6
250 52
450 73
323 1
151 44
613 5
278 11
340 25
130 1
168 50
726 1
65 14
504 22
40 56
443 32
34 74
104 81
65 79
910 95
679 77
570 78
287 56
210 63
773 18
309 83
884 29
578 72
327 9
775 6
457 42
77 99
408 75
551 96
554 83
866 60
587 4
446 29
697 54
103 80
345 62
864 57
311 75
177 38
535 43
506 62
679 96
488 30
399 100
886 84
514 76
480 41
298 12
550 13
507 11
361 70
724 69
496 91
816 63
679 83
13 43
652 92
289 41
353 47
806 50
558 77
401 22
459 19
369 33
306 71
245 37
793 7
866 50
199 82
679 79
283 94
260 74
390 28
337 18
247 28
828 81
895 87
150 91
71 39
37 20
900 57
772 36
696 5
97 4
298 91
230 9
383 12
4 72
342 2
558 21
86 45
119 89
511 85
850 91
355 99
577 2
614 29
504 19
223 87
455 97
455 42
764 56
9 24
521 75
95 36
418 56
332 70
439 13
289 62
843 26
218 87
50 94
876 29
684 37
757 51
881 10
244 84
516 86
13 53
521 41
911 46
913 46
175 2
907 65
764 44
746 24
638 88
140 85
615 69
164 97
702 99
197 94
74 32
797 75
138 43
222 53
98 54
835 74
198 16
205 3
502 16
371 13
173 41
862 45
790 76
160 16
352 24
837 35
44 84
835 87
570 56
6 20
100 92
351 15
624 14
159 13
901 64
37 96
188 81
331 11
399 45
290 64
763 82
550 81
757 23
202 98
903 30
602 16
574 94
36 72
213 25
334 44
705 78
154 20
49 41
226 76
635 36
203 39
48 24
507 5
306 92
107 88
867 24
522 86
345 43
448 12
501 45
903 72
608 15
365 27
735 24
28 14
410 3
104 71
19 98
95 10
24 22
355 85
418 17
47 57
553 12
729 94
263 66
451 2
605 4
800 21
673 77
543 95
327 94
332 79
505 20
438 62
667 63
330 57
357 52
243 69
153 2
713 92
721 49
883 19
727 74
151 6
499 6
794 59
835 45
672 74
280 66
839 64
65 79
49 99
179 6
587 48
694 45
634 27
