9062
1346 34
1110 83
417 57
1155 28
537 83
219 5
595 29
841 96
1428 91
70 66
1208 88
394 77
948 26
657 61
747 85
1041 7
93 78
1730 94
318 25
625 40
970 74
850 14
1272 21
1163 45
1789 23
563 3
445 66
1534 87
672 48
1377 72
1292 18
1257 8
1704 19
535 27
404 8
1311 3
331 6
992 11
490 38
985 70
1047 46
800 78
803 15
649 95
1790 22
899 74
1508 69
745 16
1187 81
87 58
838 49
544 27
758 70
1475 43
854 20
497 11
753 67
1611 8
1467 24
1625 78
456 4
1204 86
1355 21
1572 46
1218 32
295 29
1214 1
1693 71
172 28
1311 54
310 91
655 90
1634 6
1408 68
272 15
1569 54
1563 31
802 27
1804 29
1546 71
875 52
1790 73
1712 86
1275 55
1467 15
812 80
1101 82
239 54
1472 79
199 28
1505 95
809 24
583 12
555 19
1641 18
62 84
1028 68
1782 97
712 78
949 5
782 58
1049 8
238 62
1348 91
81 39
1094 53
1462 59
979 92
1328 5
885 1
793 77
1135 4
552 74
182 6
1364 81
428 45
123 74
1201 14
1455 88
694 62
438 39
395 14
278 69
1401 5
273 92
1355 36
597 86
1173 26
1327 63
633 69
354 91
458 65
720 16
1306 49
671 68
547 32
159 69
779 45
1539 39
836 40
1783 100
1090 49
1704 84
1594 88
600 1
1495 85
1620 12
739 69
1769 12
1156 49
1772 48
474 32
1478 85
1176 32
640 59
1668 36
231 44
1561 91
690 23
1121 34
1589 44
669 25
405 82
1473 65
70 95
694 46
1371 64
882 3
414 33
253 72
857 100
1793 56
38 6
78 77
1577 96
494 8
1751 89
1715 22
334 13
1689 20
159 42
1632 49
1240 40
1795 50
1453 92
1300 18
712 28
66 11
47 17
1440 63
449 6
1044 94
721 90
521 43
682 89
736 72
562 98
222 26
1179 33
581 50
578 75
403 86
1800 11
424 4
563 41
102 48
487 40
1275 75
381 47
609 16
315 93
1235 53
1086 3
1689 51
191 30
949 29
1649 2
831 41
1417 31
297 73
337 99
1622 40
908 45
621 92
943 12
31 70
304 49
24 66
1285 9
1305 11
345 54
1452 90
843 36
1305 75
218 76
226 87
542 66
925 22
1694 73
523 20
277 44
390 82
584 71
680 18
324 59
1483 65
586 48
249 2
342 6
806 30
510 90
449 17
497 27
405 97
896 91
498 66
114 65
983 48
1610 26
726 15
966 72
149 79
174 3
1296 61
1072 78
1440 51
1138 11
419 39
730 95
587 27
565 16
504 65
358 80
898 58
149 18
717 92
99 85
276 60
1581 49
609 68
1687 28
447 26
1110 51
471 36
4 19
1486 25
1546 42
1802 42
1146 51
1271 9
1484 33
937 65
721 100
340 15
712 35
949 23
1256 68
1141 80
1612 16
1171 22
213 7
981 42
1007 27
1333 70
1157 67
1340 23
125 64
1083 86
1439 63
1264 1
874 54
1762 90
1347 43
751 8
1796 24
417 48
1324 28
919 49
784 30
273 69
1266 22
1437 81
1602 67
744 85
904 35
1473 22
777 50
769 82
1712 87
33 55
343 48
1602 96
1049 90
1441 31
1371 50
1135 54
710 10
1585 95
818 51
1768 77
1625 48
1130 2
889 92
273 32
635 66
1386 14
1559 83
375 58
83 67
917 70
1193 24
1481 24
36 38
323 38
800 58
1058 7
1264 89
230 34
86 1
1162 80
418 90
556 94
1547 37
1304 35
338 75
1566 36
1590 82
1707 35
128 50
1540 56
1557 15
868 91
1448 41
1715 100
1243 70
842 61
1164 64
692 11
1418 12
38 63
53 54
852 9
303 40
758 17
108 81
1059 75
628 54
14 85
180 3
701 25
368 67
339 71
682 76
1167 66
669 24
86 8
1517 20
810 13
1162 69
1681 10
716 47
1504 79
68 9
962 14
1282 74
1652 1
993 95
597 18
872 19
1000 76
1333 60
1087 97
357 29
1486 68
958 87
706 46
1799 78
377 87
1571 44
237 69
322 94
1724 88
129 90
1156 38
410 17
1502 63
643 16
1234 51
1278 50
982 98
1408 86
417 89
1164 39
585 11
634 24
1487 31
61 53
208 70
653 60
967 76
1511 100
1478 4
1759 81
576 77
944 35
465 1
160 45
786 37
1499 12
476 48
170 61
196 91
1777 70
763 31
767 94
726 83
219 45
359 26
343 9
622 76
1117 47
702 95
703 73
1040 46
264 42
469 83
605 41
1121 76
414 59
1778 38
288 23
363 55
765 76
648 79
846 25
1737 50
1779 27
510 19
1777 59
278 30
1615 41
1446 50
487 64
889 92
1458 15
299 69
1083 38
379 3
1802 77
212 10
1536 91
833 2
227 6
895 2
1346 43
585 3
469 66
959 94
621 16
206 64
190 72
312 38
1064 49
1646 36
548 56
1710 47
595 16
459 53
914 73
312 82
1071 73
437 39
1228 83
1121 14
947 93
1542 68
976 86
736 43
172 25
1578 68
71 81
1034 28
32 99
1786 28
301 81
1674 43
588 86
1364 3
11 31
891 87
773 13
437 39
891 85
1747 99
588 83
1299 16
885 86
800 40
447 66
70 45
323 85
1590 49
1311 5
409 29
964 41
460 88
1611 92
1762 72
1425 39
18 13
1197 83
775 96
1179 49
390 64
212 41
475 2
1028 14
193 47
474 41
1489 2
654 73
99 5
437 74
271 8
1660 14
1432 18
247 24
1543 57
1573 99
565 90
1230 95
1576 69
198 57
1439 94
1641 21
1395 91
1579 95
1269 12
839 62
1694 46
1761 47
495 39
985 41
1396 55
82 86
698 50
37 34
961 99
612 85
952 19
392 88
1329 75
537 57
78 82
1005 48
713 94
306 43
731 8
970 6
311 100
1175 37
1585 65
189 27
1204 73
1018 68
1468 91
438 70
1221 8
91 88
473 34
787 72
1473 45
1513 60
1370 64
1111 43
704 96
231 23
1167 88
304 58
1377 26
939 32
1406 10
227 12
756 10
1766 23
426 70
1167 45
1517 30
1646 32
1162 32
47 68
773 95
1333 34
529 31
855 58
283 10
137 53
387 94
1295 46
1446 51
876 77
835 94
464 89
1738 46
1063 25
1045 83
507 42
933 37
1781 68
1123 17
1085 51
200 57
282 65
828 11
232 53
1407 98
743 30
581 10
1418 68
377 38
1671 24
738 96
1087 58
590 90
1757 63
808 84
1566 50
1199 9
925 33
888 47
1607 72
1220 52
527 89
1324 30
200 6
653 39
329 9
1237 45
513 94
559 97
989 1
681 49
796 80
8 35
533 67
972 28
1508 31
340 72
432 36
1303 82
1574 4
1712 67
1706 80
1352 3
1442 70
578 12
745 13
1028 57
1799 7
700 70
86 74
50 47
1410 12
530 32
161 40
982 84
1587 52
259 76
732 45
843 11
1083 11
179 50
444 9
1311 96
1226 70
1678 27
1673 91
912 6
1266 41
288 19
679 90
1064 73
914 62
1254 57
405 54
681 17
65 49
233 33
80 26
383 6
1711 12
1465 74
580 58
611 47
1159 56
1510 75
976 9
830 44
142 18
669 29
1694 63
284 28
1122 6
864 20
1113 19
1363 49
148 96
1608 5
1762 29
396 75
1782 73
1801 20
255 21
696 88
1056 93
1702 11
1628 44
603 19
1348 49
226 71
861 48
27 42
1705 44
272 46
381 86
1544 95
1255 86
1697 49
362 51
1090 6
989 72
753 38
407 61
1144 22
1177 89
1161 12
499 61
1038 53
573 58
278 57
156 85
1713 34
247 40
878 77
1159 36
319 94
1125 47
1334 32
1688 81
946 45
1488 27
79 39
141 6
1702 5
1693 20
372 20
746 70
404 37
360 78
1106 39
169 21
1354 21
136 36
1495 29
959 44
1354 4
811 32
768 89
1368 6
1235 22
266 1
1585 51
1426 19
1430 23
1272 8
971 13
984 69
955 57
1220 31
1473 12
739 1
815 98
1233 90
1340 25
1609 11
1294 57
1479 39
1285 44
1485 37
588 66
813 14
112 81
920 36
285 73
674 98
1738 50
1073 89
680 58
629 49
339 46
1577 69
1138 79
102 75
1702 41
1101 38
1223 39
150 48
552 23
823 81
1222 27
1622 55
929 84
560 34
477 9
1371 26
1492 98
351 42
151 78
1550 36
1795 8
218 48
1447 61
62 3
1369 10
920 65
1486 50
476 2
868 83
298 16
754 3
1114 11
939 99
1448 38
720 4
7 68
37 35
1592 74
1341 50
1443 96
1670 66
598 26
342 62
1033 56
496 2
1091 10
240 17
1082 31
882 2
1758 25
1768 60
785 40
1086 93
1030 18
1335 90
667 6
108 72
959 28
250 4
589 81
1781 1
904 57
104 5
324 34
958 1
467 21
613 69
342 87
938 47
31 47
923 36
1320 12
488 7
133 66
463 37
945 20
397 75
18 1
1700 31
380 35
1746 82
1012 43
928 10
930 74
532 24
270 9
594 83
422 83
800 22
1127 17
465 70
1676 52
1607 32
1499 16
1463 15
1317 72
1630 88
1161 47
869 30
1702 34
726 26
413 48
473 72
516 58
1572 44
964 36
1525 51
1728 4
571 21
1237 94
1168 15
96 43
731 60
1701 13
807 28
1774 52
578 7
733 86
1474 8
408 98
1736 21
323 14
1070 42
1351 70
1229 51
162 9
876 18
1666 3
1255 36
587 59
939 64
1188 76
1197 20
1129 21
1740 22
1452 44
557 60
1614 95
83 73
210 51
1335 12
1279 78
478 37
851 94
654 69
674 19
1013 16
1614 56
105 97
1403 50
608 100
981 20
82 38
443 55
514 16
539 58
369 46
211 47
223 34
688 58
378 59
191 86
47 78
747 84
797 80
355 42
27 24
1687 40
844 67
1432 10
1049 69
1048 51
1662 90
270 10
1580 23
138 79
561 73
949 45
1081 77
1305 56
787 16
695 31
92 1
1284 85
1257 63
719 83
1012 56
1477 16
1005 79
379 79
690 5
222 13
248 80
1564 15
839 98
205 5
1113 52
1176 67
236 45
316 93
77 75
1594 28
1560 16
493 45
95 89
234 95
1087 29
1265 95
1786 57
107 24
1188 88
1317 33
225 89
480 98
1187 71
738 68
1294 59
1572 11
1684 3
85 61
923 94
1206 42
674 5
806 19
389 58
1330 89
1430 46
1268 62
1350 44
1337 88
614 37
1598 33
623 71
1398 26
510 38
693 12
1404 92
605 42
784 92
1009 64
1657 60
521 100
1811 71
552 62
305 17
1515 23
1663 31
1567 78
1790 26
498 62
974 73
204 10
1529 44
1760 85
1519 97
406 75
870 3
811 15
1728 29
871 38
1145 22
1759 78
1084 98
1211 42
1514 3
1745 27
211 2
512 12
701 57
1268 82
1588 1
892 31
636 87
424 89
973 8
697 84
1040 63
1616 100
437 47
1688 30
1554 26
740 71
1760 74
1194 99
1186 37
335 40
142 83
1069 18
571 76
338 84
724 18
863 89
284 40
360 41
525 34
522 25
837 92
477 18
704 90
457 31
335 6
1272 64
1538 11
1084 56
1323 18
133 4
1476 46
1673 91
1184 99
1753 21
1559 57
556 8
965 77
1534 26
1136 76
391 99
15 81
340 63
1493 56
1218 9
744 31
733 31
541 43
1593 88
565 57
757 61
230 28
844 7
433 19
1638 18
274 38
924 47
1582 89
219 47
1181 25
642 51
762 65
1286 12
851 15
436 53
1069 11
1463 35
796 26
1217 67
90 46
1543 37
1277 63
290 10
1169 18
1528 96
1373 10
1294 86
603 15
1185 69
633 75
1473 74
51 66
818 56
1372 37
1013 61
802 82
459 68
221 28
350 90
1681 28
672 82
724 20
403 99
1691 11
754 11
385 31
1186 9
1108 38
1645 63
1444 38
1631 52
202 6
257 3
974 95
619 63
780 35
1565 4
1071 8
1181 26
1774 71
1715 43
238 76
1135 54
1139 63
780 82
361 41
79 65
1665 12
1007 90
1282 88
744 57
833 97
1492 88
1227 16
1478 93
482 90
680 91
856 82
36 27
25 68
540 94
1302 29
1276 4
229 62
1040 24
41 57
258 9
1329 90
784 57
1223 84
588 60
626 83
1166 62
651 18
511 35
598 57
416 63
423 96
794 99
335 33
204 46
1272 12
319 39
1006 100
1376 27
201 75
333 85
1130 31
599 16
1118 19
1172 95
1757 64
1370 74
995 23
1072 72
1357 34
726 10
1058 65
492 10
354 31
655 8
1745 8
1406 74
523 43
1284 50
1277 80
755 45
549 64
862 37
672 22
884 81
1221 78
1639 54
1391 50
476 22
764 32
1272 4
1107 69
489 21
636 27
972 77
203 62
1683 66
1420 42
663 44
961 53
215 30
1371 51
992 86
693 76
1281 2
1096 17
1437 78
430 33
460 88
385 16
648 30
901 5
1460 30
5 7
1717 99
1441 10
1133 41
1032 54
880 60
1513 25
1332 62
1649 42
217 20
1178 36
929 45
675 1
162 64
1493 87
1049 96
1689 82
837 64
807 58
1636 85
329 36
382 33
1587 94
547 17
1183 15
776 22
387 63
79 12
415 83
858 80
553 71
1800 51
1319 96
1386 63
1701 40
112 28
1442 14
1672 90
1680 33
539 95
984 45
757 58
623 8
1344 68
517 30
1650 60
1641 32
1666 48
658 59
589 35
1129 21
934 93
521 16
900 5
598 10
1212 97
191 19
681 65
1198 96
1735 15
97 17
76 37
732 19
1709 99
1142 3
888 77
1646 49
396 10
82 29
106 89
210 18
1575 30
1089 76
368 20
1558 53
577 21
1571 32
1519 68
1226 26
637 57
763 22
10 1
875 68
1211 97
1293 5
5 99
1253 35
60 88
203 80
962 86
1421 61
1652 40
1231 1
205 12
514 49
1480 30
956 44
844 29
164 83
1673 91
922 3
713 44
1378 83
285 77
1344 11
818 66
1550 41
45 35
383 77
1224 15
1696 11
243 64
314 50
1144 34
800 3
1316 13
1794 81
1493 97
596 66
316 44
1219 55
550 24
415 58
1259 46
89 14
1503 47
1187 6
226 37
424 88
62 13
1531 78
413 38
1284 54
511 100
644 87
644 79
237 78
1734 11
1737 10
116 10
460 73
455 96
1008 57
1064 71
355 75
381 28
683 20
469 72
1181 65
1524 16
832 23
733 45
832 5
586 40
556 47
1218 22
271 49
489 50
1781 73
1454 49
1440 86
536 58
65 35
1338 29
591 63
1109 19
1746 70
722 56
761 98
969 87
1234 47
926 25
1258 65
1065 14
1448 78
972 2
1140 23
1015 61
834 69
661 64
365 65
1538 15
224 86
204 78
1095 17
1497 84
543 2
986 55
542 60
1757 80
644 94
406 66
914 90
1325 58
1627 30
1469 79
1074 11
766 84
788 94
506 20
498 22
848 30
745 13
308 31
477 72
426 62
953 94
1102 60
76 41
1054 98
844 43
1225 65
1507 36
1609 50
880 63
358 54
1288 39
264 97
1559 19
497 70
1455 90
913 10
1155 99
938 53
1593 61
519 16
706 71
429 77
1286 42
61 12
605 6
1347 73
1625 81
235 6
898 96
662 76
390 2
993 12
330 2
1205 71
1507 12
1297 45
201 18
1137 67
1141 35
640 27
1353 76
418 16
1445 39
1720 94
1001 73
549 58
294 45
1083 95
1670 30
896 12
1513 37
688 64
930 40
825 66
673 2
1711 38
1564 46
327 90
221 82
775 50
563 52
767 17
1523 41
1734 7
774 15
709 39
1055 1
1173 54
741 55
1777 91
920 64
674 43
1258 85
1283 14
600 42
1714 42
1312 53
194 8
864 12
1412 21
1200 97
1559 92
766 31
28 52
1765 50
1308 40
972 74
407 86
1246 55
876 12
1402 48
1209 90
1592 38
1020 87
950 48
1714 100
932 2
445 43
663 9
1760 13
1716 60
1646 5
471 97
1678 94
361 42
355 94
826 82
1290 31
771 24
104 1
1361 19
1632 75
1607 56
1414 73
427 86
1576 29
903 86
1463 32
1236 24
1075 59
1739 25
416 34
442 12
588 100
1456 77
525 65
1227 68
590 16
792 83
1573 34
1281 5
1520 70
775 8
277 65
636 21
198 63
1480 39
1207 21
530 88
376 12
1117 20
1405 68
1393 36
75 30
278 58
1717 52
27 97
1158 10
125 17
425 13
180 37
1756 12
1110 100
1233 11
1717 65
495 88
1390 32
93 2
217 3
1188 88
243 54
139 51
752 24
537 53
1636 20
1151 48
1482 82
834 52
779 51
1481 86
729 11
1123 77
1548 10
679 31
935 37
1576 36
307 21
237 73
1343 21
1733 99
617 18
327 21
821 16
950 91
669 94
564 92
1210 23
29 7
1631 49
92 21
1568 82
771 42
1360 68
1156 35
337 19
26 100
903 24
1735 97
1053 51
210 70
35 28
