4027
31 87
495 88
553 1
103 77
771 75
460 61
737 84
734 26
211 1
625 74
221 100
593 73
21 58
784 47
670 72
313 2
433 2
120 94
188 44
682 56
394 16
268 73
279 30
163 6
753 33
153 82
95 77
355 49
569 76
286 16
538 53
5 82
231 71
534 93
553 28
295 44
458 3
503 20
129 13
518 88
264 93
567 48
139 49
186 49
518 21
737 92
158 98
329 62
456 82
540 50
395 62
640 26
432 83
116 99
378 21
424 34
333 70
680 2
701 12
543 93
159 93
380 8
777 48
545 82
427 85
366 93
20 35
351 85
579 11
417 93
200 46
162 12
744 15
511 19
320 90
785 61
803 80
169 15
298 62
295 26
50 37
661 59
546 6
75 76
252 51
552 72
791 48
766 99
736 50
240 5
370 17
751 88
722 68
36 26
402 37
461 13
684 73
589 28
524 88
272 30
185 71
407 45
225 10
797 24
628 61
632 83
299 87
386 85
144 46
342 40
43 68
286 80
23 58
177 43
87 58
8 98
771 35
700 78
202 11
274 57
85 98
62 43
544 43
558 80
271 51
61 80
763 9
669 71
331 65
430 93
254 72
541 96
206 66
597 33
211 99
539 74
735 68
315 20
605 89
319 10
259 71
98 24
208 84
348 34
24 18
263 69
208 19
460 11
335 93
233 31
565 28
127 17
176 31
148 57
629 46
347 100
553 15
479 53
141 9
187 43
296 96
557 12
649 91
275 61
89 26
423 80
124 14
65 63
357 48
80 87
480 19
54 83
157 7
270 5
85 3
465 12
365 18
41 27
510 66
506 39
285 55
642 18
60 73
47 87
353 81
717 71
20 7
371 61
139 97
712 66
198 80
667 93
75 94
623 62
268 21
712 59
728 13
478 48
289 15
332 96
602 75
431 9
761 27
774 55
280 14
310 66
246 43
589 73
645 27
243 74
762 66
558 56
218 1
263 43
122 9
6 83
450 70
90 74
299 32
705 87
428 65
364 57
755 10
792 13
124 35
655 43
159 74
157 100
340 25
802 15
727 86
270 8
691 16
529 11
246 25
23 60
684 23
703 26
304 51
646 1
230 94
198 75
632 93
85 51
101 17
710 71
683 94
662 1
527 84
611 8
315 34
195 30
452 29
423 23
175 10
271 91
226 1
599 75
322 22
196 92
184 34
729 61
588 38
400 87
666 68
336 47
174 62
413 26
351 25
485 41
152 100
430 20
184 38
26 29
395 94
696 82
636 100
129 30
798 87
768 36
385 99
29 66
515 90
530 95
699 14
716 80
681 39
381 92
748 3
533 18
498 26
554 61
155 79
213 71
499 67
790 7
369 73
363 50
308 54
586 99
228 47
409 79
147 15
129 14
228 65
726 98
519 19
97 78
767 30
281 50
190 51
321 48
759 28
618 10
270 1
188 99
602 45
74 33
466 85
794 23
190 57
595 78
167 75
433 92
414 35
367 73
779 21
67 72
794 61
554 99
117 42
44 17
442 20
163 94
267 83
796 90
183 28
137 46
139 15
129 68
742 78
410 73
303 63
654 4
223 36
241 65
168 48
782 97
355 8
112 39
609 78
419 74
89 10
453 27
629 87
775 19
760 77
613 58
449 84
550 12
359 64
149 2
601 17
337 12
718 53
621 16
506 37
548 79
4 99
642 53
663 84
430 6
461 23
21 32
321 86
348 11
681 8
574 87
669 54
683 26
7 25
188 8
413 87
20 100
433 61
751 56
622 42
605 91
558 19
354 91
778 60
372 73
626 16
762 96
468 66
241 37
47 10
621 4
366 11
234 16
467 85
175 48
742 10
739 84
795 36
186 40
77 75
379 4
380 67
247 14
466 69
353 92
396 67
412 14
641 85
250 25
797 26
247 22
496 53
424 75
126 70
327 75
652 13
707 42
562 98
453 85
619 94
154 10
495 14
355 39
179 12
517 35
722 83
802 40
226 68
619 87
72 99
382 47
158 58
351 94
303 64
744 47
669 26
736 17
250 10
712 90
740 78
114 75
727 76
300 46
722 30
695 61
148 32
540 23
64 4
552 87
250 36
177 80
284 9
398 66
752 40
338 33
109 53
60 29
712 30
573 78
109 82
561 42
503 42
91 81
618 36
429 23
495 36
382 87
558 6
255 80
728 82
312 75
36 54
554 94
68 13
647 63
133 29
411 22
623 66
517 72
627 45
679 55
77 80
541 6
597 49
414 78
386 65
475 84
400 18
557 3
50 39
333 2
405 33
100 7
449 40
117 41
255 33
121 45
143 64
211 3
82 97
141 65
305 41
305 19
708 79
49 78
72 36
630 28
273 79
245 88
87 28
470 42
21 30
213 13
288 33
221 46
386 77
91 70
30 73
749 2
11 47
467 20
218 20
693 45
432 55
365 79
709 28
158 14
554 50
579 31
100 20
720 74
555 98
469 17
200 14
433 59
303 82
358 7
350 17
616 49
254 89
732 17
67 99
638 67
630 5
581 4
437 42
691 2
521 12
486 36
195 48
663 72
521 60
547 22
733 30
194 38
4 20
69 94
228 65
175 92
363 31
272 64
498 44
605 17
744 15
451 42
215 91
657 65
785 71
180 20
538 89
32 92
571 43
32 5
652 86
771 66
747 2
376 38
297 20
279 92
278 28
667 34
688 89
21 76
739 94
483 9
678 9
479 45
104 66
214 57
81 59
385 8
550 96
144 93
383 56
712 37
634 17
749 35
464 28
264 61
780 86
323 18
590 44
185 96
457 25
177 73
737 100
533 25
600 28
571 33
654 44
196 86
784 35
330 4
483 66
763 58
77 98
300 86
632 42
476 78
769 47
510 74
64 19
225 39
625 15
267 67
718 54
451 30
512 99
650 29
767 57
483 4
381 39
544 59
302 65
194 99
410 32
538 88
590 95
31 68
107 27
394 52
485 49
478 80
594 78
607 28
770 94
27 96
679 46
237 93
453 45
30 46
345 22
337 60
208 30
279 91
336 3
378 39
368 71
516 61
169 26
763 37
382 82
87 85
369 6
503 3
510 5
423 4
104 54
750 20
208 49
603 56
437 10
788 59
448 64
392 85
734 71
626 40
248 15
52 13
800 41
53 7
344 41
96 12
163 47
352 58
781 95
433 63
209 29
216 58
69 33
71 42
678 27
12 49
412 35
787 85
82 67
496 70
731 89
413 3
81 78
663 83
732 9
31 48
427 28
501 94
552 30
644 34
276 2
612 88
180 41
555 41
127 90
150 42
398 49
439 96
747 35
374 62
696 91
162 89
605 91
581 11
697 74
285 61
263 99
328 76
750 47
189 13
391 45
264 41
92 22
473 76
692 2
17 71
339 49
55 68
134 93
386 89
313 58
18 55
14 71
779 12
80 52
473 45
265 83
785 93
691 99
197 4
435 18
170 99
187 91
610 11
343 38
9 52
285 87
207 5
394 15
433 84
708 60
665 1
118 86
33 99
38 61
679 19
278 93
37 94
411 30
432 85
209 84
92 58
356 34
520 59
685 19
293 6
102 83
38 70
154 39
306 47
221 32
582 53
311 43
694 11
85 43
319 35
534 2
525 42
51 95
289 27
120 21
581 91
267 29
743 95
678 54
345 72
194 42
582 61
698 96
338 99
371 11
327 59
255 38
434 86
684 99
546 59
355 51
763 17
244 42
573 16
528 39
91 92
217 55
32 77
800 42
794 75
628 86
135 56
409 21
207 16
514 44
222 16
432 65
36 16
125 32
571 74
154 54
245 91
621 81
133 58
104 40
319 49
263 95
459 2
679 5
583 92
738 15
422 63
699 40
449 19
68 68
120 99
622 81
51 56
283 70
213 85
76 100
352 45
593 70
292 6
161 69
621 43
691 42
193 49
510 43
751 53
151 50
171 58
533 100
147 36
794 47
512 10
521 1
673 8
442 41
495 76
266 14
52 51
722 32
471 52
282 60
789 12
423 41
534 58
606 50
530 8
627 90
10 60
185 96
514 36
189 86
26 51
97 70
779 26
422 82
743 47
622 51
232 47
256 97
86 96
773 43
746 96
715 61
363 85
751 9
617 10
112 8
131 77
101 88
402 64
395 100
204 5
90 84
303 59
130 71
780 81
286 44
725 30
104 55
349 79
30 59
46 54
709 4
36 85
757 38
205 6
372 39
582 73
375 61
704 7
136 82
347 67
87 29
519 32
260 85
58 77
469 8
648 84
503 27
206 83
189 34
671 64
28 56
575 80
610 97
54 31
401 98
626 47
60 85
601 86
65 95
381 54
761 30
140 54
113 86
279 37
261 5
617 13
710 61
46 71
285 88
13 82
321 3
708 51
244 67
208 85
139 96
378 67
197 81
752 98
189 6
725 2
573 52
669 66
640 58
701 82
289 16
321 26
474 2
251 37
749 34
559 14
459 72
190 15
271 17
90 35
46 4
14 92
773 79
656 9
536 83
390 94
454 100
372 75
284 58
517 13
748 60
698 91
301 64
664 51
252 17
164 62
171 10
709 61
763 36
791 79
571 42
694 36
755 84
76 34
195 55
625 92
274 68
281 12
700 100
549 64
579 99
660 16
39 17
148 21
243 14
777 80
241 84
202 24
330 99
710 8
639 79
702 99
603 97
735 18
708 13
257 12
443 28
794 51
712 48
302 44
142 19
183 64
485 63
78 80
379 80
81 15
550 34
38 22
727 14
572 89
726 64
533 60
698 42
699 16
201 68
157 80
5 88
396 78
573 42
489 59
7 92
61 53
461 56
803 44
639 10
440 2
17 18
518 64
589 88
432 52
513 25
515 58
799 29
704 87
659 31
148 65
311 79
741 48
117 67
141 48
452 22
733 66
163 75
4 100
149 91
417 18
760 25
483 78
104 70
102 100
743 49
328 2
120 46
674 10
214 69
417 32
677 68
491 32
110 80
434 9
501 40
259 61
612 58
149 37
124 34
247 4
79 76
48 9
769 93
248 50
773 45
109 95
108 28
772 100
105 51
725 70
245 84
241 92
653 66
156 17
719 67
117 56
377 93
475 19
282 50
799 7
249 46
471 4
204 81
505 70
467 57
751 93
159 56
62 68
592 35
171 36
652 71
101 56
204 59
165 79
788 95
85 49
156 21
742 94
10 3
440 70
126 81
326 88
158 46
536 79
230 50
379 10
289 46
291 54
346 16
195 57
248 37
705 10
125 45
285 87
735 87
213 62
678 21
346 75
558 46
673 47
796 29
754 45
704 75
115 71
775 39
645 48
592 31
544 57
432 57
388 27
653 11
581 87
166 53
385 35
89 87
242 65
130 51
397 79
574 4
295 94
651 70
521 12
257 10
291 85
607 93
49 98
363 4
256 36
781 35
695 66
542 32
469 96
163 32
21 61
757 20
31 79
64 61
735 92
112 17
631 21
517 45
254 26
352 20
388 94
752 81
402 85
781 72
271 14
755 35
595 9
752 13
786 98
506 32
29 17
661 6
592 76
551 65
721 59
460 23
620 16
443 30
632 55
729 70
715 25
510 24
481 98
577 61
156 87
723 53
246 99
346 68
55 84
32 14
143 42
153 98
402 72
709 52
668 93
496 72
377 16
52 22
610 64
302 35
155 1
670 43
753 64
719 25
343 72
316 75
333 78
209 87
298 86
396 45
427 30
12 47
538 81
700 61
674 12
81 26
374 85
286 37
729 25
331 86
109 39
452 58
218 61
170 12
481 39
520 24
364 96
2 7
330 91
91 98
63 76
44 37
267 73
799 40
370 98
186 15
525 50
509 29
154 32
417 66
257 40
249 13
94 46
281 97
634 8
453 94
117 87
376 65
287 7
672 49
322 90
558 26
205 21
221 15
756 31
598 77
178 1
300 13
287 74
74 56
161 26
784 62
643 45
730 29
472 50
792 63
218 51
468 29
313 39
418 18
125 97
591 65
734 100
471 99
600 14
306 93
293 93
603 9
590 32
108 28
521 3
213 85
83 64
169 6
201 15
476 96
648 30
201 10
331 25
669 14
116 32
384 19
773 39
532 68
19 97
621 92
714 80
28 64
506 52
459 57
739 63
475 59
306 59
394 74
782 21
307 3
243 80
390 36
585 11
161 56
280 60
195 20
502 71
325 85
213 44
484 26
250 55
86 35
253 88
578 69
253 11
354 6
532 64
85 84
532 90
59 6
192 40
454 8
327 5
256 92
267 71
644 19
441 63
543 75
177 40
223 97
253 30
423 1
599 6
805 27
390 51
570 41
732 70
365 2
648 71
378 81
259 96
408 37
152 60
397 33
782 82
609 66
184 86
698 44
281 35
114 100
169 98
560 89
393 92
682 27
338 35
544 13
148 45
217 41
78 85
252 44
399 82
753 35
295 65
454 69
146 86
188 31
272 79
169 88
566 97
624 83
282 37
455 43
541 94
45 57
503 32
679 66
486 80
520 1
733 71
301 16
377 72
698 99
711 48
9 19
200 58
71 49
656 78
760 53
230 74
569 25
604 20
343 40
734 61
49 44
306 97
409 95
654 42
730 54
591 75
467 98
49 97
310 51
76 90
10 60
522 80
591 77
73 63
704 66
294 23
353 91
425 94
131 42
653 45
364 7
686 8
358 3
86 7
602 7
200 1
669 48
546 45
280 98
228 59
55 11
407 25
786 86
269 73
285 14
621 80
681 90
22 51
283 85
47 50
772 43
14 46
696 88
418 25
80 56
451 97
570 68
134 51
683 69
260 19
28 78
305 68
584 54
410 35
680 16
637 35
738 74
699 32
171 59
344 63
155 90
791 67
168 48
688 53
606 36
250 84
766 77
298 65
707 26
303 59
726 52
326 10
434 38
697 96
237 60
661 83
408 46
727 53
395 19
687 54
538 40
388 60
693 55
302 4
512 4
722 64
380 66
769 45
524 99
131 27
70 96
166 84
60 22
377 1
206 63
398 83
678 27
89 14
199 92
557 88
356 77
531 73
386 27
257 20
610 6
75 29
700 47
419 81
790 31
457 81
187 13
555 67
129 32
730 25
724 11
577 6
380 10
468 11
263 39
70 74
85 62
489 5
759 71
146 30
475 17
614 7
631 89
616 11
706 34
161 18
239 92
483 58
745 38
510 11
544 85
619 85
578 30
624 35
414 90
744 99
35 9
421 51
220 42
51 18
147 68
509 73
752 33
224 50
750 60
561 21
362 35
777 91
442 32
41 82
433 1
387 16
494 59
509 14
559 60
624 6
575 72
546 70
222 100
45 79
434 71
58 91
311 62
377 61
702 95
453 20
14 14
254 46
533 99
259 17
656 27
6 43
121 12
208 58
365 22
6 98
721 34
110 18
800 38
107 95
399 2
557 93
487 44
503 14
495 29
227 8
169 92
754 4
406 83
548 50
444 11
697 68
293 45
722 76
197 40
671 56
402 70
347 65
638 91
17 8
125 87
596 94
140 99
144 66
373 50
439 70
388 95
130 44
99 3
320 52
211 49
230 13
329 27
257 49
529 29
401 25
774 19
581 3
391 43
465 96
695 82
155 96
511 39
228 71
192 63
396 35
674 10
407 47
618 15
52 26
494 88
518 19
804 7
81 43
582 50
349 33
658 92
160 63
673 34
220 8
526 24
491 43
307 16
705 91
743 59
256 86
799 57
213 66
268 64
594 93
155 74
165 85
379 7
313 50
424 31
143 86
327 81
446 74
39 53
563 21
471 99
218 51
320 58
148 82
48 41
31 55
96 63
747 20
268 83
512 30
551 28
63 4
638 5
570 29
59 5
487 28
776 55
328 15
345 50
50 47
196 74
271 75
384 94
691 6
368 77
360 47
496 69
328 80
460 33
707 48
7 96
313 100
673 27
168 92
119 5
663 71
689 73
630 19
