1595
87 46
24 22
315 14
34 30
63 53
294 57
199 11
147 1
43 64
118 86
239 47
134 65
133 55
149 17
1 53
236 10
220 85
223 43
138 96
21 10
190 21
240 48
224 8
177 18
317 69
319 94
53 68
185 83
276 41
304 88
308 54
258 24
278 22
69 56
302 41
163 56
256 85
261 54
75 13
265 77
135 35
119 43
268 67
187 21
232 30
173 9
163 21
3 57
214 25
211 96
43 72
212 99
33 4
173 20
58 52
112 10
17 40
264 60
306 36
145 51
194 44
123 61
206 38
161 20
139 78
110 3
23 46
224 44
280 71
185 77
140 76
297 30
268 47
235 31
285 65
9 28
55 38
172 32
175 59
210 66
39 19
41 97
272 98
28 58
1 64
294 51
288 67
309 42
133 52
229 36
200 61
195 16
201 7
82 35
222 10
153 92
126 5
198 51
265 3
21 90
13 36
309 3
303 37
83 22
109 33
212 77
63 45
193 82
318 89
314 30
255 92
281 68
286 21
278 85
78 84
37 45
15 66
98 44
123 50
39 47
24 89
296 72
99 26
267 16
319 49
265 6
168 53
290 86
303 56
95 63
69 45
178 98
22 16
178 70
47 77
177 35
197 70
288 58
66 97
248 11
115 93
250 33
305 93
82 95
20 14
261 98
195 51
172 2
113 22
253 56
251 50
253 13
257 74
74 41
204 1
150 64
104 59
146 23
16 58
307 46
19 88
23 24
20 75
278 50
315 59
153 6
224 17
211 25
34 58
140 100
105 86
224 18
200 87
163 57
109 80
198 73
309 100
279 11
124 38
174 6
254 9
157 5
136 74
148 12
144 89
229 45
216 37
315 95
311 27
240 97
108 49
83 32
282 69
247 84
158 64
312 47
218 83
117 59
238 46
97 10
11 82
48 21
306 22
241 2
192 21
142 95
70 14
290 57
50 84
305 47
160 97
212 95
71 74
13 72
69 78
186 30
32 39
154 32
160 1
264 23
133 96
209 34
221 37
147 16
90 53
32 70
307 56
30 51
1 65
246 64
293 89
168 30
11 83
92 89
186 87
127 15
201 30
148 18
75 5
260 24
289 45
13 39
201 8
97 67
239 31
226 32
152 37
86 66
4 30
74 48
60 100
12 34
211 85
189 91
34 38
24 73
55 21
271 72
150 12
243 46
195 97
7 65
300 32
245 77
237 55
203 27
232 5
50 48
292 88
160 49
35 39
193 29
79 56
297 70
134 69
61 59
224 19
239 99
87 87
188 60
309 75
246 66
162 36
29 90
6 49
2 29
303 11
204 34
300 23
319 66
285 18
63 56
88 62
316 78
113 54
67 17
188 62
299 21
311 56
317 27
312 74
303 43
171 70
266 6
307 53
251 91
60 55
196 79
46 54
57 33
45 48
67 5
196 40
166 96
170 18
141 97
177 35
25 58
62 57
203 83
175 24
189 23
14 11
311 21
92 82
21 7
208 62
315 8
235 28
25 8
244 31
145 35
145 33
205 56
25 66
219 3
272 63
178 24
30 22
19 42
213 95
4 17
261 78
101 87
272 36
61 44
126 39
271 59
25 53
117 53
314 4
75 15
163 12
311 48
52 45
311 7
97 29
20 58
307 95
212 97
216 86
8 21
266 23
302 92
13 73
85 22
283 1
152 53
131 43
225 12
78 18
42 56
297 57
287 57
190 77
42 7
265 18
150 37
120 67
312 83
109 79
280 62
73 93
30 40
51 16
242 87
142 30
224 96
119 85
248 9
183 78
15 77
181 69
70 73
168 63
168 3
42 12
82 97
170 47
117 99
43 27
137 99
239 45
25 73
159 23
41 25
216 16
222 25
244 89
170 40
272 86
95 21
212 75
194 71
55 51
79 25
39 83
293 90
49 49
249 8
260 13
119 19
284 75
206 37
268 68
217 33
258 92
297 91
171 55
194 39
46 10
257 55
293 68
2 29
56 82
18 6
182 54
68 17
136 48
232 69
35 81
305 58
298 61
293 29
141 48
7 3
148 83
1 88
146 5
41 41
206 39
21 59
93 2
41 82
315 17
173 41
83 71
32 71
17 58
18 100
102 40
92 16
174 25
237 54
254 64
236 39
215 91
133 24
159 2
86 8
123 91
288 36
15 94
110 62
220 40
177 76
215 46
84 56
296 24
287 72
244 57
301 75
66 33
4 16
96 65
110 11
264 100
291 26
215 46
13 7
125 39
208 4
187 18
140 41
168 47
314 84
118 79
65 71
269 51
20 5
192 50
125 6
185 37
69 38
317 49
176 77
29 39
9 60
41 88
75 17
163 38
8 16
316 75
293 76
36 37
281 88
286 6
272 26
231 17
10 20
188 70
165 60
219 37
253 98
162 17
266 68
204 21
299 27
91 87
127 62
139 22
218 88
90 66
293 75
136 86
28 4
105 86
167 6
243 11
279 82
95 42
305 38
281 55
190 34
238 73
148 11
9 17
214 43
271 66
88 40
306 14
171 48
151 83
257 19
237 45
93 88
73 63
152 68
300 62
97 96
29 52
221 43
147 31
17 26
99 84
96 30
309 62
107 93
148 66
195 93
75 89
190 70
177 5
210 66
169 88
42 14
181 28
245 18
219 17
256 26
27 31
68 1
97 39
294 20
92 69
183 45
5 15
251 73
228 92
97 74
28 13
67 97
255 72
206 71
204 16
252 78
29 15
145 53
2 48
267 57
217 34
314 77
170 19
300 35
247 50
97 95
199 77
70 80
138 63
232 66
73 40
211 93
294 95
188 58
77 60
3 25
37 25
234 45
193 34
279 56
185 71
262 98
92 51
118 53
177 39
165 33
240 25
127 70
3 39
284 60
116 5
65 68
264 74
271 14
246 7
140 28
308 64
93 84
44 50
216 2
309 85
291 97
265 15
77 4
186 85
165 37
90 75
165 34
278 18
55 8
82 35
162 46
234 5
294 18
288 5
179 41
189 2
38 28
273 85
63 13
8 84
88 40
108 21
102 34
41 58
265 56
243 12
201 73
270 100
155 32
307 21
224 13
119 55
275 28
63 29
85 33
101 93
152 85
27 39
9 66
47 98
219 25
140 24
210 80
31 45
211 39
9 1
48 4
56 88
257 6
305 53
247 76
41 10
225 92
18 23
197 100
64 79
1 51
293 2
238 97
26 56
65 24
85 2
112 17
288 76
15 89
247 21
282 90
256 53
219 80
119 33
288 67
246 57
74 17
237 40
118 31
134 72
173 95
313 82
80 26
225 61
16 29
223 73
235 11
107 47
30 5
46 47
35 56
205 69
250 7
142 56
165 99
139 13
112 85
103 41
30 27
145 11
291 98
161 33
265 55
270 57
103 60
5 37
71 49
20 47
218 99
118 90
215 19
90 45
152 45
152 45
74 58
282 27
132 63
135 35
278 80
113 56
211 9
184 86
91 17
126 74
38 86
2 69
39 85
38 76
179 56
194 73
309 90
251 88
58 8
101 77
233 97
208 34
168 17
246 19
55 45
30 17
178 44
312 54
134 55
139 9
282 6
92 66
122 60
275 64
133 27
58 45
80 97
17 67
43 26
154 31
47 77
171 100
62 62
15 63
117 36
222 43
148 41
246 56
40 45
23 31
31 56
120 54
289 87
11 33
88 57
43 50
145 34
45 48
278 79
219 48
182 7
133 3
148 54
76 13
137 13
126 67
299 83
245 19
140 83
67 75
213 10
32 51
147 67
118 3
3 92
141 42
143 37
263 57
247 85
275 98
221 67
319 69
250 11
178 79
315 82
88 26
190 70
104 67
93 24
225 70
261 32
246 49
200 46
190 18
216 99
270 56
164 49
259 83
134 83
262 98
7 60
20 47
174 60
142 55
84 98
304 1
195 32
189 94
310 18
98 68
205 83
22 5
255 74
15 68
294 64
261 89
82 90
97 7
63 15
226 23
153 10
18 27
15 27
164 93
117 6
163 50
310 73
292 43
294 66
147 42
46 44
100 37
46 88
313 52
289 52
126 41
258 52
194 35
184 33
266 27
153 90
225 29
251 96
288 90
55 42
1 27
161 48
34 79
285 27
188 64
46 66
235 6
70 6
92 86
181 99
20 57
247 16
208 100
38 34
53 54
260 57
306 7
287 61
92 46
179 84
224 32
305 24
165 63
286 24
264 80
237 68
252 100
236 9
211 12
305 50
28 3
46 91
300 5
202 6
96 30
167 43
110 71
248 10
142 20
217 95
171 99
156 51
262 5
253 77
122 20
285 92
61 17
276 27
160 45
284 66
224 82
267 9
300 84
47 38
10 56
78 85
107 93
264 13
217 75
21 79
308 56
110 19
273 31
194 70
118 77
113 39
270 19
37 84
141 41
264 27
254 15
123 24
212 36
16 39
153 22
136 63
222 99
55 79
239 13
224 84
314 4
91 50
89 78
311 7
174 56
285 85
55 55
143 5
113 66
242 48
310 100
79 86
70 32
48 22
50 84
200 17
153 70
208 10
69 25
181 43
196 57
203 3
247 87
302 12
172 56
96 68
211 58
209 82
134 51
295 46
128 27
149 16
10 12
158 18
314 84
173 43
191 22
269 94
46 45
293 92
117 57
170 20
48 48
147 73
240 41
7 46
79 38
223 60
118 55
313 29
193 45
283 74
81 61
97 79
74 31
196 47
94 57
281 56
18 44
42 86
54 48
209 70
144 28
188 99
141 80
277 31
239 3
271 50
213 31
140 54
154 65
200 55
275 91
31 59
127 68
102 68
109 80
209 52
298 59
289 45
179 62
138 45
203 30
305 80
309 72
55 16
245 1
255 40
150 43
219 73
313 91
122 77
81 58
51 58
102 61
162 52
82 48
280 18
132 52
141 23
233 83
124 85
143 51
203 3
241 22
273 47
50 98
142 41
203 40
206 73
252 38
160 70
102 96
131 28
148 17
30 41
228 28
94 22
146 59
251 30
188 64
31 60
19 53
30 33
119 10
87 76
309 81
31 35
269 85
137 93
2 86
304 93
9 77
254 72
45 28
17 4
215 54
284 82
151 50
116 30
232 50
254 48
154 1
230 2
308 55
197 36
88 87
228 74
154 55
149 7
110 60
111 20
131 39
213 68
114 57
187 92
124 23
185 91
190 1
182 85
162 54
276 94
98 70
270 75
211 29
70 97
292 76
30 62
215 99
74 9
206 21
30 86
216 71
254 86
63 42
195 49
72 2
14 88
2 26
187 3
231 58
50 33
171 25
4 79
254 4
22 41
229 13
285 23
319 64
162 57
250 74
163 54
311 69
132 76
222 28
284 6
78 78
262 23
205 27
280 25
133 72
239 93
261 24
212 84
167 59
302 75
26 98
152 44
30 58
40 74
239 39
301 40
226 69
230 60
185 86
286 62
20 70
132 93
294 72
257 87
44 52
145 74
173 31
220 39
271 26
49 24
260 66
98 30
262 47
151 84
292 80
263 73
104 95
117 99
186 52
258 23
132 18
23 5
279 99
125 37
75 96
277 88
151 90
145 82
140 6
124 67
175 41
275 81
97 51
311 28
80 73
197 87
283 34
58 43
103 63
180 82
304 10
174 46
251 38
168 63
55 14
187 10
177 25
92 52
184 39
264 48
246 45
108 23
5 23
13 1
119 12
3 17
136 86
184 51
150 71
33 37
242 9
215 12
51 71
27 57
113 27
73 49
201 54
262 55
128 87
35 99
114 35
245 85
93 15
256 39
170 12
216 76
11 23
148 99
199 59
110 7
230 96
160 27
260 38
38 50
305 78
121 75
254 12
304 35
50 49
28 95
51 7
187 12
79 7
114 41
99 18
74 24
234 98
14 11
34 34
212 9
16 73
70 60
311 1
305 77
25 16
254 86
196 8
307 46
122 40
64 42
137 86
148 48
249 72
237 32
152 52
90 100
15 73
163 73
308 97
141 55
245 13
68 60
257 44
87 5
229 56
112 89
159 79
98 79
269 1
189 55
66 25
306 9
145 100
31 34
245 83
79 18
301 35
253 76
124 85
68 59
276 4
272 8
144 85
273 17
318 72
281 57
118 80
31 11
9 47
213 69
87 24
61 11
84 8
139 65
200 62
159 65
270 56
130 99
137 70
192 46
13 100
6 41
252 78
50 41
184 86
312 58
278 93
54 90
243 49
151 7
311 47
299 83
267 71
143 6
316 33
101 71
247 26
277 87
277 18
275 43
15 77
190 92
210 7
41 82
84 12
289 83
188 30
180 12
102 50
136 29
6 41
74 31
26 91
75 82
163 78
105 12
188 4
42 54
40 16
8 64
37 42
277 17
4 43
118 38
278 88
227 40
82 95
120 19
63 20
150 63
3 99
164 74
23 89
141 15
291 84
53 75
273 15
16 83
177 85
66 66
212 24
156 16
152 46
104 19
294 22
244 42
263 68
315 2
116 100
273 31
126 19
63 85
171 59
10 14
6 46
278 59
275 29
222 19
291 73
164 20
176 41
110 58
201 38
131 69
14 12
21 47
39 30
178 52
27 7
130 28
100 88
99 41
220 73
168 83
270 64
12 61
262 71
137 4
90 78
51 83
142 43
261 86
168 51
317 83
85 83
245 46
309 72
243 40
156 47
172 32
155 13
141 62
128 4
160 10
286 75
236 49
314 58
70 91
174 86
214 13
83 18
29 58
71 59
249 98
1 2
191 80
171 1
67 30
68 67
142 55
122 94
203 43
25 8
113 18
290 7
193 58
118 76
273 11
38 92
160 2
35 21
186 49
110 18
265 16
168 71
234 5
3 39
208 62
161 41
101 1
178 72
27 40
319 26
212 51
150 39
236 3
57 27
226 94
68 87
106 58
93 21
240 52
63 93
277 2
110 84
255 57
287 55
248 37
75 42
160 23
104 90
30 29
305 97
198 74
300 64
304 27
189 70
188 14
160 4
301 18
129 30
164 62
93 32
243 95
147 9
254 83
130 11
95 3
81 16
95 77
39 92
240 92
96 98
298 99
241 13
40 32
240 92
55 38
286 98
178 25
24 55
73 88
21 92
134 22
144 63
304 88
130 59
264 60
1 40
210 14
122 64
171 18
38 10
287 84
187 29
129 32
158 65
241 29
294 51
163 79
258 20
48 67
218 77
207 32
309 63
242 8
184 77
134 18
192 78
171 89
167 16
169 77
310 3
280 32
94 63
8 15
300 87
23 38
241 86
178 60
187 32
251 43
106 64
18 61
1 61
104 16
42 55
179 48
76 79
101 68
55 65
107 44
153 46
310 5
302 90
237 42
283 28
315 100
297 100
92 79
233 79
11 48
40 97
282 47
302 18
241 47
217 12
278 20
149 50
128 60
120 87
201 88
215 13
2 44
162 81
58 99
233 88
17 13
119 87
102 73
117 22
11 29
228 66
240 31
56 48
163 31
275 50
16 40
32 15
124 23
82 73
225 6
244 25
301 57
65 21
94 26
195 3
168 15
79 95
148 83
13 84
172 19
195 7
277 8
260 81
186 55
286 17
143 93
297 70
179 88
46 85
217 2
30 32
101 73
132 80
315 63
10 8
72 98
70 80
210 90
305 21
229 75
203 57
195 34
226 20
179 88
251 72
172 82
180 23
210 92
208 71
178 56
265 6
238 34
4 76
6 46
71 88
97 68
224 25
230 50
162 32
9 100
41 61
270 91
189 23
108 12
230 78
216 48
312 64
162 36
242 93
168 69
52 8
120 57
93 56
7 7
269 76
41 12
86 91
236 51
170 1
21 96
67 45
71 47
17 32
156 34
153 44
202 26
118 32
275 34
126 96
22 19
31 44
162 22
311 27
73 86
238 10
42 66
197 59
232 57
292 76
122 23
219 78
109 55
220 75
131 53
255 49
79 11
208 84
288 81
301 19
248 96
138 95
193 87
275 61
179 74
95 20
39 84
