9324
1647 41
1025 41
340 96
193 37
1746 26
1791 86
529 65
1469 23
1748 26
997 79
210 73
734 54
852 43
124 94
264 92
317 81
1111 81
924 38
1435 62
1305 5
1260 18
806 85
1055 10
469 12
1027 36
1617 89
475 72
728 71
1823 93
319 57
1182 63
1267 46
51 75
1357 79
1326 53
847 66
555 18
199 56
1650 88
1580 14
614 35
1400 91
1661 23
547 69
150 26
1179 71
615 55
1645 5
1471 45
1792 24
1782 85
1576 34
336 22
1807 22
1268 96
497 13
1635 8
1455 82
537 33
149 30
619 2
560 21
1296 80
77 85
523 16
1046 4
426 32
317 77
635 49
577 84
1129 2
438 96
404 87
868 47
1101 73
1836 36
1506 9
773 41
661 67
990 19
381 20
1348 53
218 5
1339 18
1162 34
1010 23
1801 31
1007 99
488 90
1406 58
1861 66
1439 47
58 34
534 1
1860 100
918 2
456 46
155 39
1606 75
341 10
521 92
1499 63
38 65
607 98
26 87
965 76
1626 83
873 39
1408 38
1394 64
1601 71
1250 81
494 47
1580 11
254 67
562 97
66 11
1329 5
545 8
903 79
1647 11
1316 98
1513 23
1465 33
811 45
861 65
961 6
224 84
1313 95
619 97
222 76
1427 40
1424 99
438 49
1547 47
634 56
914 8
182 17
751 7
335 51
1169 50
365 100
770 64
1699 25
806 99
1655 26
59 79
636 87
43 45
1750 22
876 84
1838 36
590 93
1523 46
51 1
1377 79
1489 74
1299 52
551 5
1854 66
327 95
888 11
978 81
1719 10
1549 7
384 16
1289 45
135 21
1170 6
1788 99
605 46
1626 21
828 79
164 63
497 45
184 32
1277 45
773 82
1376 20
1452 75
1622 11
547 51
143 96
1288 72
5 66
1235 84
1479 47
1463 97
283 11
1639 53
1394 3
1503 68
311 42
625 43
1663 77
1125 51
1174 93
45 66
363 4
178 79
431 67
734 82
730 21
269 99
608 3
928 42
61 9
79 38
821 14
1093 85
1508 92
914 98
436 53
1622 61
1834 50
360 80
1403 69
1699 86
918 27
1384 80
255 83
419 86
912 76
468 32
1073 73
1397 7
1857 52
1814 61
1845 51
1488 43
823 49
983 40
196 12
329 15
100 86
1681 54
289 54
663 37
70 56
428 53
1600 67
1354 43
367 74
945 98
1572 36
805 4
1423 22
821 4
1154 20
379 31
422 76
724 56
760 30
1528 32
578 41
863 14
678 33
1738 32
1367 14
1579 26
1859 54
1223 79
1449 65
1530 62
463 28
792 86
1615 88
834 5
368 100
1026 87
1374 57
1140 28
908 45
1695 34
1154 65
664 20
1255 83
715 8
628 9
960 95
40 77
1510 37
1166 94
429 1
1000 61
429 26
154 32
1456 80
732 99
283 21
845 75
1788 72
499 85
601 48
536 38
1411 46
1036 56
1572 57
464 67
788 7
428 98
278 9
164 51
231 68
749 43
259 68
1092 36
500 22
1477 46
277 64
525 16
26 47
100 92
1390 50
1713 90
1023 2
1554 15
567 43
446 8
936 80
829 71
1092 44
1504 46
97 61
1570 47
376 76
1412 32
1213 59
1125 6
1166 15
498 1
1156 2
178 21
756 55
1283 66
156 56
1174 89
496 81
1548 47
1309 14
136 14
539 41
548 27
1700 39
133 10
831 19
963 39
1851 92
1277 21
1128 22
1776 51
144 13
899 26
1554 7
221 95
189 70
1450 57
355 16
130 97
1709 94
1758 61
292 89
492 77
790 23
1682 96
1596 77
133 2
1118 41
419 89
1597 21
1149 52
1252 48
1590 56
1256 70
1736 90
291 25
67 33
542 28
1187 96
767 25
1820 44
1279 51
1261 69
1139 43
763 20
210 15
819 45
318 41
650 45
1209 32
273 62
908 82
125 6
1416 79
445 99
1033 35
268 34
1695 54
1104 55
982 10
316 99
1216 41
1148 50
264 67
940 90
736 18
98 87
863 15
720 58
746 10
370 45
781 79
1471 36
935 83
1270 17
686 61
259 38
1390 40
1843 17
541 57
958 85
452 75
1508 36
416 74
447 60
984 5
849 4
560 38
1208 82
4 90
909 92
118 37
408 45
881 93
597 99
1322 32
57 78
1466 42
647 95
59 94
787 59
1334 40
839 65
1538 97
1574 84
888 57
1189 21
725 68
171 48
318 59
1171 70
1523 55
1650 27
1819 61
1511 79
1196 33
557 75
1232 55
146 26
1521 31
706 38
514 99
1060 81
401 98
927 68
1111 55
1792 44
1666 100
508 12
725 35
711 3
612 53
686 64
610 88
1212 60
1763 34
240 4
743 36
1117 14
1273 2
418 82
808 58
1583 47
744 9
1401 99
606 97
602 57
466 17
920 36
1667 62
239 88
596 29
601 72
1660 50
1648 26
1441 73
1528 49
573 40
1490 24
146 54
1548 4
1286 44
124 13
1752 20
1289 39
37 31
550 7
462 18
1649 99
1383 39
167 91
885 70
670 20
981 13
410 51
901 24
1705 27
1216 20
291 20
27 24
182 86
1144 95
963 96
41 94
340 24
1162 79
1247 79
374 16
597 55
1718 39
391 6
276 90
1554 66
1661 41
1039 45
1570 43
813 38
107 28
473 44
1398 84
1436 4
281 60
1780 32
466 19
659 76
364 26
1230 92
929 27
636 95
1205 38
1003 56
1314 91
1264 57
342 36
25 13
452 88
939 92
456 18
314 81
1486 12
986 69
287 63
644 21
1142 64
693 92
1613 65
287 52
1533 22
753 73
1297 71
146 5
1211 24
1525 35
1096 11
1286 43
1259 93
1817 68
50 64
1213 43
1206 25
1570 35
1260 72
126 7
31 15
1092 36
221 22
1571 93
154 90
256 2
551 3
987 55
1490 43
1309 81
395 28
348 42
1378 30
594 40
333 3
461 18
1644 57
1393 37
666 39
1248 14
1460 24
1301 75
1167 45
717 19
447 44
1395 73
1455 32
648 60
1278 83
395 85
1715 50
1521 99
353 52
1079 30
1014 93
1064 5
787 26
297 67
1688 23
1612 95
390 43
1702 72
268 62
1163 64
637 72
974 43
422 72
725 1
1193 8
434 14
750 67
361 97
1255 63
1319 48
550 28
1341 43
1198 23
1129 61
155 5
1839 4
420 57
943 80
794 70
575 21
583 12
1482 89
1281 44
1613 34
83 69
815 68
840 28
1853 8
1600 13
107 73
1485 87
804 39
1414 64
1496 89
974 51
1064 16
802 65
730 56
265 7
1404 6
1138 14
1763 59
1156 30
1470 17
861 15
1602 34
1381 76
905 40
1066 7
1358 51
1814 23
160 9
1400 66
1595 15
1566 32
1313 60
757 88
1684 37
337 53
864 2
1074 1
1373 16
1275 30
640 84
1759 68
881 17
72 32
175 82
1806 64
1619 15
1224 83
1378 54
431 43
703 50
1185 46
1300 18
781 49
798 63
1018 59
516 51
91 52
1803 89
1740 98
137 8
1731 78
1526 77
1694 91
1736 10
300 69
875 57
399 57
726 73
1656 58
865 84
568 83
1362 96
366 79
1849 7
172 40
1246 83
615 26
1823 98
338 34
1627 15
359 22
1146 11
1151 42
1641 21
665 6
460 18
487 58
507 97
1184 42
716 94
1476 33
1720 22
40 91
526 85
1582 83
26 26
191 25
686 40
807 96
1498 59
692 63
1178 44
757 21
1502 71
655 80
234 8
1069 83
92 58
494 11
1566 10
309 79
1417 84
645 99
562 95
109 88
430 50
168 55
1460 29
1254 98
1496 51
491 89
1726 49
1425 77
175 6
399 6
1021 41
107 100
722 43
739 20
1705 6
524 3
1568 70
99 56
1349 47
1596 62
107 83
654 67
276 87
1518 100
1246 20
1563 53
815 80
1771 72
845 61
180 86
1015 25
1431 25
1326 75
1730 80
626 64
1862 10
217 13
619 87
1357 37
493 45
1227 76
197 11
105 54
816 24
1164 49
1163 73
542 61
154 48
1311 63
594 81
165 15
1397 76
235 48
1813 63
672 38
937 96
974 94
1845 89
1435 40
599 100
559 91
1044 94
1433 86
1446 75
438 9
478 14
1204 73
1124 45
1772 1
321 35
356 50
1821 48
622 68
1738 82
717 79
135 74
1434 56
1576 40
535 6
716 10
821 57
352 67
158 25
953 76
242 74
413 29
1780 61
865 19
1405 65
915 88
1514 36
927 42
1790 61
1457 79
437 52
1204 94
1850 75
361 61
1720 31
37 2
385 8
54 97
1270 32
1466 9
615 18
555 38
192 78
1337 74
281 3
1384 3
1523 30
1847 32
11 12
1355 42
1169 31
591 15
1038 88
139 73
1499 6
307 39
1713 78
457 4
392 50
1494 13
1455 47
1505 39
1711 59
405 84
1841 2
578 9
716 13
268 74
695 94
1509 75
1007 58
1461 83
1731 63
1318 55
130 82
208 61
1716 27
1275 80
109 62
1519 18
577 49
899 59
1336 60
1541 65
1622 97
908 21
1272 9
272 6
1483 65
986 24
314 85
178 8
1377 85
1307 72
114 38
855 48
800 15
989 45
1219 65
257 39
638 45
456 39
505 33
546 95
352 57
675 6
1584 70
250 19
1351 25
1145 52
570 83
1849 28
166 26
1765 96
176 96
1865 21
1409 12
821 54
1322 58
526 3
98 65
1092 20
714 17
1743 3
1350 91
672 95
1090 56
743 87
1611 19
74 99
1087 42
506 85
26 70
1271 51
1675 73
705 95
1579 57
1823 52
1094 66
1329 68
880 5
1468 40
1686 88
52 47
1457 29
578 45
1332 15
705 2
271 55
129 2
1173 81
1859 97
1442 29
1025 61
1427 83
1074 42
1285 67
1475 33
929 66
1706 90
1762 5
1804 26
201 60
1161 28
288 37
361 6
85 89
1387 47
1279 52
1081 52
877 96
249 7
891 41
953 87
1063 65
1119 69
804 88
1478 41
113 62
103 99
1247 23
785 93
1555 26
215 68
1078 73
1049 89
55 23
475 25
627 8
969 9
1688 11
602 85
1473 32
852 68
794 17
1487 42
335 16
1864 76
270 19
1345 91
1462 94
703 58
1771 94
487 58
1100 15
1372 93
913 7
906 34
956 44
1071 28
1848 75
1691 79
1170 99
1251 85
518 6
400 87
231 90
498 50
731 50
805 100
1136 21
979 27
1230 1
1040 78
782 65
891 80
668 10
1487 55
59 37
492 5
1490 90
781 57
799 53
1030 24
757 26
1480 74
1630 24
1762 62
1322 74
1019 68
760 33
751 9
207 19
678 14
1544 93
1266 49
1830 11
1508 100
1717 24
661 12
1531 65
1540 74
1597 36
1843 17
984 58
146 53
576 92
406 63
1073 28
465 56
1845 93
1197 20
554 39
993 4
1278 94
297 74
1417 86
1070 39
220 57
573 35
790 100
1171 72
689 71
559 17
711 96
860 62
1484 72
1251 19
771 23
1222 45
1741 35
718 72
381 78
1619 27
990 81
1724 46
335 65
992 83
732 75
828 4
1199 17
462 39
1739 94
1152 26
281 27
696 94
1185 56
590 79
967 8
509 34
1504 16
1527 18
183 26
464 48
1648 21
1147 24
1451 26
773 7
495 40
972 56
433 88
197 97
103 84
1668 24
528 17
421 49
1432 56
845 70
580 30
633 40
1630 39
709 10
232 100
1126 64
689 19
1509 88
1163 12
628 13
1145 41
23 93
1341 42
35 28
1543 11
268 27
1817 79
1486 85
1322 78
136 44
667 35
193 73
439 1
342 92
189 33
257 56
1613 20
1107 59
752 9
1791 79
797 1
359 52
1283 94
225 1
1022 57
1104 20
1282 47
1511 91
1528 34
1410 2
940 35
1608 76
130 68
1723 2
1492 47
1595 80
804 86
995 66
615 40
1842 26
1563 34
1340 7
773 25
944 13
1602 49
569 89
1163 57
1462 59
787 11
474 79
500 33
814 100
1482 16
1159 21
887 100
1355 7
999 3
452 20
935 67
201 51
99 51
496 82
1802 65
267 100
721 80
518 69
891 25
15 58
225 14
424 7
1086 96
699 83
514 60
906 41
1020 3
337 72
311 27
1777 58
1613 26
194 63
1109 21
431 7
740 86
1300 96
195 67
1424 4
1003 39
1204 83
366 40
931 99
1833 28
1159 11
540 75
99 52
1638 84
1792 29
769 46
1682 92
1827 36
1824 79
293 33
693 71
1666 30
1150 99
1265 35
133 84
1497 64
381 100
317 10
723 34
1686 20
217 35
1784 89
1061 21
1440 99
1121 49
819 44
1314 26
37 68
613 92
93 49
1829 6
1420 95
1074 65
1003 100
782 12
741 52
877 32
1549 1
595 20
1004 85
313 2
1818 11
1480 34
398 40
815 60
1754 28
124 80
253 50
976 10
645 16
562 45
799 24
871 17
648 47
516 25
1759 49
250 62
1081 81
420 82
1517 57
455 31
1364 81
898 28
1153 97
224 18
873 70
1307 59
262 10
115 65
763 11
220 24
1559 55
155 34
920 83
1393 3
817 28
257 89
289 10
1040 51
96 100
1339 40
1591 81
94 42
52 47
831 43
798 14
27 14
204 60
729 70
504 83
1189 48
939 16
339 46
1851 99
1210 39
308 65
1598 33
1765 48
412 58
36 93
338 71
229 71
1375 97
1353 17
778 1
43 33
723 12
1842 3
1312 45
1078 98
301 9
1793 35
1200 27
1546 34
1589 86
1349 79
1014 20
1836 23
1731 39
1447 61
1228 77
1573 93
319 69
1383 73
1636 64
1141 83
1339 38
675 84
503 81
918 78
1332 2
1477 19
1440 18
1174 73
1418 75
1328 11
976 51
1121 34
165 55
892 54
998 56
971 51
1064 24
1374 85
729 20
573 77
140 61
483 60
1413 87
697 49
1571 55
842 6
449 83
306 47
413 18
1441 19
89 96
1608 21
265 50
751 63
605 84
1101 77
861 45
1694 33
930 84
1665 93
1413 15
185 84
781 2
13 82
1794 59
722 92
434 18
314 52
911 9
485 33
842 50
874 94
801 47
229 67
890 2
1123 28
565 39
812 2
88 60
1589 30
558 83
668 34
379 97
385 66
1608 68
620 8
1405 31
792 70
1101 75
627 31
304 29
45 18
563 3
996 70
318 19
122 50
707 13
1379 81
36 25
1439 32
1204 45
250 23
173 77
1225 68
1863 13
984 86
1731 92
50 86
959 30
1550 14
221 71
362 99
669 80
542 7
1130 6
1562 35
228 48
260 87
854 26
908 8
1031 14
1554 31
185 54
1181 99
1479 57
110 97
539 70
215 1
1467 28
207 42
1076 91
538 2
1617 12
1160 76
182 81
1439 81
274 91
1521 86
1501 82
1651 13
93 64
1382 73
1824 30
1704 93
1116 48
1355 71
278 8
1690 15
1505 73
202 20
821 8
1130 71
798 57
786 49
825 36
1169 66
139 40
380 26
628 94
291 21
322 94
541 46
1724 54
1342 23
359 72
515 8
645 68
1079 69
708 22
625 52
630 49
1314 85
527 11
828 61
911 60
1399 99
496 72
822 4
1203 92
469 18
1482 67
365 6
1462 50
540 14
1155 88
681 32
547 50
1516 3
1293 80
918 67
369 60
342 29
639 62
771 1
102 80
1622 23
1330 31
1253 71
1671 56
275 40
1601 36
1353 85
24 53
970 69
996 42
761 51
354 65
1211 30
1287 29
367 18
368 92
1078 11
569 70
67 88
1615 33
1799 70
213 41
879 89
1254 9
563 13
1824 16
782 6
471 31
478 48
853 46
1323 44
730 45
1010 68
653 89
1336 54
1217 59
159 74
1361 81
1038 57
1037 86
1438 59
713 46
243 69
484 16
930 31
1538 69
1090 8
666 94
1825 1
1208 13
787 62
1416 75
47 28
1795 18
1397 6
1070 69
1371 80
346 25
1187 40
1256 64
1483 84
486 93
521 72
1819 92
436 2
1609 90
1179 55
1440 43
932 44
1805 30
749 96
990 41
1420 33
1676 54
381 14
1338 69
1373 93
989 100
1765 1
32 39
1308 28
865 73
1864 16
1179 89
930 64
204 56
147 53
1529 29
1640 21
559 98
458 20
870 39
1460 76
119 15
928 2
1701 35
1500 43
815 35
401 3
909 29
1044 82
795 53
333 67
969 59
1509 50
958 35
457 52
1833 35
230 19
199 95
196 97
287 8
1476 69
1251 3
84 38
787 35
1624 62
394 25
525 65
829 67
911 18
614 91
1454 2
1222 5
1044 64
561 25
365 82
1345 67
1722 68
153 65
1352 97
445 83
179 40
1838 20
87 23
711 8
166 4
1280 99
941 1
1211 98
363 81
1317 15
733 57
1747 18
482 89
267 23
685 16
288 88
858 75
1008 42
972 82
1078 62
13 49
234 87
1625 73
15 2
67 51
822 42
1005 49
603 50
570 9
1075 93
1463 95
669 40
269 8
1366 78
1463 97
1083 21
534 92
1136 99
1163 75
345 100
889 67
1741 31
639 5
23 98
1186 39
698 11
1669 76
1463 39
1488 55
1581 18
748 59
374 1
820 49
1718 34
698 31
777 95
1697 42
779 76
995 82
1282 15
286 27
81 23
787 97
688 12
975 2
1505 32
142 25
894 81
978 76
572 82
1001 79
1749 14
1525 80
292 8
1456 85
1803 22
883 28
617 48
