254
20 8
18 89
1 9
12 94
46 37
45 14
7 84
26 52
9 30
37 72
33 78
21 46
1 54
30 63
50 7
28 18
10 28
49 70
15 53
10 63
11 64
51 53
26 88
26 6
9 18
5 43
46 5
43 34
37 65
23 14
44 26
49 20
15 20
44 17
16 44
1 24
4 42
35 63
21 18
15 97
11 55
36 5
32 31
23 19
45 2
42 20
19 69
36 3
27 24
41 85
30 56
45 74
18 46
48 72
41 92
41 28
16 21
50 99
49 71
19 88
37 15
35 63
2 15
48 75
4 89
12 53
5 43
26 63
17 27
5 17
40 81
13 61
38 97
8 93
39 11
26 100
49 7
46 4
16 20
40 49
24 58
9 55
18 89
28 46
4 1
4 68
46 57
45 42
47 54
46 6
20 23
44 78
20 18
18 66
32 33
45 89
35 88
46 25
28 25
25 19
46 99
32 32
5 38
4 78
30 40
30 31
9 37
24 92
48 78
49 75
26 4
27 62
21 97
10 32
12 50
33 57
46 10
20 91
24 81
23 33
43 80
6 15
10 62
30 78
32 77
26 19
21 5
31 57
22 79
1 98
5 99
9 36
36 21
3 83
42 100
4 91
37 35
31 73
4 74
47 79
32 48
7 37
32 65
10 92
35 59
44 32
29 75
36 16
49 28
31 100
44 88
29 20
28 96
35 31
49 84
39 91
32 35
9 56
49 29
14 18
34 77
39 70
50 100
20 89
25 87
34 46
33 29
48 75
26 55
18 18
24 85
28 48
23 41
37 1
24 44
31 10
48 16
46 28
3 89
51 17
35 44
49 67
50 58
1 91
13 1
49 53
28 74
46 24
17 89
34 78
35 41
31 77
35 50
1 10
35 2
32 50
12 71
40 8
4 59
46 94
29 97
50 69
8 92
7 63
15 64
42 95
49 68
26 45
7 27
3 31
36 15
31 55
20 98
3 4
9 16
48 49
14 38
13 47
9 31
41 57
7 43
11 71
40 35
28 71
5 33
36 50
5 28
41 81
37 100
22 21
11 23
13 45
27 23
46 61
38 61
14 54
38 28
15 92
16 23
31 42
42 93
12 40
35 66
19 56
44 33
11 37
40 3
4 3
22 25
14 8
1 90
3 87
10 30
47 76
5 30
13 99
49 71
6 64
51 5
12 94
20 58
26 47
29 22
50 90
44 74
10 46
18 10
15 26
28 17
12 23
47 83
3 18
10 85
30 54
46 14
14 47
37 38
45 19
39 80
19 98
26 41
6 78
12 72
5 53
26 23
19 38
27 1
3 99
16 81
12 43
22 89
17 75
22 20
7 65
44 72
31 67
8 94
16 11
32 54
17 55
44 49
2 42
46 99
31 32
16 70
24 9
36 53
37 18
50 5
46 56
25 7
12 33
2 38
11 75
8 48
31 89
6 77
47 56
36 14
8 78
19 68
1 88
30 17
2 16
42 35
16 55
21 40
7 79
18 10
30 47
34 37
38 66
33 91
44 22
15 36
9 71
9 67
18 65
27 22
31 3
33 51
47 86
49 34
7 24
5 80
5 95
31 50
19 20
50 20
45 69
51 3
23 29
23 50
2 73
22 7
47 80
5 29
11 48
14 47
32 8
35 3
14 30
26 3
5 49
11 70
4 49
32 67
35 20
25 21
18 30
43 41
46 81
15 70
2 11
15 89
22 43
40 6
19 2
21 29
6 28
15 11
36 70
30 17
12 86
49 62
7 72
6 46
4 18
6 88
37 24
20 95
9 73
13 69
1 37
44 60
20 72
24 71
32 7
4 68
47 98
9 88
35 92
43 34
10 98
29 49
18 40
10 81
22 87
28 76
23 99
22 97
45 84
49 79
33 74
38 32
51 81
48 41
43 74
32 29
33 28
10 93
7 8
37 69
43 60
42 89
8 8
10 32
18 96
38 47
4 28
51 71
1 68
39 2
24 35
6 85
49 35
27 21
21 48
33 79
18 95
49 93
9 38
13 81
45 64
48 43
24 79
6 69
42 11
48 67
41 69
5 20
38 20
15 50
40 59
23 23
31 65
30 59
39 80
33 97
25 53
4 59
6 51
20 78
7 97
4 92
9 9
42 89
16 41
33 61
39 8
28 84
23 19
43 4
17 89
31 42
51 65
13 44
44 49
33 14
9 41
48 56
9 53
3 53
46 49
11 50
43 47
21 80
28 78
6 43
25 45
51 83
1 66
29 77
17 70
12 3
19 88
2 21
31 4
44 45
46 81
30 94
32 7
38 60
26 36
41 33
39 76
32 50
34 68
39 13
26 77
25 48
16 15
14 7
44 62
36 6
34 20
21 46
39 39
8 58
40 14
21 69
9 65
42 89
17 89
12 91
13 80
46 55
20 40
17 53
39 22
51 6
2 67
26 57
40 51
4 61
48 19
26 24
46 8
7 34
10 73
17 100
4 90
18 11
13 16
13 95
43 8
44 36
22 11
5 47
27 26
27 48
11 49
23 38
50 26
43 23
25 20
38 57
33 33
10 17
22 29
8 65
29 71
39 3
34 64
33 67
9 64
38 84
6 56
13 38
6 23
45 83
9 38
27 30
50 5
25 12
27 61
51 60
48 25
10 47
43 86
2 43
22 73
34 76
45 87
26 38
25 96
37 23
21 69
33 50
19 35
16 35
22 61
26 90
50 55
37 3
29 39
28 16
16 88
50 79
21 60
11 3
13 15
39 47
22 58
40 98
19 31
40 61
35 93
13 54
15 48
9 51
4 45
50 37
7 35
48 65
13 75
2 70
19 24
11 23
35 91
40 20
10 92
47 44
49 13
10 63
48 41
8 35
49 69
38 24
41 33
19 67
49 9
47 91
5 92
40 83
44 51
46 49
45 57
47 80
25 40
15 9
28 13
38 18
8 62
5 54
5 34
26 23
20 93
3 73
1 68
16 21
38 8
8 78
11 47
30 17
5 86
2 24
49 95
11 29
8 40
47 3
36 40
21 45
17 28
4 40
15 98
50 9
10 21
19 74
31 38
19 71
13 100
45 73
44 91
40 12
13 11
6 98
8 68
35 51
38 99
21 96
22 1
40 83
34 85
46 91
33 94
12 67
50 85
11 1
27 9
5 53
4 69
26 34
25 35
49 71
48 68
8 2
43 46
46 52
44 25
32 59
40 11
51 69
23 2
34 36
21 78
29 10
28 12
39 14
11 51
42 64
23 23
1 5
41 19
43 59
8 93
39 21
30 51
51 41
24 95
23 38
21 46
1 55
45 73
43 51
17 53
17 6
31 40
47 33
38 29
8 90
26 65
43 43
33 61
24 83
43 96
9 78
4 97
24 97
24 12
23 22
43 48
21 72
16 86
39 64
39 13
26 30
20 57
8 8
22 69
48 67
37 45
42 97
18 50
15 23
31 30
46 100
18 88
23 44
50 17
13 78
32 13
37 11
33 41
30 91
29 22
20 90
35 7
43 92
44 40
43 83
10 70
35 57
51 9
20 29
42 45
2 35
30 56
17 5
17 84
25 84
37 12
34 1
8 39
39 88
14 18
48 47
28 15
48 8
2 35
46 88
9 90
10 94
1 39
37 45
3 98
17 49
49 49
16 98
10 37
2 1
15 27
10 88
46 91
23 15
18 65
36 95
40 86
44 80
30 16
5 26
14 12
44 76
44 48
21 51
15 67
47 69
38 81
24 32
39 3
44 37
48 44
39 84
48 74
51 13
21 64
28 25
9 12
8 52
44 50
1 46
31 35
34 24
24 13
23 99
4 38
36 66
2 25
34 19
1 80
26 39
8 86
46 84
27 85
49 92
47 72
9 40
24 82
50 13
43 43
34 70
8 48
16 59
31 65
25 97
28 8
34 63
14 26
11 97
22 43
13 86
22 63
50 43
51 50
19 20
8 30
24 12
41 33
4 48
8 21
44 69
11 93
7 94
50 11
45 69
31 89
19 95
49 41
23 92
8 41
51 54
24 87
27 39
23 77
18 97
30 8
23 77
15 33
50 16
48 48
47 17
12 6
6 76
24 100
41 19
45 36
37 56
6 78
31 79
40 82
1 94
48 68
36 54
4 29
3 12
25 92
3 6
17 75
32 47
48 77
9 33
40 63
33 61
27 19
48 9
29 66
10 87
15 2
37 39
21 76
43 50
36 98
23 68
29 8
51 59
44 77
15 47
21 82
8 83
50 51
17 87
22 98
4 92
28 57
32 97
46 98
50 99
17 28
25 66
4 60
50 82
8 56
42 30
13 17
5 86
47 13
19 61
12 97
49 46
20 32
36 27
29 70
19 8
37 11
13 49
26 83
21 97
36 81
6 82
14 89
6 24
42 8
44 78
11 95
32 61
38 78
1 74
5 30
40 39
17 54
46 41
17 93
12 69
33 7
1 31
36 92
36 67
42 32
28 1
33 4
23 36
47 26
12 88
47 19
28 37
23 89
38 64
39 93
21 14
9 74
42 54
13 27
33 25
10 24
17 13
39 70
35 92
31 77
31 98
49 92
9 60
46 74
47 22
47 6
36 80
45 41
42 53
3 43
10 65
19 82
11 2
22 84
25 81
13 57
38 27
33 1
43 23
46 19
26 39
3 1
22 28
12 51
10 53
47 100
5 98
50 48
11 86
47 55
4 17
39 71
25 90
36 32
3 38
45 68
9 9
1 21
4 7
17 74
40 34
27 16
5 78
23 87
40 65
16 74
9 49
40 12
46 30
6 19
1 14
51 27
37 2
33 17
28 31
21 84
45 49
34 1
16 65
50 57
46 76
28 47
16 45
45 52
3 93
23 58
32 87
32 85
44 14
4 79
10 57
37 80
44 96
10 37
39 97
42 32
37 58
49 50
50 91
47 54
30 20
46 62
7 55
46 6
3 39
15 84
10 38
36 9
11 20
38 81
26 87
13 97
50 62
26 97
28 61
24 97
26 24
47 86
50 88
11 7
35 42
14 99
18 20
6 78
8 16
49 21
14 79
11 54
48 2
10 76
48 20
16 29
49 35
23 67
20 39
12 34
40 9
44 99
23 98
24 100
30 89
9 39
17 41
11 60
22 61
35 21
50 9
11 25
3 56
35 94
32 84
35 45
10 8
49 90
30 72
34 89
12 19
51 51
35 76
27 76
30 18
38 28
45 30
43 32
27 54
20 48
37 14
7 24
45 45
7 26
11 50
49 29
28 24
39 89
41 73
51 23
10 71
43 78
19 15
49 93
16 98
18 13
44 38
12 16
51 2
24 81
20 59
32 17
49 88
10 1
49 99
28 35
1 20
36 11
37 79
50 63
45 46
42 25
20 1
15 52
35 48
20 30
17 5
51 26
46 48
27 60
15 55
27 15
40 47
48 94
50 98
16 70
34 35
24 55
7 58
44 66
18 23
19 18
35 18
29 32
40 17
14 40
43 52
30 10
1 99
25 92
20 14
41 91
42 31
50 63
40 18
47 90
8 46
13 69
7 76
2 24
7 32
16 68
11 21
8 63
31 22
6 80
37 47
49 67
43 32
51 71
13 41
15 71
16 40
47 72
7 79
46 65
7 7
16 88
21 7
44 60
28 5
21 54
36 70
12 47
31 59
32 37
14 64
27 28
39 12
38 94
9 40
48 31
7 19
35 65
7 96
9 100
4 43
48 40
28 45
34 22
6 17
10 15
11 28
15 80
28 57
24 16
29 82
3 79
23 25
42 32
27 82
23 39
39 91
39 98
32 40
20 39
20 34
19 89
20 97
37 8
3 27
43 53
45 19
45 63
20 13
4 90
6 48
10 26
34 69
17 57
6 100
21 15
51 39
39 83
21 28
36 66
2 57
1 83
5 13
42 38
32 88
5 33
50 12
1 31
48 87
12 47
24 76
23 79
47 65
10 22
21 31
22 99
33 81
30 50
21 56
40 52
25 91
43 45
3 98
26 60
16 84
17 26
30 14
32 49
49 29
21 50
19 30
44 49
51 91
46 80
42 19
45 40
6 84
32 67
36 65
13 4
30 74
44 85
23 71
21 73
48 12
47 2
49 49
47 55
19 34
40 58
38 86
42 36
47 77
19 48
28 21
27 17
29 99
49 54
3 56
45 89
15 46
36 87
24 14
33 21
3 67
30 18
43 67
5 32
20 84
23 48
26 41
4 23
10 75
33 46
12 91
37 26
40 33
37 55
17 24
5 50
40 72
28 27
38 68
48 77
9 87
23 75
37 89
38 63
19 46
16 18
30 68
48 19
27 46
51 15
22 8
18 39
38 62
28 6
35 80
27 22
20 39
27 88
20 78
47 21
21 58
2 25
39 5
4 22
11 4
19 52
36 57
19 87
21 56
47 44
12 70
16 88
48 9
10 89
24 45
51 62
19 92
16 99
29 59
35 81
28 12
38 60
45 70
48 49
16 90
11 79
12 76
24 6
4 36
20 19
35 25
30 61
16 85
7 18
2 22
16 17
21 41
18 86
13 60
24 20
13 2
31 77
4 36
4 3
16 88
9 11
25 19
41 33
1 66
49 71
17 78
51 9
10 73
41 53
23 74
3 1
1 33
25 62
7 19
18 38
30 52
34 91
20 47
27 98
41 31
51 95
3 16
28 92
40 2
41 85
48 49
1 6
31 70
42 26
30 59
6 15
51 14
20 32
41 2
34 70
26 41
30 76
40 68
32 7
9 88
25 22
39 50
51 12
35 81
26 57
31 61
3 70
39 25
46 34
19 20
2 41
27 35
18 50
48 75
45 32
8 55
11 66
36 61
35 3
7 73
46 73
19 39
5 62
34 17
42 6
16 98
51 49
41 81
10 91
39 81
1 54
14 26
39 37
35 5
4 49
47 27
3 98
27 57
2 24
29 17
35 79
5 28
51 28
10 31
42 41
27 81
28 22
11 21
1 12
24 30
11 80
7 85
51 85
32 48
27 31
14 53
36 49
40 48
44 96
30 10
8 48
38 65
42 63
33 76
11 32
7 39
21 32
18 81
37 18
33 2
13 20
34 83
37 3
49 79
28 51
23 92
34 47
30 56
4 29
49 50
32 21
42 49
41 34
24 89
44 91
27 17
51 40
49 66
8 88
17 30
33 87
31 13
5 83
22 70
3 12
37 88
4 2
29 15
13 52
31 96
47 15
19 64
22 34
41 29
16 3
43 12
33 82
30 82
33 60
49 4
1 78
17 55
27 100
28 15
36 43
9 92
50 2
46 87
4 37
28 88
7 45
47 75
17 47
23 17
14 89
6 55
37 57
33 78
37 3
16 70
42 69
14 89
40 30
24 3
28 43
29 70
26 65
8 20
45 41
31 37
40 55
49 11
34 9
45 4
24 27
34 62
47 20
21 49
25 83
41 100
1 17
27 53
51 27
44 26
39 56
7 50
2 47
8 91
3 29
16 38
21 23
45 23
50 62
7 63
39 4
23 36
14 82
39 47
18 91
47 51
29 35
11 29
46 8
46 5
2 66
28 38
17 82
30 45
20 30
42 99
50 39
18 6
35 46
6 99
20 34
5 69
25 21
30 3
5 80
15 41
17 9
20 6
7 67
29 43
1 76
32 87
29 86
3 42
50 88
5 71
13 70
50 68
18 79
49 40
39 45
24 54
11 86
31 66
42 67
13 9
7 24
11 93
37 16
37 42
27 34
27 79
6 83
38 60
5 86
39 25
19 6
5 51
17 74
6 85
1 61
34 79
30 4
6 87
37 54
6 26
39 84
36 46
50 69
24 1
43 92
10 46
1 88
36 78
49 66
24 78
23 87
34 51
32 37
23 17
12 45
23 29
20 24
26 55
1 49
16 65
25 49
48 27
19 21
40 73
43 43
21 98
42 89
36 24
10 84
50 61
22 62
25 23
40 42
28 79
39 11
18 4
24 94
35 5
14 76
20 97
21 38
39 87
11 29
43 2
17 50
19 24
36 96
26 5
24 81
41 86
44 2
14 39
50 78
12 51
49 67
43 33
19 39
33 35
44 46
10 66
8 24
