918
153 22
21 14
95 57
142 93
15 47
153 68
177 23
141 32
99 76
137 22
41 16
18 94
124 100
152 20
9 92
42 60
2 46
181 67
91 74
143 31
45 38
163 72
125 19
65 52
1 47
65 10
176 96
144 83
103 16
4 89
16 11
45 37
141 89
136 9
94 37
51 62
8 23
96 17
172 78
48 28
178 75
144 44
37 89
96 67
104 31
22 39
95 38
30 95
141 31
167 37
118 24
164 25
145 1
24 92
84 29
115 6
38 63
138 58
177 28
53 43
40 44
175 77
71 16
87 73
32 13
13 5
56 88
104 33
79 62
14 39
160 27
111 5
25 75
20 1
144 77
56 17
97 52
138 57
181 49
43 62
60 45
164 50
150 86
18 87
22 79
169 40
91 32
144 57
76 7
50 71
72 78
22 7
169 33
101 46
12 11
21 31
8 26
148 14
169 44
168 56
170 90
55 61
140 23
26 20
183 87
156 92
146 49
82 53
58 44
73 72
71 21
125 42
13 57
81 77
116 25
130 68
65 97
137 22
143 69
86 26
47 21
92 13
35 20
37 3
112 10
21 60
124 67
127 19
34 78
133 1
90 37
96 15
116 80
83 59
88 27
93 90
59 52
32 54
159 59
67 77
146 56
58 30
70 55
129 16
141 27
162 37
8 100
4 99
5 38
177 35
20 59
23 61
15 8
11 7
79 86
105 59
52 41
6 47
106 14
101 62
158 57
42 12
175 43
55 30
124 72
73 73
50 32
123 78
103 8
181 38
137 24
154 28
4 42
14 90
59 78
85 80
55 58
28 86
166 79
184 26
104 65
59 51
18 85
128 62
149 71
141 9
54 21
172 20
15 67
143 31
180 31
29 92
134 77
154 71
92 24
123 69
150 89
173 23
19 19
112 1
89 41
143 67
115 9
167 53
128 81
132 31
22 33
149 62
178 96
178 83
88 20
132 76
100 97
137 86
115 23
140 87
108 53
116 70
65 60
39 58
125 82
41 61
112 63
126 65
120 20
81 31
131 88
17 48
171 9
42 20
126 44
69 45
82 17
126 48
85 27
71 19
82 69
114 81
182 57
90 1
66 22
152 37
18 20
115 8
54 59
85 8
155 17
21 63
51 23
118 21
152 78
42 47
62 33
83 12
27 21
73 39
68 34
19 81
84 80
101 44
75 65
165 30
130 21
92 6
147 58
78 93
81 62
1 26
13 65
32 41
134 39
22 5
34 22
111 18
132 93
85 43
37 72
115 92
100 92
28 26
33 31
136 16
64 69
132 67
9 62
89 55
133 91
168 53
80 82
13 90
42 75
87 77
181 30
129 78
184 43
124 31
66 22
159 2
147 9
129 52
135 58
151 25
125 13
159 76
175 13
80 22
153 96
148 50
139 69
13 29
35 26
51 38
152 51
116 18
148 31
101 7
98 40
129 57
156 63
81 75
65 100
158 10
142 27
170 79
76 63
77 40
170 86
131 32
133 13
118 92
93 30
144 12
184 83
38 82
18 74
175 37
181 59
24 82
68 82
51 70
120 97
139 8
93 95
174 25
78 5
54 34
134 35
102 63
183 82
102 14
3 11
176 44
128 92
110 72
125 12
88 71
181 15
11 33
164 87
114 10
150 93
33 25
103 97
26 70
20 3
14 48
12 40
48 93
184 51
55 72
47 33
132 21
60 90
14 55
140 96
150 25
7 100
116 51
123 61
143 17
129 67
154 48
101 63
93 100
84 24
14 14
9 83
56 39
118 72
99 70
95 58
105 37
17 1
13 49
88 64
120 1
6 64
40 65
63 40
163 42
53 68
117 37
14 21
55 82
164 23
106 56
97 42
67 55
43 14
17 16
63 59
17 19
73 8
128 17
131 78
151 100
93 53
56 65
75 47
30 100
77 2
105 79
16 63
42 30
43 24
65 61
16 18
6 24
94 64
30 88
63 3
107 89
184 71
171 24
181 6
3 98
97 23
10 82
31 10
109 14
56 8
108 83
103 42
26 44
25 24
74 73
167 80
150 84
78 53
3 33
30 97
75 11
119 67
4 91
69 77
10 55
29 39
16 20
25 81
3 57
74 74
107 66
183 65
62 77
56 40
138 4
156 50
152 69
126 72
47 21
177 9
61 52
94 7
100 62
184 66
102 32
80 27
55 22
44 51
102 38
40 94
23 26
115 46
6 12
149 59
88 99
128 28
85 45
32 88
131 50
18 74
123 96
137 98
70 17
172 94
69 59
102 71
150 36
100 58
56 9
170 61
176 55
109 3
92 8
147 64
177 64
120 11
72 14
50 80
184 15
149 36
55 59
72 35
140 19
170 98
92 79
58 53
118 52
89 49
114 78
105 33
104 2
159 52
49 42
93 14
84 83
148 96
62 7
106 89
46 94
110 76
79 46
30 50
16 24
176 1
38 85
2 13
19 6
182 3
6 55
31 14
139 43
173 43
150 93
9 72
158 63
61 17
85 35
40 58
77 36
42 4
119 61
132 81
76 77
22 89
27 87
115 57
71 93
50 19
36 57
72 26
84 88
121 10
96 72
160 39
35 56
168 61
151 33
181 46
121 56
157 38
47 83
135 54
120 81
66 14
36 2
165 55
164 44
2 100
32 89
158 84
111 100
53 80
18 10
40 1
86 98
180 10
50 14
100 84
170 30
39 29
181 72
165 68
49 33
148 88
162 56
48 85
85 90
179 18
117 53
50 56
11 68
92 68
47 53
20 100
132 1
109 38
2 4
36 16
57 20
173 72
175 10
66 76
12 32
98 27
24 27
142 31
121 85
137 21
134 89
41 23
130 30
153 18
61 98
16 77
33 22
181 86
171 91
130 16
122 73
146 56
128 44
167 5
117 90
87 47
126 54
12 5
51 46
100 34
149 96
111 16
24 66
26 78
2 26
10 86
73 93
116 19
164 89
139 28
184 44
133 66
138 55
170 95
101 98
3 6
115 64
37 26
85 12
100 82
128 26
101 12
40 30
152 20
39 89
33 59
34 92
116 24
18 38
155 68
55 93
68 96
123 36
94 64
37 28
114 96
141 23
175 60
104 31
142 71
129 75
67 48
164 89
67 97
93 73
119 35
172 56
17 29
174 71
120 84
59 51
183 37
106 55
74 93
38 32
26 8
54 93
112 32
61 71
23 43
144 74
100 50
123 22
160 71
152 34
111 88
95 5
176 68
114 92
49 58
57 16
154 56
14 77
181 35
24 8
4 36
163 100
166 81
1 78
115 32
83 78
180 22
9 36
24 67
157 50
174 53
17 81
19 22
162 21
173 39
73 6
128 62
180 85
154 93
94 1
90 57
99 86
176 26
42 55
68 85
44 98
98 6
1 93
159 86
131 49
54 24
137 22
123 77
142 17
78 53
16 36
46 71
100 72
59 66
165 86
51 34
161 44
66 16
8 64
125 89
15 75
176 60
40 42
40 91
82 24
115 20
133 62
40 22
91 8
75 81
27 69
154 10
160 67
78 97
69 70
134 16
16 98
159 54
51 71
66 8
125 31
61 35
147 39
77 67
105 37
24 97
126 25
135 63
84 13
42 80
65 45
163 25
89 57
170 59
56 6
171 53
62 46
62 68
84 9
84 53
95 33
105 53
85 69
116 16
52 99
144 50
96 66
89 84
165 73
151 77
52 97
130 59
104 3
113 90
93 89
121 96
156 18
57 42
126 59
182 36
173 85
41 15
54 47
139 10
175 46
115 98
2 98
88 59
174 32
107 48
116 3
115 23
137 65
147 32
122 49
85 75
105 94
150 90
156 30
91 79
3 53
70 12
68 70
140 74
8 21
33 4
68 46
68 89
184 93
93 67
22 32
46 65
110 41
160 39
164 65
83 12
35 5
127 74
151 26
67 74
117 67
165 83
89 36
148 85
66 26
43 77
103 40
139 51
23 39
48 93
51 55
47 20
3 56
122 4
127 86
105 54
114 81
11 25
23 51
34 100
76 99
139 26
109 42
12 38
91 91
124 15
72 22
86 18
140 43
42 60
61 31
102 6
42 4
40 55
7 17
142 58
79 34
128 31
74 42
33 2
162 56
118 49
181 42
149 3
3 12
134 91
14 79
33 54
43 50
105 31
96 22
176 34
64 65
27 36
68 12
13 77
162 47
159 57
4 39
137 46
106 88
126 83
88 3
106 58
126 11
31 36
57 29
146 19
60 21
35 23
177 16
53 13
125 62
160 78
116 4
108 25
29 39
144 80
119 49
37 77
128 12
152 34
44 30
12 68
43 59
180 57
78 39
131 67
173 96
13 23
14 89
13 1
5 97
33 49
66 16
125 57
25 16
76 14
22 49
155 28
9 81
14 65
101 72
24 92
6 91
106 58
45 19
17 4
114 91
97 16
4 24
53 58
27 73
32 17
18 42
79 21
65 14
20 87
171 78
15 6
20 55
143 25
167 74
184 31
48 83
31 55
119 21
159 89
74 8
126 19
109 34
79 1
121 12
173 17
49 16
16 8
112 60
81 10
91 61
84 48
42 3
84 90
43 21
26 43
8 37
65 34
34 43
179 20
154 99
127 25
14 59
39 67
88 52
99 9
99 38
167 54
184 42
169 46
126 27
177 14
85 39
123 50
130 94
24 93
151 70
86 65
154 76
58 5
129 41
36 80
168 12
157 9
76 93
113 41
153 43
15 69
22 90
161 74
35 42
58 6
58 88
122 80
61 51
12 74
31 49
52 48
144 30
164 84
99 47
133 30
40 57
160 97
66 85
128 94
182 94
34 54
178 77
101 87
33 66
10 73
28 22
64 12
153 49
6 78
77 99
141 51
42 64
13 86
59 7
171 20
158 35
67 21
6 46
166 77
60 8
58 94
108 1
40 74
23 89
35 69
22 46
111 41
70 6
24 52
88 59
150 56
158 8
184 46
103 86
183 90
12 1
162 27
76 49
107 29
39 33
166 3
3 75
118 58
111 36
84 72
44 26
46 19
149 3
65 78
105 43
162 80
16 81
2 43
122 54
159 66
139 91
181 40
36 27
166 69
113 63
133 50
179 22
156 18
151 19
4 15
165 77
144 47
112 99
77 85
29 38
126 40
125 75
74 18
184 71
78 36
100 96
144 76
13 45
98 75
33 67
90 81
60 66
133 37
58 45
117 73
95 69
113 54
111 97
23 2
67 57
37 7
181 20
56 65
4 47
162 41
42 6
167 3
93 78
117 36
139 67
165 40
76 24
80 18
87 2
148 43
180 81
25 35
9 65
51 37
13 87
11 77
68 42
136 85
183 80
68 27
60 95
60 49
165 11
32 22
173 81
6 70
79 53
109 73
66 74
177 4
63 51
92 96
2 71
4 25
20 25
134 89
94 91
31 73
183 37
169 79
59 92
93 36
116 79
75 55
88 47
36 75
102 91
15 95
89 44
174 86
5 59
53 74
76 24
174 45
176 74
170 22
132 27
36 15
156 88
77 12
21 69
154 100
36 81
74 67
166 99
4 59
90 3
146 56
19 43
26 95
127 64
63 42
98 37
161 73
166 79
54 56
66 69
135 10
88 78
119 47
62 85
86 19
121 6
46 83
7 17
66 17
20 7
51 20
86 83
180 61
133 42
1 96
184 63
90 97
67 51
118 56
131 80
24 3
166 99
15 52
75 34
133 80
34 6
92 58
67 61
134 37
139 58
63 22
36 87
55 18
126 54
171 33
139 75
36 61
40 54
117 75
45 80
171 81
176 76
103 57
178 8
126 87
63 10
103 27
55 25
81 90
90 58
32 93
155 48
28 81
159 21
39 60
72 33
94 30
137 17
183 51
127 5
177 71
60 41
182 33
149 12
84 42
21 8
41 42
69 28
100 50
27 67
132 66
11 53
155 72
102 45
75 39
177 58
116 18
131 3
25 88
113 26
151 99
30 18
180 28
58 47
111 42
159 76
63 81
171 55
133 68
174 99
182 78
76 13
39 37
61 58
51 93
5 95
155 89
90 16
23 22
148 20
71 20
159 77
36 36
169 19
47 79
119 31
73 77
48 63
94 86
63 59
146 73
56 3
162 27
17 63
91 36
106 65
12 73
100 47
45 22
140 77
160 64
7 72
163 2
85 11
170 81
6 63
101 58
51 48
55 1
149 24
162 43
82 96
146 81
34 16
184 29
157 71
161 56
179 97
139 63
132 71
178 63
164 1
51 4
17 85
48 61
127 55
15 27
154 24
126 95
98 8
166 4
83 87
127 8
61 30
160 12
8 58
135 89
4 35
90 83
25 15
145 48
159 24
75 98
6 12
160 24
94 50
88 53
8 98
124 86
106 32
58 38
14 70
59 32
109 15
150 2
2 10
87 70
51 77
164 72
137 29
99 39
156 43
70 65
128 35
47 89
13 81
134 55
177 39
90 55
51 73
181 15
133 13
166 66
5 33
79 71
109 28
139 88
73 21
141 96
83 44
174 23
21 29
126 6
19 39
1 93
7 54
141 36
147 78
7 5
168 84
42 3
69 2
40 26
161 83
122 72
137 17
16 59
85 43
86 79
159 43
140 56
115 67
151 70
148 2
8 85
103 3
154 17
86 74
96 49
18 30
48 59
144 63
44 48
54 16
176 2
3 12
92 86
18 57
141 36
143 18
51 14
169 23
48 20
181 60
85 9
27 1
151 2
109 81
92 33
68 15
182 12
58 77
128 48
99 17
170 4
11 52
122 24
156 84
108 52
99 42
65 40
62 29
69 84
142 100
48 44
36 94
49 82
85 89
138 21
82 6
114 92
166 40
124 89
111 28
125 83
55 71
32 49
19 53
115 88
43 34
162 34
91 87
98 61
70 91
47 3
11 45
40 98
175 32
180 77
175 70
75 59
99 60
63 80
86 38
69 70
146 75
64 50
70 2
123 19
116 97
55 1
180 81
15 6
1 45
154 73
56 68
36 93
48 26
72 28
115 80
119 61
174 26
19 41
126 22
23 4
106 76
74 70
145 38
69 62
72 20
76 14
71 25
120 86
119 29
69 21
123 62
154 56
65 23
111 69
157 31
99 82
118 88
163 15
18 49
82 37
92 48
136 51
168 97
79 8
23 33
140 56
43 93
29 90
124 35
113 71
55 60
145 24
119 91
67 40
71 64
7 72
147 43
131 59
20 13
41 63
134 22
20 17
106 39
76 8
108 72
129 30
110 96
154 62
6 76
88 12
28 98
56 87
44 61
39 87
71 83
143 55
138 65
94 65
10 7
166 69
61 81
144 74
88 23
20 55
117 59
63 15
124 30
168 81
133 30
30 19
84 51
25 94
54 39
80 12
66 4
149 99
158 77
132 6
156 97
176 19
74 2
118 44
135 97
175 6
157 49
55 86
53 69
101 82
19 47
108 47
77 94
82 24
59 17
138 90
73 79
151 20
20 50
159 5
41 11
126 37
182 59
20 35
48 9
20 60
148 98
28 36
121 25
155 23
5 54
123 28
69 42
61 16
9 36
95 24
58 98
68 96
19 57
179 60
13 18
40 5
46 79
13 66
75 33
124 87
149 24
78 61
182 69
78 27
182 42
173 60
65 95
93 91
75 45
18 92
25 51
26 14
145 52
6 20
84 18
107 53
20 45
120 32
40 64
59 68
174 64
95 25
146 17
125 70
31 45
97 77
178 76
63 86
64 98
146 4
68 84
124 13
41 100
118 86
74 3
162 62
87 99
69 14
22 3
158 47
89 86
28 71
182 78
41 37
108 83
173 15
172 13
110 24
38 98
143 62
175 3
24 27
72 8
134 4
114 85
173 36
107 68
19 80
97 80
43 99
22 33
150 94
78 65
162 9
22 41
70 53
8 91
178 53
104 20
140 99
41 29
107 17
99 58
10 59
96 90
110 88
64 24
139 51
23 59
112 65
51 23
60 86
82 6
41 25
35 60
28 53
20 9
136 31
135 67
158 37
69 23
86 81
97 35
182 49
31 59
165 1
58 58
43 9
33 99
164 94
147 84
13 99
168 4
15 42
155 71
89 93
3 38
150 32
146 18
12 12
165 74
182 77
154 24
148 38
99 89
