7406
1298 96
486 18
634 54
1393 39
1332 12
658 49
1108 56
1118 65
747 97
910 31
350 25
936 90
1315 83
44 14
1460 17
633 61
1325 86
874 32
102 84
710 61
1251 64
1478 25
1435 9
1177 58
786 26
120 20
1033 67
1445 10
451 82
764 16
972 6
569 90
1128 45
736 49
110 75
1099 38
968 33
754 51
355 7
615 76
836 18
1219 2
402 3
975 57
1087 65
973 40
1163 4
581 2
746 47
396 76
190 35
793 51
723 86
1364 79
569 51
80 51
1098 24
886 77
400 13
1302 10
478 51
1350 66
1467 24
543 91
430 44
41 5
804 50
206 83
510 5
479 6
655 62
64 54
497 56
1087 33
278 68
743 78
222 72
161 46
146 65
1172 47
1091 44
1426 5
1443 29
528 19
303 76
717 44
756 56
1359 1
1019 77
954 98
1207 90
700 63
981 91
1316 10
881 82
1280 49
212 59
1463 75
727 61
637 40
762 22
53 12
706 62
144 2
727 35
94 69
474 43
1267 3
1103 13
1171 13
1253 16
1286 62
28 62
810 71
1458 63
802 32
954 16
91 67
1063 95
1031 51
696 43
1002 61
1412 29
1466 32
446 22
766 13
602 35
1182 98
1005 34
1106 19
268 70
548 36
571 64
329 67
725 75
839 29
962 25
269 92
637 60
682 44
1421 64
930 61
1153 57
830 80
1042 69
1407 17
1027 53
477 88
1176 49
318 43
176 34
872 74
257 61
70 92
871 18
1385 19
744 44
1348 94
527 32
913 56
1142 25
1399 6
851 20
275 60
853 44
1393 97
262 41
1037 42
1479 20
97 21
59 20
248 83
1250 15
403 89
1399 43
1030 71
1311 26
192 45
1371 99
578 69
125 85
1454 75
1210 99
702 62
582 9
471 48
604 44
905 18
1193 91
1181 71
1452 32
7 55
1154 39
173 45
611 7
131 23
36 98
404 93
444 83
798 86
755 71
1172 82
532 10
53 67
1110 57
520 47
1140 93
1417 4
820 7
1266 73
1054 54
1426 71
243 6
916 42
242 16
1204 80
827 87
830 78
1279 86
1475 41
128 96
576 84
360 3
26 71
267 71
430 3
151 61
546 42
1078 93
136 50
208 39
1416 11
1453 44
1398 11
118 93
450 25
982 82
708 69
654 67
1080 35
156 2
319 89
602 84
583 88
1259 22
1123 2
982 86
947 44
1073 11
1390 25
128 91
791 54
139 29
37 19
1448 32
1031 46
162 33
1312 80
982 36
233 48
68 46
625 50
157 11
1478 57
1405 13
560 73
62 3
7 8
1244 70
826 81
286 76
258 98
666 88
1410 49
374 15
866 8
1192 78
378 82
49 100
540 47
242 88
389 53
283 55
251 55
569 15
403 51
314 57
116 83
248 39
347 84
1090 75
897 82
761 58
68 58
1103 12
1068 2
648 75
1128 53
1332 65
334 8
167 77
1444 89
1095 32
970 11
408 91
362 72
835 27
188 70
36 27
1205 92
118 66
1230 47
228 86
1009 69
1457 63
983 97
232 96
572 5
149 56
1020 2
197 52
112 50
240 28
452 39
1475 83
1015 48
568 3
311 72
1048 75
1057 30
505 25
768 48
1342 48
344 99
687 76
1373 60
836 25
651 51
1218 47
107 73
549 73
178 1
806 74
693 9
745 23
737 65
718 50
1030 63
1065 61
127 85
220 63
1384 82
896 51
903 50
1245 68
975 69
1020 80
615 5
510 17
421 30
81 29
1003 11
1073 53
340 85
51 17
652 88
1056 25
146 39
495 44
345 62
158 84
1467 91
1133 47
800 20
748 66
1139 25
1169 9
604 36
974 67
6 93
516 57
1272 7
510 50
1196 29
642 86
1289 96
451 68
881 100
1254 35
977 13
745 15
708 30
1323 57
123 95
1402 7
1220 52
1241 14
1449 13
836 59
285 74
95 23
930 100
1275 42
1373 25
600 97
396 61
746 53
1137 56
48 34
464 2
513 22
264 82
220 74
249 74
511 35
414 48
941 24
1345 100
579 16
1476 65
383 71
547 82
688 8
634 44
1127 55
652 62
118 12
578 1
1250 25
752 98
1086 100
1249 42
204 42
65 21
797 30
356 84
1021 80
1289 88
580 77
821 80
1192 66
139 21
1100 78
1153 63
444 81
1413 16
362 65
1177 33
876 27
1281 16
736 53
987 49
46 88
1251 83
726 53
167 4
1326 46
1449 82
1396 70
644 14
1217 38
44 3
386 39
1385 26
1096 45
1374 34
1006 19
815 64
745 90
691 2
1308 36
668 28
682 75
497 62
831 67
57 90
1470 56
550 96
998 78
968 15
722 61
582 49
1206 15
772 4
213 8
980 97
803 82
1364 71
452 10
271 87
988 14
246 48
369 18
239 1
1405 19
66 38
561 70
86 23
420 24
184 91
624 53
171 28
1243 85
1299 77
397 3
843 63
976 89
212 87
1161 100
156 35
1016 15
638 52
138 18
714 87
88 65
1360 86
587 38
1266 87
155 94
525 47
333 87
1358 84
1391 68
531 76
842 82
337 96
415 7
316 9
892 10
395 78
326 21
361 66
1265 44
582 50
1205 29
306 97
947 7
325 1
393 30
19 33
757 7
1320 80
1253 86
408 65
386 80
522 36
748 27
1031 86
512 47
1355 5
997 87
483 86
790 24
102 30
881 14
161 28
1227 21
1007 95
1030 85
348 97
498 46
46 81
881 48
927 96
864 1
605 22
622 27
404 60
474 25
362 70
686 12
1325 100
1038 41
1157 99
433 35
780 77
399 75
518 24
784 4
998 3
626 15
1390 25
1057 89
435 3
439 30
353 63
23 25
39 47
1233 100
1019 62
420 17
1261 42
1051 40
955 82
206 55
1368 31
178 75
629 87
544 32
1378 27
674 1
602 66
692 61
274 75
52 10
1206 53
415 100
1302 15
1263 51
1456 12
1072 44
582 60
433 7
142 93
1282 77
741 31
737 3
1389 81
861 84
726 93
539 32
586 16
727 98
1124 100
555 13
1407 22
139 11
106 37
419 88
161 90
1132 17
1111 25
551 23
211 19
871 17
707 11
603 96
373 84
646 11
776 6
56 84
1319 49
351 78
675 21
748 22
467 78
716 44
1386 56
1303 69
1454 24
551 87
146 38
128 66
478 32
1017 29
146 91
512 33
57 39
303 76
458 77
481 68
282 61
1082 73
1403 65
1217 11
357 9
132 22
897 73
301 72
329 58
948 33
760 27
1452 75
1452 69
733 65
957 3
949 33
395 60
1243 51
648 82
679 30
963 50
1164 24
74 79
965 31
595 61
196 15
657 57
970 30
718 44
755 84
1389 10
709 69
657 24
1322 19
701 51
743 4
761 67
286 22
964 22
687 47
1212 67
934 34
10 53
563 92
1432 15
7 53
858 88
728 49
600 93
1285 30
435 78
1462 38
278 7
161 52
833 69
548 82
1354 25
1331 36
1463 95
466 38
867 92
688 32
54 100
258 85
1144 40
58 54
192 37
732 91
186 60
580 20
1255 46
676 49
1082 53
2 35
231 89
1419 54
1188 64
21 37
1286 73
150 97
678 27
931 37
1457 2
1297 8
379 22
355 11
1185 91
333 3
738 90
446 65
13 74
472 27
703 41
1217 96
479 80
134 43
622 37
661 33
850 39
157 89
165 78
483 79
891 73
1256 20
752 39
154 97
447 78
1251 39
961 10
1345 72
599 36
501 15
766 82
64 25
915 34
1289 90
1298 63
558 59
887 43
456 63
1440 72
1219 89
169 41
708 76
584 4
486 45
1015 3
1459 51
796 85
535 13
1337 85
64 99
1406 31
1262 36
1186 11
134 30
1296 90
1349 63
1191 68
388 73
360 7
1118 77
401 1
331 60
1359 76
266 71
1277 11
790 9
1179 94
951 28
577 24
536 3
1028 74
957 24
1094 47
1291 43
832 90
389 48
176 7
1383 55
974 14
1104 5
828 82
1214 24
1271 3
569 37
1259 70
766 46
938 66
601 27
281 96
281 55
691 4
577 55
1295 67
1145 94
773 40
770 97
1102 62
56 60
1055 10
567 36
669 46
1248 28
25 23
560 25
722 39
1017 100
167 41
916 71
750 39
944 28
1100 27
736 18
1359 9
657 3
240 64
74 3
436 10
29 17
1149 87
1242 36
54 60
1316 92
1037 47
278 13
1420 82
816 53
826 84
1154 82
425 14
1267 86
460 92
1206 65
1261 71
881 39
593 11
490 6
1221 3
728 82
1415 32
1359 97
594 9
515 9
521 89
1145 48
64 8
77 55
579 68
1024 81
707 4
1032 55
785 4
1326 38
1295 47
758 45
103 61
1282 38
439 69
1297 12
748 19
606 76
1282 87
6 11
392 21
1108 75
601 57
1144 4
1045 34
1061 87
1150 26
318 12
1025 90
816 18
1059 87
1080 64
990 64
971 82
1252 20
611 66
695 24
774 24
1430 94
1051 39
763 20
292 46
1273 28
485 98
182 40
669 76
501 59
1164 90
630 20
545 9
123 73
818 52
1429 44
931 23
1069 53
682 63
439 23
550 60
690 42
1038 9
664 43
246 57
108 31
11 83
1424 83
721 20
6 83
1078 1
170 90
967 87
733 11
645 58
1001 43
477 64
76 53
828 16
798 59
728 13
160 16
1010 33
1470 30
868 12
165 4
373 88
247 35
810 59
374 94
512 52
42 74
661 79
1000 93
10 3
1216 98
718 21
1384 15
385 98
839 34
708 28
428 87
937 64
1350 79
161 61
751 1
1042 49
531 91
633 41
19 98
753 93
1017 37
542 68
1444 68
787 96
192 47
171 35
1094 18
826 45
95 75
909 93
281 47
1209 85
212 15
1138 5
1128 25
1460 32
483 36
859 36
1180 91
936 9
739 39
901 85
1383 11
65 67
525 49
1082 4
131 55
753 57
478 6
1342 16
33 69
893 77
144 61
422 39
692 53
1477 98
968 93
964 16
206 29
865 95
1203 13
1299 11
1213 42
254 4
1221 35
794 37
314 87
1275 39
518 98
239 40
797 80
1441 88
543 43
1464 20
865 71
694 97
774 94
752 79
543 84
493 94
1275 14
1062 83
1090 86
1256 94
661 49
1288 45
482 13
854 88
156 30
543 44
510 85
1232 7
309 99
545 91
115 85
1189 61
1019 46
1294 60
562 87
1024 98
1029 2
707 87
13 77
184 37
767 46
1304 50
438 7
21 31
396 66
139 36
1409 25
44 30
181 5
874 96
1408 73
463 49
1476 11
1157 40
1426 36
995 24
1446 75
374 100
1382 27
1153 47
1131 27
1011 28
813 14
13 37
563 20
205 14
614 53
615 57
834 54
797 7
512 8
202 60
311 65
773 93
1342 32
1388 91
427 93
1384 87
34 74
411 61
1114 94
294 72
1062 14
1304 80
789 83
1412 70
591 15
540 88
1393 20
1192 99
361 1
1312 29
444 83
75 70
25 13
1081 62
638 13
727 10
984 5
53 7
457 64
1206 66
581 23
502 40
264 99
639 28
1267 15
631 38
1110 33
426 53
540 65
1239 79
656 2
804 84
1221 89
597 60
726 97
1055 61
250 47
1348 88
338 83
1044 20
618 11
1093 23
1157 41
375 99
1123 89
1101 5
740 44
94 15
237 16
751 84
54 55
848 39
799 28
1369 100
197 51
1456 42
753 34
1289 53
1473 75
485 86
597 35
1467 13
1058 40
681 54
1288 95
274 1
1422 81
927 33
1448 74
183 13
78 63
906 1
817 69
739 15
877 8
967 97
838 85
1101 37
1065 75
1419 73
987 45
1045 9
647 93
1215 1
983 43
467 50
1139 46
151 68
824 22
58 8
146 41
72 35
1225 53
1095 4
1083 45
1129 37
502 10
839 33
1032 99
657 85
916 90
359 55
1182 100
1069 42
523 83
1421 34
403 34
257 21
1459 33
1374 74
1376 69
1383 100
188 49
109 61
1200 22
924 45
17 57
997 87
398 71
412 63
591 12
1449 50
666 6
1426 46
934 38
894 80
1070 75
1268 98
1062 90
1331 42
982 9
722 25
1046 72
392 80
1306 63
1460 17
485 37
938 97
438 34
516 84
324 95
638 42
491 89
654 21
1450 44
204 58
1368 80
367 70
596 11
155 59
1195 32
1290 96
194 63
1076 40
747 62
262 38
631 85
816 56
1148 99
536 54
35 83
1164 67
108 90
1076 41
153 16
917 85
881 90
1166 41
731 82
684 40
260 4
1439 17
253 59
465 6
1151 49
133 53
272 74
940 9
172 2
727 20
330 82
280 61
662 77
325 70
33 61
883 55
61 27
511 40
465 41
1215 23
685 42
1283 95
52 26
1184 15
1058 77
197 7
1231 88
850 58
1229 68
1040 37
357 88
1418 24
831 97
747 3
767 16
325 21
913 46
91 94
158 50
314 66
323 46
2 100
499 89
1122 78
808 10
348 17
851 46
938 77
497 62
429 83
46 65
1216 29
892 98
363 78
900 4
974 2
806 10
41 5
527 54
778 55
200 83
1263 6
633 57
1203 59
879 26
1457 12
954 5
1252 84
406 26
746 13
616 11
748 21
1313 1
1025 71
1176 9
93 48
736 100
166 41
962 97
905 93
294 94
1352 67
750 12
146 55
1073 34
740 60
620 38
512 80
867 12
221 32
1184 92
1294 12
1352 73
1148 71
1036 87
274 65
694 5
254 37
3 34
877 87
1456 95
188 100
721 14
841 35
182 12
502 61
216 38
418 2
30 30
727 81
1421 42
365 45
1405 57
531 63
1470 20
1430 94
377 22
1223 100
1339 100
1014 19
16 98
1269 75
477 93
1158 30
168 65
1074 97
637 31
1082 85
1010 7
487 16
1466 32
173 65
1040 28
981 39
88 31
1090 8
1364 34
545 50
672 6
1144 16
1014 46
475 83
1260 77
321 21
722 4
120 70
1167 17
333 70
988 51
1452 68
1178 10
848 82
1049 8
173 95
935 1
861 19
512 17
1033 78
64 32
1464 89
668 12
1236 24
1473 18
1313 25
2 32
773 83
299 25
1392 52
293 94
1114 86
1342 95
274 76
936 75
1267 37
167 68
950 65
1272 80
1090 80
1230 18
647 57
885 88
512 59
1141 39
956 58
240 1
131 65
1048 3
1267 23
206 97
507 11
366 60
701 82
452 5
20 5
1164 59
967 20
1025 8
870 63
253 69
1378 14
290 54
388 4
898 83
680 58
1360 68
1195 6
1328 14
71 49
172 91
122 34
129 98
1335 18
321 76
862 84
710 33
878 95
353 24
900 50
680 83
1122 41
411 51
190 14
1313 89
640 8
948 77
910 28
92 23
1435 15
1470 25
709 51
987 86
292 55
1212 11
696 54
999 17
306 14
495 44
811 55
1256 95
1124 45
950 55
1060 17
1037 76
755 40
1036 93
645 95
140 78
197 55
805 77
1071 4
72 89
31 42
1038 30
1367 22
567 70
957 1
1335 87
883 16
341 51
740 41
899 14
616 6
816 50
1366 49
1359 16
1346 89
761 1
238 81
857 88
454 3
615 16
1217 96
765 41
510 51
1401 45
721 50
1343 12
285 36
647 51
315 82
272 63
1143 3
1003 67
1017 79
946 11
736 2
856 9
904 93
1102 90
1184 44
693 69
726 89
238 52
447 75
186 95
1323 57
1293 63
201 32
792 57
375 29
668 23
218 1
1402 62
874 76
478 39
129 21
1397 94
810 42
77 18
793 39
797 47
630 44
1169 7
1103 21
899 21
1084 44
606 40
1020 43
1028 2
503 15
115 13
1472 59
1138 75
1245 11
1124 2
419 100
394 1
873 90
1006 83
1191 23
1149 18
93 5
1078 44
725 93
887 88
409 22
746 9
292 87
221 90
273 22
29 35
1088 19
1287 12
1194 22
745 21
419 77
226 75
362 10
298 40
40 59
29 88
1113 6
36 17
32 8
908 79
22 98
26 24
298 35
1410 40
1186 65
96 39
224 49
324 42
899 27
744 81
1356 81
677 11
1172 26
1317 39
499 11
1264 57
1091 37
611 15
1086 46
1152 51
1195 67
95 62
1240 29
83 23
250 54
90 83
1254 98
762 1
1196 28
1369 67
1004 39
1275 1
556 97
1098 96
94 86
726 54
1130 16
1100 80
250 19
606 76
231 74
349 81
1041 51
1145 34
1240 30
1063 37
133 25
792 87
779 54
48 55
1341 12
1098 59
1310 50
1122 27
791 38
317 35
233 1
666 77
1370 2
665 83
30 99
97 14
794 6
1213 51
438 39
131 16
488 8
1171 96
962 73
1424 85
813 72
791 28
569 44
525 86
288 66
53 87
525 62
671 39
111 3
451 81
1028 60
953 53
479 92
283 66
1158 66
151 19
111 99
261 17
1245 66
410 70
246 39
1098 53
658 68
1322 88
474 54
220 90
1248 53
1013 95
823 72
837 46
277 7
664 54
106 78
831 68
186 81
1218 91
192 88
706 46
1156 75
652 5
692 22
1238 8
600 83
1367 49
1011 80
1333 76
801 73
1301 68
527 32
394 35
1370 13
250 80
1476 97
1019 76
276 60
705 97
1136 81
720 32
612 54
335 67
1121 86
933 79
330 33
1257 92
1079 59
1038 62
939 87
351 49
1 95
509 53
1022 27
1006 33
347 52
591 57
336 18
766 75
