3757
156 17
512 11
427 58
743 21
578 48
474 87
560 66
611 91
111 29
564 54
124 55
515 100
346 79
415 51
743 26
302 55
79 3
212 40
416 79
699 81
39 42
250 19
193 6
535 52
57 46
123 70
30 78
227 69
358 18
48 17
538 46
310 90
509 95
349 56
176 75
676 84
98 55
659 21
287 53
45 25
595 82
200 46
138 46
315 62
421 40
589 34
116 32
536 92
231 60
686 94
313 2
128 66
102 39
748 52
595 46
624 32
244 4
568 15
204 54
512 91
131 36
164 59
440 9
715 13
127 34
452 34
669 4
147 87
346 55
24 41
228 94
691 87
645 48
325 40
254 50
135 94
255 1
602 38
435 46
525 42
74 12
697 61
208 91
443 15
216 49
650 58
586 54
263 52
223 60
544 97
517 54
419 21
27 30
547 59
718 68
604 30
451 76
642 9
275 85
501 35
528 16
676 16
311 28
296 76
684 28
102 82
197 73
509 19
585 52
272 3
122 91
663 86
351 21
657 84
609 84
533 50
13 97
99 79
523 88
483 53
207 72
494 35
130 78
489 24
375 39
473 81
589 29
538 91
597 98
614 13
145 12
450 36
2 80
158 97
161 27
415 77
288 31
199 53
495 82
184 27
368 77
564 82
296 97
162 10
167 77
179 80
712 45
227 99
300 100
153 59
649 3
696 54
748 59
468 88
26 36
358 4
155 2
681 8
642 5
47 79
519 81
653 69
570 89
751 79
607 48
620 100
531 65
709 76
265 46
415 87
475 84
356 37
682 92
314 87
107 8
70 6
54 21
576 71
276 36
295 47
435 19
76 83
36 96
427 38
203 96
361 42
707 48
491 63
50 28
430 1
229 5
161 24
537 79
22 19
734 47
20 38
633 91
453 72
357 75
656 37
187 99
211 42
199 44
376 88
513 76
730 23
504 7
488 3
182 33
490 57
241 13
485 86
51 57
697 99
143 65
738 25
276 2
631 63
112 32
530 21
157 47
395 34
604 99
411 65
195 35
310 42
588 33
721 57
276 88
542 16
614 41
143 29
682 78
236 48
423 34
272 99
38 85
283 61
135 43
202 57
671 95
588 95
609 71
147 72
383 82
358 52
540 79
591 67
603 23
322 70
281 17
652 78
222 10
34 23
601 7
287 15
555 29
234 79
210 6
532 33
207 35
563 3
750 28
501 14
181 35
274 4
750 73
196 60
200 29
119 85
59 43
456 72
498 32
169 32
346 29
543 82
680 66
398 80
54 10
100 67
424 29
18 24
416 34
711 57
670 62
366 65
696 37
626 92
736 70
518 6
717 25
325 54
462 84
719 77
16 88
530 80
360 52
74 100
445 24
159 100
491 54
628 100
464 36
188 49
484 97
102 90
607 26
165 24
51 76
94 91
147 82
52 90
389 33
598 68
22 82
126 14
195 62
367 50
706 59
301 59
386 65
479 39
376 37
289 13
573 47
61 90
303 80
422 54
370 93
56 7
413 66
416 35
496 22
128 97
40 88
515 59
413 80
35 33
497 92
349 69
212 23
8 44
211 82
498 83
660 27
524 46
635 46
72 75
339 60
471 49
291 81
550 8
460 66
406 93
535 66
250 88
103 44
300 19
512 92
679 71
528 11
120 41
593 96
587 6
578 89
751 41
27 3
694 63
141 71
453 47
714 41
556 88
639 43
376 38
100 82
33 70
35 7
91 29
312 18
292 53
383 24
724 16
607 94
436 40
601 46
34 44
68 56
729 41
614 57
705 62
530 72
209 21
569 98
294 89
314 11
524 18
316 99
237 49
605 37
694 70
137 73
474 9
669 13
591 28
108 81
131 17
206 92
269 14
437 56
623 1
225 82
153 89
174 7
131 14
711 16
564 37
647 55
584 48
99 84
677 25
37 16
596 34
697 64
535 38
575 2
445 94
62 50
730 67
361 67
347 90
368 93
379 62
330 53
233 14
28 62
606 52
538 32
431 100
494 11
343 31
289 1
697 18
234 71
721 93
597 39
474 40
733 87
615 80
508 88
740 95
138 13
135 88
665 54
629 77
454 37
362 46
743 61
373 71
281 48
383 33
715 49
512 19
549 19
577 1
427 47
185 53
325 70
498 84
61 42
57 79
704 50
406 35
177 23
196 79
393 61
358 76
198 76
340 2
487 17
640 3
153 24
365 5
26 92
432 4
7 15
258 61
327 61
287 68
663 80
430 74
42 100
548 37
160 40
717 99
95 5
318 29
551 42
717 58
743 74
737 93
690 34
462 49
129 14
621 89
119 19
153 93
63 58
76 63
432 53
218 46
680 95
337 11
147 24
433 30
393 56
369 83
251 72
261 35
130 65
129 44
692 31
259 34
549 92
143 60
316 61
320 30
316 66
115 30
495 57
565 57
321 18
47 70
734 12
381 63
124 53
308 1
602 19
399 70
652 63
585 6
188 89
725 45
187 71
657 70
532 31
462 63
500 30
385 69
339 85
707 71
29 89
466 92
170 85
510 83
253 30
628 88
404 45
180 26
249 35
40 73
670 13
40 7
750 45
206 85
223 9
144 98
498 97
138 95
663 64
718 20
292 94
568 37
668 39
130 14
320 23
231 66
191 90
629 15
309 63
691 19
580 17
26 9
14 60
223 8
224 49
655 9
99 50
533 17
156 11
210 43
301 47
602 85
15 39
320 42
412 23
236 39
234 93
443 65
112 45
544 84
495 26
93 45
595 45
101 37
60 51
332 44
43 73
558 35
130 8
198 45
606 94
435 22
372 88
47 17
493 80
209 73
16 39
313 69
127 51
235 70
623 44
320 8
355 72
587 77
628 91
190 86
157 20
272 84
590 59
198 21
361 77
594 4
362 11
740 64
237 3
54 12
109 13
700 14
628 42
589 26
318 25
147 43
143 7
633 26
82 1
210 25
723 9
345 82
474 31
417 62
686 8
553 82
82 6
396 43
437 5
577 8
386 80
637 61
236 77
507 31
439 78
290 60
420 12
605 94
650 10
432 61
394 61
586 33
328 75
569 79
42 25
241 30
681 21
554 83
692 61
409 79
650 51
499 68
539 97
242 10
501 89
689 11
593 96
394 67
325 72
485 66
432 56
616 18
671 50
375 23
608 57
247 83
423 61
16 19
730 39
209 90
559 24
466 51
706 21
416 89
504 70
346 47
286 90
499 65
486 50
353 19
621 17
268 92
693 76
693 87
594 29
137 96
126 69
740 6
202 89
482 49
512 32
108 22
151 51
204 69
532 79
332 12
191 87
387 47
562 76
717 41
646 88
452 79
161 89
184 28
682 12
581 4
258 70
579 16
707 55
280 44
582 22
643 66
557 48
734 98
358 45
22 42
293 38
397 16
729 66
38 45
410 38
464 6
14 100
263 93
108 22
33 17
484 50
232 91
128 36
504 14
519 14
467 56
200 20
598 16
153 34
416 93
168 85
289 29
609 66
67 38
156 78
19 84
498 44
140 15
150 68
56 15
642 76
218 80
499 28
454 42
199 50
534 51
273 49
434 57
26 97
382 13
285 93
272 11
536 67
16 98
29 42
138 5
363 98
479 28
631 7
408 82
386 95
359 57
194 29
284 93
615 87
40 86
375 67
26 6
120 99
207 51
254 57
597 86
127 71
564 32
224 16
143 25
528 58
274 81
320 14
616 95
630 87
646 14
110 53
733 17
390 76
301 72
65 66
535 76
285 76
595 24
103 54
226 60
486 78
289 96
577 92
626 65
521 56
146 21
86 13
89 82
692 83
656 14
71 97
391 10
573 65
521 41
238 20
290 83
433 7
410 45
8 84
296 36
293 25
270 81
352 37
535 41
705 1
496 49
286 80
735 78
63 79
666 37
435 90
365 65
406 56
482 28
361 62
670 100
278 61
249 95
284 42
293 75
565 60
697 57
714 70
398 45
574 7
144 72
162 87
532 98
137 54
300 14
270 2
40 25
542 23
19 35
638 37
693 74
5 53
613 69
685 19
238 67
192 18
627 28
98 22
66 51
662 21
148 36
74 67
227 67
716 2
728 16
246 50
224 52
660 71
284 5
303 99
406 84
22 68
492 12
148 12
614 62
664 70
495 98
322 86
330 7
91 62
100 90
739 47
636 79
396 78
723 30
707 7
691 73
332 22
377 94
382 29
481 40
269 16
389 74
602 60
446 83
110 9
699 22
167 45
509 53
715 38
96 97
419 24
747 88
325 70
485 35
54 43
606 15
697 23
397 31
54 89
547 11
392 58
571 85
470 28
617 100
608 40
663 60
42 22
211 51
700 88
83 54
157 80
137 32
548 66
394 86
16 20
311 8
457 44
560 80
347 50
193 65
168 76
651 29
629 60
217 16
526 4
113 74
22 45
347 66
131 81
353 88
460 6
635 98
89 67
641 37
683 56
7 1
670 98
557 92
540 75
705 21
544 5
313 48
148 15
407 33
97 23
91 2
168 50
264 72
309 84
11 81
396 10
378 27
347 30
25 57
471 29
238 10
184 76
374 40
391 94
740 67
111 62
683 99
316 58
92 4
605 90
72 51
205 48
533 35
576 85
239 17
737 4
567 34
738 2
401 12
632 82
275 69
95 58
677 70
446 92
117 67
215 63
456 57
399 47
706 17
404 73
751 6
176 24
290 77
88 46
611 37
257 15
240 83
49 32
116 82
637 52
533 2
359 72
210 29
412 58
6 22
121 57
389 42
626 88
174 5
552 12
739 30
516 58
359 8
179 60
350 64
177 35
532 37
52 29
304 21
717 15
638 32
81 91
7 60
98 11
505 50
116 4
7 17
476 86
303 19
379 42
120 81
447 67
511 94
73 42
599 60
39 97
519 20
159 58
260 57
201 31
614 35
617 15
592 61
582 95
687 66
710 95
237 50
715 98
189 22
574 35
335 86
600 62
3 21
344 89
373 31
670 38
551 21
382 25
745 38
528 33
19 76
695 1
65 33
260 76
180 36
3 80
745 58
667 96
554 77
228 82
723 32
257 44
671 63
368 93
595 28
264 6
60 93
18 3
678 99
119 80
143 67
110 32
577 38
34 8
512 29
84 85
60 60
130 18
33 13
575 83
161 31
99 73
588 87
603 55
613 78
139 80
583 22
90 1
310 66
631 72
76 56
154 24
412 35
405 97
307 68
734 81
750 68
185 81
340 38
629 87
656 45
725 39
142 7
383 43
201 22
133 80
115 37
251 66
550 47
115 75
131 21
316 83
360 68
550 33
685 74
224 36
109 36
689 14
320 46
225 92
405 73
466 2
479 6
588 42
655 6
290 50
169 44
162 17
178 70
744 6
214 26
740 69
53 22
134 96
689 61
360 21
260 87
287 52
226 60
464 35
159 81
355 14
449 39
181 74
541 56
139 92
88 16
614 10
389 52
603 63
369 55
76 3
310 30
434 92
432 72
680 75
526 13
478 41
468 40
694 100
155 45
243 3
178 66
702 99
695 8
165 31
148 77
96 63
463 1
214 80
227 26
190 15
98 62
449 16
257 77
227 21
626 96
507 4
411 93
124 1
361 14
320 8
448 50
486 11
168 60
168 91
652 76
225 57
320 2
359 88
157 4
45 9
590 45
538 56
335 99
288 52
479 86
460 73
568 67
170 74
422 81
94 92
713 82
674 36
617 72
60 35
640 79
61 54
579 5
414 78
696 47
677 63
492 6
555 84
133 54
740 89
206 49
503 75
400 99
366 2
531 51
151 89
83 91
10 22
84 92
620 57
516 68
155 40
173 94
223 68
346 29
61 57
135 88
217 17
682 100
661 30
121 76
377 62
644 52
256 16
27 44
415 46
106 72
361 73
514 70
520 22
661 56
313 46
749 77
416 38
101 27
188 61
182 77
8 20
294 12
328 9
574 43
159 68
233 60
251 30
655 99
311 68
61 78
619 98
9 89
100 17
423 82
466 28
319 21
173 75
276 45
431 84
631 37
344 75
570 74
309 26
522 72
710 89
136 88
483 50
453 70
206 33
358 100
562 33
157 100
713 100
267 26
11 99
137 63
346 22
205 5
702 57
215 14
255 10
612 91
339 90
452 12
2 3
704 96
113 66
157 10
6 66
489 84
504 17
394 78
76 65
425 74
57 15
478 73
11 71
562 56
70 94
654 87
607 47
396 90
183 83
116 55
445 85
366 94
505 16
133 92
707 56
509 21
22 45
430 83
13 73
329 47
427 59
254 95
175 59
591 40
593 75
361 84
164 68
154 64
344 62
394 68
387 23
56 22
623 14
386 45
286 88
246 26
295 1
361 86
13 12
216 83
60 50
380 40
307 96
58 96
329 19
580 1
212 89
377 9
469 100
457 43
540 78
26 56
462 52
742 25
355 60
661 29
14 80
68 31
234 81
713 37
750 45
126 56
96 65
575 10
402 89
679 34
158 53
9 61
14 5
523 91
577 7
518 17
180 21
186 95
136 20
510 68
26 22
642 83
318 11
198 71
17 66
714 66
502 24
424 7
440 86
725 79
300 91
292 89
343 51
677 57
745 6
661 35
647 32
703 95
395 67
477 88
597 5
200 25
203 60
153 25
338 38
647 79
658 77
577 15
200 78
570 98
103 25
641 80
698 48
404 7
245 33
244 55
551 46
232 38
130 91
303 4
38 82
475 27
538 4
12 38
293 46
336 17
502 28
36 27
316 19
169 19
56 90
557 11
347 9
47 33
535 45
603 17
98 59
372 11
94 77
453 18
354 26
497 12
580 34
627 98
256 66
121 100
550 74
608 87
279 85
362 45
262 87
295 48
556 63
110 88
385 56
287 82
56 5
683 18
625 1
278 95
313 82
226 20
393 14
328 100
389 50
216 37
280 84
298 3
505 43
506 4
31 29
235 98
280 64
311 70
90 17
132 83
54 93
194 97
369 42
587 91
331 90
86 42
475 2
609 37
102 90
711 97
303 58
554 76
365 61
250 64
635 20
718 14
43 80
252 26
48 8
184 65
117 95
492 61
181 3
723 2
431 7
381 65
666 64
657 91
500 25
368 94
510 70
604 73
227 16
685 42
439 14
81 38
437 60
562 39
345 45
260 70
406 79
445 79
723 45
141 98
124 39
306 16
182 93
614 91
568 17
95 24
17 40
258 85
744 30
261 21
436 85
461 12
201 2
42 31
239 81
642 1
447 11
532 59
428 97
741 19
596 12
503 8
208 39
108 31
743 85
638 66
297 65
72 33
15 16
490 5
93 74
54 81
11 49
499 34
153 25
633 73
261 67
711 50
277 49
202 67
697 9
543 63
403 46
383 38
751 89
446 22
320 48
722 81
739 42
345 16
279 71
658 68
87 55
168 13
263 31
564 11
587 23
413 59
554 24
279 79
95 35
641 38
617 49
728 72
214 66
49 26
524 43
626 8
235 2
42 75
703 64
127 39
507 44
588 62
286 35
408 48
161 24
545 64
261 9
596 14
339 50
497 86
431 97
319 77
91 100
384 86
125 22
749 73
565 33
174 53
716 52
597 80
282 12
398 47
415 48
726 50
224 92
371 55
355 44
192 45
438 50
287 55
629 8
607 56
248 21
206 16
329 73
34 62
583 22
669 36
358 27
150 76
724 88
426 30
239 27
508 47
288 37
497 19
420 58
731 22
509 66
543 9
79 50
235 12
99 34
169 63
362 2
482 86
482 85
142 3
696 67
10 51
183 46
725 43
508 40
107 78
707 72
509 31
372 72
713 63
636 44
459 68
325 61
716 92
32 17
217 44
198 49
9 60
69 90
679 13
157 79
158 75
96 77
270 71
723 100
750 21
485 36
273 4
526 80
425 16
63 58
227 47
395 28
349 67
548 63
165 20
684 17
492 11
340 22
611 42
520 53
316 26
231 75
517 1
640 33
298 54
420 32
78 6
253 88
548 33
304 8
458 70
365 66
300 76
19 79
490 98
198 59
160 65
669 20
484 25
273 96
235 97
402 39
584 20
615 22
600 100
529 13
177 64
669 80
151 28
163 68
339 85
56 30
361 66
250 29
495 26
206 94
491 32
540 70
487 24
131 88
17 72
123 33
351 88
353 43
123 89
720 68
457 61
195 29
207 29
716 1
112 91
520 64
219 60
409 37
45 45
627 65
645 51
425 61
191 44
149 83
711 1
