2861
427 75
227 5
220 43
300 56
131 23
300 37
103 31
567 24
158 48
157 70
185 11
369 37
507 18
377 46
29 87
481 88
425 18
145 69
242 26
228 43
455 49
510 61
564 81
138 3
326 42
307 76
107 19
34 6
336 5
196 73
95 66
119 93
555 47
150 25
393 40
257 42
233 86
355 95
248 52
371 93
555 53
433 84
310 66
67 67
436 79
540 12
87 60
475 25
39 74
87 38
242 75
103 86
199 63
109 25
201 10
289 59
380 57
217 80
350 63
353 100
357 98
242 40
302 35
162 96
475 60
264 13
152 25
149 58
124 7
242 84
421 48
334 27
382 46
77 7
240 65
231 85
75 79
415 70
305 84
12 87
433 80
281 44
231 23
533 89
1 12
159 8
50 87
336 22
392 79
309 85
312 76
397 49
138 84
529 26
419 2
345 38
393 21
476 5
494 100
409 96
423 95
357 94
267 14
538 31
285 97
405 98
14 49
462 68
220 19
524 73
63 99
495 19
410 29
307 29
525 53
178 27
23 98
403 10
92 80
570 45
286 54
561 60
75 40
408 56
121 42
141 12
117 14
544 84
402 40
307 62
558 84
312 1
320 57
166 60
409 98
143 7
284 63
286 45
387 83
419 77
38 40
445 19
499 69
323 8
163 95
67 94
9 21
337 54
342 29
480 90
530 28
565 3
462 20
356 19
443 37
128 100
146 5
567 87
291 70
562 14
343 97
371 86
65 88
495 22
175 55
119 23
547 48
364 90
103 31
175 86
126 10
483 60
279 84
48 95
66 95
118 66
572 25
336 42
183 80
136 69
540 46
247 66
149 22
189 4
244 40
394 3
52 8
507 91
471 13
209 19
339 75
235 30
432 99
450 21
544 82
231 35
474 68
386 31
528 35
279 63
75 97
4 61
128 35
121 35
170 83
371 9
421 99
433 12
429 89
16 68
264 76
571 52
528 47
523 9
465 34
497 87
380 76
522 100
292 72
494 6
136 39
80 70
318 24
531 68
567 61
130 71
440 34
80 91
252 66
147 46
441 47
332 70
227 82
460 45
317 21
285 10
60 27
318 94
531 69
63 20
525 4
409 75
173 28
230 40
20 36
209 47
291 67
369 12
206 88
481 9
362 5
160 56
274 80
237 96
548 92
11 50
288 42
33 33
533 20
31 3
379 61
342 20
443 9
263 100
297 10
304 33
175 8
340 77
37 65
79 86
52 45
124 51
430 64
396 69
36 35
168 54
249 16
137 27
433 6
224 5
289 76
274 50
529 90
84 80
11 14
335 57
185 64
9 7
564 100
310 7
196 42
125 69
288 61
572 96
255 25
172 56
523 3
357 17
136 96
486 34
360 60
477 19
65 13
209 73
28 98
360 6
564 83
189 99
420 46
182 1
549 91
29 66
69 69
362 29
441 6
281 26
277 79
117 82
219 24
489 29
557 72
203 47
206 45
527 15
133 18
269 67
296 88
125 4
7 71
557 94
348 69
231 9
375 17
173 25
298 90
266 11
255 60
504 22
526 50
493 9
91 48
561 24
50 90
338 17
365 13
321 90
497 72
82 50
341 32
197 63
268 73
548 44
523 84
93 51
212 78
149 69
55 91
269 9
105 44
320 29
533 9
332 65
370 18
278 76
137 48
463 54
454 24
303 12
52 45
373 68
527 83
119 74
454 43
89 51
190 77
91 5
548 66
191 7
342 41
373 5
417 62
279 31
366 62
226 61
330 34
491 44
63 38
522 3
73 2
142 47
392 73
47 3
141 30
65 65
450 27
503 83
192 41
553 9
135 46
202 66
332 56
120 64
562 79
276 40
323 11
271 72
423 3
38 53
128 39
319 53
129 14
192 78
298 35
180 28
289 37
237 35
65 90
256 63
554 26
479 77
485 54
203 75
35 52
214 46
417 34
97 2
377 29
429 94
85 42
380 32
452 17
374 66
298 2
531 99
80 39
323 14
272 98
506 50
274 37
345 12
198 9
4 83
397 20
251 96
309 61
378 87
570 31
253 28
533 19
25 55
454 21
315 45
206 87
185 36
503 25
562 77
180 17
461 81
47 14
364 55
459 1
415 47
333 47
162 42
224 66
488 98
436 58
274 14
33 4
494 17
528 92
102 33
313 11
35 24
287 63
488 23
212 100
113 94
95 18
6 8
133 1
1 67
274 72
29 99
300 2
69 17
31 94
353 99
295 17
412 72
511 99
466 44
204 77
208 37
356 28
41 72
167 30
275 67
182 43
514 16
10 42
135 37
143 12
38 61
347 2
419 32
358 42
36 78
470 65
389 42
76 46
211 22
178 2
92 90
234 65
281 32
207 34
560 95
95 58
472 19
321 5
86 11
211 46
69 35
49 93
269 7
458 16
194 93
173 49
427 62
327 80
192 78
131 43
359 61
255 77
378 1
326 62
468 9
356 54
173 2
201 81
544 82
400 11
51 34
307 14
271 73
130 47
465 77
109 53
486 84
19 2
77 33
393 58
532 30
122 21
401 93
460 13
559 2
421 54
263 15
63 67
526 16
341 77
547 5
397 39
4 50
351 75
135 56
331 35
361 3
335 74
323 72
214 93
176 33
383 61
532 56
439 18
66 48
309 44
67 67
22 79
452 5
274 100
461 15
400 100
168 83
427 71
492 12
11 8
541 15
175 26
473 54
374 42
313 95
38 14
158 25
258 7
171 3
525 26
371 61
494 33
46 66
343 26
96 50
12 68
520 27
534 59
516 76
563 31
219 71
486 23
536 83
67 99
171 96
237 70
355 2
98 9
258 82
402 60
491 92
556 50
356 44
338 97
396 13
246 24
71 99
329 22
40 42
148 67
220 21
428 37
306 59
83 18
399 55
19 44
161 54
68 30
256 85
272 58
321 96
525 84
78 29
490 50
525 13
441 76
531 19
269 46
48 47
152 53
489 100
185 27
241 89
176 25
542 13
427 63
371 8
149 90
103 25
190 73
481 66
523 42
572 43
86 29
89 76
526 10
113 33
141 91
235 28
286 91
386 69
218 37
343 39
461 82
272 18
339 16
341 67
480 11
58 96
273 85
63 77
172 46
384 48
162 2
572 24
415 52
363 95
529 45
449 53
444 58
133 27
483 92
451 76
132 54
253 88
246 9
329 89
76 15
70 72
6 19
69 90
206 14
421 96
132 23
110 6
63 58
445 34
433 98
487 48
155 49
374 13
11 38
195 70
197 42
337 5
257 3
450 34
295 79
438 100
551 11
70 91
551 88
559 15
374 37
282 85
392 82
269 25
119 47
91 83
314 63
139 84
439 6
152 60
463 40
542 77
473 19
449 58
233 60
258 8
17 18
222 16
128 46
58 65
376 21
324 93
250 20
214 63
179 49
245 21
558 38
273 29
562 59
407 33
350 79
41 52
165 69
223 43
216 54
489 31
267 26
571 10
297 11
482 9
145 25
192 93
500 31
532 68
53 75
21 98
106 28
383 60
186 89
43 35
560 96
403 2
41 3
41 23
146 68
245 36
173 54
442 7
481 8
555 88
393 31
190 35
304 77
487 26
154 54
542 93
160 25
126 31
274 22
401 82
256 90
487 81
41 96
136 50
357 37
3 46
491 93
435 50
379 34
224 66
362 59
94 37
566 67
78 23
352 56
169 64
325 94
471 40
216 75
285 87
567 97
496 53
318 31
134 13
405 12
40 51
94 57
441 4
515 64
103 35
489 78
42 89
164 27
350 64
240 80
300 58
116 2
379 34
206 88
292 7
319 68
457 36
233 20
449 77
64 4
565 63
383 20
37 84
346 69
462 66
435 88
212 73
128 14
465 28
136 23
175 3
483 20
21 84
374 94
506 61
19 67
296 71
517 18
71 60
222 94
238 78
355 16
101 24
419 79
561 62
136 49
492 53
238 99
63 45
120 3
87 97
314 97
414 23
448 38
560 46
310 40
127 36
386 86
167 1
20 12
350 97
397 55
182 34
290 92
123 56
205 43
322 75
17 55
318 84
434 4
207 22
203 39
51 2
169 42
312 85
8 59
130 92
28 41
483 65
400 75
211 17
415 53
356 68
4 49
332 94
216 6
5 22
187 83
61 98
85 14
283 12
203 94
272 43
562 23
394 73
282 64
512 28
386 46
211 84
258 9
217 27
466 68
170 3
481 27
180 15
358 15
125 9
477 3
209 8
435 2
463 11
266 95
260 45
319 88
260 45
422 51
36 77
572 85
537 76
186 5
137 62
494 95
26 51
167 49
526 11
531 8
4 28
541 87
408 57
134 62
419 19
230 99
339 19
35 3
392 59
499 32
219 22
126 100
518 75
429 24
268 39
510 51
302 55
367 28
116 56
549 75
454 85
294 6
273 17
555 56
162 58
537 67
372 87
252 97
19 31
320 18
535 45
199 34
342 3
92 42
275 9
239 19
61 31
317 1
108 26
10 99
407 75
503 51
496 50
256 44
493 40
426 77
66 3
178 97
373 23
314 5
53 10
119 71
487 32
498 81
572 96
458 37
486 78
566 59
13 76
475 72
26 33
96 77
197 27
190 94
332 74
357 54
494 37
171 68
67 100
44 16
301 66
383 61
367 82
509 92
383 95
219 49
490 19
336 81
391 90
471 82
544 87
413 73
291 29
106 73
494 5
80 76
506 94
121 24
487 16
27 81
395 79
224 71
52 48
381 23
108 80
260 100
222 78
280 65
34 67
441 44
362 91
164 18
53 53
498 41
177 89
38 99
220 43
424 17
555 79
25 78
279 40
551 76
351 10
170 36
500 15
142 69
267 27
18 48
236 21
166 53
154 21
459 100
447 11
493 44
190 44
210 17
205 22
569 94
282 71
443 39
336 93
179 54
164 21
53 73
199 45
222 51
26 43
147 99
187 95
211 55
3 57
570 78
151 30
530 27
149 76
465 100
380 47
554 28
145 6
22 32
328 11
168 40
95 56
148 56
470 77
170 34
227 18
212 10
206 85
241 42
492 21
87 12
361 93
86 99
379 36
299 73
401 53
377 57
288 93
31 3
116 55
121 51
268 60
430 52
263 66
453 76
149 5
199 54
475 8
185 87
205 40
170 1
367 100
308 43
38 92
417 23
441 95
296 84
399 8
537 33
121 49
332 38
496 21
544 43
93 37
522 90
435 79
467 3
21 33
227 41
535 13
324 78
460 39
398 90
184 88
8 94
491 61
67 61
112 70
215 9
62 99
16 43
477 49
161 74
140 23
151 34
34 33
267 56
549 57
284 98
469 38
297 97
226 22
184 74
509 82
302 76
86 49
436 87
445 78
516 66
550 15
221 28
40 39
299 5
171 31
516 33
240 86
68 13
437 23
149 36
393 95
521 64
221 76
283 30
394 66
522 78
72 29
419 3
438 79
432 34
547 50
97 22
216 14
523 55
207 46
179 15
299 80
415 88
7 10
476 44
173 70
185 54
466 98
510 66
341 77
140 59
6 26
462 88
118 46
114 31
153 40
134 54
90 90
19 54
132 40
136 46
365 97
243 91
487 29
341 34
572 23
386 75
565 52
127 61
267 51
192 58
6 33
70 23
327 93
382 53
137 56
44 5
133 74
301 17
86 10
408 29
232 72
77 52
221 69
492 81
187 61
354 49
48 2
342 53
357 66
384 76
138 3
411 60
371 66
542 24
38 52
61 64
364 15
534 69
196 7
329 5
406 23
469 76
115 83
117 4
305 15
102 79
557 81
196 33
395 49
507 77
438 75
97 19
542 36
191 100
64 94
159 79
85 72
318 85
453 79
249 15
271 31
119 15
305 48
445 25
95 41
132 72
105 89
381 51
354 90
228 57
312 5
51 33
502 94
402 29
126 74
317 82
348 100
363 27
229 68
204 45
17 76
529 53
285 82
356 49
301 2
258 42
86 35
236 15
309 69
414 6
418 88
443 32
36 42
302 22
449 10
378 71
246 98
391 78
516 3
74 59
104 88
41 20
529 85
355 26
572 100
458 13
362 27
297 26
158 83
160 87
204 84
220 25
434 37
273 78
309 99
63 41
221 22
53 53
117 77
396 41
171 3
341 47
512 88
379 46
90 82
38 84
504 84
131 76
511 4
80 68
484 55
34 94
360 27
170 6
125 36
201 99
77 11
375 65
27 20
189 19
124 74
481 85
26 38
79 91
343 23
497 18
400 7
91 94
439 8
331 44
147 63
566 78
14 65
28 75
546 25
89 18
478 18
453 79
41 84
382 2
257 81
44 28
508 57
345 24
79 97
30 92
49 68
210 53
26 35
108 17
429 11
108 90
61 76
183 86
400 27
124 60
33 14
292 82
59 17
58 21
121 50
389 2
353 91
7 11
445 15
237 18
260 82
528 11
273 84
51 19
446 2
77 29
132 43
481 42
324 31
148 2
165 54
504 26
226 2
300 35
137 64
36 8
275 13
566 91
500 12
265 38
529 64
138 40
506 1
202 63
300 28
569 92
33 3
493 58
30 38
182 75
255 61
262 9
12 38
27 9
341 33
138 32
119 15
207 72
140 93
215 99
94 100
137 49
376 1
235 96
253 28
5 9
421 61
418 8
529 35
264 3
256 86
447 1
392 89
564 91
113 30
150 87
518 81
511 2
204 25
545 61
234 37
101 90
133 58
481 52
109 88
360 16
66 14
484 35
67 96
353 36
343 83
294 41
347 79
549 4
408 68
132 15
186 72
569 47
504 60
272 3
238 36
416 93
328 73
268 8
125 45
420 9
100 9
272 95
477 34
560 34
163 58
202 42
83 40
160 97
486 37
70 25
299 29
141 14
231 6
190 62
389 5
276 2
149 48
280 27
106 63
109 23
134 36
174 87
529 13
168 60
322 56
258 89
31 68
329 43
208 68
419 38
99 62
253 57
388 44
268 34
306 20
327 99
106 77
266 3
354 10
255 82
177 9
390 29
43 52
196 49
566 65
405 82
416 44
255 25
539 73
251 92
143 97
563 23
484 20
334 52
445 23
157 79
249 84
173 9
52 32
383 41
397 18
124 82
211 17
465 48
25 81
436 21
189 92
52 69
135 92
5 27
292 34
278 73
268 54
521 84
43 22
246 25
325 84
267 54
420 77
124 3
180 100
120 77
532 58
50 33
37 14
373 2
364 76
421 29
497 78
287 2
84 31
444 85
372 22
258 86
76 17
134 36
535 63
53 52
149 80
128 47
349 95
160 42
57 12
443 2
119 83
283 17
414 99
113 95
61 47
461 99
157 100
320 59
520 53
299 65
468 94
453 46
196 74
150 55
257 4
198 22
157 47
446 38
462 79
333 4
270 27
44 6
563 19
241 56
447 24
415 44
148 17
258 25
498 14
180 2
178 57
333 52
485 30
347 77
212 81
70 14
115 15
296 66
153 21
407 84
250 3
223 19
112 90
399 4
18 20
33 6
253 72
75 76
286 5
350 10
288 5
31 29
337 26
18 24
118 67
518 60
98 91
235 24
543 31
309 3
27 77
431 24
32 76
389 77
244 63
333 88
563 5
517 73
27 33
278 64
218 44
570 84
96 19
402 34
396 47
250 17
295 28
219 7
507 46
543 58
10 21
114 77
477 39
247 75
287 79
518 63
565 77
61 77
544 99
46 62
391 98
301 10
300 33
17 3
208 25
533 2
390 39
315 44
404 61
62 21
92 62
334 96
210 88
35 32
99 61
274 85
302 26
567 57
248 97
271 59
376 38
387 36
97 51
36 74
400 48
58 69
45 7
239 14
236 82
335 90
146 92
135 36
40 45
413 4
211 90
348 85
375 19
107 75
335 14
175 4
278 41
512 79
24 53
514 58
210 71
71 33
351 71
379 77
102 43
373 44
572 61
207 12
252 7
294 38
166 22
290 82
158 28
546 90
389 57
280 68
71 88
60 16
1 47
20 6
116 56
110 67
101 19
281 47
217 60
185 32
170 35
561 42
253 6
479 4
132 48
89 21
176 71
41 12
277 49
276 17
69 2
42 90
531 2
357 76
103 81
351 27
291 36
117 40
435 27
261 36
427 48
427 10
32 50
28 93
58 68
382 1
174 25
277 35
300 40
389 46
571 21
318 90
275 69
322 23
373 9
327 81
178 71
73 53
124 52
523 48
476 3
346 50
489 32
429 22
506 100
348 69
469 42
101 92
297 100
395 3
229 49
4 7
22 65
96 85
110 28
