2585
454 11
213 35
355 66
367 25
220 86
167 79
488 11
443 13
149 87
417 81
378 39
429 56
1 67
233 38
69 10
104 57
321 96
246 18
517 5
236 50
485 53
326 72
329 13
316 91
513 40
302 68
43 26
473 88
268 55
174 90
334 52
440 62
450 7
431 7
397 8
488 7
113 40
25 22
258 62
301 85
262 6
344 8
50 57
362 78
138 75
101 48
161 35
359 42
254 47
63 87
72 62
210 68
218 66
286 39
268 94
233 36
339 50
329 35
35 4
336 61
202 42
120 72
219 50
123 15
460 75
343 78
14 16
15 89
88 100
280 3
259 18
29 66
363 57
264 91
305 63
58 54
75 10
318 58
413 77
121 35
472 53
409 76
163 34
251 91
220 76
421 88
354 37
12 58
400 47
122 90
252 66
254 33
198 31
198 90
328 60
231 42
177 87
340 97
223 85
161 85
505 63
15 13
444 74
440 70
449 41
415 42
319 63
164 33
393 21
29 61
388 4
488 16
214 62
493 88
127 75
215 9
11 93
119 32
183 94
395 81
499 46
343 53
461 40
414 9
475 48
113 69
148 41
4 13
255 46
332 47
348 77
342 26
276 31
107 37
95 41
321 94
171 22
185 79
440 96
131 20
476 49
424 78
505 10
351 21
258 33
143 74
286 70
179 94
335 43
379 70
76 22
343 19
196 13
415 36
294 21
145 9
233 73
400 6
177 72
356 3
499 64
24 58
149 17
257 63
380 61
507 65
293 40
92 85
34 6
181 46
54 58
471 80
329 73
197 37
161 78
378 57
228 56
165 22
503 17
467 17
515 29
392 37
420 38
257 83
249 91
401 25
120 49
34 89
367 71
495 52
337 53
470 64
55 79
466 74
395 33
307 96
104 93
188 39
94 21
121 12
254 61
180 93
453 9
276 11
500 48
375 29
251 4
187 56
158 4
176 98
292 24
161 39
346 88
413 93
238 45
459 28
184 100
41 3
40 43
193 43
240 77
9 24
141 35
143 99
101 94
344 41
185 3
491 1
435 55
118 61
195 34
245 31
31 93
186 65
187 35
92 4
37 58
15 43
434 99
351 52
110 90
441 26
422 89
149 78
396 12
135 43
490 42
348 69
240 43
278 48
218 94
222 78
156 11
486 99
465 56
52 44
95 31
345 56
404 13
191 77
282 67
260 77
350 32
254 22
407 8
189 71
11 1
138 15
273 36
383 19
508 62
260 10
467 18
389 75
456 35
435 54
376 51
363 8
350 43
469 8
57 75
414 10
78 25
324 99
228 3
193 28
388 36
106 93
512 15
458 40
83 98
111 45
229 3
183 62
195 83
505 61
292 31
153 38
395 21
300 81
57 63
61 24
265 82
1 87
249 46
338 72
160 32
189 12
229 51
65 95
423 11
107 50
372 80
366 71
179 78
79 28
346 38
115 88
349 57
178 6
248 7
463 11
278 76
382 98
391 8
121 61
309 37
123 62
89 6
231 65
129 34
324 3
358 51
247 99
264 99
209 23
472 25
360 29
259 30
44 5
113 39
59 83
123 47
404 85
494 72
168 9
205 67
510 32
215 89
355 3
62 4
226 97
107 80
32 83
245 16
516 98
411 95
7 19
410 5
146 83
192 90
16 48
15 9
31 81
420 44
243 91
373 68
136 74
194 47
42 97
501 10
452 69
371 10
42 83
138 46
455 54
42 72
460 1
303 99
103 67
180 3
343 63
460 87
377 76
205 36
432 13
107 5
360 74
483 26
333 79
166 11
403 81
422 83
343 100
46 88
12 47
71 20
113 13
193 96
314 88
465 8
421 22
148 18
214 75
420 68
211 29
213 60
331 39
468 28
352 13
60 63
472 34
273 62
212 25
375 56
227 43
400 5
190 26
256 14
364 78
127 25
349 67
158 17
98 41
123 24
37 42
311 41
442 28
251 20
232 5
164 88
377 12
162 76
369 7
147 3
104 99
98 7
236 10
218 32
57 88
244 33
400 22
395 22
17 38
66 43
54 91
313 36
164 64
114 33
84 4
512 57
3 11
106 93
77 91
416 97
108 26
83 57
513 74
362 41
332 6
457 20
424 14
236 65
158 10
401 73
377 21
143 98
99 96
57 42
33 10
219 92
61 10
470 27
510 5
74 34
476 3
310 16
242 51
474 11
416 59
290 5
176 73
422 65
222 81
261 81
91 94
51 5
498 44
82 66
170 64
354 39
507 81
239 89
215 94
308 51
133 68
84 98
353 40
83 9
333 21
428 77
263 57
55 5
402 84
97 62
393 93
350 52
295 24
151 14
299 100
399 86
440 49
234 46
147 86
221 79
355 12
313 75
39 29
506 91
308 95
171 18
332 26
168 27
324 64
311 78
329 50
80 45
475 10
463 73
68 81
159 53
357 35
207 89
7 29
170 81
166 98
146 99
438 61
198 49
228 50
382 4
98 14
433 35
258 44
319 11
289 6
214 50
354 80
190 76
64 18
151 11
180 100
498 6
74 57
23 76
25 35
308 43
339 72
127 8
366 41
273 50
27 3
248 79
370 67
325 43
122 28
409 52
183 45
288 14
262 78
378 88
362 35
279 43
349 72
485 52
187 9
442 62
304 25
311 45
185 42
219 63
361 41
28 29
505 91
350 7
223 45
325 16
472 38
136 7
446 75
268 37
471 12
364 17
17 16
339 67
74 10
438 89
297 75
447 70
88 87
89 68
218 85
31 72
274 70
125 32
233 78
467 99
195 19
439 64
322 36
28 88
236 16
229 92
314 72
229 28
122 18
154 57
93 83
25 9
18 61
452 75
510 96
476 48
112 17
483 82
247 27
220 17
202 41
367 32
406 73
435 36
361 55
335 53
501 32
106 2
474 77
145 64
208 65
127 11
171 26
489 41
418 51
449 70
366 16
250 86
497 74
373 53
443 37
230 92
234 26
417 83
174 100
281 90
249 90
185 67
235 2
132 48
220 5
137 23
451 39
215 96
387 87
342 18
201 61
159 84
28 95
121 21
328 18
334 5
189 98
209 21
19 52
249 96
281 99
87 100
144 99
503 4
155 11
362 70
159 46
20 53
74 72
301 20
239 11
460 57
123 51
489 69
39 61
245 55
126 82
101 84
459 41
438 34
255 39
239 33
209 17
281 68
224 38
385 63
63 49
292 59
37 84
208 36
142 43
109 86
124 64
90 61
405 51
99 60
447 75
230 83
300 88
385 47
457 49
2 54
186 92
296 23
94 57
128 40
325 93
213 40
473 20
271 6
508 12
35 37
158 45
494 79
289 72
417 22
501 25
139 3
349 63
515 64
50 38
150 79
103 15
182 18
333 79
67 77
315 43
505 68
411 8
48 94
57 50
479 12
246 73
96 85
396 65
321 66
142 75
189 7
15 25
5 67
500 68
278 77
263 82
218 82
429 25
480 9
312 8
468 15
285 38
115 28
457 92
168 60
125 63
272 39
430 91
425 75
122 14
255 93
445 59
323 53
352 25
391 59
450 76
392 34
64 64
153 38
6 10
496 2
423 82
311 59
306 82
129 45
143 4
285 81
356 41
120 76
231 90
484 20
115 47
100 14
464 46
503 35
506 31
489 84
494 59
125 58
333 9
83 72
279 2
478 19
247 7
26 76
494 22
271 36
394 80
371 99
302 26
365 81
240 28
59 100
417 48
319 23
231 7
61 100
154 61
439 40
53 88
232 40
436 61
462 22
277 76
103 14
442 83
153 30
446 27
233 76
60 54
504 99
111 87
116 43
426 51
59 28
482 56
259 7
264 26
376 43
257 7
408 60
453 71
454 51
117 77
123 84
8 4
322 24
326 53
478 66
154 94
404 86
30 31
373 86
192 72
118 99
193 75
24 63
425 30
275 15
473 61
204 63
102 75
302 55
46 93
40 68
279 39
225 29
229 11
219 53
273 46
122 15
37 92
453 49
321 40
332 21
488 18
85 40
6 57
449 86
410 58
233 70
66 30
332 100
107 49
68 38
49 89
46 40
407 48
327 41
169 48
33 75
47 58
314 22
83 57
487 100
378 91
401 79
59 45
500 18
68 84
484 29
163 57
186 44
397 51
412 27
206 88
475 81
396 33
226 62
238 79
417 49
98 17
144 43
32 62
89 5
153 37
377 6
437 89
95 26
483 54
385 14
496 84
116 48
37 69
397 65
201 75
376 27
179 34
230 62
370 87
162 77
153 92
363 45
231 96
259 3
75 97
140 32
293 71
450 82
409 45
32 12
87 78
95 53
289 56
364 62
284 79
288 68
490 47
152 90
39 50
87 8
381 70
360 84
228 23
447 45
157 17
481 88
393 12
118 7
214 54
61 67
108 52
290 20
418 9
129 2
378 62
400 95
375 27
410 5
511 19
402 15
80 69
135 30
296 67
368 31
70 95
125 20
377 82
114 3
146 98
394 99
356 97
332 67
286 20
242 21
18 47
275 26
333 19
214 83
210 37
213 64
462 67
29 67
517 38
394 12
397 45
154 39
452 67
507 62
395 30
225 15
4 15
491 89
3 79
455 49
494 41
466 95
44 64
48 93
132 86
66 17
466 44
60 56
306 41
258 39
194 5
92 57
24 78
367 2
127 77
51 87
258 70
9 9
212 17
402 85
86 70
307 83
31 27
465 78
88 85
402 76
19 82
241 83
365 22
347 37
1 38
362 28
47 73
362 66
387 81
487 88
370 2
393 53
353 20
505 18
104 71
422 72
34 89
389 80
228 83
294 63
55 89
185 28
320 15
409 11
298 20
206 91
239 91
26 32
446 7
161 50
454 81
172 49
181 42
334 57
415 1
98 37
501 95
151 68
462 14
215 89
181 39
465 13
506 18
137 84
237 15
434 37
90 50
449 70
43 43
138 98
448 65
299 4
5 22
418 12
19 1
80 57
467 39
180 77
126 78
386 2
281 55
125 66
303 85
120 11
429 89
225 89
491 54
121 79
480 34
325 62
277 13
284 82
378 21
216 77
12 2
400 30
184 70
192 93
298 24
227 13
251 31
183 53
255 18
450 94
7 23
362 70
155 76
67 5
290 57
52 17
424 48
131 96
199 87
243 12
228 69
278 19
258 47
137 63
463 50
437 79
271 2
73 26
498 29
245 29
487 53
474 97
362 76
219 18
312 54
419 23
50 69
428 88
85 20
41 26
451 17
329 81
338 11
152 14
131 38
66 69
386 97
321 41
431 86
382 30
435 81
14 48
193 92
127 76
85 85
152 33
454 66
372 66
404 76
440 15
34 65
318 4
190 65
70 64
156 97
110 92
430 48
171 21
404 10
403 2
262 60
398 72
504 83
271 57
263 87
148 66
293 81
495 73
227 86
241 36
144 31
183 13
410 42
36 21
263 40
346 84
275 65
442 58
236 21
364 73
107 57
161 25
173 3
66 18
301 64
412 66
210 78
57 41
111 16
275 42
93 31
240 74
197 4
425 44
240 68
260 52
92 92
109 70
263 52
91 37
147 98
270 61
515 92
144 18
384 87
492 98
497 7
80 90
77 21
297 75
239 19
52 72
104 85
472 80
48 55
160 8
345 67
262 58
359 82
252 56
439 98
238 12
401 16
132 13
235 15
409 66
512 55
91 8
276 23
375 72
214 2
394 3
380 74
287 89
125 81
35 34
145 49
178 96
223 99
359 92
214 71
94 58
186 34
257 18
333 69
305 80
489 7
110 61
136 18
394 70
512 92
225 32
413 18
112 17
443 69
2 57
68 8
375 56
481 61
339 54
149 28
122 63
176 35
370 2
498 65
68 43
367 20
333 68
472 65
438 1
216 82
346 60
14 93
461 17
499 89
122 86
33 37
367 21
394 43
163 43
3 30
58 93
56 13
374 30
443 70
397 27
358 19
418 50
433 26
304 19
41 49
200 39
373 82
357 18
206 96
290 34
73 93
44 44
186 58
362 82
511 49
39 99
50 31
354 37
221 16
303 63
459 50
32 11
409 85
151 62
5 81
500 88
187 19
361 53
85 18
182 41
236 18
342 59
302 36
517 96
242 74
118 67
60 49
210 60
43 98
143 36
506 29
401 34
89 61
285 4
220 60
119 61
198 89
327 59
450 34
247 58
218 15
449 4
2 83
443 40
11 6
482 8
358 55
286 65
43 68
465 50
393 17
79 2
158 36
138 75
312 3
26 86
453 73
302 56
334 7
469 35
432 99
396 52
392 37
394 18
184 6
236 19
32 32
175 32
374 50
215 68
101 51
453 2
515 36
444 52
239 4
55 37
426 68
146 58
6 79
269 58
377 6
259 68
64 12
76 2
262 51
224 29
449 31
421 32
474 76
116 73
462 31
430 34
457 44
87 78
207 90
126 91
142 65
65 25
237 96
214 20
501 42
171 51
417 8
131 28
317 53
381 87
2 31
89 58
35 37
248 55
516 89
350 69
515 46
271 23
282 92
182 83
378 96
34 69
167 63
204 60
266 43
509 7
122 79
381 18
282 47
119 80
433 65
166 49
204 22
455 74
491 51
157 56
322 49
17 26
395 57
411 41
336 78
273 92
11 78
306 91
151 68
12 16
141 66
349 100
284 65
433 71
485 56
371 11
53 58
191 47
17 44
439 51
452 82
278 82
326 13
303 68
476 6
317 52
141 44
513 69
195 76
38 70
188 10
177 30
96 12
110 17
415 28
315 47
19 62
211 20
18 74
238 46
446 42
279 21
233 99
419 29
51 78
259 92
400 39
429 52
467 99
494 55
41 61
121 33
135 70
430 78
250 85
310 34
263 99
349 11
362 79
45 74
5 45
151 62
438 67
351 80
10 8
266 71
14 91
393 47
294 92
358 37
428 67
391 34
108 76
329 16
168 97
284 59
297 31
181 42
486 65
493 87
272 3
503 61
484 21
313 33
197 89
20 98
333 35
341 92
237 13
203 71
478 35
340 19
33 83
370 100
62 12
236 63
370 12
409 33
447 94
321 8
211 25
132 72
155 17
12 29
495 53
224 6
362 25
9 40
12 29
464 97
95 4
50 51
507 3
256 69
210 39
464 81
254 59
87 33
101 11
163 72
199 63
344 98
76 98
257 49
83 23
485 10
50 34
383 19
400 85
68 36
366 60
493 67
402 24
346 94
308 46
392 3
111 33
51 35
2 42
204 71
396 89
348 89
269 84
275 64
441 84
72 48
464 48
85 81
499 75
235 86
256 56
360 57
253 40
258 49
343 89
497 98
19 5
311 6
117 29
306 12
467 95
69 99
436 20
258 69
359 30
175 16
349 44
99 4
64 96
39 50
304 97
221 55
414 74
269 99
88 52
213 100
134 33
395 18
76 21
84 69
199 70
15 29
478 39
416 60
365 64
114 74
335 50
24 23
352 47
237 71
240 17
90 69
502 6
44 38
189 55
297 12
432 50
215 20
488 17
333 71
299 53
128 12
218 79
221 96
53 24
243 93
33 70
462 24
471 90
248 95
134 68
430 15
332 79
49 80
442 63
358 44
425 20
23 7
85 10
354 90
516 98
27 17
330 27
228 60
434 83
265 23
177 62
251 27
191 95
68 55
151 11
459 31
23 39
237 59
493 64
453 57
20 93
268 14
284 48
343 42
233 18
254 34
337 72
244 20
110 92
254 18
193 94
372 60
217 60
430 94
490 58
312 84
238 63
146 52
32 44
206 87
298 30
509 37
324 55
460 25
115 50
433 97
127 48
306 43
176 71
316 60
419 78
340 27
108 28
121 12
311 99
215 18
337 13
435 97
237 46
115 75
162 77
511 92
506 31
41 37
201 39
328 27
78 74
356 33
208 52
259 20
337 76
325 8
72 26
99 94
128 1
138 46
359 17
503 12
159 100
438 17
254 57
472 94
38 35
139 68
40 80
124 97
54 72
9 61
93 57
248 35
283 32
473 70
272 43
503 1
492 37
316 29
472 27
403 33
146 76
346 64
21 31
231 54
439 24
146 19
204 17
427 85
135 75
461 63
57 10
123 47
338 43
372 33
34 49
292 3
279 58
233 3
401 35
157 69
376 29
156 3
294 51
424 38
335 19
135 20
308 50
220 22
404 61
130 86
407 29
182 85
87 41
218 32
79 44
200 41
502 45
419 1
7 71
450 98
158 50
308 39
458 78
392 27
323 78
19 20
219 53
225 73
198 73
488 10
299 13
498 4
192 64
325 8
220 25
233 4
435 19
59 30
253 37
195 92
183 1
151 92
480 21
