6994
277 71
648 13
965 70
360 37
186 85
337 45
827 41
896 35
1314 63
926 49
987 98
1089 64
854 50
947 53
671 44
406 34
454 90
586 60
169 33
22 75
1075 78
1067 8
10 23
199 22
1241 22
294 91
1011 28
422 56
1021 20
811 74
119 39
101 69
415 77
1020 64
947 47
1172 13
1047 37
1231 52
332 23
496 39
769 8
174 49
1256 8
396 29
614 7
931 99
446 48
981 96
170 27
853 91
1344 93
140 38
54 81
447 32
904 54
358 100
1053 89
759 26
1292 40
189 12
1341 75
289 70
929 23
612 97
672 36
1286 53
913 11
1045 4
4 21
479 76
337 34
827 3
54 18
691 24
1152 92
569 33
1145 57
280 5
1242 21
36 99
425 42
93 9
630 36
104 39
803 50
530 89
28 2
409 29
999 59
609 9
914 11
1132 35
1118 74
1126 38
115 18
254 27
403 6
94 82
1252 10
198 87
705 20
1005 1
791 75
1226 28
638 66
1333 4
138 30
1208 80
1357 64
1379 23
939 67
816 63
664 13
148 68
1168 28
479 90
566 65
387 20
414 42
335 29
1101 26
1120 37
1089 60
909 75
411 50
1141 62
893 19
369 26
929 4
376 6
196 87
820 31
884 55
916 75
884 60
1200 58
632 24
729 83
556 51
722 40
927 44
787 56
1347 9
1089 88
991 65
1025 93
851 14
969 59
164 22
201 71
793 54
580 70
1237 84
792 92
566 73
1329 60
987 88
1365 34
372 93
679 26
338 52
247 42
310 79
564 62
19 25
16 16
283 2
1130 94
1271 91
1012 93
329 85
635 13
975 31
1399 41
234 27
314 46
219 94
658 14
888 64
241 11
731 60
213 2
928 25
422 79
1109 94
1373 29
959 71
559 76
909 26
128 60
85 96
52 83
387 79
1308 78
119 2
795 44
45 72
641 27
844 6
410 46
1141 31
1232 93
419 72
995 38
123 89
788 30
993 36
880 83
619 50
788 70
943 92
939 4
344 75
104 31
844 78
241 45
1354 12
1169 37
930 20
1207 14
308 60
900 73
1197 37
1355 13
657 77
426 82
1097 37
282 55
190 42
506 74
55 38
791 66
1245 65
726 95
259 28
744 86
994 90
1041 84
391 77
1377 60
736 74
689 45
404 71
1360 21
803 13
385 55
345 98
757 50
1222 48
36 90
219 62
1100 32
2 74
603 39
1380 9
7 8
247 34
375 100
209 13
981 17
961 2
735 87
139 47
1218 94
708 100
1226 95
1072 49
556 30
454 35
716 7
1234 47
924 38
113 32
20 81
1346 47
1365 16
275 38
1071 40
404 94
511 30
1315 18
687 42
394 78
850 2
1283 88
101 100
1393 63
922 32
504 28
1223 87
484 23
1217 45
1310 92
197 31
45 14
466 87
733 82
1285 36
967 30
1226 90
945 33
620 14
514 53
1094 7
496 65
934 14
486 92
510 81
342 32
473 44
375 31
1383 57
173 24
338 32
1047 16
1234 98
452 32
1143 15
1322 29
742 72
1039 53
561 59
1316 12
962 75
1062 17
222 35
1183 37
914 81
1133 87
438 40
562 33
160 46
227 19
218 26
1082 83
1031 55
1002 55
71 21
193 37
1204 65
1212 5
1219 67
674 76
478 85
166 11
317 69
454 20
944 47
485 72
1221 79
396 82
1109 14
968 48
564 50
189 16
612 13
263 24
1327 22
606 8
1382 97
1053 4
612 56
1008 93
1271 29
1235 16
1335 76
135 32
1198 76
621 2
197 73
590 18
235 10
923 17
1394 62
1275 78
268 95
943 97
1364 91
1030 6
52 47
535 90
1394 50
1112 25
241 86
104 100
1010 27
476 49
662 23
880 80
1369 68
338 35
1181 66
158 71
504 3
841 91
1144 51
602 87
1192 60
275 13
567 87
1265 54
322 2
274 23
702 62
384 37
1006 92
735 73
925 66
896 32
324 45
797 8
483 41
894 22
76 32
1280 58
837 67
671 75
123 18
153 93
891 66
704 98
29 96
767 34
884 50
936 44
1369 47
115 22
887 51
889 91
403 9
1180 66
912 78
939 11
766 12
623 100
753 6
292 78
616 35
999 69
1002 94
184 68
1392 65
858 97
912 39
690 88
413 100
1200 99
1061 7
1339 12
770 58
1193 16
58 58
944 14
817 9
1204 17
1015 94
1309 63
755 37
1281 58
398 24
374 80
939 2
655 80
1052 28
586 66
768 86
1264 45
257 85
1318 87
676 59
1116 72
962 8
107 80
1248 69
636 36
614 36
992 71
1258 46
1158 48
1283 18
978 66
441 49
646 94
513 31
559 53
270 83
24 97
760 84
808 50
491 78
467 69
181 37
766 70
1193 3
205 8
614 12
485 60
1058 32
1296 45
1166 5
342 30
20 92
1281 55
969 29
1109 39
1163 39
731 60
519 1
1230 53
553 85
742 77
1129 98
827 43
868 5
242 24
777 13
552 75
1239 2
1278 24
15 54
214 89
612 5
121 14
1103 85
905 20
749 15
357 85
864 58
137 49
199 87
909 4
225 29
1062 24
593 72
334 25
231 93
865 35
912 56
464 53
526 62
393 56
1387 42
1122 46
1020 88
358 22
336 41
926 87
147 13
948 7
528 58
791 27
223 46
403 39
439 61
895 63
582 59
779 70
790 5
750 18
302 42
725 92
63 39
710 13
1263 36
890 46
1230 57
941 31
1148 42
1379 86
202 30
733 17
1315 88
1360 10
875 78
147 80
956 93
700 65
1229 17
445 86
329 57
1239 11
789 54
1396 93
672 16
989 93
445 34
620 53
956 33
184 70
714 69
568 65
548 79
490 100
235 22
990 61
694 75
1100 72
1027 16
983 44
595 100
1062 86
176 26
566 13
743 100
582 13
57 7
711 70
456 64
958 96
492 14
1265 32
134 50
596 63
1355 13
992 94
1283 3
937 24
48 40
373 73
92 93
354 8
316 66
117 89
88 71
1000 3
966 42
541 9
690 43
891 76
1379 66
697 19
985 2
1073 74
601 63
1134 60
573 77
1024 43
571 33
609 69
257 83
638 55
643 6
247 89
882 93
63 94
968 87
783 77
286 48
372 25
1147 8
1300 93
1198 74
727 80
664 30
150 54
380 62
1043 76
306 51
189 97
862 30
782 65
127 75
840 55
203 1
1376 92
397 13
1249 92
111 37
738 96
210 10
537 17
1185 40
778 97
359 55
50 34
301 44
261 42
803 81
604 15
1181 46
627 60
565 39
504 17
49 7
405 48
1210 72
1198 25
416 4
537 5
124 62
986 97
756 70
1130 31
864 73
257 28
268 94
830 7
117 86
853 43
33 32
986 71
604 73
589 9
689 56
1043 45
434 35
1219 28
57 11
538 5
424 32
483 90
337 54
1009 23
116 57
767 72
719 19
452 73
1036 45
711 41
807 24
48 77
1086 1
962 5
1312 76
120 51
48 15
690 73
577 78
34 36
343 68
139 73
618 11
316 25
1245 36
1210 32
773 70
566 64
14 89
855 80
550 4
1175 41
20 82
448 90
1002 91
987 97
611 34
226 76
1345 94
1322 63
847 52
662 29
1272 100
166 40
689 35
1182 6
298 77
955 89
721 45
340 15
1371 44
264 51
587 55
1161 25
1005 64
887 53
370 49
364 78
1136 99
1195 43
584 80
1145 26
761 62
721 14
913 77
1030 98
607 24
17 44
14 3
636 29
1391 58
1111 53
363 51
596 44
468 61
1071 19
590 85
1208 41
70 58
1021 79
1064 79
1044 94
566 22
41 1
542 30
831 16
894 50
661 50
189 96
1260 11
804 33
871 6
1031 74
252 72
394 37
469 32
1187 33
1395 72
256 29
1272 62
366 37
1270 6
557 26
905 53
197 90
1021 73
1003 2
297 20
1029 91
1240 42
1333 2
918 44
737 94
178 34
275 10
212 24
395 17
1110 64
909 24
853 46
1044 64
305 94
643 77
939 66
662 49
308 39
110 13
536 8
590 40
196 48
302 88
728 17
732 12
1202 72
23 52
813 20
278 66
821 78
346 91
492 16
499 77
1228 57
717 3
1287 66
546 78
1268 99
1183 55
994 45
1375 67
352 76
1242 96
79 54
206 26
1291 84
720 5
1007 87
952 60
590 58
1028 76
646 25
352 79
421 94
497 36
1058 81
521 46
1200 62
20 9
570 33
1043 81
630 49
1381 40
163 29
957 12
392 15
600 100
832 33
222 56
843 91
774 81
49 10
640 6
169 49
1240 24
1380 31
300 34
853 49
258 93
1074 63
441 96
67 40
302 28
113 31
302 96
206 76
472 42
259 4
5 7
200 92
125 6
732 77
338 44
815 27
360 99
1162 76
683 13
294 15
1055 29
1022 5
796 39
46 46
440 67
207 15
975 95
458 11
706 55
217 57
1217 59
1309 36
50 85
853 97
789 94
995 91
1082 18
1301 45
1298 57
916 100
959 16
236 18
93 48
313 66
652 53
447 87
348 33
363 11
1176 45
23 95
1366 48
1301 20
1027 58
724 50
952 59
1180 5
1386 53
429 50
1383 31
1070 81
937 86
745 16
1237 86
566 32
835 87
1384 19
571 96
648 8
970 37
1066 30
978 86
646 38
91 92
369 11
724 7
388 65
219 79
120 94
8 32
157 1
82 37
112 8
1141 60
91 83
158 77
904 13
598 61
1198 67
165 38
1342 66
1391 7
376 20
418 15
1027 21
868 7
891 90
1352 83
840 12
1314 80
675 26
849 61
387 36
66 37
678 24
1197 79
493 2
1390 61
407 25
2 7
985 8
876 78
321 29
921 11
1022 34
874 83
1140 24
272 60
452 38
1327 37
977 1
402 78
1052 99
357 76
879 45
756 53
636 13
822 79
433 25
225 38
7 27
369 81
231 96
571 46
795 58
927 76
389 81
21 93
739 6
329 85
834 41
698 78
1209 21
543 77
222 38
296 60
928 35
57 94
883 59
178 94
606 37
670 95
876 58
1347 17
659 8
1391 35
664 82
598 41
137 80
421 9
377 92
684 57
1313 12
154 69
1010 48
752 11
1050 95
510 19
1361 65
919 15
1373 21
924 49
395 19
1103 34
625 92
985 34
176 91
867 36
948 61
90 25
362 48
352 86
520 73
503 25
1010 84
1396 17
414 80
1187 19
1098 17
667 11
1379 98
365 25
275 55
1112 70
550 12
1394 36
1227 83
477 68
198 49
772 3
28 69
250 62
817 34
18 91
463 3
451 100
1266 76
841 58
1002 31
1117 43
186 47
1104 20
364 31
118 96
334 100
791 97
783 65
1379 49
441 57
980 46
161 26
1348 38
231 59
915 64
1162 7
1142 22
889 56
742 30
770 30
556 8
1076 78
113 7
26 91
712 22
1080 50
838 12
201 17
120 56
5 85
568 45
610 25
916 7
435 96
34 49
1080 40
142 55
291 69
869 12
1098 17
669 98
383 3
39 62
533 21
291 34
517 83
389 71
1201 32
86 53
228 95
217 47
288 57
1226 94
888 96
935 2
463 31
1200 53
645 44
909 53
278 93
314 59
100 71
292 33
773 9
203 13
1044 61
559 100
398 79
64 2
74 93
246 2
496 63
739 12
394 62
590 98
233 4
579 100
1277 24
927 66
593 25
254 73
1268 6
651 52
71 76
720 87
985 98
376 4
524 40
445 43
855 62
960 9
192 76
26 96
133 30
863 84
795 84
905 22
372 92
606 65
1040 20
1268 86
950 80
252 69
268 23
733 49
705 23
848 58
791 12
887 70
211 67
1019 40
316 83
624 64
1250 75
802 97
823 60
454 59
379 33
81 35
385 70
186 47
201 65
1207 81
595 72
588 4
1344 93
780 46
433 43
908 73
1158 79
939 85
329 34
674 50
181 9
68 37
1031 19
1173 65
798 36
283 9
303 80
835 72
670 28
1248 63
648 65
530 63
489 89
816 95
580 54
579 68
394 78
1001 12
1379 50
425 90
1151 24
707 60
473 76
1206 65
408 60
1385 56
889 9
1398 21
533 81
1244 96
238 99
373 22
557 37
1081 73
468 95
783 87
158 93
1294 8
35 59
1322 76
1184 30
300 42
144 86
1162 39
1202 37
934 62
1308 76
626 14
590 63
243 82
1099 8
226 24
1147 76
1349 26
1124 5
724 5
760 34
661 51
452 53
173 29
282 69
634 12
428 59
328 45
465 18
490 52
727 18
578 8
1381 37
612 62
241 73
741 9
1142 62
446 48
1348 46
178 38
262 18
277 27
202 95
921 2
938 1
1195 50
1047 95
1092 45
54 57
297 78
1033 86
89 90
33 86
656 49
1370 29
70 41
833 35
741 69
884 39
1048 58
696 8
630 3
339 23
624 7
903 92
80 39
789 25
937 9
864 25
1258 93
262 78
602 18
243 20
673 82
1097 76
1005 17
636 49
705 78
932 10
927 97
879 51
214 49
601 96
654 15
1028 24
385 59
285 41
508 70
1053 3
333 50
982 90
779 42
206 56
1304 79
586 93
850 42
124 54
180 10
725 73
1389 49
336 8
228 38
13 86
317 14
607 45
239 66
351 91
1049 1
1076 6
1198 16
480 50
824 16
160 27
484 68
928 97
944 82
456 85
24 84
956 92
1229 9
578 95
696 97
1345 28
916 3
677 27
807 49
820 64
1145 64
1315 11
189 100
224 56
104 7
226 38
794 10
1322 60
983 63
626 16
1059 58
1068 41
714 13
656 69
441 90
242 27
1178 90
1025 81
592 77
829 25
605 40
433 25
715 36
702 23
983 75
888 39
880 72
1028 24
851 20
451 63
176 28
520 38
406 66
90 87
556 81
444 29
537 96
78 76
187 31
976 9
365 70
1212 71
842 33
100 78
1065 1
314 54
1165 46
1044 19
610 5
422 1
89 95
428 78
75 34
51 76
331 12
508 53
824 40
80 66
1088 94
7 66
1173 39
605 42
866 57
885 10
1122 4
850 48
883 30
782 3
327 79
1229 52
791 40
83 61
1191 81
958 12
962 9
993 33
941 39
1144 58
628 40
253 81
1136 92
836 57
1330 80
791 51
302 52
1331 64
1184 87
1002 85
1188 57
863 74
1043 17
889 7
1106 57
1119 22
1388 8
462 21
1354 39
87 10
165 9
306 66
734 5
647 65
632 12
1366 65
1265 30
79 34
838 48
256 99
809 11
865 60
544 11
897 98
153 15
1225 65
1248 84
1117 25
262 16
38 41
356 97
400 79
1095 26
1268 15
408 69
1247 72
1133 34
1328 55
719 48
501 83
484 5
536 78
710 97
1012 52
117 78
466 39
1024 70
51 75
767 30
743 21
1254 47
1238 21
388 77
1179 93
896 14
1031 29
1318 44
1288 12
134 57
969 100
1255 65
296 14
944 51
722 89
1063 79
537 31
1171 71
1052 15
1122 48
478 87
1335 69
1227 74
331 20
176 83
730 78
1224 50
872 92
171 92
892 16
480 95
1329 35
660 44
688 49
607 88
906 77
1034 74
171 62
247 18
999 12
826 26
1084 76
818 55
28 7
520 78
145 22
137 46
471 18
762 26
72 11
435 52
1375 30
1210 36
201 45
1243 21
82 38
32 44
951 92
4 92
36 96
225 81
117 82
235 4
13 87
836 38
802 65
634 81
298 5
695 5
1204 64
1220 62
554 88
220 75
238 41
840 43
1146 39
1010 65
762 100
1047 40
286 50
536 75
134 42
1305 37
1288 94
1001 97
592 21
910 67
100 45
711 69
1352 31
538 7
401 38
565 3
549 83
430 86
706 14
1285 35
548 96
749 78
791 65
712 42
181 50
1100 68
158 41
50 56
35 71
1014 92
900 7
842 28
938 68
859 3
118 1
460 20
1350 73
967 46
957 26
474 58
1197 13
497 38
1153 55
430 83
566 53
67 31
559 96
387 51
142 91
402 86
1272 92
901 89
1359 20
187 90
1088 56
1252 35
750 58
230 53
728 87
543 7
428 84
775 81
844 13
327 85
959 43
1028 12
1 39
547 49
196 9
450 34
866 33
1204 74
1361 17
291 40
314 38
403 90
1163 76
649 29
394 78
399 26
620 64
325 35
946 64
598 46
262 85
244 7
261 47
173 27
1209 12
970 20
219 69
1098 97
813 21
727 14
724 46
75 18
527 1
177 75
191 2
304 1
1011 96
269 51
1353 37
624 86
696 28
339 86
1022 8
1309 43
1081 63
956 44
1387 33
703 89
184 84
1398 47
651 57
334 7
967 33
1193 11
217 43
1050 97
797 72
1350 38
880 97
1327 91
603 10
1010 85
846 76
588 84
1305 54
538 71
674 48
474 51
1332 73
6 78
1292 13
861 93
808 9
1399 70
900 67
1239 99
620 15
411 7
959 68
206 75
611 12
523 70
1194 5
378 21
334 85
285 86
1146 12
1267 98
663 63
1135 46
1019 27
1169 67
743 8
512 85
363 84
859 45
1324 54
645 3
1278 24
222 2
934 3
1032 82
87 96
442 52
1294 85
497 38
397 32
227 91
776 63
648 5
1170 57
943 6
562 26
947 91
1393 36
832 98
1331 1
1363 6
768 1
271 89
988 49
1169 62
976 75
1041 88
1109 96
189 6
56 100
130 10
202 84
1372 33
445 5
751 17
4 25
993 20
836 25
839 92
623 54
297 45
387 46
781 92
577 4
959 27
207 45
373 96
395 65
600 24
286 45
1385 27
449 79
455 66
813 30
1289 36
435 77
