1080
6 66
96 11
69 51
148 13
188 77
138 48
196 10
141 27
1 36
15 34
86 38
125 23
176 66
128 53
150 91
142 39
189 21
106 90
163 33
173 17
100 25
154 98
118 8
42 32
33 43
129 53
189 27
82 14
8 29
4 6
53 81
33 15
15 37
209 2
119 23
210 41
51 31
42 8
67 15
21 13
61 36
190 41
200 40
126 16
3 78
186 59
136 92
84 77
52 82
1 66
34 23
45 58
211 12
62 37
161 99
131 69
215 54
129 4
82 67
23 96
103 16
10 18
186 64
34 49
38 33
73 7
181 41
62 95
77 20
55 45
40 46
12 66
8 52
83 79
205 70
16 33
111 87
151 17
128 73
161 65
150 94
4 52
91 24
181 22
78 25
130 46
59 73
38 44
69 70
22 90
189 71
126 34
62 99
199 9
150 23
79 36
169 34
197 24
165 22
201 16
61 22
96 56
117 26
20 64
199 86
50 31
39 74
203 47
35 67
15 31
148 21
153 46
139 77
52 64
42 13
123 18
169 70
109 54
175 89
160 38
75 29
75 69
106 26
25 17
107 6
122 98
19 75
104 45
11 13
8 58
21 4
181 95
36 11
4 16
60 44
192 85
155 87
171 77
201 94
36 90
99 29
6 63
201 10
173 66
96 79
165 94
162 74
74 57
34 43
197 82
190 42
112 93
46 69
175 61
208 97
212 94
34 50
56 50
37 71
204 24
88 19
33 84
121 42
120 61
37 99
206 95
174 45
117 68
83 94
97 46
54 26
41 40
91 90
213 26
209 68
150 59
31 35
199 38
130 18
188 62
159 13
171 11
115 80
96 87
177 43
50 91
215 35
122 60
181 49
20 39
113 18
76 20
1 49
15 95
87 21
65 63
82 71
28 59
139 77
6 77
97 23
157 3
60 2
44 70
105 79
123 69
143 72
141 69
203 74
205 9
92 5
57 74
131 30
149 28
78 44
134 84
136 50
174 1
208 97
118 70
20 74
205 76
66 94
16 3
90 40
193 28
103 68
111 7
84 39
79 64
9 84
15 24
130 84
208 93
123 37
1 4
34 92
111 8
102 46
72 50
177 55
174 13
69 26
4 10
50 14
192 23
193 95
96 4
51 7
173 92
58 96
102 33
59 65
9 59
176 5
84 68
215 67
211 42
149 31
212 86
71 43
163 18
215 12
142 46
37 21
44 68
42 71
79 34
125 58
99 14
70 53
148 51
107 69
201 64
209 76
114 53
45 13
62 25
211 8
127 27
207 56
41 33
89 39
140 12
65 47
183 62
118 22
196 66
213 97
169 33
144 26
119 32
158 10
145 64
83 19
183 29
104 46
163 6
65 95
92 34
181 16
88 38
195 64
126 83
76 83
206 27
189 69
11 13
86 3
188 73
72 94
106 44
25 93
26 33
86 5
16 3
119 98
192 63
84 34
160 71
26 57
34 27
197 67
103 49
118 52
73 28
121 85
202 52
210 56
56 15
47 87
31 34
23 80
57 98
43 74
136 15
127 60
164 94
116 7
17 87
125 42
18 52
77 100
193 68
2 74
65 57
38 65
43 60
203 51
121 74
116 41
8 42
147 24
120 60
77 13
87 74
99 86
114 38
45 91
181 19
8 83
17 56
75 41
152 74
108 18
20 67
30 46
197 12
60 40
37 12
213 66
207 79
125 38
110 60
120 35
77 24
128 40
46 52
182 50
216 72
182 93
39 1
188 22
144 29
27 92
13 100
203 16
215 50
154 81
32 69
121 31
78 91
200 84
35 17
54 38
201 50
42 2
165 39
185 57
23 19
86 94
126 26
202 63
204 3
37 4
53 38
173 99
103 31
100 95
52 48
77 44
138 38
158 75
148 96
5 12
186 77
77 27
210 77
212 7
102 2
158 99
20 25
35 69
36 94
193 56
163 41
111 1
143 65
24 57
120 82
5 88
17 82
134 70
35 8
103 18
102 47
22 59
48 58
172 66
90 30
20 89
110 47
17 55
216 80
191 43
139 1
7 3
99 35
190 54
104 43
103 2
140 5
72 89
142 82
148 18
37 12
99 83
31 85
153 55
215 87
209 40
102 67
163 35
80 20
128 53
56 87
93 25
40 93
185 57
95 98
216 59
20 20
66 8
202 87
15 59
160 28
119 52
136 22
211 27
202 58
89 34
148 97
9 16
121 73
208 90
96 3
51 65
72 57
113 59
133 74
70 9
106 24
21 79
165 90
16 7
163 59
60 69
155 65
129 68
74 49
191 100
82 3
71 85
132 12
135 80
56 46
73 8
201 64
149 87
95 99
132 88
132 12
19 80
11 61
13 52
51 20
149 56
59 19
165 81
24 49
183 3
180 83
1 49
134 98
30 26
204 19
201 51
34 42
126 19
67 46
209 78
62 52
155 76
164 58
17 47
187 90
57 27
196 100
27 5
210 6
84 37
28 96
102 36
94 11
56 71
181 85
61 9
211 71
197 77
43 4
189 51
52 33
42 65
58 44
88 19
178 38
38 71
134 77
60 68
153 91
166 55
5 25
195 54
54 29
140 63
128 79
67 60
76 50
174 96
134 45
20 24
116 72
76 93
6 9
176 34
13 37
206 73
193 85
40 26
43 15
204 24
132 4
96 37
58 82
83 20
127 50
202 40
179 19
103 36
77 72
16 58
148 65
187 63
70 82
127 17
27 12
63 43
189 59
93 25
21 65
11 88
175 71
108 95
170 90
73 30
135 10
174 33
32 70
38 86
163 27
168 27
127 3
85 13
120 39
52 89
145 66
146 49
64 84
147 90
118 23
1 84
27 21
140 12
164 70
147 76
174 74
171 98
98 33
10 64
211 93
187 67
54 64
86 19
191 24
103 91
86 47
135 1
48 19
181 15
41 46
158 7
207 64
187 26
83 41
119 7
87 20
42 35
62 96
138 32
165 85
162 36
156 45
55 54
46 83
204 98
197 3
77 86
86 13
209 24
138 43
169 70
196 21
44 86
70 47
97 64
163 80
195 55
68 66
106 48
58 59
178 30
9 12
145 2
2 25
5 40
205 27
5 48
120 81
28 24
154 61
40 20
95 29
64 31
115 86
103 62
33 16
137 31
3 55
210 60
146 41
159 27
90 29
73 44
158 69
149 60
216 36
202 80
82 69
180 68
52 37
112 91
31 96
108 98
137 1
193 69
123 48
120 37
143 94
162 65
91 31
207 93
142 98
180 27
74 15
50 100
200 83
134 28
157 88
101 46
132 64
37 19
133 64
156 67
79 93
27 51
11 39
13 100
27 77
178 99
207 88
169 9
93 27
23 90
174 4
60 12
1 47
124 62
58 30
187 62
52 16
162 81
53 54
190 49
28 15
24 3
113 84
176 42
178 55
156 71
155 44
154 39
207 44
177 60
46 94
14 13
66 30
206 13
200 73
122 10
216 68
70 96
86 51
202 9
53 74
163 75
192 46
213 28
67 91
36 14
182 37
46 28
168 74
41 53
66 3
129 59
167 17
101 77
197 22
87 85
81 21
1 100
140 80
58 2
11 23
145 3
3 30
179 62
190 20
200 57
150 66
156 61
80 17
37 9
47 98
18 3
56 6
90 94
136 44
21 36
120 53
153 74
104 31
203 65
206 46
127 31
157 61
65 55
139 57
18 79
123 34
152 10
51 6
130 86
146 12
12 16
207 19
93 36
211 39
42 48
176 33
68 67
84 28
46 29
88 53
26 44
159 20
39 85
29 45
72 44
163 11
94 66
2 69
119 98
199 85
151 13
158 27
195 22
101 26
197 99
181 96
12 40
78 83
42 6
11 16
204 5
201 75
40 9
114 36
106 20
84 45
109 97
100 25
119 57
34 63
122 47
164 78
210 11
87 55
54 82
109 72
60 23
33 23
34 12
144 62
46 17
170 85
198 26
2 11
88 86
47 36
49 25
141 15
36 38
210 36
34 78
54 78
115 71
214 96
150 51
149 13
179 96
164 37
179 62
171 78
109 67
75 66
55 54
61 11
92 9
92 65
176 46
96 4
75 62
48 29
112 96
153 64
197 1
205 76
124 9
207 35
4 14
195 52
207 26
52 38
189 37
169 3
7 49
114 61
133 7
38 92
169 17
89 10
204 100
170 30
3 1
63 69
215 70
82 57
202 27
47 79
177 28
69 83
180 70
187 84
37 84
135 57
154 75
154 26
88 46
87 60
87 27
58 35
17 43
6 43
32 6
64 72
4 29
170 27
23 90
26 75
168 18
12 2
3 49
151 5
26 93
191 59
195 70
35 80
66 28
215 35
91 71
147 72
68 35
30 44
168 60
65 99
28 62
188 89
75 75
12 18
100 43
204 5
69 79
123 48
57 10
153 63
112 80
123 7
93 34
211 26
2 95
133 53
69 23
21 15
60 79
31 60
171 9
185 76
129 4
139 67
132 54
92 81
17 79
163 47
126 1
169 15
94 45
170 42
150 68
79 82
46 2
206 29
136 81
54 62
185 20
142 61
124 51
84 1
208 15
211 69
181 68
99 28
79 35
185 81
201 7
121 68
131 66
173 59
55 18
49 11
60 70
168 42
136 32
111 78
147 79
12 95
181 60
1 4
194 61
67 11
61 77
201 92
131 18
184 31
156 60
94 27
82 100
40 93
153 3
32 61
9 28
59 17
174 63
142 53
133 83
204 71
90 37
55 91
134 20
111 41
91 3
3 59
52 55
53 55
84 6
30 57
195 93
77 38
10 65
103 55
25 35
204 6
135 68
209 47
165 25
209 3
195 61
21 82
1 5
121 95
185 71
215 93
165 23
81 38
84 31
54 65
42 64
165 90
162 58
149 51
22 27
35 74
162 77
46 56
155 53
44 6
47 4
80 1
59 5
181 73
65 95
89 63
98 18
141 48
104 53
49 21
201 3
39 68
70 78
200 2
209 47
150 66
50 82
42 52
63 2
14 23
199 23
181 94
28 53
65 69
132 31
62 14
207 41
212 79
212 50
61 36
123 26
208 89
212 29
56 23
56 48
73 95
117 5
15 99
120 37
38 97
128 34
49 100
82 64
156 52
22 35
96 26
174 13
27 76
57 64
20 5
191 62
168 94
200 42
181 8
164 100
199 35
88 73
63 48
66 75
77 51
57 84
93 6
126 91
116 38
70 31
132 9
176 52
204 60
61 33
79 20
188 50
171 54
37 36
24 10
127 38
151 46
210 76
199 37
165 15
120 42
12 97
202 20
31 9
174 79
80 93
135 70
185 79
36 27
148 58
214 78
80 60
77 20
57 85
82 71
182 82
47 76
120 38
30 97
101 62
78 5
178 92
129 77
83 21
19 78
36 42
126 80
207 26
170 71
196 26
45 94
51 18
114 17
58 17
95 73
102 92
48 79
45 84
107 40
67 56
2 98
100 21
44 100
214 94
146 10
76 36
18 72
108 97
1 19
127 19
185 78
216 7
156 5
88 46
1 88
164 13
94 99
56 59
182 6
64 26
90 45
4 29
85 95
26 8
32 81
76 43
93 59
14 28
20 66
43 65
137 53
80 77
204 40
11 6
83 93
85 38
169 94
151 18
58 10
157 86
34 26
119 41
32 54
175 87
126 74
39 13
123 29
116 59
164 91
19 94
31 18
37 34
208 91
172 86
116 45
57 48
85 68
140 87
118 4
109 43
113 74
92 61
188 61
157 62
215 55
116 60
173 23
75 26
133 83
174 78
6 25
154 51
35 55
57 68
177 75
49 73
161 76
32 88
177 73
76 34
20 27
131 70
46 59
73 33
127 19
129 93
52 56
164 16
13 25
212 42
37 40
118 22
140 33
126 59
95 74
26 79
205 27
36 11
2 16
183 95
105 78
49 40
14 32
121 14
5 34
177 8
37 76
37 47
163 44
107 60
122 12
8 82
81 64
167 21
147 66
130 48
108 71
126 74
113 29
17 65
146 98
111 82
178 73
20 70
68 75
148 26
144 34
195 1
105 66
86 92
150 6
136 5
116 44
190 90
19 80
212 66
117 95
77 15
5 93
125 85
168 97
46 44
145 42
91 36
96 86
29 71
110 83
75 11
112 42
200 76
22 45
81 96
186 49
211 75
60 5
59 97
159 77
90 98
93 31
156 52
123 8
192 45
154 14
134 4
22 18
201 15
13 11
1 26
6 8
100 99
90 4
40 7
168 62
114 56
55 66
196 69
184 97
116 31
203 40
12 20
189 69
124 48
162 27
78 6
4 43
119 5
22 15
20 60
98 49
117 13
208 26
144 33
26 35
82 46
114 28
144 39
98 51
116 45
206 28
115 37
213 72
194 38
126 38
108 26
174 68
69 69
131 36
59 18
39 8
194 4
206 55
201 60
151 86
171 87
111 44
54 30
79 50
65 38
169 85
25 91
40 11
33 21
88 81
101 54
52 7
189 27
121 42
32 45
41 2
32 24
115 41
212 37
174 51
92 43
7 51
77 98
191 85
91 6
21 49
123 11
164 81
181 5
66 17
168 99
99 79
98 32
98 35
194 38
1 64
195 55
123 85
37 27
97 79
112 69
35 68
105 29
79 60
167 24
146 88
92 66
135 53
100 62
36 28
168 33
197 56
79 18
15 51
44 1
138 34
49 42
179 17
198 94
156 12
78 91
181 53
106 25
77 22
15 75
111 44
91 46
192 96
117 1
174 52
68 2
80 11
52 49
74 31
47 16
124 29
15 88
4 46
151 25
15 66
119 88
98 24
102 57
189 17
121 94
144 41
179 88
43 62
24 52
28 88
163 57
63 23
95 96
88 10
53 87
9 94
211 5
33 40
126 84
179 29
143 50
83 39
188 29
140 26
156 47
161 60
160 89
87 30
184 87
143 83
45 4
162 54
73 42
147 95
194 40
75 40
176 71
104 36
110 20
72 52
48 38
167 36
67 40
104 71
62 35
56 35
110 55
197 88
60 93
38 22
39 82
190 66
178 51
41 65
18 65
141 9
105 66
97 45
39 78
26 4
161 81
79 76
9 75
211 38
52 98
212 37
141 71
15 53
55 95
188 97
7 37
141 35
120 29
78 93
17 88
53 3
104 100
147 72
130 90
67 61
124 19
129 25
121 20
68 38
64 9
200 74
127 52
142 29
180 29
205 57
92 57
209 53
137 79
75 45
83 3
82 81
55 63
5 32
176 56
193 57
45 23
41 35
125 67
89 96
65 42
167 95
137 97
212 20
50 13
19 73
151 39
101 75
159 7
72 73
26 86
177 5
162 77
194 51
139 57
46 8
193 28
132 50
144 90
74 58
193 24
93 81
74 65
17 25
26 4
200 20
172 77
149 20
85 19
168 73
23 28
191 79
93 44
156 44
150 69
126 70
59 70
6 66
175 65
155 57
177 2
38 13
9 18
80 92
107 41
148 57
77 70
76 54
19 83
216 29
147 7
74 11
46 74
54 77
44 51
78 89
8 12
200 87
172 4
2 19
9 7
173 46
90 79
52 74
162 50
95 75
24 78
40 33
207 48
6 95
84 51
86 86
149 39
147 82
66 89
3 28
203 63
95 65
79 16
131 9
3 92
74 70
151 53
192 41
131 79
91 4
212 55
97 26
184 5
205 25
159 92
91 86
194 53
209 95
130 49
143 48
175 77
201 60
212 98
155 15
118 2
131 60
194 60
212 9
45 12
127 33
178 47
92 58
135 98
168 68
180 95
38 34
53 47
185 14
50 63
29 44
147 63
86 95
22 30
210 33
8 3
161 48
7 57
83 59
51 64
124 82
51 1
45 31
49 52
98 1
169 61
139 81
201 69
119 88
214 7
89 66
122 10
206 13
147 83
146 41
175 33
82 43
5 54
76 39
56 71
181 23
151 1
186 78
169 86
53 68
190 92
135 53
116 31
92 7
34 59
3 59
186 42
28 7
199 47
179 64
86 8
64 17
180 17
63 69
207 93
62 83
55 89
149 57
160 97
104 78
70 20
167 75
12 27
165 96
1 54
106 91
194 97
202 87
151 19
206 25
40 33
213 11
39 76
50 62
34 52
125 91
77 10
134 30
133 44
104 96
49 26
61 90
21 34
167 22
186 18
36 75
89 80
116 92
49 49
39 5
155 51
8 18
13 43
129 30
15 26
210 69
116 2
39 63
61 17
55 12
117 39
163 5
63 60
46 19
213 3
105 73
118 95
91 73
204 6
70 40
184 45
101 38
180 41
115 39
105 96
123 18
93 8
4 30
211 7
121 79
194 70
11 8
92 26
194 8
81 10
87 12
4 78
211 66
195 30
34 32
131 81
75 34
199 26
28 45
50 84
95 33
167 93
36 2
