7352
671 15
724 68
959 91
1036 39
1314 89
842 66
1131 28
95 15
1238 52
130 84
860 67
1086 86
533 23
1021 65
249 42
1259 45
1273 60
1129 45
1078 15
769 1
525 34
642 50
316 73
218 47
410 23
1094 64
1283 74
1002 24
1084 46
1350 31
1342 87
1142 56
73 6
1357 44
717 24
153 99
1107 67
1463 76
48 49
647 8
309 61
1310 50
1423 52
929 65
34 55
1219 27
1027 42
124 81
179 60
994 78
90 58
1041 9
515 45
1027 90
524 22
1382 34
266 73
1300 40
588 6
958 53
478 2
1400 29
1325 89
733 69
293 95
589 34
475 19
1137 92
105 50
265 86
483 58
111 89
476 44
777 57
1277 1
1058 14
1374 88
1378 25
935 19
143 22
727 72
157 12
1301 19
228 73
491 8
993 85
396 42
23 66
340 14
354 59
1213 38
1347 5
8 88
946 23
856 19
414 64
799 12
578 32
1185 38
718 23
337 15
412 63
1173 92
1323 32
398 3
596 7
1067 87
870 37
1306 47
80 43
583 36
947 12
770 35
24 90
512 44
1415 72
274 4
1050 44
1194 1
866 10
1212 14
115 94
687 13
1029 83
1335 79
1139 81
621 85
1134 5
193 2
1428 74
469 88
1260 66
1022 87
1425 36
1423 34
1087 16
5 100
1232 58
652 58
1281 11
918 76
528 97
1403 97
735 99
165 22
1130 88
1013 56
1399 84
167 43
1229 76
1409 48
340 2
380 86
187 38
1155 86
970 5
776 10
96 38
388 18
628 47
1232 92
1294 97
601 8
404 12
422 51
954 47
1117 58
1277 42
489 1
436 33
145 64
1049 42
71 17
180 7
778 20
562 25
1424 85
1139 17
257 85
290 19
1382 15
274 8
993 37
74 77
1195 12
1266 80
144 10
1010 32
1272 1
122 32
1066 39
1437 92
621 33
7 10
86 59
923 51
1121 53
362 39
24 25
418 98
1329 16
1156 42
247 85
824 69
217 96
629 85
859 17
728 8
274 83
1296 90
303 81
711 93
545 44
1045 56
1408 92
425 67
1092 83
507 100
1458 4
647 85
1256 71
1456 99
270 85
381 46
196 76
185 72
587 100
1427 2
1223 74
1286 43
502 38
533 58
763 97
477 83
393 99
658 21
383 51
359 77
586 95
283 51
1331 10
789 70
1108 6
21 42
948 5
1202 51
1121 39
483 80
1411 88
342 88
749 76
602 5
39 48
227 17
755 86
282 22
866 91
195 16
530 55
961 57
160 3
516 68
653 40
771 93
389 4
1208 4
409 9
454 37
401 58
877 32
529 49
976 26
423 54
1306 69
466 98
1136 77
1162 68
416 14
774 58
407 31
934 1
1191 87
1224 52
1032 47
1023 50
782 4
1361 12
37 85
1167 6
111 50
1082 30
840 96
1256 60
699 29
120 98
1377 65
1068 33
1099 78
1285 82
582 21
121 68
793 79
836 60
1125 22
1010 86
355 35
590 65
1275 2
842 26
266 88
508 30
35 28
1297 58
1296 3
731 24
1140 39
1361 66
684 95
1093 73
516 7
20 20
761 52
1308 19
1231 100
203 66
670 80
313 61
1229 87
1336 70
1231 80
872 34
298 58
1060 93
35 21
27 55
1002 82
1065 68
1279 3
229 100
945 43
10 82
1128 72
167 98
102 4
691 57
1097 6
130 26
472 70
373 63
195 62
310 18
1384 34
1374 44
1201 64
852 2
662 8
609 49
952 44
523 67
438 54
147 23
424 44
718 16
1061 68
26 71
419 21
896 59
1279 32
869 57
394 51
158 94
1386 68
990 59
640 31
303 8
1179 47
902 94
1426 58
1277 14
1060 33
429 65
971 51
1429 5
237 69
1088 93
765 49
297 18
263 62
755 46
1096 96
514 42
750 80
1085 15
1174 79
1315 90
642 8
1447 49
76 26
102 62
1160 32
282 4
863 20
881 67
479 21
28 21
681 96
1295 11
921 4
1208 49
789 15
776 11
1442 41
753 45
950 42
443 11
1286 74
1312 68
632 85
144 1
1274 62
1067 44
1015 16
236 3
838 61
602 31
690 66
521 24
844 22
1144 67
750 70
903 69
557 36
314 9
210 7
1407 1
971 8
442 29
210 28
1013 23
813 3
1291 83
686 68
578 30
1357 61
20 84
1097 88
1084 92
980 32
1286 10
1063 22
284 98
205 18
1434 63
515 46
712 4
1113 4
1165 23
386 50
1184 60
1067 58
229 4
504 49
790 57
462 30
511 54
171 84
612 44
51 99
1454 80
295 11
828 98
804 33
874 87
1361 17
652 88
1020 65
1257 70
474 44
1254 50
155 64
849 49
642 9
799 4
1451 94
555 12
433 89
587 30
1077 4
517 68
524 61
1364 97
850 75
121 44
701 5
1034 95
1142 89
1281 49
1194 80
72 54
564 7
879 86
1338 47
280 24
1398 26
1348 21
589 8
235 66
62 61
510 73
871 36
1288 70
1005 9
752 16
1 46
23 30
656 48
898 4
1402 35
826 27
129 97
695 61
1220 42
586 53
643 50
114 41
932 79
79 82
324 32
95 96
645 85
1241 18
407 27
728 75
1324 62
127 11
1380 92
515 73
1413 74
1438 29
1248 78
577 40
980 96
303 73
1106 54
338 77
923 36
151 65
675 58
827 21
757 42
113 37
899 2
97 54
1106 65
967 24
358 35
542 52
52 63
700 2
1009 71
1011 47
1103 52
1027 89
512 69
164 54
100 34
965 70
989 89
422 75
244 60
120 55
620 79
1068 31
24 76
1275 88
1368 83
763 13
532 97
452 16
94 60
229 69
763 70
955 86
477 2
148 15
1193 39
1031 37
1227 1
978 30
1040 72
1159 58
1149 68
515 79
47 97
299 69
961 76
290 83
604 58
222 87
1242 97
103 29
265 65
1005 54
260 2
1275 13
811 8
1150 32
937 62
533 19
649 20
689 93
410 8
55 3
361 68
1274 71
282 19
208 66
378 92
329 16
149 52
373 32
1417 89
925 56
248 67
832 75
669 85
1261 49
1319 72
165 57
283 80
1411 96
1070 87
190 90
162 91
1313 89
768 79
1341 8
765 91
1380 8
690 96
493 24
711 80
809 30
343 77
874 90
196 75
1232 53
1049 71
991 30
369 50
469 65
825 34
106 14
1297 80
775 62
1426 27
1245 66
1458 68
1251 86
1108 34
423 17
1075 82
268 92
1306 38
176 81
1089 26
1268 53
1012 3
619 77
297 34
71 6
1116 53
164 64
1058 67
305 52
185 78
374 39
1394 8
490 46
725 22
571 96
1026 83
909 42
223 32
2 76
288 27
1022 93
865 65
1395 84
655 16
534 96
452 73
1088 70
816 11
472 87
946 91
90 34
385 63
915 93
1274 53
801 87
272 40
471 25
1388 100
999 51
920 77
962 32
1336 86
1369 65
829 44
37 69
335 89
418 41
1376 54
1302 97
849 98
474 26
566 44
738 66
106 65
1070 80
124 100
1263 56
126 10
951 94
118 41
610 5
925 24
273 2
1340 20
10 55
1462 8
148 59
769 75
662 54
118 80
174 73
335 26
489 43
1425 47
815 91
1331 9
684 52
82 69
770 87
881 96
344 80
1402 65
714 9
1319 100
1155 28
1213 9
735 27
1437 64
760 86
200 60
514 74
260 62
948 24
432 30
146 47
1082 17
427 40
1134 8
591 55
29 54
322 39
649 47
1124 88
115 70
1309 40
48 42
457 44
160 100
767 25
384 59
717 29
1008 10
1384 8
542 79
1009 75
266 51
996 21
485 1
1370 41
1074 71
565 54
839 63
188 60
631 5
433 37
805 4
1014 90
1123 14
520 77
710 95
896 48
431 76
124 49
963 93
112 35
1192 63
852 61
1045 48
358 78
711 58
712 67
459 47
1328 10
1214 61
628 30
611 46
1178 67
739 63
1177 77
555 65
1004 17
865 6
731 72
139 60
520 48
840 20
1464 53
600 4
163 80
1122 97
165 64
224 59
84 87
87 44
537 37
1117 6
836 20
1369 15
118 16
796 48
739 97
1453 62
1436 87
195 75
486 88
1168 62
1263 90
1128 11
144 18
75 51
277 89
437 6
865 76
91 83
928 77
1350 48
387 74
228 18
1214 81
619 94
386 75
112 1
16 5
1191 81
645 77
261 27
189 73
1382 86
666 77
1044 82
1125 16
1395 15
539 35
1021 79
1116 88
1433 6
217 8
105 91
254 59
1013 88
98 1
654 38
645 65
309 57
359 21
795 12
1100 16
648 26
1092 94
1338 50
1362 69
847 96
779 34
323 36
786 87
1017 74
1293 85
404 38
935 18
9 31
239 51
274 41
1037 41
622 97
1247 91
851 46
873 9
401 13
873 10
684 27
1429 61
860 14
201 98
454 57
1145 88
799 36
1316 97
62 87
940 19
1293 51
22 90
10 57
464 7
1310 29
1468 99
983 8
760 82
636 3
464 45
1361 52
929 6
22 34
1037 79
1371 21
474 27
1104 18
579 88
1062 15
157 16
1228 95
975 39
210 67
760 39
145 95
111 35
922 86
24 12
945 85
1354 19
1263 25
187 84
1438 36
192 13
978 36
750 100
1300 66
1069 39
1046 78
1296 60
694 3
882 30
120 32
684 71
6 72
806 44
1223 95
343 13
418 51
498 87
303 50
880 32
1166 30
403 99
873 47
573 93
546 54
137 58
1000 72
1293 47
458 86
863 64
771 46
634 87
598 29
878 84
1099 29
578 3
22 33
295 38
286 21
321 87
1024 11
1023 32
1372 7
810 24
555 31
1331 98
1134 80
762 49
530 18
685 69
986 28
579 42
1447 83
203 49
273 36
1265 30
732 94
1275 96
350 15
1036 46
1242 48
774 37
391 94
965 27
207 10
1269 35
789 12
940 1
1210 40
344 21
1454 61
746 80
714 93
221 70
91 10
788 29
1013 84
136 80
438 62
51 94
1400 58
91 93
329 31
58 50
689 92
1440 58
1314 27
1297 77
924 57
482 88
1246 78
1056 100
281 83
1179 27
379 72
537 77
489 83
956 20
1263 41
586 62
796 63
1226 61
338 77
67 21
1297 98
551 25
863 19
703 92
416 48
965 55
16 24
1297 8
429 32
239 73
1103 19
707 87
106 8
739 38
891 58
1408 81
821 97
976 34
1224 12
651 34
1068 71
176 63
825 2
307 22
739 16
1224 97
1321 70
988 12
463 46
1110 33
1040 74
53 32
824 19
769 55
1087 76
1209 9
181 26
1018 78
825 2
51 88
411 11
928 2
39 12
347 54
181 82
513 3
1379 23
139 26
1174 11
1101 61
238 96
1462 13
799 47
207 19
870 54
108 72
1329 85
1215 94
1449 35
306 57
563 55
229 57
1462 19
597 46
1269 73
697 47
526 26
717 90
560 20
1056 5
998 11
1199 19
1390 42
730 62
857 82
159 74
431 9
15 83
532 78
510 85
1003 8
1282 66
855 72
998 29
182 58
1026 15
544 23
1434 8
144 85
970 77
412 57
324 33
1340 33
1396 48
423 45
732 41
48 100
1223 88
1411 49
305 22
611 47
1301 68
877 58
883 13
359 40
205 15
1451 100
1265 12
647 91
756 71
1331 45
162 2
482 46
979 8
204 34
200 30
101 23
820 41
235 8
1439 93
44 9
235 54
407 16
793 27
667 66
177 30
362 26
757 13
1053 25
648 49
1044 59
198 32
1430 58
1056 98
1091 99
513 14
855 27
1416 37
785 76
1224 2
529 82
850 78
1045 69
836 9
682 56
1382 8
1352 3
1013 33
476 14
1134 39
330 79
1112 93
846 88
1273 7
1023 14
605 58
294 80
396 79
1297 45
657 26
1010 51
145 4
725 49
1402 99
711 26
1020 32
470 42
30 64
811 17
1160 71
401 95
1108 5
1102 94
1007 31
1260 21
1299 91
972 60
212 63
1375 90
605 91
322 17
605 15
717 97
1285 63
1026 62
394 26
634 16
544 40
871 75
132 26
1014 54
601 5
769 59
1205 63
417 57
1221 69
1335 28
398 65
1328 11
982 8
983 62
273 5
149 40
1333 30
50 87
603 24
533 81
159 98
214 18
350 47
1243 42
999 61
113 100
1010 24
994 72
740 3
698 22
1275 16
922 86
751 25
730 81
303 47
1185 48
169 15
222 61
194 46
1298 11
985 97
386 71
687 59
729 14
455 84
789 29
455 98
853 86
620 64
762 74
317 75
1130 19
1251 41
522 4
1068 9
972 71
57 41
29 49
603 43
1422 48
568 27
1092 20
1305 21
1230 92
1411 14
1365 35
592 45
1088 99
126 45
1029 75
131 25
1193 93
113 17
1420 43
552 57
297 35
324 8
360 41
1181 51
1251 79
364 19
283 92
1428 68
499 16
940 37
142 48
488 81
1360 6
1199 85
605 75
353 13
600 88
79 4
608 71
1012 28
1076 79
876 81
1141 46
1366 38
1031 38
654 40
777 50
1108 56
1190 18
937 42
512 35
1034 76
775 97
676 37
130 9
316 52
751 85
705 29
320 95
847 24
1376 5
505 93
1098 35
572 77
404 30
1430 5
89 94
1309 14
1203 55
371 62
324 27
918 42
685 72
433 69
747 70
711 35
354 43
980 61
1132 11
108 5
1115 11
503 94
847 63
93 2
1396 68
865 7
344 2
563 25
1431 81
290 18
770 29
141 7
324 73
1153 48
1085 60
797 22
361 14
887 100
887 18
93 63
799 30
1384 74
992 49
1284 55
1355 57
824 37
1216 90
884 49
657 39
256 37
1348 35
1116 46
489 37
960 94
1391 70
230 2
1153 51
1403 72
163 52
902 87
722 10
1272 24
1284 18
347 18
1460 29
1364 34
1267 17
205 37
151 50
568 32
532 10
779 63
675 72
1254 15
721 8
884 8
816 24
840 57
857 92
374 61
870 99
1428 57
1441 2
411 5
740 64
1301 21
824 22
130 81
1420 27
270 43
363 96
945 52
1245 18
35 31
503 92
280 37
760 6
380 61
903 20
654 42
391 26
654 43
715 67
254 25
1455 26
7 43
326 98
594 58
1248 46
1099 98
1006 28
321 27
1058 16
241 24
1452 90
1072 34
13 36
1132 32
952 20
826 95
1003 40
679 55
363 71
970 94
720 29
695 75
396 26
1387 37
289 30
1237 3
148 21
642 29
1223 11
1113 11
1131 45
1138 59
1387 74
1292 32
1447 78
1076 78
741 45
275 28
1215 72
1369 29
352 62
1262 83
1202 23
511 8
182 28
90 68
144 49
1121 39
572 88
1447 40
1045 56
940 89
1224 78
1269 26
406 78
40 78
1177 54
1158 68
1140 4
318 87
1048 83
1018 9
425 91
746 90
780 95
128 35
790 70
699 48
911 61
556 55
967 96
757 88
847 61
795 84
1338 17
1161 56
1268 89
939 9
468 10
1094 14
982 4
1406 31
164 25
29 44
559 68
21 99
128 34
1316 64
1289 22
110 95
361 28
486 28
92 5
1098 26
1464 88
992 13
184 90
1288 83
1441 60
954 39
1190 66
1299 93
134 73
371 28
378 22
972 25
338 12
120 99
1206 45
353 72
368 66
136 15
233 53
840 8
848 56
1203 22
102 57
408 84
1248 15
93 85
464 72
1281 52
139 4
1084 53
468 87
13 69
389 38
1200 17
886 60
1037 31
403 21
915 82
1309 74
35 57
780 38
94 68
1007 25
735 57
675 49
550 97
327 6
157 27
555 55
327 34
1288 52
247 64
726 31
1021 28
459 51
414 16
909 36
483 5
1288 43
149 72
658 21
1008 79
911 83
865 69
638 94
653 97
728 59
1139 52
933 49
371 38
368 96
987 85
1300 35
328 12
626 55
503 18
1356 44
429 79
1060 61
1087 19
1300 53
1133 14
496 49
1433 97
1048 95
111 1
923 3
1142 35
1441 14
837 72
900 3
1236 14
542 73
515 33
335 75
1327 69
156 65
1381 17
853 27
1328 84
951 82
1326 66
358 37
833 5
1072 10
76 52
1191 19
408 27
41 87
433 33
878 59
1101 34
1278 88
323 40
493 44
486 59
454 84
1336 84
301 2
547 17
1286 92
1034 96
251 53
736 98
1238 52
1239 58
110 43
1148 23
1285 84
452 52
976 71
777 44
327 65
663 11
1253 83
424 41
86 51
370 14
363 65
621 33
63 82
1234 9
12 64
841 72
296 69
744 86
121 3
403 54
610 100
1227 27
850 61
1442 38
271 95
301 2
1215 60
1084 1
634 47
318 4
1018 33
156 27
662 71
434 54
945 14
652 66
769 63
848 10
1015 99
390 46
405 39
1186 94
496 95
1183 63
500 84
530 97
1026 85
735 39
71 74
886 24
1404 28
638 11
551 99
30 15
421 42
235 66
775 78
723 23
221 5
481 7
188 37
24 98
1011 53
149 58
1378 98
820 39
1427 38
1344 47
314 83
962 65
823 97
744 13
546 31
794 70
835 1
1139 64
1354 65
80 70
1426 33
495 15
558 85
777 70
790 50
585 7
370 15
771 8
460 7
784 83
969 35
1463 67
98 97
1006 45
1001 68
265 67
508 67
146 49
178 76
1141 35
856 14
467 67
211 61
384 53
615 15
259 92
158 3
243 46
1212 58
1405 28
118 24
975 81
512 21
1000 3
679 99
322 64
1037 74
1159 8
1105 24
252 36
882 99
1134 38
349 93
1424 61
1340 73
383 55
1256 1
674 8
1372 16
1040 37
1152 16
1084 4
1085 88
1105 2
1270 95
1142 86
123 25
938 18
626 52
177 17
31 69
232 70
403 12
1224 78
86 28
1173 79
93 96
1206 26
797 5
31 10
9 2
838 48
1070 68
1006 89
1053 26
659 67
727 59
326 31
141 14
934 26
1070 50
777 23
1121 50
497 75
207 10
564 95
495 56
414 66
1086 19
478 56
1015 23
91 96
406 8
