7486
107 99
856 56
210 93
693 56
660 84
230 1
677 49
110 37
1207 2
226 21
782 38
709 16
1119 28
594 92
1471 93
676 68
1001 46
537 19
120 45
977 28
1146 65
795 84
1374 29
923 50
152 74
75 56
537 91
22 52
196 61
27 57
352 67
74 21
1298 27
525 61
1405 72
741 11
192 68
858 72
885 75
717 38
1215 60
623 33
325 29
1235 57
454 43
80 96
681 3
1137 33
493 57
1 15
141 8
417 58
902 17
1150 68
1035 59
545 1
1070 28
979 50
1435 64
1197 75
1096 60
35 4
973 39
206 65
300 90
458 28
81 7
1387 45
537 53
736 18
629 76
582 71
1477 1
257 56
938 31
546 13
96 94
1486 30
1010 12
1214 33
834 83
536 59
326 55
211 36
1365 15
1071 30
1145 33
527 33
1246 14
837 76
241 56
462 58
188 98
1111 85
129 15
1247 33
353 70
992 12
163 67
398 45
369 17
256 14
61 25
1020 48
938 72
1376 56
480 78
25 42
1054 44
215 38
51 45
703 27
484 62
1153 85
1305 91
1258 38
538 81
446 14
1489 14
1458 81
808 69
1169 99
1015 97
136 80
1392 22
153 14
678 34
3 31
469 20
1353 46
882 5
20 40
600 89
315 63
661 78
258 63
1185 88
640 63
1398 47
867 75
74 4
580 100
1150 79
1028 57
377 24
1009 88
932 70
897 42
452 16
1047 61
152 35
1218 35
1276 37
161 83
427 90
1224 54
1254 32
248 33
934 80
557 18
1464 23
1271 89
831 73
1156 45
125 88
1314 65
207 94
546 90
269 68
27 77
1414 23
987 86
1152 54
1420 94
1335 6
173 27
1157 19
702 78
34 47
467 12
527 44
1485 80
764 57
206 9
56 30
192 31
1057 33
1068 64
1043 61
1339 43
99 21
499 71
1302 79
256 2
1390 41
275 17
633 60
404 66
213 6
1064 56
687 33
434 44
929 8
667 12
316 13
1111 32
169 95
1257 92
278 27
1128 75
381 68
903 57
345 2
987 76
305 13
1329 50
357 86
697 60
843 12
533 97
1329 9
841 93
485 44
49 24
872 46
1471 46
260 94
513 70
234 59
227 95
1050 23
962 97
552 35
1296 25
29 74
1399 25
1441 52
46 44
739 62
1053 93
651 74
1329 9
1242 71
163 85
399 30
1272 27
1287 53
892 94
464 86
860 72
793 78
188 61
1413 90
1249 6
1355 71
1337 73
682 83
890 71
1166 40
1020 29
338 15
561 84
1489 28
59 53
1497 30
758 52
1277 29
1234 90
1125 10
824 86
1448 91
620 57
718 25
326 40
377 82
251 2
1361 54
382 43
1021 80
1490 62
1458 24
1416 75
904 11
981 100
181 77
862 22
244 85
1182 12
1344 9
1486 37
1299 98
44 59
1488 3
76 84
580 87
1406 78
20 38
258 20
1137 54
884 67
1141 60
584 71
1009 84
503 73
1341 80
176 94
981 15
667 58
691 39
820 61
637 10
1015 66
1259 80
526 33
932 60
1281 53
58 32
655 9
577 7
620 27
848 25
481 76
535 63
1009 63
1175 68
1217 67
970 65
990 88
926 95
990 75
290 38
21 31
1419 84
1134 46
727 62
947 33
1224 55
1032 69
240 50
1400 18
1098 68
758 14
1423 9
900 60
1012 12
292 82
540 13
1327 85
186 56
421 64
1303 40
748 30
1234 51
846 91
1172 46
42 84
1024 7
1399 15
1395 38
1281 16
1297 95
108 84
1443 32
139 15
774 43
1005 58
178 96
884 62
1481 50
719 17
450 94
410 46
345 32
1247 28
1459 63
1253 52
479 98
959 3
252 40
243 100
804 76
1403 43
1100 65
1059 85
1407 71
1172 60
356 78
463 85
862 73
1380 78
890 95
263 87
1478 67
905 23
832 56
687 12
1089 99
366 89
801 62
757 81
1424 10
666 49
328 84
283 17
153 40
713 19
583 48
1467 93
1468 18
842 78
1062 100
437 11
521 38
286 5
448 18
460 49
664 57
1078 30
675 59
899 47
1480 62
1237 27
1002 92
81 56
514 26
943 96
206 72
545 23
1485 58
348 44
356 77
1228 78
1440 75
1002 55
499 70
641 63
211 47
1018 86
894 3
1284 15
638 55
348 1
1198 52
925 65
1400 15
482 7
1090 39
1012 37
1235 56
934 20
523 3
575 41
960 95
1249 17
323 22
1003 19
1087 52
1377 87
1317 10
46 79
574 86
1104 32
99 57
407 48
813 3
1312 16
525 60
1183 16
705 53
1356 95
1259 24
1049 99
1467 41
1287 1
645 17
334 7
1215 67
189 67
1153 67
906 99
368 56
672 74
431 47
445 24
1407 34
774 55
561 62
870 74
855 34
539 99
249 88
579 15
221 64
926 56
967 10
1304 98
899 73
503 66
889 92
329 20
126 17
187 85
121 64
1493 39
1052 59
1376 7
1091 74
1352 51
1213 89
409 82
1284 49
189 18
1434 79
1328 90
616 48
1243 9
1119 49
939 24
193 43
601 53
1151 30
506 48
805 78
477 1
383 79
601 75
882 6
1062 30
62 67
685 5
1399 11
399 34
672 48
270 43
719 29
403 51
914 17
1168 33
1311 9
1093 81
354 100
280 91
600 73
1187 15
60 88
167 2
953 26
476 12
523 79
629 97
1442 41
904 3
927 58
1494 100
1220 38
329 65
318 88
299 86
871 33
377 80
52 39
236 90
414 94
163 86
746 61
1386 71
120 53
1126 28
1353 46
1050 53
875 13
418 99
219 93
738 52
213 14
1271 60
341 79
711 72
434 14
644 100
1392 49
1003 69
1278 69
9 68
952 82
1167 5
856 45
111 48
1492 88
384 87
477 86
1089 63
408 67
1164 79
421 50
510 53
1410 82
759 78
253 84
293 70
322 56
902 76
951 78
848 100
389 25
255 76
661 82
407 81
1120 47
253 35
1031 53
1357 86
961 77
106 64
1390 53
184 54
30 19
119 35
1496 17
948 15
163 52
509 26
510 77
413 3
12 84
757 84
23 28
502 10
27 66
1178 10
418 73
206 56
437 38
491 11
711 86
58 56
439 49
153 17
988 91
1472 3
765 21
644 17
1022 57
879 78
370 47
1143 55
1466 74
572 90
672 25
954 2
77 18
245 28
37 85
627 24
952 78
9 30
421 11
712 62
390 83
1082 43
36 15
145 51
1106 67
1220 92
1435 42
843 27
40 33
565 3
1119 66
1255 65
921 89
845 19
597 76
472 91
34 45
710 26
235 20
818 21
53 68
606 19
683 54
588 43
202 78
178 43
33 90
37 12
1347 85
1319 91
190 25
396 36
966 16
1289 42
1247 55
1197 98
1273 40
264 61
445 40
1273 69
1349 12
760 32
953 46
910 78
163 60
274 61
366 50
574 8
70 17
256 36
552 77
93 30
88 66
655 85
1468 24
408 71
187 89
570 8
1453 51
603 83
1492 95
556 87
1356 8
678 23
268 7
1392 23
56 85
573 22
1387 38
815 42
1022 76
913 81
1403 50
855 90
1414 95
608 37
312 4
512 33
1035 91
1238 39
300 26
1377 67
1312 5
1240 25
206 86
402 33
1267 24
1258 16
210 36
969 97
723 74
743 45
161 31
1021 10
487 88
1285 62
744 20
973 11
1193 91
335 20
918 43
354 82
840 10
528 57
318 60
57 77
570 78
1390 52
939 77
346 36
605 10
862 44
935 27
923 23
587 47
660 11
1059 61
109 89
1237 98
1129 53
83 72
1028 73
303 94
46 79
869 29
1365 77
672 30
1144 99
474 75
777 68
1459 28
888 59
381 63
1367 21
720 52
959 59
934 50
1357 8
239 46
627 55
737 50
1259 16
1259 48
926 84
549 39
756 42
793 92
1050 38
581 37
629 6
451 27
1234 95
303 23
694 9
678 81
1151 80
1048 31
798 46
871 85
144 67
1131 100
1359 27
1279 19
176 7
1341 79
1079 54
1479 93
156 38
576 34
1489 60
6 74
479 10
789 17
349 38
887 96
204 19
1169 74
845 33
1030 68
793 35
640 89
634 6
700 99
708 93
513 94
1338 73
421 100
8 45
1353 27
86 52
598 3
1409 47
1314 40
809 49
518 13
1455 20
622 86
1211 32
1353 65
1038 49
815 79
592 98
336 21
634 80
1001 44
1205 16
333 76
925 32
406 17
1147 81
1147 54
201 6
670 76
1492 27
593 66
1229 96
508 21
1287 69
959 26
945 5
108 3
1477 24
413 1
207 93
305 19
775 25
1087 60
1361 84
771 40
957 11
1458 90
345 73
567 31
835 11
1002 11
494 91
1122 97
623 3
1173 40
419 31
1114 95
612 2
1091 24
844 47
1174 30
599 77
557 55
5 71
729 67
465 9
324 86
1481 39
1333 59
246 26
850 5
909 10
890 11
1487 9
1008 49
443 48
1137 36
783 69
1495 7
34 58
1232 15
275 2
1050 4
43 100
26 70
1166 68
384 77
823 66
148 7
1434 95
469 77
554 18
1003 58
337 17
848 2
142 26
57 95
190 43
545 14
34 70
1081 32
286 33
1448 3
866 59
930 31
146 41
389 20
457 81
907 71
1122 16
84 47
9 97
1033 19
105 74
1439 49
1288 99
543 76
1064 84
1331 67
952 31
273 62
620 21
1161 21
324 14
844 55
664 87
671 27
398 53
1333 22
547 98
1116 95
670 26
1266 30
574 34
256 19
324 98
1107 45
588 40
1236 72
707 82
587 60
1446 4
574 35
400 68
331 78
132 6
584 12
241 81
532 41
1287 1
1060 78
1025 25
233 33
768 29
1434 13
1446 38
657 17
1482 41
650 64
656 99
784 60
1321 33
1084 77
981 7
702 91
225 97
983 40
1481 79
513 41
666 36
1189 96
457 99
341 78
955 85
44 6
865 18
105 36
628 82
925 12
334 40
140 17
1361 35
78 10
373 55
194 76
1322 94
892 42
211 57
442 24
444 97
1305 93
821 83
1354 67
1206 76
164 24
135 20
1101 45
1461 86
228 79
592 42
657 29
251 33
1033 5
1485 16
3 30
1192 40
262 15
851 91
1123 16
621 74
782 84
341 11
310 63
1109 72
613 47
331 56
27 15
1432 60
1416 57
906 20
1182 98
712 88
159 82
893 76
69 99
709 50
1408 42
344 60
273 43
1269 18
1222 100
1027 86
13 21
949 3
1424 56
1224 13
942 39
1130 31
383 5
49 13
147 39
663 59
787 48
99 73
1071 15
1330 97
1160 81
1455 23
269 70
1077 23
1379 20
1214 100
1432 58
1019 76
733 39
1356 21
1193 87
1189 49
520 73
769 22
317 50
1373 83
262 43
639 63
1235 16
625 64
432 18
281 11
48 69
22 38
147 68
1174 65
280 2
161 94
1371 54
334 40
1429 8
253 66
1240 1
16 7
1110 47
1290 6
746 10
968 59
598 68
980 77
829 81
1331 49
614 35
369 76
1034 91
1403 89
577 11
1185 44
905 16
1134 25
1446 20
1022 96
1397 68
591 45
433 92
224 9
600 85
502 88
1428 78
873 18
1461 98
1122 62
747 96
1492 47
304 97
997 55
976 97
1019 53
1093 34
1376 41
310 74
406 15
66 27
1417 61
489 26
356 81
1230 97
983 70
1309 24
576 31
1495 99
1013 85
185 98
609 16
920 94
1084 58
1020 96
45 73
1063 95
1396 58
549 51
200 99
214 42
749 30
1464 67
866 46
743 17
673 98
601 19
99 53
109 31
866 99
182 57
14 100
888 22
115 77
1179 27
58 34
199 85
1417 1
11 65
15 67
326 47
275 3
138 60
482 67
1002 58
764 50
655 27
1118 23
1091 98
1068 50
279 64
258 1
457 35
1348 61
691 54
976 21
1344 2
501 46
1048 9
746 67
1138 88
513 41
5 95
402 84
651 71
306 28
642 17
320 68
959 13
979 55
596 40
139 96
588 19
1262 13
1439 75
28 93
1212 58
449 53
1176 2
1318 58
358 23
863 97
196 12
315 31
308 39
1296 88
474 17
1365 97
1276 84
609 49
340 97
663 58
675 68
656 32
337 67
1127 33
258 79
563 51
1261 2
959 69
873 9
1000 31
1150 90
721 76
44 19
827 69
166 20
26 58
1025 30
937 66
745 39
68 6
820 5
683 95
526 54
400 90
1017 69
607 74
719 7
138 85
805 32
475 100
172 85
649 70
598 66
414 7
1357 14
710 89
954 91
642 98
297 36
183 19
1306 96
1065 88
1045 45
1404 41
1396 98
477 62
954 28
349 63
17 18
1180 65
1153 24
1096 85
1321 27
9 92
748 12
1434 32
317 59
1440 70
268 73
1451 54
1316 47
1283 55
77 35
1108 90
1446 61
831 72
881 92
739 50
290 41
641 7
214 68
1047 3
1036 34
1385 82
361 95
184 64
937 88
992 67
1423 79
128 71
880 9
730 55
607 70
183 27
850 6
816 36
1354 35
252 6
570 85
391 84
366 21
388 13
695 77
435 94
998 8
342 87
325 20
1280 34
704 94
932 97
939 10
1214 53
29 98
1160 96
1464 30
1414 56
736 85
680 26
1320 99
910 71
785 36
111 49
1375 76
234 35
191 43
174 34
294 68
1052 81
1172 10
613 61
1363 28
1468 13
584 72
542 36
867 90
308 35
959 37
642 2
1006 14
151 83
155 60
1362 7
1434 51
1136 12
798 72
648 51
51 91
426 61
1240 61
1043 42
296 2
753 57
1242 26
991 58
838 61
529 40
590 37
596 78
922 62
1249 57
440 67
634 17
339 21
178 45
343 21
1242 26
1490 6
419 47
534 37
18 81
334 17
1022 40
453 43
1137 73
882 44
268 67
914 19
532 20
1447 78
588 16
227 26
928 92
646 12
282 10
1124 96
4 98
1364 35
429 62
799 74
349 53
1040 20
990 95
958 36
1105 83
507 56
734 91
117 71
50 84
1387 26
342 68
250 25
704 64
164 77
1443 23
985 86
1392 23
1032 65
937 65
1445 57
716 52
1132 80
1020 35
1457 82
637 85
325 56
1018 86
1435 13
106 91
796 76
161 25
793 14
1194 11
432 39
1455 19
199 67
340 88
835 86
184 39
656 87
1136 15
491 92
480 80
963 14
773 61
1164 14
373 13
1413 27
195 21
1404 42
438 73
746 55
578 68
595 94
828 28
1041 91
876 77
1382 93
925 69
819 13
861 45
1121 21
555 92
1288 58
303 83
909 40
1356 7
1324 53
1257 73
767 27
1122 10
96 22
1051 99
1161 78
619 10
13 70
731 30
892 9
696 87
51 35
762 33
890 72
335 4
502 34
315 27
1471 36
1491 43
477 30
82 99
1190 61
731 62
24 44
627 37
982 4
735 12
97 62
575 7
939 31
1476 90
181 51
530 92
330 92
369 77
486 39
984 80
41 67
1148 92
1405 71
1422 62
209 8
1401 23
718 95
1198 31
1384 69
1012 14
1353 66
1328 94
494 28
1130 35
578 81
1325 64
227 93
1410 75
1452 83
978 82
263 62
572 34
260 4
701 85
1390 76
848 99
166 79
1145 86
929 77
455 94
467 82
1322 66
41 36
940 23
1119 45
439 65
91 16
935 13
1444 89
676 14
1431 7
739 84
1140 32
1496 42
1012 62
1465 4
1293 13
1141 36
749 2
1157 14
1463 14
727 18
413 18
1067 47
192 74
217 2
1441 21
1467 52
1135 10
421 20
599 20
161 53
1383 36
1407 3
169 68
389 49
172 80
680 45
656 42
936 58
369 72
1418 68
341 63
200 40
136 54
976 21
21 87
967 62
438 78
590 31
717 50
693 72
1467 53
170 24
488 1
209 56
726 62
510 45
1404 87
878 71
280 90
1195 92
1001 62
1099 56
500 17
384 3
835 30
955 31
251 17
529 7
16 78
1306 79
978 90
1431 32
525 80
174 22
1470 97
1285 43
927 36
110 73
703 54
826 84
695 77
782 83
1342 34
1416 78
1465 49
1476 68
762 68
1435 60
313 74
1014 77
1244 41
999 24
239 100
1349 36
611 12
578 49
740 37
599 7
420 3
1161 54
698 98
798 8
643 32
698 13
324 75
938 45
1461 62
1197 63
183 88
656 66
434 7
1051 30
333 42
190 92
254 3
528 28
52 26
1165 98
185 90
626 48
211 26
1038 12
1126 53
1331 81
1156 95
1017 98
55 88
911 81
835 7
1322 60
978 11
491 91
376 69
162 57
755 3
1194 69
1269 2
334 53
232 18
906 38
57 74
1091 28
368 78
657 100
465 22
147 60
595 20
251 26
521 45
927 70
1278 58
1212 76
725 90
222 37
440 98
389 84
162 47
941 83
863 98
777 90
255 12
714 56
1053 41
906 7
1214 56
1441 64
170 52
1149 26
782 16
1202 70
635 86
417 21
828 44
1067 66
1163 2
107 2
1142 85
788 44
684 4
1433 61
124 42
1379 44
242 33
988 41
349 48
321 27
374 6
343 14
1429 63
821 65
1331 45
612 50
18 43
552 90
334 68
1323 45
1341 40
1141 40
1427 54
424 79
458 2
1130 12
1329 22
804 62
1213 27
188 3
1338 31
353 27
328 63
889 78
13 54
1315 26
170 71
135 71
1201 11
324 31
980 73
590 28
581 37
1150 52
1107 31
1494 90
420 46
1352 75
786 43
215 91
173 69
355 92
67 11
368 97
549 55
340 17
439 43
188 76
153 18
33 4
45 95
433 13
788 34
376 56
1406 2
1255 25
1302 14
1025 96
1116 68
1418 1
354 99
1400 66
1274 59
1419 63
1345 65
1234 89
1230 39
12 87
1258 43
368 47
1485 55
802 52
37 77
362 46
1412 99
1444 81
676 41
1194 26
1087 43
649 30
544 90
811 1
1240 90
733 20
297 26
539 70
89 17
775 18
744 31
115 79
1359 34
994 27
809 72
1188 71
1472 84
1108 30
155 92
286 30
959 88
592 53
533 84
142 48
9 13
1117 32
40 41
1158 34
