6022
710 4
1041 39
513 62
644 29
982 20
581 7
1036 23
1193 95
592 67
684 54
571 77
670 4
423 20
898 89
325 93
972 65
274 56
932 73
223 96
417 95
506 29
924 92
206 43
767 45
889 30
116 81
732 26
1030 4
1150 21
641 17
304 44
1080 13
856 94
1145 65
1111 55
462 14
1182 87
993 14
866 10
879 6
573 20
877 52
114 31
412 33
1150 38
809 97
686 97
725 26
299 68
344 55
356 77
395 66
685 35
1162 88
904 95
991 60
1037 33
722 17
574 91
941 83
762 55
1044 48
79 69
1012 10
1021 15
307 63
43 52
630 57
461 85
511 18
153 48
270 70
943 36
282 77
1128 20
504 3
239 36
752 19
774 62
1125 81
58 19
64 5
430 37
262 26
338 11
431 6
7 92
553 2
204 65
199 1
968 52
523 65
331 85
455 22
987 22
243 7
421 48
1119 14
316 48
613 14
1059 22
93 48
633 86
838 100
1120 29
978 40
381 27
199 56
1053 13
574 7
720 62
985 44
813 95
562 64
382 77
432 65
362 6
954 91
906 84
396 47
913 46
626 88
1020 92
1107 33
886 94
703 67
22 72
151 24
584 45
182 32
519 19
754 90
556 22
165 45
66 53
72 67
779 20
401 25
391 6
973 39
870 54
949 12
87 34
64 62
47 35
477 97
852 31
479 20
198 5
909 91
274 72
15 56
115 82
746 7
1117 32
34 24
915 81
445 56
720 10
860 68
907 54
298 10
613 87
1080 49
778 83
644 39
753 39
87 44
297 95
570 28
285 75
836 90
222 51
480 36
1146 28
815 81
189 20
472 49
833 62
729 55
195 91
1151 58
625 89
356 86
928 86
584 72
923 88
295 20
1161 39
806 72
683 41
745 24
448 63
227 95
1076 41
241 58
674 44
1077 19
624 14
357 64
1090 90
727 52
412 36
250 8
1006 79
60 48
862 58
73 35
23 26
765 64
329 76
475 82
296 38
841 43
145 47
385 36
779 86
263 44
263 12
95 72
914 35
27 42
196 36
94 47
115 43
791 79
560 12
314 62
1138 77
244 22
1006 82
1139 17
978 78
919 64
863 88
601 72
467 38
531 91
418 76
247 16
216 15
147 14
42 100
1162 30
1059 64
736 80
708 82
1044 55
835 2
1079 45
359 74
437 3
959 72
106 21
1140 18
573 68
1002 57
929 89
317 24
57 96
445 40
775 10
550 79
151 4
611 71
746 83
519 39
752 8
1111 96
12 56
1019 51
1024 78
379 61
989 68
638 2
699 35
617 16
865 74
482 91
334 12
525 5
330 35
65 51
401 91
713 45
252 71
980 21
755 2
404 15
405 88
770 99
901 59
491 47
929 92
1134 35
140 74
1033 59
225 64
1071 62
612 67
1194 65
325 70
615 61
722 75
1015 56
867 85
408 25
1191 20
568 12
225 14
367 81
108 8
673 43
300 26
835 60
146 22
679 58
696 9
1130 58
708 52
71 80
286 62
22 65
908 86
1175 33
561 81
1043 26
239 39
412 89
351 7
1068 53
610 98
143 33
1032 32
765 33
666 46
727 81
146 93
1021 43
552 81
379 30
1106 75
303 40
14 66
673 96
385 14
465 29
677 44
1035 13
1199 48
330 23
1169 100
1008 42
624 86
645 18
447 9
144 81
1151 87
790 59
288 69
648 28
234 63
304 83
1086 58
450 68
661 80
1162 50
251 10
379 38
1113 69
472 81
817 99
305 92
84 74
72 21
634 6
673 97
462 22
734 64
601 59
861 63
41 36
173 5
413 12
1035 43
854 96
1067 92
861 17
669 77
105 81
891 12
169 56
645 56
399 18
312 87
971 15
99 39
336 3
141 89
1021 33
239 22
119 18
773 11
294 44
1068 94
769 62
68 79
295 27
147 1
131 25
997 71
777 5
580 78
283 95
999 13
638 93
1086 11
471 61
505 42
285 69
223 52
203 51
265 44
891 35
757 84
902 46
59 11
907 12
233 14
1001 61
90 52
482 18
84 93
717 59
417 87
551 84
744 85
675 97
160 91
11 47
978 79
1081 28
433 29
729 48
758 95
571 70
1031 35
555 53
1024 94
303 28
1164 23
550 94
732 98
1033 9
591 72
397 89
553 96
132 88
507 79
1123 77
438 10
1167 64
582 49
322 97
91 25
682 19
994 17
630 59
659 80
407 66
164 34
1077 76
1023 76
861 58
1017 22
911 41
241 74
938 77
1189 63
824 13
43 18
1025 27
849 16
477 20
1078 28
177 53
708 51
929 33
30 73
1185 86
1159 10
614 72
1053 48
261 93
1027 97
1074 18
932 15
1094 66
447 62
892 42
119 65
60 82
1113 41
5 26
248 86
965 60
968 34
426 81
708 50
1195 45
373 96
1068 67
576 86
443 38
979 97
512 32
989 82
133 86
20 4
765 36
711 65
1171 93
814 72
480 85
947 34
1156 31
903 27
247 21
991 81
336 64
810 38
886 3
1108 64
241 71
760 27
1115 8
738 10
710 28
158 93
725 89
108 54
121 23
334 66
900 10
791 9
1197 63
926 23
853 87
239 31
1036 69
802 10
358 63
1127 2
217 33
269 48
842 53
207 48
661 17
458 86
680 54
519 66
193 20
980 80
913 65
567 72
472 84
974 52
1020 76
288 5
172 86
351 77
1052 38
825 27
335 94
457 5
1015 68
982 47
635 27
710 76
1181 57
65 87
452 99
602 93
604 94
1178 10
662 51
316 17
558 7
615 54
332 78
634 76
912 46
484 88
976 60
86 93
242 17
359 73
431 46
1120 93
1107 17
480 74
787 72
988 53
259 64
637 11
1184 68
575 24
521 17
584 46
724 32
118 96
707 47
707 75
51 73
375 89
902 19
154 48
727 86
329 58
728 51
502 8
612 58
817 57
1107 8
1168 19
471 38
1174 41
1180 76
1047 35
164 72
563 65
283 78
462 9
607 100
589 80
377 37
508 9
689 5
998 20
737 69
130 18
422 98
270 45
864 38
4 99
1115 37
1192 24
833 85
615 54
896 93
811 25
858 84
352 24
1126 96
589 54
691 60
63 86
645 59
601 39
308 90
300 76
401 64
523 35
581 29
243 90
672 83
695 16
316 56
111 45
1109 2
389 3
608 20
940 18
730 41
682 52
1178 43
554 8
817 13
892 29
129 25
607 91
75 83
621 8
336 21
10 76
177 96
706 6
881 91
931 17
1169 24
458 36
559 58
251 63
1023 80
23 15
645 65
402 92
256 6
1203 89
268 91
59 54
1104 62
699 37
1136 89
36 76
299 91
131 88
685 17
609 25
30 78
883 52
152 39
990 96
167 22
308 98
758 70
882 56
957 98
418 13
715 4
586 44
644 21
169 83
484 69
155 70
847 93
271 58
3 93
1178 20
606 11
1041 95
687 12
751 15
445 47
671 41
39 28
1003 59
572 1
591 7
714 56
18 4
907 5
293 95
781 46
93 41
36 93
434 29
919 67
191 69
457 90
120 42
712 33
1037 29
866 71
709 18
100 92
15 2
725 93
1088 7
406 13
853 44
1039 99
840 98
971 64
80 86
539 64
524 5
852 36
932 44
908 26
863 56
427 12
50 65
1183 45
1090 58
877 65
836 77
706 36
911 49
382 78
515 19
1173 95
469 49
751 65
1147 27
1015 60
898 96
148 65
428 26
873 44
781 17
882 85
1018 91
912 62
80 68
375 13
1096 38
523 92
788 36
254 3
988 64
356 78
213 42
731 92
471 31
400 11
723 98
734 44
879 81
261 88
1033 48
1053 7
448 16
770 13
495 26
638 17
112 50
612 22
247 33
472 98
961 58
495 22
271 64
337 36
248 2
1022 55
1111 76
704 46
1192 80
302 75
690 31
455 56
1071 46
718 94
407 51
1183 91
859 8
792 42
218 81
1029 52
1020 74
961 71
351 92
321 41
977 43
179 75
626 27
571 94
395 54
601 28
268 91
1127 61
642 5
882 17
1185 11
686 57
1057 24
277 45
213 81
327 72
1112 11
1153 90
151 93
907 68
174 37
539 69
371 95
207 19
968 52
1153 37
714 10
217 99
795 41
1024 73
731 71
49 28
454 90
1067 17
173 74
633 49
406 1
916 41
474 64
1006 74
250 40
382 40
500 40
873 37
630 65
1002 17
756 27
620 57
973 55
811 56
423 32
846 35
348 10
1104 83
597 87
357 14
857 30
979 61
505 22
1186 35
394 61
753 89
240 89
565 97
24 2
1157 45
1053 28
31 26
268 17
851 76
854 85
958 27
804 89
1167 40
1053 100
124 96
993 84
54 51
376 70
1187 20
162 80
506 17
1153 68
396 63
958 56
1052 83
74 23
1037 10
435 34
402 60
1125 16
569 23
463 6
552 71
595 7
1112 28
1033 61
928 48
209 34
805 14
575 34
95 26
868 11
1199 74
477 21
411 90
393 15
938 83
622 97
117 16
368 67
915 46
641 55
427 48
42 69
94 63
239 41
383 91
1128 66
1204 92
932 84
1192 5
414 74
740 43
504 50
268 45
612 84
552 12
1164 35
328 8
486 88
293 98
748 83
948 8
902 35
159 36
650 65
1190 88
255 100
322 50
520 1
715 75
73 19
130 22
644 38
327 24
527 94
268 70
64 47
1184 65
546 82
721 41
197 74
860 85
668 74
989 36
1177 87
322 77
1076 57
1132 55
308 87
625 51
542 28
1084 90
717 16
418 30
1076 38
961 4
1186 78
508 61
160 94
104 1
612 78
906 67
702 47
774 50
352 98
866 45
108 67
779 86
785 98
288 87
803 40
532 61
1127 22
210 39
784 79
782 14
866 36
141 55
279 61
679 42
289 8
378 7
734 35
1121 48
189 16
414 19
968 49
666 5
453 45
963 32
311 66
165 93
986 11
959 53
86 69
721 9
949 42
806 92
425 34
419 94
626 20
740 83
561 11
262 82
10 22
914 16
570 9
635 9
661 79
375 25
41 28
39 99
115 46
172 35
758 31
170 38
495 89
577 89
1062 35
1090 20
105 21
592 100
228 91
745 18
918 35
305 2
551 76
595 31
830 17
302 91
624 77
414 76
81 11
665 71
152 74
634 44
191 68
409 35
266 94
727 85
178 86
952 76
255 25
900 68
1119 1
619 40
1042 39
907 1
499 18
50 24
271 27
222 4
774 67
668 85
951 76
650 94
865 94
995 20
341 94
610 56
909 42
387 25
566 20
729 87
33 55
333 28
75 64
615 11
686 86
235 96
14 89
656 39
773 49
167 37
735 76
1014 94
139 87
182 28
773 50
440 39
308 98
718 95
949 74
564 52
553 80
1048 97
1018 21
553 30
865 6
320 4
963 18
346 64
777 17
1169 82
1181 56
1007 19
291 59
140 64
843 59
1109 31
694 44
796 46
935 86
632 21
993 69
34 55
796 55
637 46
182 25
1028 89
306 71
429 9
1099 14
163 100
709 25
1103 90
472 46
408 5
261 12
1099 37
606 34
272 33
267 52
105 46
738 48
1189 2
1089 78
523 21
959 43
374 99
269 73
1053 75
296 10
268 43
1145 22
106 4
105 19
411 95
952 25
396 63
188 6
77 3
1059 14
151 78
41 29
782 63
982 32
889 60
720 63
278 98
315 6
1089 66
861 48
169 95
484 37
112 30
22 34
638 45
1061 95
85 34
826 56
291 83
88 89
186 88
872 5
992 21
327 55
1121 7
388 5
657 14
654 47
542 91
289 46
1140 98
1003 11
939 26
545 46
434 49
846 78
621 42
651 96
634 82
20 15
665 24
127 63
407 77
315 47
1164 98
850 37
1168 98
694 18
9 46
1089 62
234 31
498 45
337 68
214 28
939 90
541 80
500 96
204 91
970 19
749 27
856 64
29 72
436 99
133 61
619 54
843 36
65 67
970 65
866 32
963 52
828 78
658 71
463 95
1060 48
807 68
947 26
758 83
365 69
211 59
814 22
919 56
797 77
684 51
111 38
763 10
1125 67
370 55
631 86
862 28
423 86
298 95
769 5
41 97
212 10
455 23
308 15
617 54
1120 12
785 12
175 40
818 46
940 80
909 65
1092 32
588 91
146 84
634 28
374 23
854 91
698 44
613 12
81 93
948 11
546 73
329 42
88 76
629 97
75 67
688 59
1079 92
830 55
472 2
561 26
1022 8
400 34
619 7
1002 23
40 30
797 54
132 93
892 7
285 20
1125 69
246 97
1151 76
104 66
995 35
910 33
381 30
932 67
518 29
682 52
602 76
977 1
81 38
484 21
1108 22
160 71
996 52
662 57
843 100
207 6
315 22
1116 32
898 4
87 45
377 38
124 14
476 67
176 94
1180 20
688 31
856 8
135 67
884 58
347 29
767 2
567 84
1039 97
277 8
558 33
322 41
156 43
601 55
992 84
1185 64
234 34
379 48
61 25
778 49
1110 29
205 35
638 86
424 46
1084 86
603 71
511 96
353 85
1028 44
1123 48
522 49
488 9
299 30
528 72
69 94
537 19
28 30
36 19
75 90
342 50
499 47
180 29
534 88
490 20
1159 90
399 100
810 37
63 47
424 71
953 52
613 19
50 37
526 1
506 19
1055 9
815 12
510 48
280 27
186 95
24 91
1050 9
673 27
453 85
86 17
424 27
258 72
385 47
814 98
810 55
804 3
214 94
1152 99
969 14
72 57
490 68
910 24
1018 66
218 88
753 19
555 63
674 10
587 86
716 26
231 71
621 44
918 75
686 81
673 13
295 81
107 56
944 99
807 74
283 49
945 62
264 51
125 82
942 88
1057 19
112 96
696 69
1051 62
1035 92
816 4
803 40
1077 74
321 63
1105 58
291 85
662 69
734 48
797 6
850 90
763 88
136 97
599 46
1187 17
1008 51
215 17
612 43
223 57
1070 14
805 21
1090 51
28 5
219 94
396 88
1011 4
148 28
380 60
827 34
447 63
205 14
350 30
999 93
1100 89
79 78
804 19
457 15
397 12
233 92
387 97
662 43
436 20
917 68
396 57
544 12
413 44
430 57
1196 27
879 89
693 17
1016 97
335 47
1092 20
139 73
566 8
402 45
1118 28
716 27
715 2
54 34
692 43
57 42
1137 89
1003 12
774 99
84 83
1089 10
467 58
670 16
344 18
694 52
1002 13
1145 55
559 89
939 20
215 55
261 22
843 80
44 57
178 83
605 97
791 92
669 5
608 59
36 12
1117 44
755 78
666 80
400 24
185 31
471 64
843 30
462 86
886 62
1087 95
674 42
1024 41
1054 86
31 1
1115 78
191 61
1082 75
755 51
665 91
862 52
625 93
252 14
1006 69
374 38
1137 52
275 100
818 4
319 51
76 21
518 64
665 95
453 63
26 28
830 15
825 63
201 16
1109 14
398 35
742 74
996 7
631 73
800 87
1064 56
730 90
724 90
970 84
170 50
14 30
1019 80
224 85
319 10
350 52
565 1
104 7
1109 1
598 84
1065 74
736 6
1145 71
327 53
93 75
458 36
531 28
654 3
1161 52
577 4
310 85
212 34
1116 50
138 83
107 30
488 35
649 7
1015 41
1074 11
617 31
809 78
207 57
533 40
591 31
734 23
499 42
628 12
1155 24
393 20
84 62
638 11
463 88
89 26
371 33
323 77
1067 84
57 2
587 16
294 53
46 51
586 26
413 31
346 12
157 43
818 86
1031 61
630 91
246 34
488 46
1040 84
822 87
1204 64
920 97
703 52
94 15
214 53
51 13
15 41
546 68
799 73
1031 44
251 59
578 18
105 26
1005 57
386 29
854 65
954 81
46 83
655 78
446 86
257 31
544 89
754 22
765 63
8 20
42 38
1182 83
162 99
149 26
730 39
494 52
566 55
930 56
1061 56
80 80
1106 77
1078 81
549 59
1181 53
1107 94
541 12
205 47
959 50
1128 77
674 63
66 28
871 56
291 80
143 83
1103 6
681 97
742 1
246 68
756 48
297 89
969 19
1187 3
748 5
869 62
825 60
861 47
116 48
680 66
1038 98
399 35
1108 15
349 31
783 4
157 33
1146 17
517 11
732 99
414 67
316 21
497 62
527 32
989 73
740 53
691 65
856 15
681 34
35 91
517 89
688 98
1147 42
183 46
369 2
52 99
312 71
597 37
926 68
1183 20
412 65
360 31
755 70
152 82
570 68
322 92
636 86
88 87
680 63
169 88
170 87
808 12
622 11
176 51
922 39
482 54
917 88
950 71
631 18
300 81
400 13
455 60
1117 15
1053 51
357 98
181 13
935 83
925 66
369 53
415 78
420 55
934 54
45 36
1115 37
421 87
833 97
83 61
908 19
552 70
1120 58
1175 81
55 59
669 35
856 30
438 84
710 95
200 29
147 39
882 47
360 48
1038 25
582 56
755 17
1040 7
685 34
254 40
301 95
78 81
825 33
669 72
706 44
312 26
1111 80
18 90
366 57
1059 24
607 56
942 90
929 96
767 53
810 100
1056 53
1056 96
579 28
838 67
375 100
145 4
310 43
520 2
205 13
985 82
682 17
447 6
925 35
565 30
308 25
637 73
724 34
1026 95
591 92
226 23
807 19
824 98
269 68
777 41
852 33
1202 60
94 60
241 70
737 90
33 15
292 52
1203 13
413 25
232 87
956 75
214 95
447 95
730 10
728 57
976 80
939 36
583 4
944 83
1013 2
830 39
805 64
575 47
960 12
232 69
1013 80
317 82
1186 31
1051 45
300 98
254 45
