2943
576 74
558 52
494 61
28 72
396 47
321 51
325 80
139 70
357 17
378 60
550 2
100 25
386 17
349 32
537 61
59 59
72 28
489 13
575 12
343 30
510 69
445 88
234 33
518 100
174 58
71 36
448 55
569 31
52 2
456 28
32 70
335 99
353 68
95 64
476 98
54 9
201 10
243 59
480 96
538 42
21 85
120 47
122 10
289 94
510 90
365 61
470 2
316 50
504 97
234 69
343 20
522 90
447 58
242 100
74 26
27 9
423 77
548 56
328 46
391 17
318 30
75 10
492 24
468 81
191 29
287 68
239 67
408 5
391 97
492 49
557 80
221 63
210 65
537 39
364 54
422 56
498 37
76 84
172 96
490 21
432 98
116 29
57 90
527 35
509 58
563 39
515 2
487 20
236 86
259 26
311 86
3 100
12 85
330 89
87 85
542 93
347 42
435 35
402 75
67 93
204 75
74 89
386 14
74 97
268 66
104 20
541 74
566 34
578 36
385 98
301 75
64 2
288 47
211 15
549 59
353 83
422 54
152 64
183 98
265 76
77 91
260 73
147 38
174 69
431 36
202 37
439 32
529 100
160 24
251 54
438 17
73 35
421 34
566 43
507 46
277 64
511 33
542 37
481 36
25 84
18 37
9 98
437 69
362 28
358 96
210 16
260 75
277 27
213 97
350 51
392 10
17 14
520 12
172 99
110 99
567 66
294 67
394 35
66 50
458 47
80 90
501 74
248 40
122 4
163 68
148 80
417 14
293 60
437 78
62 44
193 44
261 62
273 73
100 26
310 76
420 24
402 88
440 44
198 19
196 56
495 47
481 85
491 98
211 80
287 60
81 2
114 88
330 40
390 3
588 67
411 75
176 38
86 18
150 12
466 43
321 6
77 59
65 70
77 19
485 31
328 23
149 37
566 76
242 46
262 49
361 37
278 27
483 50
513 86
527 12
89 58
221 7
51 38
129 92
488 31
469 83
225 17
382 92
274 88
475 98
585 2
220 54
518 46
436 95
145 69
25 13
280 45
577 99
348 86
520 59
8 8
466 35
551 69
399 98
345 46
294 43
276 65
115 12
501 57
363 96
235 77
277 38
161 27
114 33
378 28
349 65
527 15
467 55
577 38
296 73
489 53
317 5
339 70
27 99
220 53
204 67
513 79
555 41
186 85
515 35
374 11
66 63
559 70
505 80
285 90
244 15
583 3
85 45
210 27
15 4
274 33
402 98
151 98
459 89
241 11
569 82
49 40
336 18
586 55
503 82
384 33
317 55
436 13
130 68
582 36
118 35
319 33
521 85
570 3
504 27
317 71
90 76
490 76
446 35
257 77
390 98
91 6
330 20
557 22
539 97
12 58
175 80
302 67
351 57
195 4
372 27
125 94
215 27
88 14
587 87
331 59
410 49
353 13
80 28
438 69
233 84
162 80
527 54
422 49
160 21
539 65
86 52
557 43
214 20
185 80
367 90
312 55
314 21
163 100
81 82
62 29
583 23
29 41
440 90
142 58
280 82
189 41
29 9
589 60
119 79
132 8
396 23
504 26
385 79
497 89
481 35
492 31
258 34
188 1
314 6
254 22
446 25
191 24
501 95
144 36
347 15
545 81
91 75
144 92
90 54
363 3
441 17
269 18
78 23
47 63
231 70
418 15
409 86
534 9
218 5
28 85
454 25
319 87
159 20
298 11
313 78
356 44
222 14
63 87
475 17
195 51
169 5
295 55
144 44
367 84
271 59
86 20
39 94
46 68
252 76
388 16
100 63
469 39
124 52
270 70
480 74
478 43
103 87
423 75
107 18
112 72
186 8
222 26
23 73
272 34
211 61
58 16
584 92
300 86
570 50
360 50
199 87
471 49
300 97
421 84
271 23
550 63
241 71
193 10
434 5
369 73
244 96
261 22
354 94
139 20
253 41
320 73
227 89
383 71
579 84
151 12
372 93
374 29
445 32
166 13
209 90
42 98
63 64
265 95
550 42
391 63
467 56
482 98
206 28
368 28
237 94
129 42
37 40
502 43
193 1
111 15
18 20
516 34
466 91
161 54
231 39
234 9
328 93
301 34
305 85
517 67
183 16
280 5
391 76
70 77
224 64
327 25
312 82
234 1
586 23
110 92
10 59
362 100
219 31
414 4
226 71
218 9
467 80
410 30
452 17
166 70
490 55
238 53
486 64
372 73
117 19
293 91
239 39
347 22
564 26
356 9
212 22
471 59
449 55
39 29
445 53
179 76
104 64
554 44
313 81
337 92
437 46
218 95
97 9
426 98
385 11
263 17
212 60
47 91
568 13
157 66
487 21
220 83
519 61
279 55
529 77
319 92
318 25
500 30
459 15
61 20
283 45
102 74
272 66
335 38
540 57
518 73
12 40
483 85
555 10
442 85
36 100
484 26
234 13
283 81
208 92
480 9
198 37
321 88
218 45
161 71
50 23
383 5
408 59
95 27
134 68
520 81
544 78
383 35
50 52
454 48
329 29
122 99
362 58
355 23
59 84
59 67
250 84
222 24
149 100
455 69
557 55
536 30
93 61
487 74
520 24
53 21
476 48
174 64
49 38
192 22
352 54
445 37
161 1
128 71
6 8
465 76
50 70
459 11
133 27
475 24
418 52
341 11
40 13
368 33
347 20
65 84
419 54
247 64
34 7
168 2
205 99
376 88
484 43
235 27
457 39
36 72
333 8
400 89
275 100
132 36
68 46
564 75
318 59
302 64
7 35
102 62
324 11
146 46
432 16
413 19
198 76
384 16
484 59
323 67
74 85
141 60
62 48
82 59
135 46
55 97
307 97
207 65
339 24
400 34
399 54
61 65
5 12
371 17
175 10
217 62
201 28
14 22
94 67
576 12
374 80
47 6
143 86
154 66
275 35
19 4
59 47
581 7
363 43
60 15
482 64
541 49
288 71
219 36
76 69
342 87
108 3
481 7
301 76
404 19
307 62
362 76
56 33
47 9
316 54
146 43
222 58
453 14
433 74
374 91
562 38
42 72
303 2
250 30
166 77
292 65
439 37
372 94
54 34
250 51
322 52
385 44
234 86
116 59
1 23
561 47
434 19
330 65
131 37
404 85
128 28
35 11
470 46
484 26
322 57
126 95
287 35
278 3
529 84
115 34
320 66
474 55
143 90
180 96
451 55
312 14
491 56
140 66
568 45
377 8
564 16
381 29
476 62
506 7
357 26
309 37
69 13
90 56
570 41
56 8
264 97
399 14
32 4
21 43
229 6
54 35
94 65
136 41
335 36
5 2
81 5
107 24
20 59
326 67
207 8
411 94
523 58
125 19
399 56
589 11
575 7
158 78
183 86
74 4
312 83
536 100
443 32
569 100
420 72
472 9
386 96
506 30
45 27
323 22
415 86
271 62
392 33
137 4
198 85
374 46
496 23
422 72
153 87
275 23
307 61
373 91
117 39
544 99
117 70
401 31
26 1
467 4
363 13
508 3
418 49
384 27
108 35
8 88
528 21
192 58
536 33
210 98
14 93
483 7
246 13
150 27
258 51
405 23
439 25
503 2
420 1
505 100
374 77
200 89
524 85
9 7
259 80
411 32
303 40
502 79
247 41
149 87
343 42
284 9
1 60
203 22
587 27
254 77
556 26
585 100
46 62
489 89
273 66
319 68
403 41
185 23
239 64
336 63
363 36
192 51
148 97
561 42
577 86
249 100
317 86
493 31
436 31
156 86
61 20
69 91
103 12
356 58
208 54
403 57
184 16
28 56
316 16
311 72
529 58
493 68
253 7
47 75
17 49
513 5
342 2
189 60
177 75
230 70
297 56
68 87
15 30
560 7
199 2
155 99
145 65
432 22
584 29
359 100
109 57
173 39
568 33
9 96
187 48
260 84
278 24
411 40
231 30
458 70
402 69
189 61
103 96
334 38
58 89
503 99
316 98
159 88
404 66
183 3
150 47
102 97
449 33
529 82
478 25
16 3
99 84
58 5
430 97
298 92
316 99
296 18
224 75
413 28
371 2
441 42
318 97
195 86
266 5
392 32
127 19
187 97
145 42
455 88
321 32
285 61
61 31
59 33
455 50
425 38
411 84
270 89
214 31
54 92
162 3
96 73
64 24
503 70
74 73
350 62
413 100
106 40
94 76
329 13
2 67
155 81
356 46
274 23
307 41
275 96
62 88
446 85
337 88
228 79
144 2
203 92
483 67
424 45
28 8
54 22
353 68
97 86
300 5
337 60
122 10
586 17
195 9
316 25
253 52
8 31
295 80
329 94
275 56
291 6
459 70
43 92
376 44
363 9
272 31
124 9
263 63
126 4
237 73
156 98
283 93
322 74
545 94
484 75
430 97
479 81
437 11
588 87
450 14
59 53
184 20
482 82
326 33
188 72
119 16
520 10
278 89
152 56
31 99
292 6
16 14
533 58
435 27
2 56
235 12
237 51
428 84
542 20
125 15
385 91
105 98
167 93
366 21
398 1
266 14
578 20
529 18
274 15
485 64
510 45
408 11
427 91
566 73
72 40
211 68
289 5
161 38
96 50
405 1
265 16
530 30
347 61
390 37
186 12
446 94
394 20
178 51
402 7
531 63
532 72
87 85
270 15
466 27
426 51
464 83
393 99
180 27
499 56
12 74
420 91
515 8
509 99
561 96
141 55
277 91
80 41
292 95
531 31
350 94
237 19
44 78
584 62
61 24
46 8
363 54
122 54
357 87
476 10
370 61
251 12
500 31
476 83
153 90
562 87
493 55
536 64
305 86
512 89
80 77
404 15
526 3
115 20
175 81
424 75
108 65
514 3
36 73
428 78
373 46
153 71
409 32
200 51
541 14
535 20
293 41
4 16
149 15
271 72
311 45
552 40
280 81
548 3
279 62
232 29
450 99
110 62
408 84
308 57
100 44
230 45
475 85
55 96
293 1
527 26
586 31
195 52
26 38
118 34
231 58
568 65
140 12
432 56
368 81
60 27
196 1
582 64
87 70
294 33
355 22
384 57
70 87
587 71
582 100
239 76
444 67
409 7
406 20
270 99
22 40
342 39
494 5
470 67
406 80
293 26
461 82
206 59
432 74
346 77
161 24
379 97
380 58
460 46
439 56
104 8
220 82
158 37
431 28
116 89
3 90
233 48
183 12
29 42
235 11
495 8
113 2
105 7
411 95
274 72
140 51
400 7
62 21
395 24
82 91
192 58
570 10
227 29
104 24
155 29
578 72
80 15
197 33
309 40
28 58
575 78
430 4
74 61
202 6
73 12
441 90
539 20
188 38
94 48
563 96
556 56
130 93
83 100
526 55
74 49
270 57
92 94
91 87
588 47
577 11
282 27
256 27
419 59
402 39
451 20
518 23
564 37
96 68
329 71
235 24
91 87
169 26
317 97
574 92
555 93
524 87
433 16
338 21
208 45
4 12
408 97
44 14
364 46
238 85
477 70
117 46
223 89
360 8
221 50
220 56
48 10
424 97
1 61
170 66
501 7
253 47
110 10
516 6
487 32
251 5
32 22
473 63
361 50
104 71
543 100
354 36
36 91
315 74
547 4
165 18
162 72
7 18
428 34
433 85
421 58
433 39
359 82
569 84
321 92
106 74
268 45
311 13
244 7
112 90
341 86
403 85
110 82
585 71
137 60
579 27
386 32
92 85
515 28
193 59
74 85
575 20
513 47
306 4
531 68
255 19
262 98
408 2
577 57
255 76
293 1
293 26
130 16
23 76
47 45
64 93
581 12
460 18
201 4
12 69
354 40
541 76
127 43
84 11
336 19
195 42
476 29
82 29
313 83
320 72
457 63
165 71
399 28
332 23
243 11
239 24
450 6
546 93
58 26
235 61
390 40
346 71
287 27
299 28
493 10
197 13
523 2
20 39
246 69
412 22
132 53
330 23
240 52
381 60
475 21
80 44
569 91
133 47
466 53
120 1
128 60
134 67
91 66
179 76
513 59
336 63
187 30
79 59
268 57
571 81
236 24
314 97
9 82
151 24
236 88
284 38
54 89
326 23
580 99
6 85
24 48
176 66
110 20
326 46
226 65
373 69
586 50
545 83
510 82
73 32
390 24
266 26
280 1
574 98
221 24
521 68
230 71
94 95
3 57
118 91
431 85
128 67
210 82
569 9
349 44
213 42
181 36
481 56
167 50
153 55
183 78
56 100
522 97
54 82
264 89
51 42
421 32
3 98
100 55
429 59
248 54
420 14
442 90
175 23
433 51
569 49
252 31
131 97
432 29
470 29
314 51
86 75
186 55
496 90
506 44
178 18
366 99
161 35
579 98
304 12
277 47
461 84
223 31
174 63
421 47
115 7
180 75
274 28
83 60
29 70
36 22
78 81
492 93
166 39
382 83
490 68
478 9
172 26
547 80
484 37
230 56
446 43
46 58
202 12
169 40
321 65
50 7
505 38
7 48
374 21
147 7
115 86
314 48
505 61
503 73
157 98
172 30
276 21
231 77
40 40
583 75
144 70
293 31
73 45
485 43
140 71
401 58
181 69
550 40
535 35
210 95
373 2
425 54
362 68
68 57
202 86
393 59
286 63
499 22
85 15
157 100
430 14
40 19
477 43
554 84
120 45
327 30
174 10
263 31
378 87
431 7
10 5
311 32
206 33
228 92
286 5
306 58
380 97
324 11
417 34
439 30
51 46
85 9
515 80
70 5
42 87
183 68
227 56
234 55
236 64
25 54
461 95
228 87
205 16
235 20
528 55
207 30
10 96
556 39
255 29
526 53
97 43
448 20
225 13
79 97
441 69
285 22
87 79
388 63
35 10
454 38
172 92
309 55
276 9
128 12
77 22
477 62
80 1
579 73
448 22
326 95
228 4
579 88
50 56
402 58
335 89
569 97
70 76
343 79
525 82
255 22
184 93
436 43
475 9
97 96
575 13
367 65
62 61
552 62
589 79
355 90
39 5
261 95
491 63
588 30
3 45
143 32
101 79
398 64
173 80
406 54
578 34
43 3
12 88
27 17
223 16
369 70
329 11
290 75
147 49
172 25
388 45
367 16
114 23
460 19
79 39
88 69
139 12
304 85
68 59
451 13
393 37
453 40
461 43
327 92
538 75
123 93
574 11
237 30
131 92
443 25
180 45
414 28
18 75
445 22
297 92
152 43
461 68
103 29
542 54
536 35
79 42
113 82
30 46
494 20
3 11
163 96
181 51
286 2
302 48
233 58
265 32
206 33
35 4
519 87
266 33
21 75
96 47
52 62
318 78
307 45
75 12
370 29
545 60
213 46
587 75
72 54
21 59
305 90
568 40
374 15
540 89
118 24
158 30
470 43
97 81
264 1
169 99
183 12
207 94
154 70
554 91
545 44
75 21
164 39
517 76
577 44
582 5
501 97
317 81
246 22
157 47
24 17
223 64
156 12
163 69
246 80
549 92
430 34
525 61
438 18
574 4
491 75
518 100
89 91
543 65
297 2
463 24
321 86
408 95
461 10
453 32
511 68
289 88
366 5
228 23
340 88
401 2
86 23
313 78
532 51
185 98
39 76
330 75
489 75
558 44
446 49
394 38
494 55
379 66
209 76
296 90
384 33
2 92
581 24
571 28
182 34
268 20
554 39
121 49
310 97
26 68
448 48
45 94
163 10
546 90
459 96
306 67
353 56
358 87
41 50
584 66
138 3
386 58
263 49
450 3
454 1
513 22
564 56
206 64
448 6
390 5
557 98
191 42
12 54
238 39
458 34
171 100
15 2
84 12
69 9
551 70
237 37
19 48
499 76
394 4
139 31
474 43
560 7
239 65
155 1
445 96
148 55
364 75
421 48
92 56
346 72
65 77
266 89
276 57
554 83
211 84
13 99
167 93
532 73
72 23
12 3
145 20
280 25
583 15
529 21
213 73
242 58
503 40
434 41
447 25
42 30
504 17
557 52
35 74
325 64
486 63
380 13
332 20
578 76
252 19
152 36
9 16
190 73
500 70
370 7
553 69
416 83
497 6
468 93
330 66
5 96
385 28
99 25
329 72
237 82
280 87
67 77
197 55
309 18
91 80
581 30
275 89
298 49
46 85
90 30
213 66
190 72
518 96
342 81
312 36
441 51
328 98
401 26
431 56
80 68
196 27
349 14
286 88
131 25
394 47
531 79
390 31
402 91
29 42
305 20
351 48
490 37
461 48
241 61
584 76
362 11
506 79
54 36
10 30
578 38
96 58
556 29
45 61
17 70
560 82
234 78
16 76
50 30
588 16
129 95
303 6
414 44
505 46
18 41
195 5
177 16
296 79
25 37
457 91
319 41
526 60
265 69
116 67
405 29
541 66
391 20
426 84
555 27
16 81
65 58
377 41
509 50
10 13
81 12
368 11
290 45
12 35
97 100
436 50
258 83
160 55
211 22
72 2
55 53
79 40
493 59
536 17
285 92
477 38
289 15
64 20
441 44
418 64
205 60
459 67
98 66
203 63
283 41
209 29
226 88
48 39
488 92
331 92
481 87
582 53
