2298
91 98
264 83
290 28
79 26
169 7
194 91
320 67
184 49
145 72
155 66
431 26
65 4
191 83
191 85
324 16
86 63
295 97
60 13
393 48
337 77
34 85
23 17
168 14
287 40
354 2
309 52
215 2
363 21
112 91
383 30
350 27
415 39
60 88
239 42
257 53
52 66
323 30
267 91
394 90
204 57
322 58
405 59
230 7
231 90
164 28
362 86
98 98
203 86
253 25
407 8
103 72
274 70
47 34
300 60
62 18
304 43
68 20
351 40
351 84
89 14
404 74
240 66
20 10
400 43
146 20
383 73
120 64
191 78
429 42
256 9
233 2
329 52
319 40
125 13
317 31
284 57
373 83
90 27
167 10
394 63
348 8
11 87
424 36
344 12
1 25
4 33
192 14
432 47
196 61
205 20
412 6
280 61
389 16
261 91
84 6
210 36
147 8
385 11
349 4
346 69
205 43
99 87
280 76
158 85
286 92
206 39
334 85
205 74
122 9
361 42
17 43
374 50
208 1
69 25
37 42
74 20
380 52
222 23
103 23
60 68
135 50
157 86
251 45
159 35
338 67
345 93
442 92
427 46
407 26
404 9
130 1
34 82
87 72
43 27
267 68
277 82
210 99
232 49
7 59
246 94
4 34
280 31
451 79
34 44
197 64
44 61
342 54
141 62
70 55
325 19
141 85
48 30
35 96
357 32
149 63
432 96
175 91
154 21
377 95
199 8
99 93
347 25
137 24
347 6
251 3
3 94
454 83
235 75
328 60
169 99
348 72
281 37
10 85
366 62
9 40
215 46
288 38
319 92
62 50
110 95
141 3
425 44
284 11
70 82
372 13
384 10
348 16
455 53
77 48
121 82
320 97
28 86
112 19
412 12
118 74
257 85
181 72
152 55
249 29
122 39
446 12
335 52
213 35
43 55
136 92
252 93
183 90
98 58
223 46
443 10
204 42
67 32
26 40
251 47
151 38
412 88
101 36
267 94
404 69
341 41
455 1
457 4
104 59
447 57
394 45
212 18
74 28
365 98
207 90
204 77
285 92
185 10
180 60
66 56
391 3
148 18
34 1
61 83
316 16
34 65
281 89
185 42
264 27
384 40
53 15
101 47
71 95
135 16
391 74
154 48
14 21
264 83
105 34
253 39
354 78
433 47
38 66
402 85
351 33
144 63
55 75
390 64
111 39
237 30
321 36
432 61
73 45
167 72
302 97
63 47
125 37
72 24
175 86
436 71
401 48
164 16
163 32
399 18
331 22
375 12
315 17
43 98
287 6
388 31
170 20
180 33
80 59
34 15
373 31
139 15
369 67
102 34
87 72
16 26
29 5
146 48
200 9
334 41
434 71
321 92
256 41
145 7
374 32
153 34
13 28
385 42
454 49
251 86
17 80
219 79
321 34
299 94
318 82
451 6
249 58
219 43
119 56
159 3
366 14
315 40
7 96
85 71
157 51
367 22
347 4
361 81
219 66
182 32
142 43
411 8
322 5
127 44
95 50
46 3
430 74
311 90
46 75
49 53
291 56
400 89
283 41
164 80
259 40
71 82
72 60
82 83
9 31
212 63
262 62
267 22
289 70
50 24
250 25
404 85
255 74
343 28
418 58
159 12
437 82
376 7
435 58
86 41
121 19
455 38
434 19
124 97
234 93
433 54
319 45
167 56
258 74
255 79
227 91
346 67
425 43
24 8
360 55
232 15
246 85
329 18
67 21
83 17
393 28
42 89
395 88
143 97
160 88
87 48
191 47
68 4
73 96
26 75
241 72
120 63
10 50
437 65
298 56
441 49
229 32
275 58
414 35
423 12
204 47
239 95
222 5
459 64
233 40
48 41
79 74
243 4
265 33
152 54
413 22
277 52
123 35
429 98
122 66
373 53
312 80
306 43
340 98
407 54
417 29
423 63
421 71
424 32
264 81
191 10
251 92
422 63
13 11
364 35
10 93
72 82
453 72
361 40
359 99
230 22
110 94
390 6
361 55
67 59
272 46
111 40
390 17
9 86
200 93
56 96
427 23
21 89
137 80
288 64
148 14
265 97
276 34
459 19
32 97
180 74
326 3
99 99
33 77
331 53
456 71
242 97
108 19
225 67
345 37
301 47
113 39
363 38
215 37
299 57
78 73
132 73
400 44
451 40
231 83
451 31
89 34
180 69
127 2
48 55
153 27
226 64
239 63
336 30
361 27
217 21
375 31
446 15
456 24
233 59
68 71
313 39
20 5
244 56
190 88
88 40
113 9
108 34
223 17
126 45
210 74
133 38
208 26
254 27
373 63
197 3
294 75
342 56
115 17
273 79
351 1
376 31
414 79
57 99
55 24
421 56
221 61
358 9
174 44
174 20
99 67
124 64
297 6
251 75
181 88
70 55
424 5
46 9
375 51
139 73
247 7
440 20
158 83
193 86
163 46
228 81
289 26
242 17
351 40
327 36
128 28
222 6
293 49
216 6
60 75
278 68
24 73
171 79
365 44
190 6
65 41
25 50
363 41
361 50
133 25
229 69
92 32
183 85
144 35
197 54
180 76
420 47
158 48
106 25
398 61
222 13
120 35
33 11
421 37
380 74
451 85
258 46
360 48
313 62
246 14
29 28
415 14
354 19
156 79
121 27
387 86
356 93
126 5
292 58
22 69
105 7
342 1
37 41
92 78
1 16
394 5
284 79
450 26
380 7
186 32
141 57
92 21
343 41
184 52
401 83
441 92
184 3
28 87
173 17
395 89
31 10
19 38
382 89
92 98
387 26
292 95
130 26
295 40
117 84
113 50
84 10
373 11
384 70
313 63
399 1
300 84
342 100
334 69
359 31
245 23
28 51
24 19
297 18
366 69
413 86
278 68
23 36
368 95
202 81
412 15
413 17
446 68
51 75
258 78
70 61
154 67
159 26
317 82
460 65
304 39
290 54
246 37
155 48
187 19
305 10
415 88
309 79
293 61
315 72
187 80
270 81
220 36
389 72
36 93
363 3
335 20
382 37
177 60
458 95
305 17
166 5
77 90
424 35
48 83
255 15
104 93
48 79
173 31
413 68
453 97
173 34
62 62
140 93
432 28
317 58
91 61
278 63
166 54
123 66
319 78
46 64
359 11
61 39
275 10
396 77
326 84
261 84
256 43
424 19
2 19
53 75
417 48
375 39
175 1
388 15
277 93
332 40
441 63
249 87
206 34
89 87
360 38
176 55
267 10
303 73
44 13
401 1
37 71
275 68
184 92
20 49
133 98
239 86
132 49
214 96
336 26
79 33
65 71
319 3
102 61
241 24
93 55
196 3
390 97
142 81
235 12
433 25
289 94
379 40
8 30
226 64
168 20
197 67
216 45
259 71
357 45
339 76
147 13
123 33
114 34
227 27
417 56
264 1
167 45
67 94
62 16
82 70
419 7
267 82
19 46
353 57
335 90
173 49
191 20
302 10
53 1
180 85
14 15
84 40
397 83
276 12
122 18
378 74
133 64
140 38
41 95
185 75
317 14
34 42
26 98
116 41
251 72
32 9
372 75
93 61
255 79
93 70
119 36
432 65
435 35
369 44
366 76
292 10
261 68
450 2
229 38
127 59
39 46
343 10
333 61
224 22
437 33
282 3
194 18
150 17
131 11
251 54
91 2
33 53
388 47
300 36
51 58
390 1
77 5
276 77
284 25
408 84
152 27
232 93
333 9
275 51
215 41
354 75
343 59
438 40
434 32
42 87
361 80
417 67
419 55
416 97
418 89
299 45
419 44
436 23
115 100
227 15
269 77
324 24
60 19
33 100
85 72
117 61
437 86
44 60
265 49
196 41
95 24
138 25
197 22
228 100
90 32
139 93
383 95
150 40
145 34
322 59
447 54
422 67
27 49
383 20
95 89
453 81
165 68
281 89
365 82
31 70
409 19
345 71
301 50
453 42
33 69
84 19
120 18
97 2
455 64
289 15
385 55
362 100
330 79
454 40
367 63
14 57
122 37
277 17
329 43
96 43
436 13
417 45
255 40
238 62
337 9
427 96
107 82
258 43
322 53
241 42
318 68
451 68
121 4
262 84
327 22
279 93
206 40
368 71
201 95
191 95
249 79
274 12
157 71
434 25
450 1
289 26
350 29
190 54
182 12
20 38
419 68
452 22
398 21
26 42
150 100
179 40
216 12
421 46
333 91
365 13
153 85
213 17
171 90
127 72
55 9
245 82
49 91
225 45
35 8
110 97
365 32
425 97
282 33
95 6
455 35
221 99
73 36
187 5
180 98
210 5
172 44
28 77
354 35
81 56
446 66
5 3
286 23
273 1
40 64
313 21
303 97
144 68
44 96
407 85
27 36
56 57
427 28
196 92
27 75
333 35
293 40
247 86
46 5
438 64
455 44
173 48
317 72
81 20
299 14
237 94
180 19
458 81
8 42
327 6
183 67
209 66
100 68
393 87
411 1
95 60
107 47
134 45
269 81
114 9
73 66
363 65
203 33
337 95
187 38
168 53
223 97
255 34
388 83
379 73
391 27
106 12
350 60
424 92
57 34
108 79
326 68
324 70
103 3
229 88
211 93
417 63
175 23
394 76
398 51
149 3
120 34
392 53
319 78
320 44
324 35
213 83
373 9
410 39
106 66
374 69
326 72
410 22
387 6
432 27
208 39
399 11
342 87
138 88
380 51
106 27
383 36
427 91
309 20
342 48
331 74
355 100
87 31
31 11
332 96
104 57
178 64
21 39
177 65
179 37
368 60
302 88
373 21
285 41
73 40
316 96
408 98
80 57
68 64
21 56
102 5
269 31
103 98
202 93
408 54
150 45
393 34
237 30
450 31
306 72
263 43
10 75
43 25
455 3
321 89
62 40
155 26
389 90
183 84
450 4
141 24
320 1
89 59
7 97
375 1
349 8
418 9
125 55
449 82
279 31
199 80
407 46
388 59
150 98
138 50
331 16
413 75
265 36
423 26
262 42
56 35
80 83
396 61
223 7
405 8
233 60
332 10
299 87
126 65
254 15
452 37
319 32
330 89
125 49
28 82
366 72
347 78
425 64
375 91
298 25
132 44
185 48
323 89
79 42
252 49
424 30
190 68
145 91
164 51
93 85
422 48
75 67
134 58
89 43
249 47
414 34
21 39
440 38
10 65
187 33
260 96
236 99
234 67
109 58
215 8
283 7
167 90
70 92
99 33
167 35
147 59
19 10
135 17
337 12
104 14
361 2
142 18
247 14
274 14
343 40
222 92
320 62
195 60
446 27
120 92
365 6
181 22
64 86
149 91
68 56
81 71
198 2
320 69
376 32
340 26
206 22
322 68
99 95
377 35
30 39
378 62
220 19
357 95
84 7
209 70
154 81
361 42
375 92
222 52
340 52
386 23
447 54
190 1
320 85
91 30
224 65
171 71
72 94
176 57
124 70
192 69
233 30
413 89
269 12
380 52
322 94
87 82
360 11
378 32
58 53
355 64
205 5
19 65
245 64
146 79
145 2
266 41
42 38
426 36
107 58
384 51
175 33
433 53
33 87
65 79
58 42
262 12
296 50
151 41
162 26
116 83
287 39
75 73
20 5
77 23
320 77
92 69
225 17
425 17
373 88
100 74
225 2
228 26
168 50
87 68
83 72
444 10
98 96
152 16
144 85
252 34
337 35
220 79
175 3
257 100
172 46
277 37
144 13
206 13
51 6
138 76
149 80
1 48
153 2
71 20
228 35
284 24
21 96
294 93
35 67
18 47
109 16
448 16
201 44
389 88
376 6
29 87
378 90
126 96
190 82
147 9
28 2
243 94
277 73
218 53
388 78
124 95
434 71
274 92
314 19
78 69
298 66
358 19
103 26
63 56
325 49
411 70
73 33
33 1
442 41
405 21
418 69
4 2
126 81
105 56
121 25
3 3
121 98
144 60
52 24
389 65
144 74
448 48
373 20
406 28
222 79
81 69
287 41
238 16
227 94
154 72
42 21
123 87
310 8
140 33
254 62
213 99
357 95
454 94
99 46
295 33
383 71
139 89
347 86
422 57
364 36
81 32
453 63
123 16
195 36
221 6
419 4
318 49
47 12
25 7
433 99
185 32
111 77
318 32
209 68
121 84
148 10
14 65
371 10
387 46
330 88
6 85
419 36
162 47
460 90
420 68
443 23
43 7
104 88
430 61
441 81
373 19
125 77
40 44
457 64
224 4
3 19
410 55
356 50
312 87
349 69
46 39
64 27
303 39
60 11
35 31
445 83
29 49
355 31
344 84
284 60
242 29
353 69
166 65
253 68
364 55
452 19
196 81
48 71
216 53
434 21
260 74
73 6
205 6
188 50
202 80
155 65
347 7
102 73
421 28
205 65
412 67
62 47
383 35
249 50
75 20
176 36
33 87
451 92
224 74
152 89
89 30
207 40
31 45
50 22
83 57
63 94
144 3
115 18
193 90
63 78
158 21
79 46
399 61
260 63
286 84
46 41
457 47
313 13
160 57
167 64
282 83
450 28
129 13
6 44
158 33
297 10
35 50
266 79
178 41
26 67
147 50
86 14
350 80
75 17
412 88
293 64
170 71
29 74
316 62
290 100
77 36
214 10
405 83
142 23
238 75
109 45
363 44
122 12
161 16
301 100
307 86
60 52
332 98
135 26
442 72
328 58
148 9
402 90
343 97
328 46
137 72
142 25
208 95
148 13
272 62
369 91
150 73
402 29
258 8
60 12
85 49
122 31
125 2
259 80
186 86
411 83
159 76
323 7
188 61
374 65
142 72
377 20
313 53
18 97
40 59
325 86
295 92
289 46
426 72
357 83
221 2
240 3
383 27
158 89
334 31
278 85
374 42
330 49
33 73
136 51
42 76
445 61
409 40
181 28
364 65
449 42
262 1
416 10
445 2
2 12
393 48
337 60
242 42
395 70
321 62
422 11
138 95
160 58
318 67
249 75
57 76
301 87
144 72
440 27
117 3
443 79
94 68
347 28
278 66
216 36
203 43
38 71
369 96
176 56
98 97
49 100
426 72
419 30
349 38
402 72
104 30
237 29
291 27
167 45
5 33
235 58
75 39
439 36
276 93
151 8
28 69
159 75
232 35
59 82
201 61
83 73
299 86
294 57
243 100
235 20
13 91
73 91
88 14
179 3
55 5
39 99
307 60
70 9
209 65
428 18
239 16
96 82
23 96
262 32
22 16
292 94
278 60
174 56
22 1
45 73
140 46
113 65
422 42
412 26
11 25
454 24
217 58
116 89
66 15
440 41
134 20
19 93
426 84
353 64
101 99
95 34
411 75
187 96
372 19
307 54
420 33
125 94
61 31
435 73
4 18
395 11
338 88
65 84
300 96
334 81
429 5
79 25
327 98
274 54
367 47
10 62
26 95
292 77
205 36
274 78
418 6
18 31
224 27
138 34
333 75
333 34
201 46
186 7
146 24
248 98
13 10
351 14
25 63
248 33
100 29
203 62
119 6
237 82
333 94
439 91
153 55
255 92
360 56
46 6
262 28
91 56
304 89
183 2
171 62
28 42
199 72
376 98
343 81
318 39
148 4
451 89
196 69
451 64
50 63
301 30
26 3
432 62
439 12
131 91
394 24
359 89
360 50
364 67
149 58
256 47
117 46
308 38
2 28
417 32
222 61
118 79
137 35
174 48
215 70
61 54
24 9
214 34
271 30
256 64
251 96
324 18
406 26
306 25
166 53
330 38
235 84
383 35
58 22
309 73
352 78
128 42
349 9
179 99
300 52
171 23
38 24
185 28
145 42
85 27
105 61
203 10
96 18
47 12
344 66
184 1
100 69
334 13
194 86
167 93
220 6
186 83
139 43
112 5
20 10
324 78
425 8
255 59
294 76
196 68
282 84
153 52
231 93
161 83
268 45
449 57
225 3
56 36
370 41
437 42
136 13
48 75
50 40
204 22
59 48
321 74
146 75
456 99
18 38
168 33
415 34
251 44
60 45
305 88
40 98
315 46
415 61
126 5
106 85
146 91
269 54
364 47
455 65
265 33
246 33
368 3
54 8
215 3
386 52
79 50
201 86
95 44
140 41
221 89
57 80
243 19
359 80
165 3
213 9
419 20
150 13
158 40
308 67
409 42
8 2
113 76
157 80
147 37
232 63
78 41
459 35
268 85
23 24
24 74
88 8
153 10
219 24
78 60
409 90
70 53
296 20
266 20
328 19
180 62
374 18
414 1
244 46
267 98
441 57
312 78
209 52
364 23
227 18
35 96
164 35
168 43
390 71
450 3
120 42
40 65
185 51
371 83
457 11
396 41
115 44
58 88
223 60
32 82
454 36
171 11
106 92
198 32
237 90
131 8
405 22
49 67
340 55
178 76
242 87
75 13
167 67
300 11
96 89
400 74
372 48
451 42
177 79
138 54
349 67
187 89
139 52
277 93
47 63
396 82
281 27
325 75
252 47
52 63
312 9
295 59
359 52
269 28
162 97
39 45
268 40
227 74
233 94
225 87
443 22
213 83
265 18
364 17
451 20
282 53
74 6
13 80
445 36
208 17
382 58
294 92
360 33
268 92
