619
77 43
12 53
10 35
46 89
19 98
101 84
18 94
120 50
37 79
53 82
21 94
37 63
85 54
82 88
94 52
119 20
26 46
48 42
113 54
72 45
95 31
98 4
77 65
27 12
69 90
84 48
118 90
71 73
25 69
109 51
56 11
123 26
108 49
44 28
52 13
44 61
71 78
24 27
56 27
119 8
109 32
111 45
107 44
17 86
58 68
78 17
76 4
29 97
26 72
122 6
23 26
120 80
4 6
71 21
4 34
24 62
1 10
71 60
98 44
6 60
19 17
91 89
114 10
52 72
35 47
64 78
108 57
84 94
123 60
43 22
82 4
111 28
42 54
77 73
65 5
50 20
59 66
110 34
37 37
45 14
27 33
27 91
36 83
39 45
1 76
118 63
33 75
32 23
113 23
10 59
60 41
93 24
55 96
13 59
78 2
100 21
24 36
72 67
22 23
70 49
122 31
124 14
7 18
98 61
107 77
56 8
33 23
120 28
85 75
19 68
19 49
45 69
70 41
123 100
50 70
97 88
65 62
96 41
10 93
58 96
30 79
29 78
1 30
11 20
62 17
115 47
116 2
63 32
44 45
28 12
38 92
13 50
21 66
102 41
30 42
74 96
31 37
43 9
68 77
109 11
91 65
39 12
92 86
41 52
14 76
95 1
35 21
112 83
11 8
93 95
34 70
68 63
101 56
15 2
116 26
109 34
88 96
112 17
60 67
76 86
1 32
60 50
36 57
106 93
105 47
48 69
17 64
80 43
14 47
91 2
68 6
39 43
11 60
48 6
121 68
93 39
41 90
14 96
14 47
2 90
62 27
29 51
104 35
119 16
27 5
17 32
20 69
32 9
121 23
18 99
103 50
27 12
76 36
24 17
11 19
77 63
107 4
17 91
67 47
8 61
118 41
115 73
20 15
106 59
87 8
80 55
104 70
22 31
93 8
101 62
61 3
7 62
61 39
68 62
22 94
112 45
68 22
20 27
16 64
75 20
67 34
113 27
7 91
53 48
43 86
98 26
28 8
47 51
51 57
80 58
81 75
2 9
52 45
78 59
49 29
83 47
95 11
120 68
35 41
90 87
86 87
70 20
53 28
18 13
31 71
28 36
2 89
83 8
12 86
61 93
117 9
4 64
117 70
89 95
59 65
123 34
54 36
48 99
81 32
54 22
32 38
68 71
67 50
117 17
65 96
47 66
76 12
102 58
74 90
103 100
37 45
70 30
96 33
48 86
29 81
77 36
75 22
88 12
119 33
36 95
117 29
78 77
94 81
86 93
113 51
81 65
36 97
118 23
10 96
123 24
89 49
124 24
99 98
97 11
113 62
30 7
58 52
38 39
29 80
104 24
46 27
29 93
114 76
35 45
78 46
27 41
43 57
71 96
36 26
16 67
107 68
118 9
40 80
8 25
48 69
95 5
22 81
103 65
31 33
77 45
116 82
114 17
33 6
101 100
107 38
67 56
96 10
117 62
87 42
29 95
96 49
45 88
93 47
26 70
91 45
7 94
53 10
117 91
22 46
44 40
15 5
29 36
31 43
110 4
88 11
95 39
14 68
70 51
87 30
74 23
13 77
27 74
28 37
108 13
7 39
44 83
56 89
116 87
68 66
123 59
63 99
22 75
97 95
28 30
27 79
11 16
7 27
82 52
38 72
123 38
37 94
116 90
25 33
101 95
6 29
109 52
70 86
70 84
93 87
119 64
95 44
114 11
76 97
13 62
104 34
56 5
124 12
75 62
52 62
75 75
19 34
89 61
68 1
90 44
83 88
96 95
23 4
33 89
63 44
111 90
35 19
55 75
17 95
76 7
80 1
98 36
35 25
41 90
66 7
63 53
81 2
79 99
93 58
102 95
100 11
107 55
36 28
47 41
56 43
11 40
70 17
88 95
68 29
69 68
76 97
65 45
66 56
48 45
121 54
122 71
14 51
118 30
40 21
65 26
48 98
90 95
117 47
111 7
69 69
120 97
16 59
6 55
68 1
27 89
87 95
115 33
8 46
75 59
118 92
105 41
108 34
45 48
109 55
122 43
39 51
18 56
8 40
105 31
120 33
99 66
28 60
64 72
54 4
29 40
12 27
70 95
15 39
2 32
50 33
53 7
109 37
119 49
118 91
44 67
89 92
62 40
46 23
15 79
117 36
68 20
4 30
68 36
90 47
108 83
48 45
106 36
88 88
54 8
11 13
10 8
38 34
5 18
46 36
117 44
13 45
97 40
36 45
91 67
24 84
55 9
77 41
3 36
25 23
74 79
72 58
71 19
23 45
113 8
123 85
78 75
1 6
105 53
49 53
84 84
79 64
84 6
34 22
40 98
6 24
102 95
54 51
63 55
6 53
73 85
22 61
95 30
124 83
69 66
69 64
106 89
77 98
94 26
45 36
42 42
85 92
97 56
34 53
114 72
94 55
48 25
20 52
11 100
97 16
18 3
20 9
74 52
43 35
22 86
49 5
70 77
34 63
107 27
26 96
84 38
73 6
62 96
34 35
60 94
9 16
18 93
110 88
72 49
122 48
113 37
74 81
10 89
66 26
115 80
6 60
22 15
49 40
118 78
81 71
37 60
114 45
42 25
47 14
51 23
89 67
83 32
104 69
23 47
106 93
56 22
13 98
76 77
69 22
113 37
37 49
3 13
45 63
84 97
92 55
7 92
120 96
31 78
94 38
52 70
31 9
48 70
56 14
68 48
57 13
56 19
6 90
9 34
101 2
53 3
29 27
22 1
118 79
74 19
115 90
36 6
97 90
53 25
18 66
7 91
45 97
115 73
47 33
89 86
36 9
85 32
86 14
18 87
62 18
4 94
30 14
29 38
47 62
104 25
94 84
65 8
7 49
122 48
36 55
68 57
113 13
36 92
105 7
44 58
97 42
41 72
36 44
116 28
70 54
86 82
85 87
49 43
121 39
15 42
64 55
90 66
12 54
85 35
93 17
78 28
34 7
94 50
84 27
112 18
93 47
41 75
124 37
16 99
81 66
5 69
33 48
91 62
93 30
79 10
77 35
69 42
22 69
54 14
110 33
63 94
55 10
112 98
23 87
66 83
76 85
6 41
45 22
108 93
39 14
75 31
17 70
18 25
44 74
85 59
60 32
98 25
77 89
114 73
35 67
94 40
87 78
60 88
111 16
32 17
85 100
83 77
61 88
32 90
24 66
106 37
63 37
22 3
54 65
112 16
3 89
100 36
22 65
38 57
30 90
110 91
90 64
88 70
1 52
5 17
39 89
86 78
2 45
92 59
17 4
19 10
66 55
77 5
57 31
100 52
34 54
91 67
63 89
27 16
112 27
69 85
18 88
13 85
88 80
115 5
60 5
94 73
33 99
107 50
80 26
20 36
76 83
12 15
46 74
101 65
90 51
11 88
101 22
64 87
18 69
77 53
69 60
49 62
62 92
117 64
93 74
107 55
21 71
64 41
14 42
122 3
110 38
94 7
65 18
117 77
54 12
65 88
119 71
36 75
8 1
20 74
46 95
107 99
52 99
76 12
65 32
49 16
33 17
105 52
76 9
121 61
5 46
62 59
33 76
35 10
103 71
88 60
37 61
94 79
91 88
98 8
113 96
36 31
20 10
60 98
36 98
5 27
118 19
6 22
78 78
1 100
11 1
26 15
24 12
60 83
72 94
83 83
94 51
44 78
38 55
110 76
1 73
83 55
91 26
102 56
91 54
120 54
16 72
7 25
101 9
81 100
95 13
119 96
81 51
75 14
86 100
39 72
31 89
103 90
102 15
22 92
66 5
80 39
11 79
99 14
60 71
2 1
57 63
23 8
123 73
44 51
3 66
99 67
85 67
60 8
37 57
46 56
60 42
30 80
59 16
5 65
62 32
123 72
107 58
52 37
18 95
62 42
61 26
49 80
77 7
38 81
60 4
50 26
67 6
23 61
92 34
41 51
105 34
46 10
106 67
112 43
21 2
12 45
14 69
92 51
64 35
26 4
17 6
9 17
117 47
64 30
90 47
74 60
120 36
60 33
70 89
27 6
5 39
86 15
111 56
60 54
92 50
92 38
97 2
44 46
115 74
47 42
2 40
93 24
16 72
60 21
43 43
91 44
98 87
36 58
21 4
92 8
102 95
19 94
27 99
88 1
42 97
19 42
8 39
70 15
82 74
16 70
98 77
98 95
29 51
19 42
45 60
41 2
45 71
84 6
97 56
62 78
67 17
96 69
24 9
45 27
104 12
2 59
51 97
66 5
77 9
69 43
39 93
11 15
11 24
96 83
8 56
63 48
87 1
2 63
111 71
96 78
32 96
117 39
57 50
72 57
112 51
35 76
28 31
30 92
113 76
119 55
78 67
63 37
111 72
73 81
71 68
35 69
95 85
60 46
106 57
124 97
72 81
43 21
29 89
96 85
86 72
33 47
60 87
49 45
115 54
30 80
46 55
69 58
20 78
95 8
43 12
2 95
10 1
35 57
111 25
106 29
102 61
105 77
5 86
36 7
43 54
18 22
43 7
3 35
114 74
124 65
60 39
22 62
67 7
105 87
57 17
26 88
76 94
117 83
60 43
109 44
2 11
67 42
44 69
61 65
22 42
124 69
67 44
14 14
39 46
42 25
124 60
73 24
72 13
85 13
70 88
57 76
108 16
5 89
82 10
121 6
3 24
10 62
109 2
124 16
31 88
80 96
69 67
113 3
64 46
62 18
56 95
10 43
1 64
54 79
103 77
92 98
58 52
5 8
39 30
106 30
6 72
32 72
124 56
102 49
118 43
119 72
74 56
116 56
59 47
116 74
27 1
23 8
59 53
102 81
106 56
97 90
10 27
78 2
51 71
106 13
124 58
124 14
19 32
28 39
63 91
104 7
16 33
9 20
38 71
8 22
68 1
68 9
7 32
105 62
39 62
6 35
55 52
30 78
62 50
39 93
111 62
54 72
66 97
122 25
41 60
15 50
78 63
84 59
32 75
115 53
56 33
118 8
81 81
9 43
63 42
45 98
57 44
56 90
44 8
51 94
83 1
81 1
34 88
45 60
61 72
117 94
31 64
113 53
51 70
97 64
107 45
60 12
62 26
19 65
102 78
99 73
54 70
73 80
37 10
43 14
119 56
7 14
90 60
106 66
58 13
121 64
94 25
11 92
15 71
52 34
41 20
77 48
83 3
6 8
24 90
118 61
64 12
49 33
121 24
39 27
120 50
65 87
113 96
47 2
51 79
124 38
86 67
37 10
122 70
86 83
85 11
94 49
86 17
101 65
7 5
74 33
93 97
76 9
51 57
41 93
70 18
73 91
112 62
23 97
14 57
59 90
8 39
22 44
11 34
35 95
95 66
17 49
7 5
92 64
39 22
22 99
81 60
119 87
46 87
36 47
25 24
71 49
29 30
47 81
20 90
28 53
63 83
79 97
96 78
36 49
121 28
57 92
45 28
50 46
105 68
121 97
8 72
86 100
64 66
111 14
74 98
78 13
33 56
86 14
2 70
37 21
116 12
20 92
12 81
20 87
68 20
1 98
38 94
29 98
50 91
59 17
30 35
8 81
67 53
2 87
76 2
119 29
103 3
112 20
112 5
122 26
34 86
19 48
4 30
44 45
71 27
34 29
55 71
34 57
121 45
64 99
20 97
114 56
25 28
33 29
75 63
11 3
70 8
11 49
93 60
124 15
60 11
106 14
5 38
74 42
66 51
69 52
122 60
52 42
85 18
52 54
55 35
118 96
61 69
98 26
14 100
94 1
56 68
66 89
124 13
54 13
15 52
88 55
11 63
83 79
75 99
64 72
117 7
47 37
11 30
74 43
97 57
48 17
15 29
95 12
100 66
16 23
121 47
3 75
14 72
27 4
104 6
92 42
4 40
66 16
33 12
94 73
33 88
93 20
116 41
23 43
37 1
57 23
71 16
11 43
39 85
101 76
122 76
17 80
88 80
8 19
112 48
119 5
79 25
44 57
67 15
40 4
23 4
45 40
120 63
35 20
2 93
48 95
6 62
39 93
75 10
30 86
66 96
102 73
92 5
11 56
35 38
89 88
46 36
13 53
46 13
16 85
60 12
114 100
28 59
75 81
48 7
100 4
22 64
1 46
59 56
31 75
119 95
23 8
68 25
67 35
115 86
33 73
45 48
122 58
30 46
92 49
114 96
69 18
47 26
12 98
56 15
87 8
38 43
69 15
94 52
28 68
52 51
6 53
70 90
85 16
54 3
26 74
2 75
102 73
78 95
110 8
80 95
23 88
55 64
72 31
63 68
73 45
45 38
24 34
64 59
99 90
116 28
8 73
98 23
33 60
60 29
96 92
83 47
71 3
97 48
108 72
14 13
62 73
42 52
74 95
100 22
90 88
31 21
89 84
102 80
116 13
27 30
7 63
15 38
61 98
119 41
37 67
110 84
27 22
24 74
14 94
123 30
49 96
110 73
22 85
84 80
35 28
21 44
99 81
73 93
19 37
100 83
38 78
66 52
32 62
107 99
33 25
93 52
84 32
106 35
75 57
23 69
45 81
111 69
112 54
17 5
40 19
58 12
27 24
57 78
65 77
11 7
105 10
80 56
104 24
80 86
97 25
64 45
103 90
18 2
7 79
34 7
78 21
14 77
40 50
59 34
101 22
106 43
4 98
60 1
80 68
76 41
15 45
29 14
14 74
56 14
100 20
89 74
76 100
44 71
122 7
3 7
68 76
2 55
28 10
12 7
14 24
45 47
32 27
90 28
101 5
36 71
57 53
97 33
74 95
73 82
10 33
73 75
42 43
73 35
88 36
61 22
5 49
38 34
21 73
107 5
55 21
113 67
49 67
36 96
40 95
11 27
31 39
32 82
59 29
87 42
52 92
103 25
109 53
49 55
98 22
121 24
81 56
74 61
109 96
123 76
58 72
115 1
123 5
115 77
53 36
123 8
53 81
26 33
41 53
37 6
106 17
12 74
102 94
42 22
21 33
31 47
8 18
23 79
107 64
110 100
73 53
106 84
50 29
101 68
69 25
38 64
8 70
43 36
46 8
94 59
46 8
109 42
107 14
13 94
122 45
89 45
54 65
6 48
26 12
34 76
94 42
101 91
57 58
55 54
83 94
110 3
85 42
115 85
66 47
123 19
13 37
108 64
21 51
44 32
56 60
91 21
94 38
9 2
76 64
89 98
122 12
119 81
46 28
29 45
79 27
58 5
6 42
26 56
115 18
57 97
54 47
9 89
38 43
65 73
122 47
100 16
61 43
44 20
42 88
106 83
57 45
81 27
114 26
91 91
51 68
82 73
116 71
84 38
50 62
28 62
41 38
5 68
107 7
59 51
113 51
91 17
49 30
17 27
84 36
27 60
107 46
12 91
121 39
119 21
91 15
42 54
77 57
31 78
40 41
122 17
70 48
73 92
21 100
24 14
23 5
45 78
69 18
112 38
98 59
60 87
94 80
36 27
85 72
19 61
3 56
63 22
74 58
51 23
122 17
78 49
75 46
23 85
14 21
5 36
41 48
50 92
54 74
9 1
106 94
99 87
49 65
62 52
49 5
123 23
28 28
8 25
124 2
43 12
92 49
21 32
26 20
79 67
25 85
78 57
82 85
96 73
84 27
91 14
65 53
108 1
90 58
115 83
110 37
70 40
44 15
91 18
66 52
69 63
105 72
2 79
6 66
25 65
110 36
80 38
6 67
31 69
68 66
58 92
63 28
123 33
53 85
42 79
101 26
18 36
20 63
29 53
119 15
17 32
39 8
6 85
4 38
56 47
47 60
51 66
60 69
62 18
40 73
82 57
54 99
2 5
102 8
61 92
117 60
10 56
6 9
117 83
66 33
39 55
113 8
2 26
7 49
76 2
65 72
106 50
11 68
12 98
93 11
81 66
70 29
95 70
122 81
51 71
11 50
45 20
119 69
27 34
97 8
24 73
106 40
95 86
114 92
31 81
106 56
35 67
45 94
91 6
59 43
118 97
42 56
104 50
24 43
50 18
53 34
83 23
112 52
51 24
52 73
16 39
92 25
108 68
9 19
61 22
89 47
102 5
81 98
41 38
80 46
26 70
108 91
15 12
19 30
45 94
24 2
94 47
31 71
50 35
6 75
22 52
24 91
117 62
63 28
12 47
111 14
58 11
43 90
87 56
104 73
29 66
14 4
104 43
120 51
119 88
55 45
47 48
105 30
101 73
90 3
11 38
77 17
2 52
66 66
74 28
49 18
82 58
111 24
90 41
19 20
123 43
111 86
118 46
4 40
80 81
100 46
112 52
86 88
77 98
45 80
3 81
114 48
90 90
68 26
83 26
102 78
101 76
3 100
93 89
82 61
111 59
107 31
89 41
35 52
95 16
107 43
33 15
116 53
12 10
121 57
4 17
116 99
26 39
71 10
4 87
42 16
88 32
102 14
66 21
92 78
90 26
117 4
112 41
90 57
15 78
18 24
95 8
51 29
101 6
40 19
46 18
118 72
119 15
67 67
48 46
18 3
81 80
37 28
101 82
63 30
16 77
66 73
6 87
76 42
116 16
109 99
110 9
101 89
60 69
108 5
48 30
118 91
