8411
872 59
989 42
1053 78
641 79
1527 68
878 3
7 18
516 56
958 56
422 67
1268 39
1103 3
1088 99
689 90
699 41
1258 76
1458 91
588 79
862 77
139 81
654 56
669 75
621 2
860 19
1656 79
1588 15
453 48
1512 55
1213 21
634 27
537 66
185 12
851 38
760 28
1213 83
145 83
1412 42
1605 36
48 54
1 84
1508 28
286 36
514 67
1616 66
398 100
259 40
159 44
1215 23
890 37
671 25
1442 52
153 78
1421 18
37 55
299 41
114 83
249 57
1580 63
1294 85
998 63
13 37
773 64
549 6
1528 60
1319 70
1618 13
1680 94
809 68
734 60
301 94
719 50
674 20
985 23
5 81
1172 10
759 9
1361 68
726 93
22 46
820 46
675 52
1608 18
887 40
912 7
108 51
1027 89
644 80
129 97
1300 55
563 98
476 88
344 5
405 70
1427 78
75 49
664 2
1134 84
1285 37
204 71
468 96
1379 40
1388 6
146 1
244 7
1097 30
1467 11
1131 13
1316 90
951 20
863 96
307 49
731 45
565 78
1132 11
1668 45
113 66
628 8
625 37
492 83
1049 42
1442 44
1150 58
143 2
910 28
1390 85
574 66
1266 38
215 24
390 36
1015 11
1451 69
1589 63
149 41
581 42
1677 52
984 15
222 1
968 98
1421 7
999 99
167 89
1338 44
455 55
1439 78
118 4
1120 9
644 36
1249 100
1344 97
1256 3
788 61
417 50
1541 7
50 63
720 91
175 19
791 55
1292 27
1652 10
1036 91
1091 28
842 99
10 21
1003 48
381 7
517 57
586 91
1395 59
1296 12
1380 34
1600 16
528 85
1289 93
1600 63
345 82
809 92
1132 38
1597 1
1656 1
1564 27
1381 97
593 4
908 85
1382 19
754 79
1610 82
811 19
125 42
996 18
1025 23
151 87
1251 37
594 16
887 100
436 97
335 44
777 7
1186 6
1048 20
1621 62
308 92
935 58
782 62
1310 7
1129 63
1470 41
447 6
619 83
325 42
1649 93
1350 26
359 33
139 95
1124 71
537 81
691 74
1592 69
306 45
733 10
130 23
1671 76
1352 83
680 93
1186 30
1527 99
842 20
1368 18
1413 68
1446 87
962 35
1397 73
898 57
827 64
372 29
1540 56
963 51
1469 67
343 100
1260 3
991 82
37 59
1013 94
1185 45
89 31
294 100
1567 5
1621 8
1385 98
818 26
125 28
921 76
1182 67
483 13
311 19
221 15
1290 72
829 76
643 71
63 28
87 76
448 53
941 97
965 66
958 53
260 47
1502 23
1563 52
1282 79
291 43
179 7
1441 65
706 19
951 67
427 69
183 35
729 52
776 53
1087 56
31 30
212 39
444 75
256 89
137 18
534 100
601 95
128 86
839 14
1491 17
691 17
88 70
499 97
989 52
611 71
764 77
588 38
540 46
1251 98
205 70
373 35
1546 18
415 79
418 55
855 5
879 31
622 28
1326 98
930 15
418 71
1220 99
467 64
506 35
871 46
1186 76
897 50
663 15
632 60
1553 6
532 50
1526 81
522 90
1230 97
527 92
884 85
427 83
27 9
1505 10
662 82
503 26
1519 65
581 41
1617 21
78 49
90 19
982 75
864 26
917 68
1061 29
1015 45
612 92
1281 29
1452 98
1669 51
368 75
1290 97
804 40
316 38
1397 75
1549 37
1533 38
831 5
98 11
873 6
147 20
532 13
292 55
1199 25
908 23
352 95
898 76
111 58
313 53
1582 16
928 69
1180 57
872 3
1547 86
854 35
1006 99
1291 16
498 98
1437 92
578 95
343 68
252 34
1283 88
727 85
681 69
945 66
450 34
1588 72
1040 10
939 2
1286 96
27 28
822 58
804 25
133 99
71 52
1203 33
307 74
385 19
1286 11
1197 35
99 98
299 84
952 61
371 19
764 50
1210 31
1491 93
1631 64
1068 35
302 48
827 1
912 27
740 15
915 62
965 26
501 87
580 24
942 18
1447 79
1171 55
1534 64
1268 49
185 52
242 18
1668 25
1457 73
895 13
6 70
1178 58
926 13
4 14
479 16
1543 8
1523 31
440 89
975 2
661 63
1137 84
442 98
77 52
311 51
489 100
1597 77
1533 65
136 38
493 6
145 24
340 68
175 61
1097 60
263 63
840 84
362 32
19 6
506 31
201 35
849 18
159 7
353 90
1162 40
1549 24
439 55
490 80
51 80
397 81
1552 79
267 90
67 85
1641 83
1447 36
808 31
464 71
1393 91
890 89
1632 13
1290 89
1008 32
1324 68
149 5
361 50
1552 27
751 54
994 55
635 66
1018 13
195 28
978 74
485 9
525 67
290 81
762 2
1522 41
1521 94
1535 18
1172 13
1548 39
1363 78
1309 82
38 52
159 9
91 79
743 8
1611 99
353 30
1139 50
296 16
244 77
1584 90
1570 69
705 16
441 26
375 45
1017 34
1350 32
1327 57
575 81
1327 91
460 29
342 49
267 57
1474 63
738 41
1308 100
70 65
1301 13
1668 10
1222 31
869 86
30 63
1041 74
82 7
804 97
143 85
938 10
28 100
1087 91
1599 18
409 18
60 68
403 32
764 27
311 82
1529 88
60 22
755 91
104 55
1644 78
528 19
1316 80
521 76
568 58
3 61
1658 48
764 54
814 7
337 3
1229 96
958 29
73 93
1176 44
723 74
964 10
507 75
571 88
599 55
488 93
325 66
1515 2
1622 99
896 61
1330 47
912 65
973 38
850 65
1225 27
125 17
330 6
177 85
470 14
489 80
363 63
43 80
342 27
1104 43
11 42
1488 4
1621 52
1078 42
998 68
1171 5
141 46
442 88
409 41
969 17
1043 89
1648 87
791 79
560 49
482 78
1643 59
399 59
1119 51
1500 9
11 3
841 85
1244 73
1025 53
1488 17
305 80
318 23
315 74
1297 4
1414 2
776 89
1231 62
1465 96
1465 62
997 7
1209 52
848 88
1483 25
966 79
529 85
1119 39
1540 5
1435 77
392 87
556 1
1193 40
76 39
1565 77
1382 44
517 61
924 98
1663 29
1359 97
453 21
1439 97
103 19
701 32
1668 78
1589 11
1510 86
477 65
439 68
705 76
616 20
1359 81
1319 51
1615 42
970 34
731 51
873 68
1579 81
605 16
764 17
631 13
156 11
242 89
740 11
1279 16
1315 81
686 24
336 2
696 17
602 96
1363 40
1174 72
206 52
635 76
304 21
1465 45
1005 31
736 20
648 58
51 63
17 18
866 63
222 90
972 39
1650 40
635 92
386 89
597 27
1267 19
1595 9
149 80
1076 62
1332 70
25 13
91 75
825 82
802 78
1368 35
1676 98
1202 31
803 41
1473 85
821 48
1644 86
1377 82
604 88
1512 68
1119 88
1507 97
1421 72
1533 100
1049 41
322 40
674 37
1183 96
1383 33
1357 38
259 21
1321 25
115 99
1258 12
1365 98
1258 82
1421 4
1237 16
1089 83
829 68
891 46
639 4
832 48
1409 24
766 70
1056 69
1266 31
560 32
1349 61
1286 69
1517 72
807 54
765 27
1087 17
1592 82
1128 7
786 72
836 93
58 76
27 26
1624 77
135 45
858 69
794 18
914 99
1181 53
957 38
764 34
364 80
296 96
1534 92
694 83
1673 27
783 74
1585 42
405 1
948 96
44 73
112 90
1403 33
37 48
399 67
1274 90
637 22
1104 10
1434 30
151 22
887 63
391 13
1448 65
280 90
248 31
776 95
1373 20
1658 54
467 57
943 25
668 17
1498 82
47 48
827 13
781 65
246 57
503 56
148 13
1581 11
646 88
1285 86
1239 50
1599 29
878 77
220 15
1618 48
1580 100
689 97
1124 61
1322 58
527 100
1472 2
526 41
1357 9
1146 56
998 19
903 6
195 20
1099 98
780 7
371 38
539 31
467 45
405 83
1186 23
43 69
804 68
1348 66
1067 60
1616 20
768 5
94 89
1679 3
1677 22
1197 3
1277 94
336 78
405 59
820 40
1293 22
904 83
433 25
1595 7
803 74
869 8
647 57
703 66
682 37
716 15
309 6
955 64
54 5
1296 84
1374 70
469 72
569 19
491 1
1666 65
1468 97
1217 22
1459 61
1196 78
764 52
1626 82
513 55
1064 71
1472 38
284 43
325 37
1098 21
1622 79
500 98
417 65
1456 7
426 96
622 34
443 85
1679 49
1510 96
517 99
1043 22
1462 11
603 96
812 17
1345 52
696 80
897 1
59 74
872 89
814 26
1544 91
1630 36
1619 52
420 6
635 86
354 94
926 80
1279 38
397 11
1129 73
1270 86
711 68
169 9
1033 2
940 72
1045 82
1663 30
687 19
248 18
788 38
1095 11
1434 81
1445 37
1414 96
787 37
1425 9
1581 51
690 51
654 55
349 54
401 10
891 48
668 44
1183 83
445 84
974 20
856 57
305 75
376 79
1598 59
1445 59
235 74
777 14
899 88
1274 22
1182 29
150 25
1466 7
640 89
1289 85
1647 20
128 64
664 53
260 59
403 16
1096 20
1524 24
984 87
823 60
941 51
564 12
195 95
134 92
1667 80
1427 53
1090 19
251 90
291 91
186 78
1331 46
952 12
1033 66
1034 28
395 99
330 19
831 39
1463 59
1055 83
118 60
790 65
1223 99
438 23
206 50
645 91
794 13
1191 74
109 73
976 26
252 67
1390 51
167 84
200 5
1030 4
774 36
1157 79
368 52
717 66
1000 28
534 92
1035 26
621 6
1032 37
454 65
834 86
276 68
486 81
955 29
1236 53
724 58
369 20
731 92
520 59
1586 87
17 9
1396 88
1227 18
247 24
1678 92
339 85
1580 37
1302 81
1256 44
33 1
105 62
586 88
627 2
709 38
1082 47
784 29
1575 92
415 19
1179 84
680 13
1583 77
701 88
1090 95
739 26
24 60
102 7
889 72
632 55
88 34
315 61
1507 90
990 58
813 18
662 66
1298 94
298 33
681 94
1026 73
217 59
1681 37
496 24
275 73
886 60
369 25
61 62
738 9
872 27
149 71
401 21
1105 50
430 61
583 46
38 78
1137 2
769 93
36 31
1167 39
1105 47
760 76
600 28
1371 31
187 98
341 65
1355 83
855 15
1572 25
713 33
765 57
424 95
268 97
1594 83
498 41
1306 85
1490 27
1383 81
768 93
1425 97
396 42
950 23
1354 64
513 20
379 25
601 36
384 60
750 21
715 21
593 8
935 24
1031 51
47 84
1507 23
911 6
1214 13
201 96
373 8
1587 26
1646 13
981 15
886 12
1017 46
833 48
202 3
873 10
612 29
892 23
1200 100
810 44
1351 85
306 55
1649 46
367 74
716 62
1504 5
1281 85
259 81
932 86
1173 9
1215 77
888 50
1415 74
1387 52
1358 93
714 52
108 64
1394 9
807 22
368 58
1500 40
200 75
1651 29
273 85
1520 33
1291 4
454 90
489 100
541 60
1570 55
409 43
39 25
278 25
1678 14
1401 53
925 85
1606 55
1514 98
775 10
256 36
835 59
1442 28
1089 18
617 23
1068 42
271 59
432 28
62 42
1021 19
770 30
1068 64
922 41
4 73
1553 81
428 48
721 27
1122 67
1171 26
1640 53
1010 25
1056 20
1310 50
761 75
1188 36
449 12
10 82
948 1
1286 77
1466 81
1196 19
1225 63
441 45
246 54
1011 60
1653 92
681 52
1637 45
101 42
792 22
167 78
1201 27
419 95
1410 52
110 77
1128 25
1319 34
1668 83
655 90
989 61
628 66
92 74
539 26
1452 42
336 11
360 68
1296 32
330 12
832 9
501 81
1095 54
998 62
1542 28
890 57
664 71
769 22
249 4
736 48
1405 27
873 88
1397 65
1159 79
1619 41
1551 35
1672 3
1466 80
38 23
1443 58
743 10
472 60
665 69
638 61
1084 65
320 2
890 82
879 12
443 30
1218 67
900 92
666 30
619 55
1679 91
272 80
1319 29
1510 34
371 95
149 75
386 55
1304 77
1377 24
147 20
674 4
520 9
1363 71
1021 68
773 49
1184 97
711 40
470 96
1241 15
162 29
881 48
1512 96
510 88
605 69
630 18
242 30
664 8
1526 25
1118 84
374 65
1416 80
973 45
1434 92
600 2
1276 14
194 56
1430 92
885 9
270 28
1224 10
83 62
287 52
1613 95
1560 25
201 61
201 59
250 90
962 53
187 53
106 46
116 33
1317 38
939 68
814 24
854 7
466 15
1503 46
444 68
73 52
1172 95
1227 84
1438 83
54 50
504 50
62 82
1454 95
1622 3
82 82
1048 40
719 38
712 18
1614 100
1131 17
1364 98
1543 22
594 96
574 67
859 48
1402 8
1653 28
257 66
1130 21
455 77
481 34
1373 30
1195 34
321 71
989 79
1291 88
847 58
1022 22
844 61
1303 40
1432 2
45 20
1624 32
263 64
1455 21
755 94
1335 2
335 97
411 13
1165 75
1125 79
821 20
322 15
299 70
335 24
1192 73
378 22
2 72
1272 43
880 87
1255 29
570 56
110 81
784 60
571 70
287 32
565 16
1493 50
213 46
1628 3
466 42
1141 15
93 3
524 7
255 96
626 51
1413 76
530 28
1478 64
748 70
1063 7
1191 26
1567 93
1101 56
649 85
562 81
442 56
1637 84
1305 84
1138 76
1524 52
102 95
825 75
129 2
19 80
137 54
1304 61
1472 73
1446 19
904 30
1535 48
39 62
698 64
504 36
48 9
734 73
147 70
720 38
1281 21
1280 37
303 69
973 17
555 100
1460 75
1100 41
901 98
727 66
255 15
774 8
1187 71
607 42
365 80
449 50
713 44
1255 11
662 80
1042 97
1532 35
1533 12
611 84
622 86
958 99
1336 21
696 45
481 36
197 35
1611 10
754 83
1072 29
119 58
1186 38
1197 78
906 61
1516 98
591 93
1302 43
303 55
1659 11
1367 35
416 53
1152 41
1083 6
1440 69
622 59
94 47
451 5
302 74
1290 90
244 61
1418 18
1275 11
1040 93
222 44
1216 40
179 36
250 97
1079 80
893 45
826 26
199 32
914 52
376 98
910 100
337 60
689 35
1292 93
542 62
449 39
64 45
112 46
1454 38
225 39
235 92
915 48
480 72
228 98
1209 40
1491 92
1456 62
1113 37
260 65
153 6
1621 82
1578 51
548 75
412 11
1038 82
1276 79
1021 9
1516 61
323 73
396 88
601 90
331 95
163 63
801 66
922 55
1436 55
791 4
548 55
805 91
700 64
310 42
692 95
1171 47
1673 38
998 78
420 2
1589 42
113 36
1514 88
1302 2
749 93
768 50
517 69
136 57
8 31
1389 76
1296 32
513 2
1636 5
434 19
724 96
1297 99
1401 74
354 89
730 80
1623 32
1456 52
586 56
1498 12
1344 82
286 46
412 22
515 19
1578 60
1168 90
254 82
1619 36
655 85
1606 87
423 50
1218 24
1279 63
1540 8
876 17
1198 84
299 50
1102 78
161 86
1600 60
114 74
1596 5
1264 52
1288 9
1504 69
937 88
887 2
800 55
1455 80
520 32
1530 95
926 87
1604 57
1483 19
1371 10
166 82
1370 50
1223 18
884 45
1616 63
824 51
134 4
1411 3
894 78
493 7
1150 80
1018 70
170 7
155 38
1361 26
201 47
621 44
1296 48
1114 23
1522 63
664 66
542 88
497 83
104 34
364 40
1587 96
874 32
861 23
98 9
396 80
902 9
421 43
1157 91
704 40
58 36
1619 58
1304 41
852 28
765 46
1121 26
361 3
1641 61
717 18
226 92
1398 65
1680 1
1668 88
212 81
1400 19
1612 4
718 45
1627 95
1334 33
1603 33
329 31
357 84
1319 96
94 36
782 42
602 92
55 45
232 86
396 4
105 44
846 58
479 9
664 55
1006 29
1206 14
917 26
1252 78
1111 96
1189 31
126 1
859 68
487 10
1190 53
413 57
264 23
101 20
343 62
478 84
949 74
1394 84
267 60
448 9
1443 74
114 10
320 61
251 84
186 49
147 78
1199 94
237 8
673 78
1362 92
1200 36
778 28
656 61
1680 60
730 96
1458 19
145 52
184 48
595 7
874 11
336 69
1292 44
1054 65
112 14
135 88
442 7
288 84
1186 40
314 22
1153 48
1191 86
450 82
423 79
1314 12
570 97
995 15
1061 60
1072 71
1526 50
1580 25
1505 9
55 43
968 30
1433 2
1491 46
435 49
308 15
1417 61
1300 78
660 60
491 34
880 67
1391 85
1366 88
1234 98
1575 95
1346 15
946 60
1417 15
231 7
442 18
1352 99
644 9
712 21
1266 92
469 89
1345 85
1307 42
1500 17
954 75
999 85
694 96
626 82
973 21
1561 12
95 67
1299 11
986 8
373 1
1639 37
1174 37
255 86
87 57
1070 62
900 7
712 5
794 82
1602 74
749 73
893 83
1472 43
1185 41
765 87
642 48
600 72
380 40
1596 51
1474 15
897 28
867 37
758 91
290 49
952 69
175 89
1106 32
604 7
258 43
1488 63
522 66
530 69
130 9
219 97
864 87
673 91
1505 48
1290 17
1345 97
606 73
864 49
1237 87
1286 85
270 43
257 95
1650 87
1581 25
1295 24
829 85
976 47
1493 46
100 33
353 21
1658 83
738 91
168 69
1212 82
307 66
1602 18
383 44
1226 72
529 43
490 44
1492 94
1429 7
1196 45
1149 98
778 86
981 10
717 20
1594 43
1062 92
121 38
1332 40
1323 36
1334 60
1673 59
850 80
1642 91
524 81
170 69
1040 61
1172 81
602 99
1610 10
728 69
1252 30
1615 53
1336 12
741 91
1343 51
856 94
1075 45
531 76
1633 54
213 97
407 95
1513 69
1342 74
1259 60
634 45
512 54
823 13
870 84
18 90
624 85
1337 29
162 45
82 21
291 57
1682 13
1596 43
847 66
1487 84
1294 47
431 1
576 21
1648 61
530 73
224 1
1183 28
734 13
857 40
1085 34
1475 19
731 46
1443 34
1405 75
1494 78
224 96
818 55
573 75
254 69
187 46
1075 95
552 48
664 27
1515 8
33 77
191 47
276 98
199 71
316 79
625 52
1409 4
228 83
79 96
600 68
357 83
909 15
764 56
764 46
569 87
255 95
1269 40
1197 61
83 65
620 70
759 86
1115 1
1383 66
789 44
1602 4
383 55
639 49
1352 74
181 28
1561 85
1188 42
616 76
635 77
370 75
1627 19
965 46
1163 62
689 70
1023 66
41 69
638 3
649 79
1309 37
954 63
1304 52
372 6
1423 98
1127 31
77 23
1162 94
1161 63
1285 9
308 22
984 76
150 54
1242 42
