920
175 11
26 46
21 23
119 66
113 91
43 97
111 22
96 89
90 56
135 3
71 33
120 94
45 64
58 64
148 90
14 37
63 57
136 15
57 44
21 53
7 70
159 76
114 8
172 77
56 80
131 7
82 74
88 94
42 10
36 89
126 25
2 82
164 1
81 41
92 64
38 49
125 16
140 87
24 78
86 47
175 77
122 40
134 26
110 55
178 63
162 58
25 43
71 60
136 55
84 46
96 17
114 16
16 39
37 67
93 75
42 34
78 76
28 56
24 56
179 1
114 54
121 100
79 20
71 100
130 53
62 2
78 35
127 24
136 84
48 98
21 57
121 73
114 76
12 64
126 7
86 61
106 90
13 53
125 5
145 97
116 58
153 14
154 89
74 1
17 85
94 32
183 64
141 10
130 40
38 33
163 6
130 27
110 71
20 73
154 23
138 23
156 71
51 1
29 88
22 51
2 47
176 36
63 45
173 81
115 14
131 67
90 41
168 37
109 93
143 52
147 56
150 67
77 72
131 18
122 72
137 45
55 77
133 20
182 7
88 68
3 30
67 59
168 74
31 86
89 10
1 79
40 20
72 18
8 28
154 64
94 66
148 27
93 28
46 90
86 59
81 24
150 57
95 57
126 62
153 97
142 76
132 47
6 16
95 3
129 35
63 100
116 9
125 44
80 30
104 23
47 95
167 60
72 45
65 19
177 1
40 31
60 93
105 67
70 72
162 75
114 21
180 18
178 86
78 81
36 50
179 87
78 49
107 29
85 38
4 36
13 70
51 22
33 2
78 84
41 55
153 47
157 100
20 3
177 20
90 95
153 47
133 41
30 58
51 84
24 82
148 16
41 61
91 41
111 34
39 27
72 28
147 23
112 30
73 51
48 39
139 60
146 44
78 73
7 13
62 22
119 92
52 2
37 11
45 56
59 27
21 41
159 66
132 14
153 78
3 13
143 80
130 100
78 60
90 16
91 17
150 33
144 89
17 99
111 61
16 22
121 34
157 91
69 72
84 16
2 63
10 44
173 77
147 29
174 45
23 39
161 95
23 95
27 53
137 11
101 87
50 52
78 37
179 89
168 46
140 66
122 49
73 29
170 9
147 32
15 41
40 38
14 84
23 76
166 4
118 90
65 67
33 36
153 34
140 86
139 52
8 7
77 18
132 4
165 52
36 93
54 18
74 6
164 58
72 1
138 76
37 71
65 51
93 74
97 67
98 49
145 45
146 21
49 52
136 73
70 73
155 78
146 94
135 28
173 65
67 7
59 69
129 93
100 91
84 16
90 48
34 7
107 29
112 23
174 30
38 41
101 58
164 49
126 50
163 68
12 90
82 70
183 62
89 35
47 24
54 56
120 5
9 20
133 15
41 29
117 44
46 1
160 44
33 7
58 23
134 70
84 47
7 78
169 93
39 4
99 94
143 59
159 82
35 56
163 77
46 17
96 8
86 87
58 57
3 72
50 50
77 82
78 35
165 32
140 61
142 58
53 77
135 43
85 70
106 67
130 50
70 25
149 92
36 90
35 98
113 76
167 49
82 47
151 79
10 5
171 71
5 36
173 45
159 69
156 6
12 14
8 28
181 27
178 61
173 56
117 53
5 79
133 4
136 53
170 39
57 5
84 50
123 59
40 22
26 41
123 4
42 17
73 32
68 35
108 95
152 54
84 9
128 67
99 60
21 49
23 94
159 95
106 97
32 97
115 22
153 33
138 87
56 99
127 13
73 83
80 11
148 19
132 99
69 42
27 18
76 71
161 84
11 73
132 46
119 86
70 44
51 98
20 20
5 97
182 81
69 64
174 64
87 43
113 95
9 97
81 95
33 22
181 7
65 81
120 69
97 48
16 32
8 70
145 49
75 80
181 46
83 52
130 53
49 8
86 70
105 93
133 64
50 19
51 13
27 36
84 47
143 53
5 75
48 63
136 90
129 64
62 68
123 1
101 43
39 27
141 83
85 37
1 22
139 14
137 80
77 53
89 58
83 69
24 82
78 22
40 90
103 5
53 99
104 57
11 18
117 56
169 19
12 68
6 10
180 30
88 67
93 14
30 43
132 71
18 69
147 52
72 8
84 36
112 95
44 95
7 52
63 8
12 5
114 88
168 52
54 3
125 19
35 83
74 67
81 72
36 5
82 88
96 80
158 91
65 51
128 83
129 64
64 79
32 95
6 96
127 40
39 89
41 64
25 93
73 87
8 83
47 77
15 11
140 62
28 60
65 78
124 77
39 8
55 13
35 6
100 2
156 83
58 35
33 93
55 30
7 33
116 43
114 30
3 43
99 54
27 17
57 63
101 30
110 90
174 93
138 12
109 62
95 62
151 62
180 64
95 64
41 35
25 79
148 86
181 46
68 78
131 90
95 66
82 80
78 80
147 64
17 74
144 92
83 99
15 67
150 6
23 47
145 53
53 89
29 49
42 50
141 87
152 13
140 10
100 96
99 94
158 73
42 52
53 43
121 42
85 3
15 82
87 57
149 59
120 67
160 62
107 87
64 87
102 45
104 31
105 58
25 76
105 4
92 97
5 86
46 83
134 52
64 19
25 62
88 77
179 19
141 31
89 83
88 5
8 76
47 83
78 55
52 20
56 58
95 58
140 59
179 95
46 83
64 8
19 59
138 1
105 73
183 78
38 61
158 72
107 31
91 17
156 100
40 68
64 36
93 2
147 5
69 20
18 34
116 43
135 2
88 10
44 46
84 43
150 22
52 11
34 13
2 11
109 33
175 55
132 82
35 78
159 56
108 74
138 63
36 37
165 56
177 34
143 96
12 86
127 12
169 21
38 10
151 89
86 12
28 66
53 68
89 83
127 90
35 61
161 68
95 27
33 7
105 63
18 67
60 91
138 52
143 27
132 7
160 33
29 70
164 19
79 7
92 2
44 98
156 53
30 44
74 83
39 80
88 11
118 24
122 81
165 48
16 19
173 95
42 10
69 2
182 57
85 21
156 22
164 87
128 8
17 83
86 100
104 23
69 15
137 78
70 90
85 39
167 95
137 59
78 7
123 24
161 85
135 94
105 6
7 37
2 88
151 67
66 77
102 60
112 61
97 99
65 60
106 92
62 2
5 19
109 44
169 69
97 8
76 11
125 31
78 26
22 36
58 2
56 80
78 39
12 74
21 56
170 20
172 95
41 72
135 26
114 14
20 32
97 93
106 50
146 53
130 64
146 18
40 5
109 57
151 42
80 13
58 85
98 67
96 29
97 84
86 65
3 94
44 6
181 46
142 34
96 42
130 94
105 21
77 61
172 10
87 39
110 93
33 77
114 90
150 23
151 78
109 81
142 1
162 18
55 62
64 21
72 46
100 84
70 2
154 45
117 65
95 49
82 70
46 82
102 7
14 52
86 79
114 54
65 85
62 84
24 93
99 46
138 61
84 53
72 90
142 84
102 66
136 99
44 16
95 6
178 25
147 65
138 73
40 6
105 2
120 66
180 13
75 16
184 62
36 73
81 69
125 47
1 37
172 72
178 54
65 72
97 19
160 65
32 60
120 14
45 54
91 32
78 6
15 97
29 23
107 16
59 9
148 63
130 19
181 20
93 72
109 35
42 89
24 55
169 88
143 32
56 10
93 17
106 47
115 4
174 77
159 94
109 94
168 92
73 64
112 27
66 74
151 4
167 96
121 53
28 41
79 63
102 91
86 15
151 69
140 61
82 75
170 44
14 68
144 15
40 93
59 98
119 83
28 52
184 30
63 6
81 18
17 94
106 23
18 34
57 70
6 31
130 70
109 19
133 61
60 56
85 40
52 78
137 85
127 67
116 3
105 12
110 30
73 92
160 65
67 85
169 11
179 2
161 22
119 99
136 27
8 14
101 27
165 18
103 100
63 50
132 5
63 60
53 95
94 61
160 100
184 10
119 17
121 47
38 58
80 2
145 80
77 48
111 3
47 4
113 93
162 94
77 64
107 32
156 59
100 87
160 30
79 88
119 44
166 64
120 33
77 11
67 53
51 56
99 28
37 12
50 77
183 55
2 33
66 83
2 36
114 85
58 48
158 48
94 17
113 24
14 45
116 88
101 78
146 84
45 13
173 100
108 95
50 54
117 15
178 85
12 98
177 42
32 77
118 27
32 9
79 81
129 97
97 15
38 24
22 12
69 91
99 72
59 8
62 50
183 100
147 6
64 100
104 66
69 32
1 7
36 77
25 5
49 22
26 86
142 59
45 16
7 70
181 76
78 29
70 74
180 94
162 92
134 58
71 65
1 47
36 95
84 39
102 40
5 97
173 19
60 63
134 77
12 8
101 27
5 88
9 22
100 51
96 77
37 100
37 64
28 93
63 71
37 27
29 30
71 73
114 47
177 44
156 90
3 86
127 2
72 42
123 56
65 19
63 51
74 65
49 64
168 23
184 41
21 68
87 31
108 17
138 94
113 70
3 31
60 60
91 59
91 59
162 75
105 86
174 97
138 63
152 54
50 54
85 27
106 35
36 18
79 82
32 16
112 34
163 61
87 2
107 97
59 16
115 14
81 61
62 34
181 4
169 78
114 59
26 25
149 100
91 22
105 63
88 54
51 10
132 26
86 38
78 49
16 87
123 28
136 76
135 58
120 35
53 19
122 48
127 31
39 56
180 77
97 22
5 38
83 63
98 71
164 88
24 22
125 94
129 58
17 93
74 72
68 18
27 91
22 38
114 49
123 100
105 43
129 99
98 9
5 42
126 53
157 76
41 2
16 3
155 5
39 8
32 63
105 7
119 37
155 70
142 6
1 99
175 24
7 1
170 100
30 41
144 70
130 20
35 63
165 15
175 95
112 1
110 51
128 86
149 43
31 92
48 9
141 50
144 3
55 17
4 62
63 85
109 68
51 68
175 21
84 42
163 81
23 19
51 54
106 35
91 11
52 44
36 64
168 47
183 56
79 73
52 29
101 33
109 21
92 45
47 96
55 42
167 58
141 16
159 72
111 98
96 75
90 41
89 65
102 85
4 59
7 97
172 54
117 70
25 4
16 5
160 76
176 32
61 88
181 61
158 18
84 47
173 97
42 87
168 88
2 94
81 55
39 25
178 15
108 80
117 76
139 40
3 68
150 67
131 49
181 32
100 72
111 55
103 95
152 93
145 54
166 39
104 45
90 50
47 55
139 94
17 7
29 93
85 91
131 90
96 36
7 2
68 90
53 74
66 89
113 27
149 65
136 50
26 75
89 96
107 3
76 58
151 36
144 73
180 6
125 25
147 99
146 41
164 31
66 25
28 82
138 6
24 74
155 14
88 56
48 48
74 96
130 34
86 43
11 4
81 47
55 13
82 59
84 18
164 53
104 99
91 92
96 96
49 65
158 4
51 11
27 23
147 43
115 15
21 73
138 87
6 9
158 88
82 39
160 27
116 33
79 41
174 64
177 93
176 33
152 81
129 51
143 98
124 46
168 74
178 42
28 4
70 9
160 75
114 21
28 48
15 100
125 10
141 60
110 51
123 18
109 14
82 49
5 91
159 37
50 12
177 84
77 18
94 17
44 5
160 6
151 62
60 22
94 42
68 39
79 82
124 98
51 63
164 64
176 91
95 10
64 18
59 23
47 49
144 9
184 73
135 73
108 15
50 65
101 52
126 35
165 41
88 6
37 6
11 8
145 34
74 28
116 25
120 31
98 94
37 11
131 38
9 71
154 2
5 9
102 23
48 67
62 27
116 16
121 56
131 29
111 72
150 95
127 52
175 95
140 77
177 49
119 15
96 76
13 73
115 67
182 69
72 36
58 77
77 73
135 81
51 59
6 44
182 46
150 47
41 22
63 17
125 70
76 88
150 19
75 67
178 7
37 83
48 47
30 77
15 24
147 26
41 19
92 69
83 85
2 4
22 38
17 90
119 29
78 34
154 82
14 73
95 88
154 68
49 10
29 26
181 92
59 62
65 61
88 54
180 12
13 55
104 37
51 49
117 14
19 96
38 5
170 85
167 33
147 11
65 89
118 89
69 27
156 95
19 66
26 45
7 71
35 22
28 7
35 93
154 65
119 84
16 65
180 21
56 27
110 47
137 54
184 50
120 17
39 71
88 89
133 54
112 39
46 73
5 31
18 59
156 11
18 34
134 4
112 45
1 4
70 86
48 90
110 24
13 99
54 30
166 62
65 17
64 44
140 83
26 80
75 48
62 13
66 72
6 52
31 36
78 35
61 34
142 2
101 49
57 44
23 28
127 96
158 13
97 91
9 13
61 30
184 65
46 79
104 85
182 33
21 66
109 49
144 27
16 12
49 17
168 47
156 2
35 39
48 30
130 31
167 98
20 99
60 24
53 95
57 99
69 19
75 69
177 93
26 78
136 54
40 32
177 11
86 16
24 18
75 50
145 15
151 4
79 31
84 9
148 71
119 15
97 39
35 10
172 24
52 35
42 70
116 2
24 56
46 61
84 75
18 33
150 83
48 41
154 32
173 64
143 83
23 36
52 68
71 70
44 27
69 47
70 53
144 29
83 100
183 57
42 12
55 43
146 26
65 51
131 19
121 57
177 71
22 15
32 74
4 92
82 84
144 26
98 70
114 74
42 41
166 53
94 76
46 40
111 39
18 89
49 74
17 73
36 70
140 25
109 44
72 32
69 95
113 62
101 9
45 95
169 95
174 61
178 19
56 87
144 93
77 58
43 39
136 7
167 83
160 40
183 74
7 66
129 44
108 52
172 85
109 39
138 79
14 11
105 24
7 11
144 10
109 83
78 98
49 95
143 58
172 28
81 27
14 64
26 38
64 94
74 72
23 32
41 37
129 69
118 77
146 77
44 100
43 45
14 79
129 36
2 71
132 54
39 2
184 91
31 68
124 93
182 15
48 63
53 70
82 18
161 63
175 49
7 31
114 75
130 45
120 28
54 2
32 36
30 65
169 48
53 57
113 63
101 68
54 28
88 65
62 91
132 18
23 51
65 31
83 94
70 65
60 63
66 4
43 65
146 36
153 20
155 43
105 87
165 2
35 48
153 87
153 96
48 90
113 18
180 13
77 75
70 54
138 79
89 13
18 75
127 13
105 22
121 29
134 40
55 18
30 55
132 5
146 99
10 53
160 26
96 5
44 37
150 34
175 2
96 22
18 35
133 10
175 5
42 15
53 38
151 74
10 88
52 31
5 43
100 83
22 7
108 14
104 67
96 30
42 70
165 10
77 69
59 92
62 62
102 91
8 60
97 63
150 5
167 79
57 37
92 100
83 1
19 8
48 75
117 39
59 55
110 97
49 27
94 2
164 35
149 40
25 80
100 73
2 38
1 42
70 40
175 31
13 19
166 20
173 39
20 68
145 48
103 54
152 97
4 29
136 96
165 47
178 95
175 51
136 54
20 4
33 27
132 46
153 46
10 64
3 27
113 83
99 26
24 96
112 42
103 3
173 2
173 57
48 93
161 3
2 76
88 12
3 38
13 45
41 66
80 37
83 9
181 19
178 2
76 10
40 57
131 66
4 49
116 52
132 33
101 17
21 100
102 36
62 70
55 44
129 76
145 20
155 28
86 58
90 90
176 4
53 61
34 35
165 88
123 66
133 36
130 22
130 89
126 69
160 44
67 17
177 43
123 57
2 17
79 6
104 89
18 86
25 90
65 55
44 61
72 14
1 66
64 54
16 71
4 89
174 89
162 45
98 42
166 75
149 62
114 8
142 43
123 78
52 77
20 42
14 17
68 93
45 87
173 75
32 25
48 100
44 35
158 2
174 79
46 96
104 91
84 9
145 8
59 31
177 30
13 82
7 55
75 96
64 44
124 91
88 57
78 60
133 58
184 32
121 96
80 40
169 22
121 7
120 76
168 94
167 29
153 63
182 47
135 91
115 24
68 57
38 52
60 43
10 73
155 34
47 83
89 45
89 64
149 30
127 75
97 49
22 89
88 19
23 33
131 24
23 51
26 32
148 8
87 75
164 45
134 17
138 92
136 72
156 53
68 1
106 14
45 89
125 94
151 45
153 10
94 58
29 48
78 86
66 43
170 62
89 63
2 9
99 53
91 94
17 11
161 67
23 82
111 56
68 82
181 9
53 39
159 32
23 27
96 81
99 50
136 100
182 18
108 6
131 62
2 23
166 33
61 40
105 55
183 48
142 96
137 75
177 20
146 2
163 89
174 9
116 62
133 88
70 67
67 51
104 99
147 97
162 68
55 86
38 14
110 30
73 85
85 37
98 79
127 92
119 88
177 96
145 86
28 40
15 80
145 91
133 84
71 87
182 42
32 75
122 71
121 46
39 1
132 60
117 7
18 94
148 82
109 61
161 37
69 80
116 69
44 63
111 50
73 68
10 70
11 81
137 79
169 38
20 14
64 3
103 4
85 89
111 86
21 75
82 76
12 95
97 86
89 21
102 53
136 43
107 91
177 2
22 28
183 78
177 100
171 39
88 57
173 23
14 56
159 25
147 71
159 64
143 34
165 73
183 47
123 37
164 21
136 38
97 91
44 40
66 58
21 17
65 29
95 84
82 29
71 4
128 21
154 11
31 26
113 95
61 19
7 93
43 40
46 41
65 29
103 56
13 88
183 51
155 44
90 13
115 14
150 14
20 45
107 82
59 49
108 76
115 16
85 74
63 74
90 33
53 64
142 3
62 99
135 67
148 87
176 24
89 23
88 75
101 9
29 63
