5780
246 32
692 90
639 16
774 54
626 62
616 57
569 42
443 74
1109 5
704 27
299 90
189 72
396 19
766 49
853 47
626 47
246 65
668 31
758 90
390 65
963 57
611 35
543 18
801 2
609 26
717 44
961 75
639 7
1116 14
1034 99
1040 66
492 74
549 18
499 36
257 13
1028 15
1089 96
80 95
569 4
737 94
779 69
1045 20
333 23
142 40
763 27
779 78
169 18
10 13
1091 70
743 73
859 73
719 75
762 35
1133 91
547 22
708 87
576 45
166 71
1110 54
341 24
604 49
106 33
1048 3
560 74
1020 54
907 70
14 86
635 92
757 23
461 90
1147 50
115 43
984 91
953 61
950 82
382 68
218 82
64 58
26 50
73 8
882 68
353 30
534 84
785 37
783 5
294 69
653 84
911 22
211 73
640 89
316 75
240 46
321 91
151 98
967 93
364 32
1021 27
450 35
917 11
1091 34
914 100
72 47
565 18
564 64
184 36
715 47
1100 22
943 65
543 71
899 56
500 75
957 3
392 92
568 45
589 64
406 21
193 51
263 77
192 24
760 9
853 36
230 91
586 4
783 75
263 63
142 35
836 27
1117 69
627 59
936 92
356 36
105 24
1111 94
256 11
848 8
647 51
495 88
727 71
478 90
872 83
125 52
159 7
841 56
142 20
876 13
733 95
283 14
1000 69
551 94
873 12
955 25
546 42
1078 17
217 38
416 78
729 45
91 38
802 57
1148 81
211 43
1048 62
1142 5
269 18
439 29
606 64
398 54
506 84
499 60
973 19
271 16
1153 56
823 69
802 62
223 53
460 36
867 36
371 15
909 65
620 30
53 13
31 40
407 67
375 85
858 12
175 40
481 47
227 57
158 50
1078 67
1108 14
861 45
287 20
1066 15
107 26
759 47
181 56
544 1
156 24
1068 60
1140 33
128 78
835 39
7 87
900 51
1057 56
627 91
801 3
896 4
259 42
253 70
1118 61
1018 21
875 16
35 64
389 48
994 96
226 29
633 55
1053 27
601 77
901 47
348 40
449 60
1125 39
1043 7
484 43
69 14
1052 21
82 76
102 42
653 36
250 91
285 5
571 83
105 2
806 34
110 36
824 27
1053 75
1006 68
948 86
422 85
54 15
251 31
1074 98
459 99
1133 43
79 84
242 5
842 5
937 17
980 28
799 59
97 26
142 42
37 50
596 6
654 40
1065 86
914 17
204 75
68 94
735 46
388 42
866 3
91 55
651 91
712 2
587 34
369 54
1014 47
1139 82
1091 72
519 33
419 30
63 79
661 67
288 47
377 55
99 24
360 54
1114 7
181 11
252 86
527 52
219 53
348 44
675 41
292 68
963 38
105 50
132 83
441 26
543 88
543 7
574 95
572 76
1121 98
170 96
977 94
210 87
680 16
110 1
176 47
1065 31
201 98
254 80
266 64
811 47
861 45
1020 51
222 80
70 85
598 97
759 32
19 30
1063 6
103 62
995 10
1033 21
562 53
273 84
1039 17
666 61
47 48
1154 56
551 62
773 59
1032 45
541 63
1009 50
24 54
52 51
682 47
891 47
651 63
598 14
1113 92
252 20
251 95
442 8
816 9
968 11
785 70
460 80
522 77
634 8
73 6
343 80
177 64
230 40
139 60
874 46
1026 94
609 15
116 25
491 57
1076 99
1081 25
146 63
913 40
760 75
528 72
337 52
578 7
511 56
203 77
1111 57
446 68
687 62
301 3
9 98
966 14
342 34
224 51
400 63
344 81
1108 34
84 40
407 93
254 1
858 48
1022 82
498 60
713 76
92 89
808 99
83 28
851 67
504 48
526 31
1074 52
254 51
1144 15
524 29
988 80
840 33
1102 71
283 56
424 66
115 43
1037 77
177 35
354 55
459 82
747 69
879 87
335 81
558 23
634 96
39 100
1028 25
601 100
1085 10
827 71
806 79
496 66
794 58
284 74
219 3
573 94
771 29
1094 98
67 64
375 53
528 90
228 36
693 63
124 51
67 7
1139 9
647 11
152 86
1102 26
482 89
348 8
895 61
746 88
644 73
1087 17
133 94
146 9
224 80
971 8
60 73
597 85
821 19
1110 33
451 95
549 84
129 60
625 8
794 86
189 66
786 74
830 48
541 7
507 46
178 30
67 29
38 43
728 63
1140 38
966 99
53 99
704 22
21 23
614 30
340 27
446 13
349 95
289 19
63 5
210 21
1066 53
777 11
687 14
846 1
769 20
897 34
1011 36
809 28
297 19
282 99
659 84
423 84
22 48
960 88
707 40
161 58
149 43
137 92
664 24
684 48
226 71
897 34
665 27
757 50
70 96
21 47
1086 7
933 12
398 75
536 36
428 53
748 39
400 15
147 4
415 76
734 8
25 82
593 89
832 54
509 18
1082 42
566 47
464 5
943 98
1074 85
465 24
1136 97
1099 41
845 55
442 52
570 46
675 34
464 77
257 88
157 3
821 76
484 25
655 19
475 80
223 8
909 55
6 10
652 59
346 24
780 8
814 77
594 13
811 85
455 58
207 54
828 85
1020 9
987 70
266 58
615 24
541 81
743 95
116 49
370 93
525 84
344 20
272 32
1054 67
370 65
579 4
1148 66
1 76
606 70
789 6
456 52
227 81
1143 84
559 60
215 8
306 84
586 50
595 59
553 28
409 55
757 28
735 16
1005 6
414 47
35 88
452 3
440 53
911 8
850 89
498 75
909 93
567 2
751 3
43 69
781 56
335 13
31 54
809 89
662 28
816 61
1048 16
1141 88
459 79
261 85
647 42
277 62
769 11
736 64
1150 32
235 3
733 64
61 12
42 75
230 66
1092 84
1010 33
573 40
288 71
362 28
401 23
475 92
541 1
877 60
147 87
238 33
538 11
1152 15
207 64
689 49
1017 64
852 59
1150 38
388 70
1047 95
1114 83
722 11
1076 66
201 44
321 33
238 44
867 33
62 66
1099 8
594 66
401 62
350 4
496 36
194 90
218 62
533 56
999 81
845 94
944 23
1072 84
252 54
36 27
417 83
76 12
613 83
691 88
1120 82
872 14
621 50
614 45
365 63
1069 78
115 93
835 6
1036 23
605 52
888 40
654 72
517 77
1117 81
124 30
181 17
228 32
413 86
828 37
652 18
274 45
729 99
1054 9
185 93
1154 15
50 80
692 84
84 68
147 27
147 54
1132 83
713 10
725 40
145 40
786 41
763 76
398 3
497 47
264 44
660 68
1140 17
850 44
920 23
832 53
65 42
323 17
532 49
1142 76
557 40
389 37
489 66
215 61
186 33
821 71
299 3
330 19
214 24
6 15
215 85
589 78
853 28
658 85
904 64
378 23
402 52
856 79
808 77
431 54
528 72
447 59
1128 37
368 98
441 31
613 44
851 81
711 35
449 37
10 57
473 6
1080 3
278 48
197 73
747 42
1063 57
101 25
969 71
608 53
948 38
243 46
893 74
711 66
695 16
1036 73
262 62
572 50
308 58
1127 1
392 82
73 19
274 23
58 91
28 20
953 9
37 60
94 3
517 64
398 40
1007 54
461 46
151 28
517 39
258 54
923 37
1101 94
715 30
967 64
610 41
271 23
71 79
1075 82
310 39
1012 58
876 58
212 12
1099 8
423 42
994 4
314 35
362 11
885 79
29 43
282 24
386 60
210 88
812 25
922 37
665 37
1061 43
706 94
971 79
391 41
911 13
875 47
743 9
609 30
267 67
505 100
138 84
181 16
88 13
225 32
888 83
747 37
39 2
633 56
644 50
1015 15
75 34
537 1
257 92
201 68
470 45
1030 25
1028 26
780 98
321 55
778 71
1035 100
1018 84
433 68
526 62
221 14
602 60
507 16
714 8
556 48
52 70
443 70
9 67
815 93
497 9
162 10
44 98
781 2
290 38
42 56
30 56
354 10
1106 100
869 92
642 74
64 87
283 4
399 39
363 10
62 40
395 34
869 62
479 78
768 79
202 40
308 42
111 60
547 11
752 52
544 6
8 63
195 27
312 5
21 95
754 42
1100 72
722 44
659 77
1045 38
983 94
984 80
797 43
280 91
728 22
933 94
671 21
268 87
815 32
42 55
531 8
961 79
405 32
612 23
955 91
476 65
157 22
629 99
557 34
1122 79
702 66
287 18
170 11
952 40
85 46
407 91
462 15
815 36
348 40
943 17
120 70
1102 58
671 24
457 76
513 84
335 68
163 68
563 80
635 88
298 8
868 86
460 85
216 38
850 87
897 16
1081 8
1029 92
500 26
906 43
121 15
384 26
60 75
247 9
798 96
1039 26
78 7
938 60
1073 30
577 74
133 95
433 58
712 4
524 6
879 2
357 3
608 73
957 76
58 32
193 44
194 55
525 7
219 39
959 81
878 17
896 100
11 47
900 84
194 22
721 48
20 80
507 24
764 72
565 84
124 24
619 90
911 10
503 20
829 79
622 81
450 85
1078 7
412 47
462 17
632 76
746 82
721 65
1125 64
873 48
180 86
591 74
196 68
889 64
381 18
15 45
779 54
916 30
662 80
140 22
311 13
109 88
528 48
782 74
1019 22
1104 73
878 27
1057 94
936 9
470 22
1050 43
996 10
166 93
1156 7
569 26
256 45
1090 14
979 40
697 21
588 29
997 56
844 17
505 15
349 18
490 97
790 32
748 39
624 83
140 70
1007 35
871 27
1109 67
60 98
632 42
916 27
675 66
601 43
1016 85
362 25
268 80
228 31
23 100
256 26
1103 93
191 69
1113 18
1113 63
548 15
396 40
1129 46
803 19
880 30
191 56
91 34
605 21
1090 84
931 18
392 34
56 3
360 41
135 60
941 52
732 85
2 32
493 10
1080 44
705 53
114 31
464 68
163 12
405 95
115 15
335 75
80 50
33 20
533 92
356 21
128 89
184 6
1110 66
567 65
1151 40
318 30
996 56
551 56
366 26
1086 15
732 79
334 54
1024 48
75 12
155 14
969 57
520 1
802 17
431 77
1005 17
532 34
798 91
887 16
475 93
739 9
417 9
1113 34
12 92
654 52
726 75
485 23
685 97
1144 21
683 24
691 42
213 21
125 46
801 85
680 74
318 77
251 49
780 5
977 10
796 93
978 26
930 23
239 17
412 18
124 85
512 84
536 58
39 14
781 71
411 11
942 95
1066 68
769 49
139 90
979 46
706 87
950 80
979 90
244 40
488 90
798 68
1011 75
678 55
389 45
612 59
629 51
457 68
562 19
871 63
599 37
330 65
216 43
648 98
404 85
680 42
395 64
224 21
310 93
501 76
482 10
629 9
789 35
413 21
705 28
366 44
981 71
24 85
174 43
516 79
570 85
1096 84
1056 47
355 9
95 25
842 43
962 89
209 82
599 28
526 34
834 87
603 49
640 85
89 30
995 83
1045 12
1113 17
600 49
1095 24
840 78
351 88
403 29
973 5
1044 86
936 51
898 100
1098 27
24 84
803 97
1022 36
723 46
1115 82
893 40
100 74
1033 80
409 73
97 92
855 54
683 70
312 67
1034 30
256 87
495 12
78 77
138 92
429 43
1028 49
490 16
355 9
2 45
880 16
28 14
220 20
596 30
43 17
48 24
763 8
695 60
296 66
457 92
673 18
432 33
275 22
936 42
810 57
486 83
99 23
468 50
644 30
962 45
805 81
848 31
856 23
208 82
901 1
677 67
840 17
665 96
236 63
959 72
871 50
1024 57
745 41
1105 21
925 57
523 85
422 95
489 16
63 49
122 49
143 14
384 74
763 86
734 80
20 1
55 50
901 85
248 60
580 35
183 4
746 93
806 41
1006 3
157 27
834 82
1111 32
317 47
578 85
1054 23
453 9
603 34
992 81
204 1
606 9
124 9
697 70
810 86
767 70
602 78
985 27
540 59
828 17
306 16
965 68
619 50
207 62
568 20
100 43
260 28
488 67
92 63
996 55
1024 63
976 76
400 9
130 94
615 20
628 10
144 2
1096 19
680 41
190 55
742 27
821 38
362 59
233 14
232 31
277 30
733 41
581 8
688 24
124 82
632 94
229 72
1052 89
651 98
632 45
217 93
686 57
154 58
862 33
781 94
404 82
537 95
85 12
840 79
26 77
348 61
1025 16
1085 49
453 64
365 82
1022 52
893 54
682 29
298 39
361 33
777 55
228 94
822 48
228 96
40 56
1065 73
161 19
927 13
833 94
370 1
162 41
625 41
676 56
628 92
202 85
580 64
976 64
213 11
847 76
671 68
752 60
1076 71
987 49
821 15
476 39
26 4
93 87
369 87
1089 24
289 81
732 24
1105 31
1151 83
955 24
770 74
218 54
348 7
495 35
1056 66
1146 51
324 31
765 9
921 84
387 36
969 100
142 43
137 42
918 45
57 28
886 59
1093 16
108 15
1018 83
322 58
648 49
1042 6
961 4
154 74
144 76
1051 25
180 52
238 1
709 46
895 35
342 32
944 60
461 79
156 61
400 63
960 92
211 91
1011 35
39 33
209 89
37 25
179 7
134 87
538 97
431 53
480 52
876 67
356 33
43 90
896 37
983 95
596 65
478 59
880 78
996 50
434 49
416 31
60 77
622 85
932 7
424 46
445 65
537 55
874 60
522 22
536 72
323 44
200 62
282 26
1013 64
828 72
862 34
100 16
1145 82
749 48
748 55
164 56
31 72
406 20
157 37
229 4
593 36
811 35
752 7
100 43
511 91
70 61
357 56
67 37
740 87
1116 54
265 18
1070 29
668 55
716 80
349 16
1060 11
848 57
686 51
303 27
831 51
673 46
164 18
1140 9
669 72
1084 37
585 35
701 3
959 68
216 78
887 81
801 17
355 23
155 29
407 21
452 46
1065 76
969 51
677 24
253 98
666 53
519 41
382 66
1082 16
249 45
849 26
291 32
331 48
546 7
908 80
841 95
218 9
658 88
610 43
217 12
556 53
148 85
445 65
1103 65
473 42
912 2
1107 16
1100 44
883 62
161 3
769 9
39 66
649 63
993 43
497 45
882 34
671 94
656 60
295 59
994 55
265 62
837 40
514 100
904 100
269 98
979 81
486 11
325 62
725 100
225 4
376 96
182 73
996 2
604 20
482 100
314 75
149 22
21 47
589 61
259 35
770 67
933 13
198 58
1075 46
753 94
186 31
324 95
908 19
505 78
138 34
1050 99
320 47
593 63
137 9
649 75
241 80
182 77
573 90
414 80
109 78
929 79
928 81
704 73
1000 71
695 55
791 17
443 58
754 14
316 28
494 58
688 4
98 45
1100 9
943 2
143 91
1047 21
879 93
610 83
1072 59
1140 98
562 10
127 53
63 4
334 30
339 7
474 65
343 29
310 83
216 88
440 60
645 82
994 78
1087 99
125 95
565 8
18 59
291 48
648 83
498 2
992 39
392 20
1131 16
909 36
265 49
19 91
581 58
561 26
414 82
814 9
183 39
329 85
933 35
551 35
735 14
1052 35
470 36
727 93
1052 91
180 10
224 28
149 3
485 97
544 83
532 26
928 2
629 28
502 79
199 87
182 31
245 41
1055 61
394 99
1066 57
344 81
369 54
76 49
1066 21
315 26
594 98
765 35
575 87
855 22
347 74
898 66
1094 5
70 82
254 48
568 6
879 46
769 75
146 59
657 4
437 36
207 77
245 24
1144 22
995 62
581 31
533 100
47 71
494 20
1056 79
1068 36
718 20
22 58
282 86
89 71
785 96
1115 58
639 25
37 90
801 53
441 63
37 74
792 30
1085 97
732 18
77 1
591 72
1025 86
423 5
214 65
985 60
1051 14
749 15
1065 95
389 40
614 67
1059 43
1057 76
336 7
80 99
346 63
480 47
103 19
1113 23
590 58
119 68
863 47
107 77
565 93
459 76
852 7
597 23
226 24
931 63
926 6
81 72
756 97
882 77
567 76
114 82
1066 21
271 4
449 23
95 64
689 4
852 55
172 45
970 71
259 1
10 66
974 22
488 14
864 90
210 67
19 12
613 4
258 21
1050 44
769 69
893 19
696 2
859 57
163 55
237 22
55 27
854 62
884 86
267 50
588 13
1058 84
1095 78
689 10
933 63
360 30
681 26
160 42
412 74
896 3
805 69
1087 81
16 16
92 60
487 100
666 79
655 100
328 48
1124 35
1134 38
1013 69
589 71
1100 13
1076 52
974 15
1130 1
991 78
1140 32
803 21
731 74
146 81
337 29
538 63
856 51
639 14
165 1
941 36
300 88
234 19
957 43
1136 55
44 62
139 72
1022 74
203 75
534 18
96 53
565 2
395 64
483 90
380 62
294 7
215 9
154 41
749 88
16 78
568 8
424 80
502 76
545 42
477 59
1122 41
672 76
374 4
799 39
977 51
639 88
170 28
1009 75
776 100
904 4
730 99
468 97
1152 76
593 70
340 42
511 93
380 54
1015 48
821 20
137 83
679 59
373 24
454 41
739 21
911 26
148 99
495 67
378 4
137 62
596 62
513 28
49 58
848 48
841 39
86 87
290 33
1056 34
212 5
267 1
288 61
465 40
251 50
542 53
491 71
808 51
748 67
710 29
854 71
148 70
39 23
347 9
405 39
185 43
159 33
967 83
459 42
457 62
819 29
514 84
109 30
1052 76
399 76
595 8
440 93
328 48
800 38
436 42
82 68
412 80
879 15
151 37
121 70
205 80
550 70
840 3
759 94
68 37
1098 17
575 90
555 42
634 17
347 65
315 32
14 65
261 85
687 16
787 46
469 14
17 3
223 26
530 70
900 34
531 77
584 1
122 16
284 37
243 61
725 64
545 57
501 53
1063 100
523 13
193 37
662 93
118 65
774 78
610 1
452 27
694 6
356 86
51 72
1081 55
536 95
483 78
331 42
450 35
967 38
365 51
629 93
782 45
300 58
826 62
337 38
1018 2
759 100
1015 29
2 85
1126 97
207 89
655 28
463 55
81 27
513 28
84 35
568 30
992 29
649 18
