9263
1752 80
1197 61
189 14
7 92
762 58
1322 7
1295 16
972 74
1679 63
90 43
930 47
472 59
664 36
78 87
823 98
480 88
1323 38
395 39
1308 1
878 58
212 27
239 56
611 44
410 25
272 26
1783 61
812 43
1111 65
333 72
1536 57
1292 79
958 28
1494 66
415 60
259 59
1129 90
25 71
689 49
1667 14
545 9
325 33
748 33
310 20
1081 42
1000 93
1035 74
215 54
1184 43
557 60
234 45
725 17
309 58
1109 71
737 40
1068 90
536 87
337 46
405 86
1707 78
329 22
842 33
1044 40
1050 62
604 32
31 47
1189 1
444 64
1315 77
468 12
667 49
728 86
225 65
311 45
1704 34
417 14
1560 90
53 24
223 95
1197 55
1721 67
253 55
789 83
587 43
1032 34
997 61
1378 88
700 47
1670 29
1345 10
277 95
424 82
277 3
1693 45
167 34
685 80
781 62
903 58
124 69
1559 76
406 29
1511 81
932 22
1295 53
696 1
1644 26
662 27
401 17
629 49
966 98
1228 17
102 46
1765 67
334 34
248 87
1563 63
492 36
1133 32
689 6
1781 24
1015 1
1564 41
1260 25
45 22
281 99
79 20
241 9
1461 66
1757 23
761 47
968 30
407 92
506 25
131 98
1163 14
880 11
586 28
359 100
725 65
1014 37
650 44
728 63
1289 56
1036 94
375 88
589 87
1577 39
1332 94
1760 88
539 7
744 15
1482 51
1426 56
426 80
630 5
758 2
1069 61
250 68
881 9
260 92
1186 22
416 60
1222 66
1136 10
1033 29
1542 94
473 21
926 64
560 51
510 91
986 30
696 19
1583 99
1163 6
381 6
525 16
1471 81
247 15
651 34
1208 6
1542 64
1625 66
342 57
434 6
1661 97
1443 26
921 5
936 9
540 25
1492 16
1667 99
481 95
160 57
266 74
189 55
1838 75
250 95
332 40
1807 77
1321 42
1283 93
323 84
1166 90
1488 35
169 79
1421 29
906 93
1579 39
1826 74
655 19
1492 39
635 25
186 95
4 75
739 71
138 87
392 1
1717 80
353 89
193 80
834 89
449 39
1133 28
1827 100
502 59
748 75
1583 48
1009 97
41 18
570 84
727 56
187 7
1269 58
1307 87
1212 75
1485 12
1532 58
1013 42
669 87
400 98
415 65
1385 66
539 67
1661 50
1767 35
169 45
212 22
450 70
60 33
971 75
1577 23
181 74
291 4
304 99
1286 84
1621 94
44 69
278 84
1343 76
1313 83
1070 67
905 48
634 43
644 59
1603 18
1210 51
965 36
1192 22
475 80
853 6
1196 57
332 82
95 6
1250 42
579 81
924 36
497 79
821 35
655 35
1171 49
105 87
1075 94
1826 59
1624 41
1329 55
774 43
1701 88
1754 19
638 3
1358 94
1744 88
1776 64
1511 5
384 46
409 67
1634 32
1304 70
1693 58
1151 18
407 65
938 4
1556 35
1095 100
318 38
176 21
483 73
954 61
1369 1
521 29
1137 99
119 19
749 74
1626 51
355 48
158 5
305 82
1273 23
25 93
286 68
1372 12
1011 99
1298 71
707 27
304 29
1064 95
1485 62
1047 99
1547 91
1784 88
1262 20
1784 60
903 25
1113 92
136 63
295 2
228 24
247 10
551 60
187 15
668 87
387 57
1277 81
1265 75
1673 25
1741 16
266 57
91 8
637 13
1178 70
1396 6
1586 52
732 43
903 40
1622 56
507 30
787 21
802 55
1495 72
237 21
1426 60
796 43
1834 74
410 6
1677 23
959 15
654 20
1067 17
918 85
962 61
2 58
762 89
383 9
1018 45
1387 85
1652 92
1642 81
538 62
1231 45
1726 6
26 42
445 95
1199 35
645 25
1011 69
1286 5
1209 45
1720 47
32 93
735 58
429 23
414 29
1034 35
120 14
1850 92
1014 1
865 87
1757 40
1271 50
541 93
1553 72
97 51
753 50
427 96
1483 36
576 22
1138 5
210 42
1476 95
348 24
1784 82
1595 70
924 74
1297 9
329 12
667 60
1545 29
939 78
613 29
573 64
338 78
22 87
1425 30
1327 82
1415 70
8 63
91 50
1753 15
1675 74
884 46
614 19
1082 36
323 97
395 99
1803 85
1832 56
1472 63
775 55
1003 92
437 34
1187 98
772 25
4 53
950 66
1008 37
567 33
1126 20
1760 63
409 42
996 32
1491 11
808 86
334 15
1789 92
423 79
1691 61
1673 28
922 67
975 96
1079 71
1827 85
253 65
357 34
409 28
892 7
150 94
248 71
1460 68
1662 92
1780 66
1348 24
1581 51
1146 23
604 40
622 93
1645 5
172 53
1635 90
97 51
1843 39
1098 15
671 25
337 72
547 63
265 74
77 24
868 72
539 1
993 77
670 20
1533 91
1289 21
242 33
1191 17
986 100
349 70
1775 68
715 53
1385 40
1629 15
770 96
1033 21
82 59
881 8
75 1
1504 30
1106 82
16 62
1822 52
226 70
1169 39
778 59
77 9
376 31
910 86
1220 95
1506 66
1828 62
154 96
1022 42
262 72
1308 71
1676 93
1318 37
913 29
1625 56
588 49
480 18
702 94
585 79
334 31
1679 14
1426 4
300 97
1 83
1080 26
1255 32
1788 73
205 65
1068 21
1803 24
687 65
662 1
452 6
1723 97
1425 37
1627 36
1303 70
984 34
1292 52
1495 34
976 92
1666 40
925 66
1563 38
64 49
550 87
388 69
1110 37
1559 83
636 94
777 99
37 85
781 3
758 38
1202 79
699 87
1035 38
404 90
1213 17
454 66
181 37
663 98
1295 33
456 34
520 24
617 79
592 80
1146 56
1294 3
17 45
403 76
660 96
1795 54
609 87
340 58
1145 35
1284 69
1753 71
560 90
180 69
974 6
219 12
619 89
546 83
1274 77
1354 46
394 48
61 82
459 91
423 25
1081 65
1630 47
1783 27
324 65
1635 77
699 75
736 62
1788 47
1405 44
240 95
720 13
809 53
1080 7
844 73
1060 95
121 29
1404 65
504 75
114 82
687 89
56 31
110 26
418 73
856 62
1415 94
253 4
153 27
1434 49
1334 46
789 44
1338 37
1599 79
716 100
964 38
51 81
1159 22
1329 29
474 87
1690 66
1614 88
50 37
1041 61
1136 6
1136 99
1367 79
59 92
504 41
1388 31
1080 76
397 94
291 23
1485 3
1253 86
40 16
754 88
1625 29
1446 17
1630 37
985 68
1256 35
1583 7
1047 45
1647 52
249 6
956 72
1686 96
550 7
452 81
1743 57
622 82
840 63
955 12
258 45
856 89
1792 75
1411 2
662 51
430 75
165 9
1634 70
652 93
445 69
72 22
1512 46
1353 20
1353 84
912 37
1058 15
1090 16
702 74
1648 3
1661 45
973 95
440 46
1037 94
1507 40
1150 75
25 88
763 28
1422 80
987 5
1776 75
443 14
1186 59
168 33
1119 7
1208 91
191 54
419 24
623 60
771 27
452 62
1330 29
1621 49
775 61
38 13
308 83
1588 44
1673 43
397 36
553 33
394 81
1401 62
143 87
663 73
277 68
1180 19
1621 21
825 33
1049 19
1341 31
1563 45
1760 85
1048 37
730 38
1697 19
703 12
1359 92
1438 34
183 35
777 14
83 59
1196 11
907 60
493 60
558 23
887 56
952 90
80 45
1498 68
617 90
1625 46
1611 30
181 98
1033 90
546 25
886 83
1405 72
113 68
460 85
1102 22
1765 18
1196 51
1151 48
1123 79
963 12
1458 37
1448 22
1108 13
1797 96
1279 28
759 37
75 34
1587 1
694 71
904 26
1492 92
1401 60
37 63
657 30
1308 73
1776 95
132 73
1173 90
363 65
334 79
1144 53
455 42
1732 70
1009 27
219 98
324 100
142 2
1769 21
1437 13
409 5
899 28
1652 1
1145 41
346 27
1639 83
1813 61
1821 20
1700 89
707 43
1351 13
892 71
299 25
108 39
1233 46
907 75
559 24
794 85
1054 66
249 77
917 3
1419 88
475 77
237 1
1810 26
1364 41
1498 58
1099 55
1736 50
1270 3
371 41
969 81
1432 82
869 93
340 93
1303 97
1143 88
867 74
1200 33
753 42
714 31
1183 22
1015 89
652 94
796 12
1320 52
1163 9
732 16
1537 87
278 53
1400 60
831 16
1785 7
1313 87
899 72
1657 62
513 93
122 54
1484 50
91 84
237 28
989 99
294 64
70 72
1212 99
1370 71
59 11
453 82
901 83
1180 89
733 4
1144 4
696 75
696 30
502 86
1837 11
1791 66
401 25
864 23
388 43
623 87
739 9
1772 49
1184 5
1304 15
674 33
693 18
244 23
1667 9
505 62
1810 43
1674 91
75 47
1808 23
378 10
874 3
1007 90
1080 90
1433 31
1147 4
950 54
1428 10
1842 70
687 40
1840 32
961 89
818 42
911 69
496 55
1073 67
58 88
1184 96
764 39
1463 64
1298 20
304 83
1075 17
1243 32
521 23
1273 18
1755 30
1157 5
1336 58
117 7
1675 66
1404 36
1709 34
1553 16
902 43
136 1
1424 69
72 98
414 53
803 51
251 69
1660 30
1438 81
1423 55
111 60
200 98
768 97
877 20
548 97
1414 25
1551 57
665 78
677 93
1299 61
613 83
676 1
1222 2
273 61
418 15
74 81
1835 49
54 1
1563 92
551 39
1716 33
590 94
1786 98
1083 82
357 16
244 93
1362 90
1329 61
1296 29
896 16
1148 80
1306 90
873 5
1207 100
164 97
735 52
799 54
968 42
960 38
535 83
1680 82
1544 81
731 77
31 82
878 43
186 65
984 49
1526 82
621 57
1613 52
985 58
485 10
1177 83
1751 83
557 33
92 68
1271 34
425 71
1705 63
1572 57
1527 57
72 30
1673 98
285 46
1297 17
1510 12
1727 43
1449 1
1260 18
861 57
324 78
616 86
1279 9
304 30
1755 5
1652 44
299 78
790 81
129 93
263 34
635 49
1488 88
141 3
56 68
1087 56
816 55
674 49
729 4
1778 48
271 26
118 39
745 66
561 97
461 80
1023 36
1214 58
669 26
1040 63
301 34
1207 48
240 71
349 51
1480 57
738 32
1359 49
1752 98
63 64
1278 38
554 84
1359 58
95 26
961 79
124 60
1482 56
773 47
903 24
219 34
1525 76
1593 29
1545 75
24 5
342 44
977 74
1633 80
1846 97
1306 74
114 67
1680 94
1331 53
1041 50
658 9
1124 42
266 84
1719 81
1160 56
956 53
1399 44
1112 31
975 11
537 20
1797 93
1150 1
1367 51
23 74
541 85
1579 23
954 4
1121 13
380 97
1502 6
175 75
725 17
1821 31
1312 41
1038 50
1527 4
1244 12
1477 71
922 95
132 99
1123 34
340 72
564 5
556 97
442 18
1290 61
811 28
906 28
1677 17
1510 90
671 40
892 63
984 44
1543 5
36 37
503 79
1807 11
1594 27
410 28
1020 28
912 89
243 25
506 36
1761 36
767 25
1493 18
1308 86
1492 71
1046 8
627 40
1837 83
182 63
824 6
816 23
802 5
328 48
1058 88
754 98
871 30
1605 86
898 6
931 88
1506 8
1834 8
527 40
722 13
182 40
654 38
264 24
1308 93
696 64
1044 55
304 17
414 3
949 83
666 38
1750 54
1195 3
192 12
322 27
830 45
1844 47
737 51
1507 20
1349 22
1715 11
736 16
1090 73
1064 14
381 25
1628 12
79 70
110 77
565 37
988 49
1180 48
1120 5
1709 53
1698 58
605 90
1760 93
1812 59
1457 15
1659 57
1427 48
1211 71
1652 75
1784 91
1241 7
1470 98
1014 86
352 40
1173 94
1504 66
654 4
1179 93
1349 98
1638 13
1609 99
1139 89
1800 48
385 30
63 24
1587 40
866 59
459 40
116 8
1399 78
475 54
1427 8
723 48
345 88
937 67
1513 84
1409 3
1279 8
888 16
620 27
1349 16
1709 1
818 1
1275 94
1422 5
566 48
1802 52
1832 63
226 53
585 25
493 68
1081 81
1416 24
1186 100
675 37
377 80
1051 95
1306 22
833 7
1663 96
1752 26
668 98
1403 1
1194 50
1518 58
813 25
1270 72
1535 72
837 2
1400 47
1003 20
1846 79
1501 55
1398 78
598 80
1354 62
400 21
191 15
147 19
1065 18
493 55
52 56
642 67
287 25
416 36
550 42
620 40
1583 9
1744 89
1644 52
980 94
873 46
722 95
967 68
1244 89
63 46
52 89
484 64
1425 96
569 6
489 88
620 87
1389 91
1174 75
115 83
1198 5
1174 39
1293 87
1694 52
1261 40
415 50
1456 20
88 34
1110 71
1354 25
939 72
1228 100
1852 32
253 45
1452 28
1513 45
959 64
1142 89
1394 12
211 58
1531 20
1200 22
1191 30
1352 75
554 15
1022 33
1344 2
506 98
1586 71
792 99
1669 47
92 37
1678 88
1678 21
869 43
1056 68
1616 85
1500 79
867 45
851 21
1536 96
877 20
1629 47
368 91
1021 28
58 70
1246 84
316 15
919 19
508 79
1299 4
576 21
1426 47
786 89
1443 99
349 23
1051 44
380 62
533 4
684 75
375 41
392 33
1423 99
1719 61
822 63
483 36
383 25
1561 20
818 71
905 1
1673 32
1188 28
1477 61
801 25
1026 16
330 39
1007 33
1824 20
379 87
346 1
1682 59
365 57
1836 10
382 82
765 91
247 17
861 44
112 90
1553 48
1254 35
299 67
904 99
1519 2
346 99
1121 75
852 46
1076 37
484 91
1298 69
785 92
1583 7
377 11
1273 96
287 80
1578 78
1513 38
1111 13
1584 64
566 99
192 19
606 93
522 23
558 39
29 71
332 38
697 3
1826 96
319 79
573 50
31 50
269 19
850 14
1339 25
614 87
508 67
651 67
111 54
1817 22
1478 99
519 39
96 61
971 38
633 86
973 27
1257 35
1224 72
1654 79
751 6
820 28
1195 74
1418 11
348 79
818 25
558 78
1743 26
38 24
1216 40
842 21
1553 18
379 69
1634 6
1454 78
575 79
1687 13
138 42
1349 79
1695 34
794 14
1269 33
1714 56
1191 49
510 85
266 14
391 76
1536 52
1159 40
239 51
788 76
1050 93
1851 37
882 2
806 63
341 32
1727 99
1016 44
1709 43
537 100
1724 76
861 16
198 35
1043 78
667 6
79 26
1048 24
518 36
324 27
1247 64
1025 58
1110 60
565 32
647 68
611 92
712 21
1666 94
753 58
725 24
1401 87
846 62
599 1
1391 93
65 45
688 41
679 13
1402 76
49 93
440 22
676 50
1199 65
51 34
670 9
213 63
1739 2
1159 70
200 31
988 85
49 67
238 75
364 57
1730 15
63 99
862 86
596 29
533 12
998 4
1810 48
1558 47
1466 9
1564 68
744 80
779 24
1517 88
143 80
648 89
457 30
453 92
308 92
21 31
212 80
1795 100
1759 46
1322 59
20 36
844 5
1350 93
1353 29
13 53
1617 16
64 58
1748 2
1818 40
108 95
400 61
1156 58
1114 95
1114 47
1171 71
1731 49
1426 39
877 100
284 98
1070 3
1813 3
1017 37
1707 56
448 90
1572 97
1573 72
1765 86
1680 59
672 34
1513 45
685 83
1355 90
65 60
270 62
1251 80
382 46
544 36
722 5
1737 29
482 23
92 64
1750 32
946 7
278 76
1789 98
1659 38
842 65
1487 51
1454 69
40 8
53 65
68 57
600 29
1359 2
1823 37
1419 64
1248 64
450 79
1553 22
149 37
1390 41
746 33
1842 91
1287 54
1850 79
1029 63
1032 78
1817 1
1716 5
212 54
1591 59
49 57
789 46
416 12
64 64
180 93
1118 47
499 21
1242 10
1343 87
1391 86
320 10
726 86
1706 63
1852 8
329 62
1089 5
1820 76
1271 77
931 78
999 89
1441 48
1168 59
628 10
755 70
1367 8
1563 18
439 6
1460 40
164 63
1581 88
663 76
996 68
1660 75
330 42
315 18
783 60
67 50
374 82
1267 9
308 27
116 22
1804 5
261 69
1545 90
723 46
1134 25
747 85
990 5
1657 23
378 17
1483 11
1500 67
1322 43
1432 18
1529 29
726 81
951 76
270 67
483 9
564 98
362 62
1691 27
1045 60
437 58
22 58
1208 57
278 76
1580 10
1518 11
1348 89
621 63
727 43
160 83
1204 88
795 83
737 50
1532 42
1600 46
1285 65
570 52
568 31
1145 48
1703 89
1455 100
1687 35
1400 46
586 17
683 38
540 67
365 41
891 19
1319 19
1033 1
752 77
549 85
1334 56
123 53
580 23
1761 26
1056 83
1243 66
1552 80
1666 22
423 21
1066 82
1718 94
1167 60
1035 48
1834 5
279 1
1741 65
549 61
242 18
1825 64
1156 35
662 8
1818 20
1395 6
1818 52
1077 35
760 41
608 92
283 98
961 37
423 90
557 47
1670 92
1782 79
987 90
1521 42
424 93
1421 43
1495 79
1 79
80 17
1377 59
988 45
454 96
1722 53
1622 94
321 9
1439 98
1597 75
15 61
91 88
198 5
944 92
394 20
613 95
1751 55
1007 29
1564 95
265 74
1016 13
670 65
570 15
1397 56
391 15
1057 62
942 89
21 20
104 10
921 48
650 75
1095 97
690 68
1405 1
940 29
1088 76
1759 43
203 53
1062 59
163 19
1611 3
902 3
818 9
899 10
1543 2
622 70
812 91
1203 72
1455 83
1724 30
1573 73
1355 16
189 23
889 37
847 48
443 31
219 60
385 38
981 46
948 96
1570 30
617 67
258 94
1388 83
232 80
92 52
1798 22
1528 80
1139 64
682 14
1186 83
233 19
1663 59
684 9
1668 15
1599 19
863 16
1549 78
1229 8
1272 19
92 33
278 36
808 71
1113 84
1082 27
646 46
1686 90
1333 82
1603 27
39 39
1730 48
1301 87
584 48
1179 36
1392 39
1171 30
1430 55
1437 84
1158 57
1556 31
1627 42
1057 44
1516 51
1772 77
1107 95
1136 13
1330 83
913 9
612 24
1685 85
1114 41
1311 9
750 5
1803 57
1627 61
304 14
207 29
1557 59
260 11
463 39
1158 38
382 35
1559 79
125 95
1051 94
459 96
1647 38
1827 17
1120 59
893 7
178 85
1021 5
1111 70
820 51
1498 35
1310 89
618 36
772 33
114 26
1555 7
488 29
1737 81
981 50
1133 80
1317 85
1807 37
1581 54
1038 99
303 72
805 68
1525 18
640 21
204 66
1205 59
219 17
1074 85
917 53
1545 83
1769 2
1786 88
857 63
1165 37
1419 50
423 29
1585 75
840 26
1123 20
683 25
1518 4
1466 8
1677 45
1533 50
1775 98
1533 65
1238 69
826 36
410 72
1457 29
1833 28
684 7
818 19
54 70
1404 96
713 5
322 44
31 2
1590 28
1498 92
1296 62
443 35
845 42
511 11
138 100
806 70
1208 24
552 49
688 43
87 17
555 65
243 75
633 86
857 67
28 54
1838 50
825 54
690 52
1586 95
502 15
1073 90
1043 91
654 19
564 54
1660 43
1646 45
1112 9
831 23
1403 14
91 25
585 32
586 37
