9882
1141 98
1158 98
1383 58
1707 70
1494 51
1455 6
1949 48
1762 84
1261 38
762 31
1824 22
709 45
1876 33
1362 43
5 24
1521 75
1407 96
1418 63
148 21
1721 83
518 22
1044 17
71 86
1711 76
567 87
1535 22
1765 21
330 61
1114 4
443 67
591 7
748 21
1136 27
513 58
417 33
1758 58
918 25
29 69
1617 97
1882 84
1351 55
924 82
311 79
694 2
790 14
1879 27
1744 64
716 21
1892 73
1354 44
437 100
1602 93
1211 98
1808 71
641 75
929 13
608 41
1327 93
1490 78
565 63
748 88
901 70
574 28
509 5
801 89
1589 56
1070 98
411 100
882 11
810 69
43 9
1963 41
285 34
348 71
1021 72
414 2
1911 47
1886 17
949 73
1537 49
343 77
556 40
1643 89
1894 6
250 79
40 83
577 60
1806 57
529 67
66 71
1317 95
970 59
1218 87
308 76
1248 22
1845 94
862 23
1432 50
375 6
334 64
1826 60
1164 35
1867 2
1898 29
1837 14
1829 96
213 100
613 86
1942 96
1952 18
1549 78
1557 35
1909 74
1522 73
996 90
578 25
1461 31
1089 5
1906 47
1295 78
56 36
1424 73
1274 90
1533 89
1037 48
392 46
343 44
1608 83
1070 21
447 66
1644 96
42 78
1072 81
587 78
1068 93
964 78
749 58
612 58
1934 4
851 95
424 61
684 20
1219 1
432 4
1144 28
468 79
886 36
77 89
1891 51
563 78
979 26
705 21
754 19
758 33
664 32
1166 88
1279 92
604 34
1378 80
484 22
487 36
1174 52
960 72
274 23
1091 47
1956 32
661 77
1376 48
916 30
1368 100
1697 7
196 44
692 88
132 78
1102 77
491 24
1507 48
1594 35
1012 70
1849 96
247 90
592 52
1589 56
508 70
954 83
1889 10
1817 13
1389 88
1733 96
1948 88
58 56
645 29
1347 83
1915 8
519 12
1091 92
116 59
1232 43
1612 19
938 20
1028 58
1459 69
558 22
437 35
267 3
393 63
205 64
1640 10
1180 80
1428 81
808 11
1216 92
1015 73
288 81
620 49
26 32
545 64
1643 12
590 3
1368 56
1596 92
734 31
1736 5
378 26
1951 38
312 48
285 61
1455 42
1536 33
42 95
325 7
1973 69
1098 15
322 2
1 86
1052 90
1175 53
777 15
1064 45
1701 5
1671 93
241 49
18 74
1420 39
1013 31
518 71
1533 32
1359 75
219 100
1685 72
983 7
373 98
848 66
1546 81
1693 29
157 71
1509 56
378 6
1790 18
1727 25
1794 80
1832 15
893 4
69 87
492 53
1958 87
1154 34
783 42
948 16
1061 42
326 49
1514 23
491 78
1580 88
1917 29
1957 63
934 9
1085 49
98 75
1456 69
1263 91
1591 75
1651 40
445 17
283 9
267 80
1618 25
1030 38
459 88
1278 89
110 69
1400 83
1877 99
1262 21
1486 49
1131 82
1608 42
1584 4
1617 31
1661 95
1141 25
1525 17
1739 91
565 67
1753 42
1165 11
572 33
1417 42
317 20
1605 55
1038 51
717 11
1635 70
962 46
995 37
986 60
314 33
1850 87
354 9
1126 40
1964 48
699 58
438 3
87 62
1001 51
643 29
1793 85
898 52
241 84
304 61
1186 45
732 7
175 32
72 12
1026 84
1570 92
117 24
995 77
1839 79
1603 30
1181 74
155 91
918 99
969 97
148 14
809 21
1136 16
1824 5
1234 79
766 2
54 11
1263 74
1349 68
434 84
17 95
253 97
1572 76
433 59
1441 91
1667 23
1723 13
11 71
486 3
788 20
1588 56
1426 87
356 87
1589 94
816 72
1124 84
1042 13
1723 5
193 10
851 18
155 72
1039 46
692 1
1583 73
1957 85
943 8
883 16
634 2
1719 72
855 19
412 30
965 31
382 58
824 75
320 99
1433 18
1724 46
1891 39
811 44
1471 86
1675 26
1699 39
1169 24
1831 38
838 46
1433 90
1109 14
1175 60
333 34
417 84
1930 60
1359 45
1318 14
853 80
655 55
148 82
505 21
71 11
979 94
655 49
1094 54
1899 79
819 64
1855 69
1484 4
1828 76
225 88
26 68
1375 72
1749 47
164 75
373 43
1187 87
273 54
1091 31
599 5
1944 5
1426 1
1084 60
1584 53
1723 92
348 89
1274 6
1880 8
1191 74
74 34
1120 76
1256 22
329 59
1270 80
1586 75
272 79
299 22
1848 31
654 38
471 67
907 44
390 50
92 30
1458 97
332 44
1691 14
166 26
53 81
575 15
1183 44
757 99
77 4
1592 8
71 65
944 72
329 81
1569 29
457 50
1503 66
497 27
1872 48
1131 38
1052 26
1002 55
921 96
179 88
935 84
1673 72
348 80
1120 40
863 11
218 74
997 14
1074 89
573 52
854 80
1124 72
476 90
1027 18
165 66
1149 41
690 55
711 42
145 87
1243 51
429 49
845 87
1137 92
1739 82
1387 43
319 5
924 79
1469 65
1007 72
326 33
689 95
204 6
1216 53
807 15
723 4
542 19
1664 29
24 87
628 10
480 52
1515 10
1748 1
1554 67
925 25
165 36
1490 57
173 17
1052 83
523 32
1948 61
908 36
602 100
746 87
148 9
1285 24
1832 36
1789 31
1553 71
260 85
846 29
951 51
1289 28
1732 59
1353 81
55 75
180 16
918 62
1358 14
1407 37
716 30
995 51
744 96
1903 32
1270 7
257 79
1028 23
1488 20
1722 54
1563 68
1924 93
839 68
289 21
841 17
1783 66
1606 79
886 66
1548 76
303 67
69 13
1743 88
551 65
65 91
1873 91
1609 76
1202 86
1375 8
1903 62
1130 82
69 4
1305 59
764 83
4 62
1347 31
506 16
1254 5
86 27
938 53
1122 95
319 62
1963 95
1776 6
1232 54
156 82
1494 5
838 51
1313 52
44 23
1410 73
1100 84
1356 32
1106 28
1409 56
1083 100
1158 82
1228 28
414 77
480 75
1636 47
1126 81
1867 50
1809 45
742 79
1134 84
357 92
1885 81
88 86
1581 96
1445 55
1050 54
27 8
1753 26
876 63
1172 4
1446 32
1740 39
1082 20
631 79
171 50
319 78
50 63
1302 55
1722 88
1717 67
402 42
1450 40
712 26
1518 34
1605 61
638 72
82 3
935 76
1495 63
1148 49
1169 89
1931 63
629 52
403 85
1825 93
1791 54
458 100
340 39
578 31
450 47
584 98
1823 83
850 79
1663 92
449 81
993 66
21 64
173 78
1170 89
1587 55
806 41
1127 12
1052 19
980 9
67 42
1112 33
105 63
400 85
1800 100
1694 16
1193 51
1386 5
586 90
1845 41
1013 67
1238 24
1820 44
1528 60
1567 34
779 21
1581 32
1864 88
202 85
964 51
1577 93
1669 33
231 88
1666 60
1610 83
1957 38
251 1
7 30
1800 10
450 57
1320 21
1553 7
241 40
1752 89
1409 86
272 65
1323 89
402 20
757 43
1695 8
844 53
1477 60
1197 36
964 17
1193 70
35 24
225 36
1733 4
696 36
1538 50
265 49
1629 15
20 23
794 64
1371 57
382 8
1689 31
253 35
623 84
1718 23
1022 97
580 44
1096 6
977 15
147 76
1384 13
789 5
402 86
1534 53
281 33
908 33
1419 78
934 22
953 59
1094 25
799 70
631 98
655 68
1873 85
975 36
330 30
1272 40
295 29
1839 75
325 6
1320 63
817 90
1904 17
957 53
78 52
830 18
167 44
168 77
1976 22
717 4
1770 47
526 94
1256 2
568 84
752 18
1545 3
806 93
1710 3
239 27
152 44
338 69
930 42
1533 23
845 28
1377 91
868 1
45 92
256 68
1758 90
695 4
947 33
232 28
645 92
694 85
303 67
1918 81
1393 40
224 54
1375 18
1666 8
310 91
1161 68
311 97
1711 49
307 66
1398 17
1345 45
781 27
938 86
689 27
1153 53
647 18
1490 64
1233 49
1671 68
723 60
238 31
1411 97
138 19
1412 57
1169 37
1198 33
201 98
1022 31
376 43
372 62
1543 98
627 68
1028 52
146 74
1757 68
491 57
1329 88
116 23
1479 32
151 67
53 3
644 66
884 2
268 17
1299 69
828 50
604 89
1249 97
1037 35
1585 49
1192 78
1587 45
385 49
1552 20
1508 64
1472 93
1033 76
770 66
1501 7
183 8
254 46
470 37
491 13
591 59
1400 82
1227 49
1105 37
726 40
211 81
457 60
1004 41
479 10
1259 48
1917 76
580 11
1358 62
1392 99
345 94
1362 1
778 31
21 11
1266 10
1818 67
761 13
1033 78
1334 19
1807 54
155 92
1944 68
381 80
242 71
1610 78
867 54
194 48
821 72
122 56
360 17
1319 99
1479 7
271 44
596 79
1906 47
1807 12
1059 23
799 65
1045 85
838 62
1739 7
1752 93
1266 15
1776 60
1130 87
1749 90
1636 92
1261 75
1023 64
1651 3
74 89
1531 44
932 57
778 61
1316 22
948 82
1363 15
860 30
537 54
1150 42
1182 7
158 17
1628 17
140 7
1095 67
1091 65
1062 23
1146 23
1738 82
533 71
930 26
984 91
1697 87
49 59
1959 15
1446 67
446 12
1286 74
290 49
66 61
1583 94
355 43
862 97
679 90
267 81
1860 66
796 10
1244 97
229 98
1069 52
1048 90
418 5
632 39
1096 84
1531 52
1543 34
561 26
1483 54
51 88
94 40
2 20
28 70
636 45
929 28
906 90
1878 62
605 10
294 17
773 35
687 86
1002 17
1033 18
1857 33
203 21
485 84
1270 46
423 90
143 60
26 10
1588 4
846 7
1176 52
1775 45
1358 96
499 82
1677 93
1010 92
799 43
1537 37
7 77
710 64
1289 5
513 80
1775 7
561 66
720 33
681 83
1315 60
1274 40
1143 64
1633 83
362 46
889 24
833 83
637 9
1914 10
1394 87
186 39
1773 35
1554 23
1686 22
334 30
1830 73
595 47
1940 16
80 87
269 60
574 14
1375 90
25 47
1379 34
933 42
328 76
386 46
479 71
562 38
767 12
360 21
508 46
1422 61
45 68
262 59
1453 48
1588 97
447 48
1703 52
199 63
1718 19
1364 73
1968 70
926 100
403 16
1381 42
1289 46
552 47
538 83
1462 66
1007 4
1594 32
254 54
1119 83
1910 61
1759 85
1668 2
987 35
1078 71
1581 63
1880 75
471 74
870 77
1590 96
1437 97
80 46
746 20
1169 99
272 5
1838 45
157 72
1507 64
138 86
515 76
209 24
253 6
1266 65
851 61
1536 49
1571 87
1750 47
1147 15
1759 75
1826 9
406 87
1508 52
1057 46
1080 32
1972 69
1471 98
1111 86
693 7
1965 72
217 47
222 51
1178 10
715 42
791 71
1471 41
1164 36
1740 54
470 38
1087 12
1389 20
1562 8
1267 31
212 2
1585 90
640 81
608 38
1755 37
1549 35
183 88
1415 39
1437 50
1473 58
454 92
1697 45
737 48
812 3
959 69
797 66
1795 59
1605 71
160 27
1321 56
284 94
161 26
95 23
408 56
806 3
1457 40
432 75
925 37
562 55
1174 42
481 20
680 46
1789 48
1737 36
1216 82
1439 87
1683 51
669 64
842 54
1588 63
1264 89
1934 24
210 16
978 12
257 76
857 5
1892 26
1219 61
821 25
1115 26
149 79
208 63
675 24
1139 72
603 42
1513 50
640 57
314 24
839 76
73 68
276 75
634 5
1395 38
760 8
568 1
972 42
1598 72
1970 99
678 28
1441 38
905 66
1399 10
11 32
730 41
68 22
1058 90
700 55
211 49
138 28
418 26
1053 58
1905 45
609 12
1069 11
3 47
439 94
337 6
1733 67
1125 77
857 54
1224 59
347 49
1428 83
1483 9
1419 68
1770 2
1577 58
125 25
1904 65
1184 19
1465 72
228 68
411 45
1303 43
528 37
420 74
924 32
275 68
1374 39
479 33
1546 17
708 82
1582 90
922 19
1124 62
1085 59
1320 45
830 86
577 46
927 47
1854 30
1522 25
1593 64
530 68
1039 43
1725 88
380 94
169 28
1354 58
37 30
295 90
1659 8
1909 45
588 40
1241 95
552 33
155 7
1252 78
176 80
1283 70
1852 37
633 84
1519 39
1209 84
1716 88
807 47
595 57
663 81
372 30
757 81
118 4
206 13
1324 63
864 38
986 32
804 12
1251 58
1952 78
336 48
1254 88
339 4
373 90
108 77
1626 98
1133 6
1973 66
536 87
1411 7
361 25
1669 42
1250 12
1769 57
644 27
1588 24
1907 4
878 93
1485 85
915 10
1506 83
1420 54
1588 17
1085 49
1571 83
1638 24
850 65
1204 55
717 2
790 11
1234 63
1121 28
400 23
860 60
345 20
820 56
1673 24
1347 81
949 100
1383 97
1003 12
251 87
76 61
1496 73
1916 78
609 31
1369 15
213 94
1770 35
1746 19
1289 53
1289 29
1674 79
1869 8
368 32
1358 11
84 40
606 88
1012 95
313 5
1512 66
165 95
376 54
998 86
1507 3
1375 53
1916 5
1803 36
1085 61
1255 69
1287 3
1206 49
1215 71
153 29
509 75
1538 25
817 6
1866 81
1803 63
740 20
1884 9
1719 58
136 40
509 69
1142 23
1719 66
152 50
1586 99
1875 67
1386 18
1700 53
824 10
1972 30
1217 27
1002 54
1400 29
824 42
505 10
1552 29
33 30
1069 35
279 61
681 62
1784 13
1947 29
1476 72
1700 42
112 4
1807 39
1327 10
641 55
146 76
1488 57
658 35
916 96
1104 78
515 24
1836 25
569 23
137 31
1232 44
625 92
1453 81
1315 34
1872 93
1963 24
514 28
1451 88
13 79
425 18
289 55
755 5
74 38
1261 15
489 31
358 51
295 59
1884 69
1362 47
744 97
385 22
568 40
178 91
1217 21
808 60
1485 99
602 98
324 36
918 37
1175 78
1776 19
652 34
438 40
282 89
19 75
1583 90
793 84
1469 79
1547 94
1300 30
1499 70
1323 24
578 44
1322 46
468 4
1429 11
1649 16
320 82
721 97
1264 97
363 69
1488 67
33 29
683 33
408 43
624 77
1077 53
1187 62
1554 8
647 95
81 5
1018 40
1680 62
446 44
1494 77
750 91
1097 95
821 90
1933 43
127 15
1848 71
1212 45
425 88
1064 40
225 24
1492 4
773 20
1241 73
1112 15
654 84
1560 79
1667 83
985 8
326 56
1050 68
1747 19
84 74
1792 45
157 44
382 51
317 45
417 6
1660 70
21 73
1341 98
1738 89
1131 2
1395 92
478 30
1574 8
616 65
1460 20
1399 79
257 36
1586 16
593 80
221 26
779 52
1962 20
1 24
1544 11
169 36
1137 80
640 86
969 43
1822 93
888 66
163 83
1814 71
1142 97
87 34
565 61
1256 74
851 67
1202 69
1189 28
1627 99
1158 64
329 48
926 65
1798 86
1531 78
1413 39
1480 28
668 94
905 68
1609 98
1962 21
1807 52
1031 1
1939 17
971 3
1087 91
1215 85
1624 16
58 4
1285 88
1888 27
229 97
1960 5
342 85
228 36
1775 89
1224 2
1788 52
1005 31
1220 13
1243 74
3 51
1284 77
199 100
831 13
1286 3
517 48
1974 86
1920 62
940 89
515 33
1370 51
117 44
1863 66
45 25
521 81
78 100
1641 77
1659 85
1046 6
1217 3
1596 77
220 26
817 31
1465 99
912 51
637 54
1110 26
763 16
1510 81
1190 45
287 90
373 74
344 51
992 94
1798 2
1037 47
374 29
233 34
254 37
988 79
1664 95
128 33
151 67
1502 28
1598 48
1012 44
490 47
504 18
1869 4
715 2
1547 27
815 65
1695 99
670 18
1062 85
84 49
1118 29
1359 91
1500 52
106 28
882 89
461 50
1383 24
1506 40
529 63
93 100
1650 37
1918 97
1371 71
1508 87
737 24
605 46
363 32
1766 2
79 96
177 65
816 95
823 98
1544 73
662 91
219 78
1579 4
883 42
905 40
1347 35
757 3
202 41
61 55
754 49
1017 17
1423 42
944 46
1275 83
1433 82
671 88
1256 38
715 93
1812 93
673 16
278 66
1328 25
943 74
655 51
1133 49
1797 19
1219 50
1567 77
1366 73
319 3
470 73
945 19
341 45
1477 56
1420 43
769 78
570 18
1547 43
1427 88
364 24
1614 35
424 17
1212 43
295 72
975 47
89 74
386 94
1072 89
234 48
230 78
920 7
260 81
1535 68
1924 12
101 4
787 47
871 80
690 25
101 100
1656 16
1781 33
1198 96
715 61
911 61
1598 89
1612 78
1803 29
1903 47
1336 37
852 63
1294 64
1430 78
279 22
1052 95
987 28
882 12
806 13
1456 38
1586 3
503 43
675 25
1499 55
1505 67
1553 51
1532 12
96 29
1798 41
509 42
1108 33
660 30
1729 92
1764 27
352 8
990 11
117 9
1706 57
16 63
1636 16
1319 57
1140 19
1268 45
249 80
1174 99
596 94
1680 82
514 11
791 70
1095 24
1489 88
1436 47
1104 53
1067 75
1360 52
1590 43
224 99
209 55
791 34
1220 22
1384 60
465 53
585 51
1396 54
1968 64
976 9
562 54
1919 33
939 66
176 59
459 24
921 47
1513 91
1952 5
202 57
236 13
932 40
1365 54
873 7
794 94
1759 37
1002 48
63 18
543 71
1969 72
910 91
1363 15
223 17
771 96
1212 60
598 98
930 55
1752 98
660 64
1172 34
1135 75
372 47
1930 2
832 81
864 74
711 22
1534 22
1407 6
1896 68
1674 9
581 9
1879 23
1274 95
974 68
1795 73
473 20
793 18
10 18
1361 28
1214 17
1280 31
1940 31
1863 69
1379 54
459 37
672 23
380 43
5 50
1947 80
1847 80
668 31
782 77
512 38
323 71
827 7
1588 4
900 58
1272 19
952 91
1049 19
503 23
735 6
771 3
32 95
912 33
1677 82
254 25
587 44
642 98
622 32
106 34
1500 98
897 53
1731 48
597 32
419 33
747 59
434 69
106 60
1623 36
1755 59
498 53
627 24
38 76
1413 44
1403 68
1335 38
1291 49
1073 29
1852 56
767 87
23 78
536 77
1293 88
498 36
1044 67
1233 91
218 4
376 36
1728 6
34 69
589 57
324 43
819 75
1772 32
688 66
1014 30
1673 53
1932 60
564 11
987 95
207 17
551 92
554 53
1053 33
428 77
1597 65
5 22
670 51
1570 62
698 15
664 65
742 38
394 90
766 52
1356 10
214 57
1927 50
817 53
709 2
213 54
357 14
13 37
440 11
1390 22
1118 61
827 76
1038 24
511 64
434 91
862 78
140 30
1188 68
594 93
389 32
448 24
440 27
1060 25
1228 41
1154 81
1190 16
1477 38
1908 1
1167 27
647 21
407 54
1851 80
1164 41
723 67
407 21
1908 67
566 62
466 21
1806 19
1759 28
825 14
1695 7
739 89
664 58
787 83
1512 94
1418 9
1470 10
585 96
444 97
1942 96
1066 65
1253 82
1355 84
846 17
727 63
721 6
738 94
1215 99
337 79
380 79
105 84
583 22
714 46
1670 48
93 100
132 38
1627 64
260 32
542 77
837 8
119 20
1831 13
1614 95
615 16
1636 33
359 62
1865 60
1425 90
1614 10
168 68
364 37
502 5
1118 61
