3585
188 23
568 10
142 16
546 48
526 6
545 31
299 92
539 26
469 80
244 45
109 55
685 56
334 6
339 96
624 14
266 6
436 58
678 36
625 37
412 83
576 84
165 7
150 58
190 22
127 5
95 58
409 4
614 25
136 12
126 24
515 74
565 61
472 79
709 25
634 70
5 2
534 82
560 14
542 18
107 90
325 31
501 34
299 86
509 53
339 57
177 85
250 81
191 78
490 64
540 7
162 59
399 97
82 63
167 58
372 44
572 100
236 11
497 77
399 46
171 44
219 59
705 74
651 57
582 39
123 36
384 89
401 100
353 74
126 36
11 88
250 19
178 86
529 42
491 100
338 45
369 75
645 56
570 53
638 11
293 67
105 55
487 73
68 46
155 29
710 41
125 55
97 61
156 99
22 78
107 94
289 13
570 2
476 65
298 71
693 19
116 47
522 4
138 81
27 73
264 11
13 5
620 1
500 79
599 23
604 47
702 78
658 57
150 29
572 57
499 96
416 64
620 98
548 65
33 100
304 8
135 43
77 23
469 2
317 99
657 27
128 64
561 85
385 77
200 49
340 38
193 28
549 51
610 87
630 97
668 18
550 21
139 84
152 15
460 54
108 71
436 78
431 12
435 38
163 71
583 79
179 51
531 91
90 53
570 23
284 30
238 1
704 84
187 66
318 40
553 49
419 6
491 46
262 49
591 100
578 68
265 72
51 87
468 22
425 39
178 32
379 54
358 16
664 84
494 15
590 69
665 17
307 95
374 76
417 45
503 3
714 27
387 28
289 10
503 86
367 36
186 39
125 53
218 54
32 35
249 14
534 78
617 54
185 54
613 46
574 10
534 6
682 83
221 43
420 57
452 72
64 86
680 31
233 30
711 69
383 28
478 63
317 71
655 48
280 89
254 64
628 53
376 81
540 40
307 34
98 43
531 43
409 33
714 46
525 87
398 13
176 75
90 55
520 93
279 11
711 90
171 19
110 32
74 92
501 65
213 42
484 94
410 77
529 73
545 9
657 71
402 78
200 5
408 60
165 50
478 100
55 63
428 24
58 18
515 72
492 85
497 62
300 42
105 67
471 57
347 10
319 73
151 19
409 76
394 93
428 15
470 92
696 46
390 39
231 34
233 54
44 89
241 90
644 71
518 8
243 81
147 76
684 79
681 87
411 64
499 33
347 3
343 59
381 19
594 89
528 11
307 88
270 25
415 57
408 20
218 40
9 52
598 15
714 34
46 82
195 7
351 74
602 61
480 100
247 65
490 89
360 100
318 22
563 65
3 77
524 14
138 84
609 65
409 86
602 80
218 21
461 88
370 39
247 74
76 6
180 11
677 53
132 27
343 1
73 93
684 88
96 95
620 46
124 31
541 84
244 35
489 41
282 78
462 88
441 66
268 84
654 37
576 87
32 72
255 14
150 93
715 60
336 63
584 56
487 29
627 34
436 25
344 94
677 12
683 14
47 37
458 91
602 72
428 19
234 69
635 85
31 19
425 92
667 94
256 16
187 69
57 19
165 25
359 98
309 74
226 88
113 85
447 96
499 65
554 8
328 89
398 51
171 45
282 48
325 67
511 65
704 73
112 75
649 83
394 43
336 81
376 38
431 37
280 4
517 62
70 79
690 19
592 35
399 55
380 73
544 67
136 37
518 64
419 79
570 40
4 81
619 9
379 19
608 100
145 46
193 80
120 32
466 5
698 71
142 90
158 39
34 7
366 80
648 10
499 77
496 24
336 50
508 63
373 3
211 6
160 37
320 22
440 67
10 92
215 22
83 93
411 58
701 18
423 77
165 23
468 42
479 3
536 95
130 65
149 19
392 69
195 96
564 37
5 11
283 55
282 50
61 99
143 66
172 59
55 14
680 78
523 83
352 71
648 57
286 15
241 2
136 29
704 70
199 43
571 83
275 10
207 11
75 48
717 24
629 8
260 58
84 23
672 52
441 48
144 38
501 76
620 61
498 72
412 66
388 16
629 99
464 9
426 73
131 79
205 30
201 66
409 52
27 50
690 98
437 75
161 10
431 14
181 33
332 90
425 53
488 42
628 93
656 40
158 90
243 85
510 24
15 4
8 60
324 98
619 76
691 45
326 50
500 6
97 34
476 81
610 49
463 84
523 4
172 47
550 65
212 4
585 12
584 33
59 18
364 27
420 7
679 87
316 43
412 37
250 2
64 38
50 2
582 7
662 4
63 51
612 19
397 100
460 88
345 31
371 32
572 37
479 65
102 50
661 99
163 68
621 16
143 44
515 47
683 74
488 24
591 62
237 48
567 20
207 41
457 32
140 35
379 79
373 98
333 6
650 25
683 4
470 14
307 84
433 26
105 84
187 52
255 4
344 48
166 38
547 77
373 66
638 15
673 57
442 76
429 36
444 64
485 38
504 81
184 35
45 45
547 86
135 27
498 52
162 33
308 84
37 51
547 36
35 70
10 72
74 56
677 91
534 85
538 19
708 39
452 91
235 38
506 70
237 94
624 90
568 55
227 68
340 88
324 10
353 53
34 92
528 87
482 2
94 14
278 37
483 97
147 56
166 59
431 14
315 7
147 17
513 64
498 72
179 42
350 65
439 62
327 18
64 79
224 75
121 81
264 75
382 61
188 71
425 80
402 13
498 83
305 31
139 95
448 83
343 95
580 42
377 98
117 41
244 79
622 33
591 69
138 67
215 77
590 43
140 70
413 51
350 80
189 53
276 73
89 49
456 18
433 55
465 19
156 85
524 37
157 76
521 30
205 53
37 69
96 15
528 48
649 19
460 53
59 71
315 19
586 57
48 92
155 61
224 36
552 50
682 16
583 83
642 72
4 1
73 37
305 41
114 66
334 8
600 66
305 22
168 30
347 51
92 63
570 15
187 49
543 33
597 36
534 58
20 11
452 96
449 35
667 27
511 67
524 54
679 29
144 20
253 24
258 68
532 64
357 44
503 4
514 52
608 17
376 91
560 18
37 50
122 29
495 27
173 66
409 40
127 83
674 64
100 96
226 64
487 61
591 48
415 51
620 15
186 83
658 2
552 61
680 17
677 10
166 40
655 46
303 55
682 34
638 26
483 10
694 9
265 28
176 8
150 26
654 53
632 5
187 87
542 70
173 85
677 8
430 69
328 14
322 11
518 86
108 14
40 32
320 99
501 9
288 68
395 29
558 14
102 14
357 76
683 85
178 15
162 82
609 85
147 55
699 47
342 37
604 62
36 48
367 25
172 53
398 83
180 62
184 57
243 17
483 18
619 86
43 100
596 92
60 49
360 68
259 80
393 57
343 75
141 7
687 37
326 72
600 71
530 97
347 73
487 6
125 40
311 73
184 25
686 47
21 36
597 73
70 13
451 32
543 37
328 15
649 49
539 57
22 13
439 95
106 28
387 69
97 29
448 98
369 47
493 13
278 78
532 89
569 44
530 27
628 81
287 43
350 50
514 67
385 43
70 60
547 53
32 35
560 91
678 26
480 26
261 89
427 41
171 67
262 72
229 70
267 50
594 11
263 5
474 47
110 84
123 5
203 37
254 78
459 74
26 87
639 62
590 8
479 71
251 65
313 14
430 14
340 39
600 17
416 88
559 96
567 14
284 54
142 21
243 7
499 37
659 81
268 61
650 11
232 50
550 83
209 96
557 90
173 80
697 11
547 8
338 21
479 74
84 51
480 79
622 79
488 42
484 100
359 75
419 10
38 57
434 11
562 39
370 54
3 21
357 3
593 87
268 63
560 93
438 56
15 67
689 64
308 10
287 4
687 22
307 41
117 60
167 64
205 24
473 49
108 89
367 36
96 3
480 65
568 2
166 45
239 8
341 34
650 63
410 36
208 97
193 19
327 80
205 34
712 79
353 31
255 93
310 34
564 60
630 98
327 49
295 73
513 97
280 53
600 77
529 26
574 84
19 20
231 77
364 49
162 77
684 88
280 88
4 37
571 3
165 22
32 92
359 20
496 13
477 68
494 22
525 2
566 50
77 63
202 12
266 91
190 51
53 31
514 76
644 4
557 13
330 74
593 22
625 55
480 42
305 83
433 46
237 72
528 51
577 5
103 14
375 18
508 30
538 3
513 81
596 62
16 11
408 26
506 3
534 33
465 84
672 75
514 98
667 54
201 72
16 25
474 99
427 27
368 34
455 14
340 16
544 48
238 25
221 39
45 8
519 62
295 56
619 22
683 11
205 61
633 53
345 29
305 90
488 51
351 76
707 29
695 56
267 28
311 25
111 93
220 44
27 35
605 67
549 75
221 25
697 29
496 100
681 78
587 44
698 50
168 19
642 14
483 97
147 80
670 13
641 51
573 50
325 100
626 62
615 12
6 4
101 72
697 72
385 63
477 19
613 3
593 70
230 12
94 4
24 89
120 35
590 71
580 98
528 12
233 37
300 50
377 14
526 99
17 58
415 83
703 60
348 81
125 97
338 19
412 73
69 56
51 96
439 73
571 56
135 59
274 27
136 66
163 98
620 83
173 84
78 86
137 58
86 86
221 10
56 30
257 5
597 17
108 41
118 28
613 29
614 45
447 76
399 46
170 51
115 2
491 21
550 94
308 63
492 30
14 38
602 86
210 26
651 52
569 98
59 31
309 79
504 77
393 69
188 77
441 69
530 84
490 19
308 38
585 28
402 76
297 83
303 31
686 19
62 58
428 17
223 20
666 5
336 3
276 80
209 63
399 63
479 27
223 25
134 57
243 22
475 12
423 76
174 15
695 12
340 41
42 41
157 22
415 56
166 67
444 1
375 44
305 35
25 52
72 32
533 12
54 48
185 98
503 23
18 79
156 33
291 88
225 92
431 85
215 27
549 56
629 5
459 30
79 80
177 81
717 1
28 9
193 84
629 77
261 90
99 5
319 12
142 56
522 42
406 5
409 42
31 92
156 50
440 49
288 20
552 57
147 10
648 62
508 88
688 31
429 22
225 47
103 57
702 30
405 76
684 87
581 16
226 9
219 53
270 98
712 10
236 76
46 21
680 90
571 13
583 65
656 67
137 76
93 89
625 37
20 24
263 18
158 30
420 75
628 27
292 94
216 61
553 13
17 62
425 25
140 38
62 93
556 8
54 11
284 90
666 88
168 52
115 55
530 58
157 91
227 75
587 43
268 81
241 42
108 98
453 21
154 88
713 7
82 79
530 32
200 5
598 19
597 60
675 89
668 94
328 66
241 87
71 15
633 10
1 73
432 89
331 81
119 27
376 99
33 89
609 78
659 73
581 3
510 32
224 21
357 68
182 82
338 49
17 74
227 88
672 85
98 23
700 92
146 89
179 68
555 68
363 93
339 22
280 61
489 5
413 44
220 41
471 22
16 60
415 69
560 82
400 41
175 12
557 16
635 71
253 38
335 16
251 84
427 69
66 2
197 92
126 64
677 82
716 92
490 68
353 30
28 90
657 33
249 34
411 25
171 94
652 84
166 75
333 19
393 75
636 11
98 59
515 19
498 52
133 74
397 91
556 96
99 83
389 73
56 61
280 57
561 20
107 18
450 23
132 86
196 16
686 58
351 66
345 93
125 98
615 54
56 5
314 79
52 66
469 7
25 95
455 1
150 82
453 22
237 38
448 6
97 12
483 35
107 98
569 57
65 50
627 59
614 42
92 7
257 38
147 7
79 30
374 26
705 27
398 4
709 84
71 44
623 77
171 14
47 44
370 33
93 66
286 25
673 49
86 25
678 53
7 70
344 93
517 96
25 98
539 59
619 54
370 10
102 66
481 100
420 19
211 6
460 53
692 99
464 67
201 56
506 1
16 97
656 25
649 36
539 19
29 39
603 62
239 4
50 1
507 69
407 65
226 7
370 8
160 22
24 57
314 73
677 76
37 65
134 52
268 98
168 35
457 55
52 73
652 75
63 5
182 17
710 60
494 18
568 41
525 68
151 40
489 100
217 61
263 73
137 18
534 48
462 63
30 34
614 26
149 88
83 90
138 2
341 65
491 26
622 6
58 84
107 68
614 11
380 88
480 35
236 47
316 79
588 40
25 5
57 64
559 27
428 7
149 78
91 27
480 14
571 67
191 59
66 72
649 64
694 33
168 9
367 19
39 25
615 58
498 68
153 28
120 20
408 95
57 39
129 45
372 35
606 99
670 16
51 19
616 79
478 67
426 6
241 12
269 67
230 68
482 22
183 90
360 25
636 16
79 67
468 83
213 89
657 37
553 62
303 93
101 55
157 43
372 27
709 73
441 69
336 45
141 64
544 5
126 36
185 8
420 65
221 43
429 41
443 71
530 63
277 24
584 83
452 59
342 93
298 46
1 19
641 56
233 46
634 31
447 89
323 83
479 48
69 57
267 95
529 15
136 37
582 39
360 76
717 40
228 80
71 90
605 49
61 14
477 53
273 8
77 11
635 28
496 100
113 83
139 53
679 82
587 3
556 82
554 97
66 99
540 91
541 62
647 85
490 89
496 53
252 32
542 85
517 89
86 65
191 54
425 12
16 12
331 74
216 75
522 91
510 38
404 2
440 63
484 9
89 73
227 10
40 49
533 2
455 2
36 3
470 76
599 68
164 89
254 38
426 94
653 1
602 54
654 34
29 13
456 15
245 66
63 81
333 19
403 43
221 85
409 88
684 4
586 24
271 57
439 68
348 21
6 12
400 74
237 83
203 55
178 62
14 74
93 43
192 59
122 77
283 12
344 60
354 76
538 47
708 63
45 87
105 32
245 23
190 100
543 80
236 61
652 45
559 15
17 63
194 77
219 93
469 73
544 20
31 81
487 94
255 47
190 32
382 24
183 50
172 85
241 57
504 32
262 13
692 25
414 78
477 93
685 23
569 40
484 9
167 46
717 66
268 68
102 17
238 23
276 51
22 75
322 51
254 95
620 1
669 79
93 10
377 62
537 46
332 38
150 10
207 58
247 57
549 50
594 43
349 54
418 67
439 46
714 36
2 48
271 12
479 34
179 44
79 53
26 62
201 33
603 82
133 76
62 76
398 66
181 27
409 25
234 100
142 64
83 92
715 97
649 41
497 95
694 88
445 38
337 46
638 7
54 32
493 34
403 50
195 25
84 29
46 30
194 57
658 93
10 96
477 5
136 34
185 83
559 32
559 31
272 55
475 74
499 24
689 4
422 46
234 15
620 23
676 70
346 71
390 39
74 95
31 63
455 57
156 58
674 90
576 59
423 88
360 100
286 87
181 12
345 40
651 91
38 57
640 79
267 8
334 92
499 20
589 27
90 36
158 43
566 85
182 53
419 70
113 48
172 21
644 73
388 93
24 82
171 2
397 8
555 21
187 84
181 34
219 88
227 91
13 73
92 76
164 1
73 18
272 4
414 8
604 54
669 70
583 74
566 45
678 84
617 78
657 69
605 54
515 20
571 90
545 46
165 78
485 68
691 64
668 88
255 93
430 33
38 69
48 87
371 50
332 80
69 79
685 88
124 95
329 29
357 87
108 17
204 75
106 68
711 92
606 41
115 49
159 87
351 1
6 80
423 31
428 79
131 43
154 92
453 52
675 56
192 57
627 82
385 6
333 80
441 10
24 47
667 70
368 9
435 53
610 98
212 79
548 27
523 86
182 50
66 100
403 46
231 5
498 90
104 70
569 44
117 28
510 25
708 29
359 79
680 76
64 56
297 16
661 23
595 5
391 34
326 1
204 64
416 76
356 95
645 96
234 90
50 87
370 55
591 89
390 52
653 3
405 69
203 62
442 82
153 90
490 76
12 78
21 28
423 60
116 36
368 31
403 95
618 16
552 18
116 35
5 92
322 78
317 45
240 12
665 18
547 45
369 45
360 27
93 20
144 67
248 8
411 91
268 74
535 26
333 82
628 14
486 52
532 12
260 96
149 49
456 17
167 95
288 62
613 65
606 49
592 78
310 91
120 79
705 78
325 11
484 72
527 23
584 70
579 39
589 61
51 84
431 79
617 39
641 12
238 8
588 59
417 72
56 66
106 83
141 28
639 44
325 73
559 80
569 6
56 80
623 88
437 9
658 49
257 72
371 7
396 34
131 48
39 52
218 60
179 57
592 24
55 80
617 77
303 70
104 38
538 34
517 29
611 2
499 87
413 7
354 88
587 28
419 75
63 50
130 84
147 25
653 66
316 20
327 80
605 68
273 4
398 96
566 63
585 63
468 85
199 56
382 54
133 14
155 95
344 37
148 51
126 47
217 55
50 98
335 2
384 20
230 46
448 76
322 42
420 83
368 78
625 61
490 85
500 66
365 32
520 57
374 89
69 19
156 77
119 56
412 22
642 28
656 68
22 56
119 42
557 17
32 92
448 23
711 28
426 26
465 78
391 64
310 55
207 78
249 70
507 76
243 16
691 70
146 47
243 79
114 90
149 48
90 77
23 13
343 14
716 84
95 71
554 89
352 11
389 4
40 93
229 61
155 94
112 97
105 98
135 61
597 54
89 2
11 6
400 80
414 59
84 43
595 41
477 50
26 69
67 57
297 29
314 37
101 21
183 9
17 18
687 5
269 64
148 21
681 27
698 90
638 63
652 38
391 5
255 63
512 36
39 74
682 67
136 79
625 18
162 46
337 82
527 24
13 76
677 68
225 6
666 58
13 18
253 97
670 65
146 21
480 84
281 5
395 79
305 22
702 14
482 53
509 99
314 68
408 73
162 33
195 31
564 66
694 95
477 56
193 15
117 23
684 8
277 96
344 35
591 25
108 81
269 19
140 94
563 81
451 16
311 9
481 16
229 85
684 80
588 59
658 96
52 79
701 4
697 99
418 88
521 40
311 45
183 63
582 16
109 65
440 73
100 10
555 7
36 57
256 81
50 99
600 83
384 47
400 12
133 25
615 40
400 16
