8486
1011 68
728 56
1093 4
881 66
980 8
1442 81
477 18
238 81
177 43
412 94
739 19
935 21
431 98
103 17
1324 41
1506 39
1466 24
211 82
1695 58
1661 89
1528 43
1022 72
596 11
525 34
471 71
678 48
672 23
1261 93
1201 34
247 56
494 70
1249 51
800 36
122 64
513 56
416 70
208 80
780 80
1645 100
399 46
6 95
996 68
984 6
1409 46
1333 27
557 1
528 94
1452 46
1565 26
1599 48
1643 76
1257 18
647 22
51 53
1661 92
243 75
485 21
778 67
1155 79
1232 11
201 75
1537 48
300 52
85 79
1464 71
621 26
966 49
40 14
294 88
329 89
359 92
258 16
1085 10
1393 18
1180 22
810 14
1498 44
1459 95
1188 26
216 78
1382 67
1177 71
251 12
151 50
123 26
601 15
360 1
452 46
1225 4
806 70
1217 11
895 18
459 3
468 14
827 77
1606 27
1454 79
1326 37
216 48
762 87
197 26
485 47
441 71
325 6
945 70
38 25
427 84
421 40
1242 49
1689 5
619 21
1212 45
962 52
1461 37
1390 55
791 37
537 10
587 17
1341 89
1573 58
627 52
890 92
20 10
983 8
456 51
591 29
226 46
677 44
1142 96
501 37
223 69
13 18
913 35
411 58
149 22
430 17
664 19
1404 51
227 67
1059 18
915 89
304 60
1424 89
1217 33
1238 79
426 78
468 58
148 16
1268 13
556 9
89 92
353 95
285 75
542 14
653 62
1408 33
239 32
1391 5
277 16
1324 34
59 58
298 72
123 91
1690 68
1288 10
1336 31
1686 94
1692 60
924 34
1595 32
809 70
336 99
1646 87
1538 29
466 60
440 8
663 43
1408 9
1290 67
690 78
1536 55
1387 18
1038 19
506 75
19 24
160 16
1313 32
862 78
967 82
837 84
822 23
1240 7
1366 35
10 87
441 48
1334 87
481 86
1226 14
1457 73
439 3
1559 28
677 65
1310 79
416 72
1506 19
1580 9
277 34
1043 57
246 75
26 13
932 18
620 92
1576 58
34 43
390 25
1078 10
46 18
729 72
410 38
1569 24
1117 89
949 65
241 37
1438 50
1496 65
1000 81
727 54
646 76
603 38
1106 94
918 86
364 53
124 17
562 79
136 100
455 2
760 90
689 86
1217 53
1362 91
748 63
1238 87
203 47
1114 12
1050 83
809 96
1489 86
853 24
259 12
230 13
1516 90
1187 59
1436 95
635 59
1670 24
1471 22
660 87
1656 56
1295 3
472 25
451 50
1438 88
1117 59
23 6
1183 58
494 88
856 1
1064 29
1302 62
461 3
1267 64
912 97
1192 23
1637 90
1182 80
1042 18
594 67
739 27
458 78
1595 37
861 80
634 77
81 32
111 22
1328 32
1258 11
1507 60
1676 38
1201 12
309 33
938 13
1238 71
742 49
18 19
1257 22
1609 9
651 99
1088 8
731 56
392 72
99 73
461 94
720 71
884 30
1074 94
527 36
396 65
1146 45
1386 82
1645 1
1667 80
1470 71
1611 63
629 81
583 73
1379 92
997 97
1296 36
42 43
661 70
20 63
1582 37
1130 45
910 82
520 67
1190 84
46 12
1585 90
616 100
1331 11
208 59
917 74
617 92
464 48
385 6
71 92
1006 34
1494 65
356 39
227 22
888 25
500 83
391 77
1582 83
226 90
1586 51
1082 36
750 47
364 94
102 44
893 93
1422 4
209 72
1290 72
1483 83
1008 53
147 77
1456 54
124 39
739 66
1411 87
985 46
1601 20
1500 98
122 13
633 98
1690 78
185 85
456 11
835 94
69 35
81 95
699 14
162 88
762 10
1407 3
247 61
1114 45
422 29
157 23
1463 62
1137 7
1211 82
1666 64
445 86
444 73
1309 53
766 83
99 80
536 54
1568 63
35 2
1433 44
974 59
1617 74
328 65
1199 95
677 42
618 17
611 14
383 21
949 78
327 3
1399 73
1664 57
335 51
110 63
78 57
1336 82
1599 35
1082 75
1230 64
1235 95
192 68
194 93
1567 86
904 99
982 45
1091 100
882 67
5 73
544 74
856 29
814 45
518 31
539 46
246 7
1420 14
1104 79
486 66
754 27
151 14
307 12
1632 10
1314 77
1548 47
1226 30
357 13
814 14
920 84
775 33
980 20
1427 79
16 74
487 78
618 80
1646 21
16 78
1619 72
42 54
1613 39
646 93
894 33
1026 89
646 51
601 65
594 11
73 25
508 19
203 8
302 93
1376 58
1637 86
670 29
127 14
937 3
1058 93
1137 90
1117 27
873 15
1124 4
235 34
114 24
899 16
1402 88
771 88
323 14
658 89
907 99
229 24
304 85
561 43
207 28
568 18
186 15
1140 74
1692 14
1108 35
1088 92
1600 27
881 89
1005 12
882 69
103 66
486 29
265 1
349 56
473 98
430 84
1627 18
626 81
1238 38
1391 30
405 60
1027 73
945 88
1024 75
311 42
773 51
608 23
612 26
412 27
1162 19
1344 35
1041 26
1000 89
1238 42
253 52
771 85
1343 98
1312 53
421 86
316 71
1185 72
512 71
134 61
466 30
1052 29
1119 68
1653 38
1669 73
785 31
1252 64
369 4
1204 84
646 45
893 91
355 94
954 36
773 27
875 50
533 42
566 42
1029 7
1164 99
836 38
801 29
627 55
690 30
69 17
1321 49
75 16
1514 16
1374 36
169 13
627 39
125 48
1270 4
1153 57
1083 55
1188 58
192 18
960 20
110 22
588 37
1475 83
427 44
1346 40
341 96
1691 13
1050 94
29 5
345 27
1046 95
846 29
1011 20
1180 44
1607 59
1082 42
904 30
1564 94
368 18
46 21
75 100
1573 1
436 50
1519 44
1286 31
330 78
1530 52
486 6
1688 64
75 62
366 79
349 18
1664 61
1551 24
367 75
1529 88
1446 75
1514 77
254 96
803 28
1626 46
783 82
269 62
1508 27
867 3
1566 73
343 95
169 35
53 57
46 3
161 25
1340 31
149 55
826 22
960 28
1022 81
16 7
1020 80
299 62
112 55
1228 4
428 59
118 35
1277 100
61 19
223 63
1224 57
130 26
1334 76
105 89
418 47
1518 68
610 17
1355 74
997 9
209 47
1487 30
256 22
225 8
1159 41
202 89
1557 68
169 16
58 22
1330 91
320 83
957 85
375 26
40 59
694 87
1151 30
1029 1
1503 28
1591 14
135 83
1586 15
1110 53
286 49
249 77
698 91
1034 83
1020 22
531 63
1148 5
766 58
1310 100
1595 100
774 89
221 93
276 15
24 22
431 24
1137 16
440 42
324 25
1423 72
1410 95
438 5
459 50
699 75
770 87
722 96
1487 28
805 68
530 100
775 32
1514 73
287 36
1452 24
908 52
350 88
1460 21
686 76
71 9
1421 67
1645 80
885 38
1579 36
334 48
769 93
656 81
1593 96
644 35
451 6
359 52
609 37
561 8
1399 34
1052 15
946 57
737 12
427 66
952 48
1553 2
839 17
1482 24
1018 79
1537 57
841 94
841 34
504 64
943 11
1200 78
1325 39
40 50
938 87
1621 19
748 45
1176 71
776 80
373 72
789 44
810 47
1626 67
877 11
259 47
1255 4
831 21
956 4
220 91
559 98
1382 91
616 4
1456 8
1255 60
826 60
310 69
1456 48
1234 96
1007 53
196 68
1095 35
1356 49
1017 69
478 93
1152 68
645 59
1190 86
642 60
942 94
169 73
424 58
820 60
229 81
1380 85
309 22
1663 26
442 42
1571 14
1384 82
1352 14
1534 67
1406 65
1524 59
885 59
517 77
1172 36
1317 85
1428 43
813 49
1345 75
1225 96
1645 32
304 18
1304 29
418 62
467 86
45 98
1360 54
310 1
353 9
571 8
1097 50
1590 23
905 97
431 33
79 79
1385 8
856 87
20 79
684 92
997 31
512 22
455 90
1274 70
411 43
845 75
674 47
95 38
180 84
420 61
1268 61
780 4
433 24
386 58
1519 21
1355 59
339 47
1187 82
11 94
233 18
272 98
1377 97
702 26
163 67
326 70
164 76
1579 24
641 18
1639 95
674 97
864 6
1220 91
231 16
750 30
233 74
1343 28
57 62
981 26
1065 68
1069 67
1250 42
1305 64
1377 43
506 61
1343 74
602 82
851 13
37 77
608 23
1077 53
1428 61
878 20
558 48
625 47
113 94
396 25
712 4
889 31
518 94
546 8
913 86
780 54
600 74
562 20
707 34
1273 42
1587 72
1196 19
1028 2
1401 94
1512 43
235 7
650 74
1568 18
645 61
270 84
144 75
96 5
195 59
1252 71
822 70
544 22
445 24
353 78
384 5
182 78
19 80
1596 52
1564 3
1129 85
1239 74
1608 38
413 54
913 5
1565 79
1280 18
1690 95
806 52
1213 6
1205 15
374 8
1183 8
911 9
597 64
1630 15
1622 74
1104 99
839 1
502 15
297 1
1256 72
886 89
1018 21
630 13
779 80
254 57
749 68
785 45
1062 81
1260 20
1200 62
1244 56
1363 15
1385 56
933 70
1501 46
226 43
478 29
487 43
1334 13
99 96
1689 9
466 79
76 36
311 46
754 58
1277 80
530 6
426 86
1662 66
1442 55
764 54
1198 30
1464 23
945 36
930 77
1258 77
1308 34
1313 9
626 18
163 88
1196 71
888 94
880 41
1583 22
654 60
1373 45
743 1
594 9
409 85
266 15
884 50
152 70
882 35
1460 5
1535 90
329 67
259 65
1465 13
73 93
742 25
1548 30
1003 6
828 98
307 69
288 25
1385 37
980 78
1025 90
801 61
246 54
425 47
1105 4
1057 74
867 53
1259 33
41 61
1047 73
231 74
78 32
920 98
205 7
1549 2
275 17
1103 72
1070 9
250 85
71 47
188 4
779 15
1222 67
1463 94
1120 3
689 19
1620 90
461 77
978 12
953 63
1423 38
1651 16
163 45
194 84
465 27
1260 85
1285 79
1307 73
1131 69
698 29
1266 43
44 6
184 22
1024 82
1119 71
479 44
881 72
336 14
241 75
1489 45
52 42
845 21
643 37
340 89
842 59
1111 95
1508 30
761 33
1378 33
214 85
1385 39
1006 20
1161 31
317 6
796 21
770 58
407 18
698 35
1586 93
1137 96
418 17
1608 92
186 3
1452 6
133 73
454 63
1132 74
142 51
113 3
1638 97
1493 78
260 79
298 32
511 84
489 81
1279 4
1450 56
592 27
53 21
1304 49
1529 37
1160 5
1192 61
1310 62
460 23
1160 47
1141 74
312 35
1165 34
5 7
1036 100
199 66
1348 96
568 99
888 92
594 94
403 20
197 33
1197 54
189 56
481 5
1030 12
1348 42
167 40
68 29
1070 36
492 69
1042 64
1468 82
1557 62
670 65
968 62
1401 24
1068 10
47 15
973 64
296 78
1293 18
1527 31
916 20
582 4
268 5
86 55
1253 61
1497 27
192 30
1449 60
750 84
524 79
770 48
401 40
253 18
1037 95
1282 42
878 35
1194 8
1422 49
1417 43
871 72
1397 65
240 73
747 82
983 58
135 29
9 89
681 72
1478 25
914 1
1636 57
1487 66
1589 13
1069 97
117 54
851 25
132 13
1080 44
175 64
1114 85
1653 56
1164 91
938 26
1608 26
285 88
648 36
464 97
1362 72
334 33
130 32
1087 14
227 19
955 85
1158 78
837 28
813 41
1680 77
1126 84
1070 86
545 52
550 72
1135 2
1312 95
516 93
455 53
914 62
1435 86
1410 76
923 81
1631 94
1586 53
1147 11
358 59
1574 72
418 82
1590 93
582 64
301 46
807 32
518 15
1452 45
605 5
307 56
1293 47
96 93
429 41
501 47
587 95
543 39
1517 69
249 88
475 49
198 86
429 8
735 19
333 80
1437 51
1112 17
46 52
1351 40
1387 20
433 54
249 44
48 10
953 14
142 43
733 30
1599 3
64 87
769 50
1109 4
390 66
1033 90
901 45
895 32
34 26
1216 15
744 73
1149 45
485 63
382 70
1580 10
315 80
831 98
508 65
373 23
1233 71
656 42
1110 94
1510 30
1298 87
656 13
825 43
1636 34
20 70
1421 83
1286 65
1328 67
681 42
521 48
1612 15
365 14
812 3
1059 27
1604 47
79 10
1126 8
49 59
1396 58
1034 37
1014 14
577 10
901 65
1574 8
1249 81
772 22
708 79
536 71
945 13
1571 74
1500 62
1454 1
385 13
985 1
382 45
1378 7
243 66
1216 36
566 98
310 10
872 16
800 28
171 65
1084 95
731 20
305 38
1351 30
605 27
103 76
1107 46
681 81
299 11
456 66
1648 90
853 26
173 69
150 61
989 90
1166 25
741 35
430 32
1098 43
318 41
1033 26
62 62
1020 50
1013 36
76 51
1513 26
1064 58
555 32
459 99
531 56
1037 26
1305 21
409 96
1540 49
1051 15
1061 41
1010 19
1197 91
1640 82
1350 24
50 93
1688 32
1577 25
408 48
1090 28
784 38
676 15
1498 47
228 72
1212 76
1601 1
1625 72
1552 100
334 61
1494 10
893 84
1251 82
847 85
185 78
303 22
1360 14
1217 30
1370 90
1398 55
684 5
1533 96
784 44
1649 55
1498 73
1132 100
1094 51
259 54
805 21
676 86
135 7
1154 38
1527 40
835 5
301 28
1222 32
974 87
85 80
227 38
903 83
689 63
1551 57
931 27
402 96
16 98
240 59
1197 36
134 68
1486 67
293 58
234 41
920 12
34 60
410 35
637 96
497 91
777 91
1472 81
721 71
987 47
873 93
80 61
300 43
1429 51
1285 25
794 26
164 74
712 69
1566 93
629 84
1530 34
176 53
361 38
278 21
1583 27
285 1
298 10
1609 9
715 48
685 75
336 1
1004 99
1619 91
949 4
534 91
285 43
1126 53
335 96
1067 6
427 74
565 75
955 49
1503 89
64 4
1377 38
1481 70
749 86
149 11
335 89
1375 47
971 44
54 47
136 8
603 91
1502 90
609 3
475 19
818 99
1429 59
1313 60
61 17
428 18
287 47
565 17
573 93
55 78
557 41
1121 87
874 2
784 69
1355 19
1199 84
1098 97
1009 87
147 79
1184 91
1464 97
26 71
1408 17
273 72
148 13
1212 28
1076 90
814 59
1178 57
71 82
1253 79
177 99
1535 93
712 29
1655 15
242 65
1431 77
1457 83
751 4
1465 60
1447 42
990 27
361 60
1149 100
179 86
523 5
988 42
837 15
408 2
1638 21
1642 9
669 11
235 18
1090 49
1515 68
505 78
985 19
1368 75
580 46
1673 55
149 97
804 56
424 76
1483 35
1465 55
1358 37
334 32
717 87
270 39
548 14
412 82
782 64
1228 57
257 87
1559 40
536 36
1042 55
1507 12
932 61
742 79
1491 96
1394 68
1502 50
892 74
66 56
6 92
131 12
304 86
888 95
1628 37
240 20
282 4
892 2
1144 73
5 42
1201 49
696 76
1435 86
1560 31
570 50
1284 61
507 36
745 8
429 32
104 79
1110 63
942 41
424 19
546 7
627 12
705 37
911 15
975 34
1058 67
246 76
869 2
1470 51
298 68
371 97
768 18
1403 89
793 33
1687 55
362 1
274 40
1483 13
1124 42
1109 89
313 20
756 3
1124 30
830 65
708 1
668 66
402 69
1206 29
1446 39
341 31
139 74
1523 96
79 46
140 52
1336 12
1525 72
61 61
274 76
540 52
602 50
301 43
1387 58
1167 52
946 63
1093 14
1397 23
271 23
1072 37
107 34
1185 88
198 83
734 48
402 2
1282 50
1569 41
663 27
1286 61
606 45
946 53
1239 66
1320 65
1528 55
1397 3
1401 61
255 69
1663 40
1122 35
623 73
1676 66
1217 59
665 10
1556 75
32 30
104 94
1060 36
1074 14
309 31
1484 26
472 67
1664 1
1227 52
1625 7
1453 50
1383 94
692 2
1316 6
1228 39
427 20
1369 62
1515 65
1576 28
55 72
748 47
327 85
1573 76
341 74
811 43
1452 31
80 77
1423 22
1154 26
981 57
767 66
412 86
1287 15
1415 54
19 67
1141 32
1319 16
42 60
1338 41
764 26
1514 10
1410 61
497 80
1068 39
808 13
1561 32
123 19
1682 48
597 23
573 21
841 100
1599 47
666 38
1625 71
962 66
607 78
971 40
229 15
1409 88
278 9
241 79
1547 61
4 16
251 93
1306 79
239 8
1178 82
1155 26
1669 91
384 32
686 33
505 17
587 63
183 48
779 40
963 91
813 30
419 26
1144 83
384 94
19 35
207 36
500 72
140 84
1048 60
1695 71
843 26
453 10
509 94
726 6
1292 43
1378 78
7 97
243 33
360 88
1195 54
1238 97
752 84
347 18
1000 24
1169 32
1667 69
739 1
604 17
652 31
1663 86
1367 26
777 72
516 51
570 91
1302 95
1642 76
304 57
1405 87
469 2
1196 52
1190 20
780 96
888 75
1282 1
1270 60
92 56
1219 77
496 26
164 75
935 52
1398 67
246 26
1618 11
1113 4
1199 30
24 90
1352 73
1548 39
975 56
1418 33
576 12
1276 77
247 76
974 93
629 85
187 100
1021 49
1560 71
1219 75
1032 83
894 29
1618 51
368 92
409 47
1143 28
228 71
1408 15
1177 92
463 88
138 80
514 71
827 67
725 22
473 91
726 87
614 14
490 29
1126 41
443 11
837 35
1469 46
1518 93
183 87
589 21
1354 96
438 32
1313 2
34 90
738 73
496 98
1620 55
83 30
1632 9
1493 25
1592 14
1036 87
220 50
1455 66
641 58
993 44
153 93
1036 19
1600 52
1052 95
1257 27
1116 7
821 100
109 99
327 46
108 19
22 77
1680 15
421 6
1090 6
1039 72
350 32
472 44
52 7
1058 92
191 56
1171 27
139 13
1001 19
1072 51
670 11
222 10
1466 88
295 82
696 44
302 19
1067 3
646 74
1562 7
1082 6
395 76
679 60
559 88
1544 51
1052 26
1643 18
1064 77
210 57
59 43
1521 86
647 88
991 77
762 38
760 11
1546 1
803 95
578 47
185 44
1100 97
1279 14
1271 1
317 29
511 23
61 35
1469 44
617 42
238 64
828 47
672 82
229 16
846 30
1195 98
1687 76
414 20
648 74
1678 56
478 44
944 60
951 74
517 55
740 69
1192 58
185 78
1327 4
1636 75
315 74
1158 52
1040 95
772 46
310 96
664 27
1696 37
86 70
1380 29
1021 48
151 63
1015 1
1344 65
1107 66
1537 46
1156 11
35 56
1491 43
547 35
1099 85
1447 75
163 56
1695 63
1590 41
1592 92
1102 53
430 39
1229 49
127 22
1166 46
896 37
911 92
1272 61
1185 8
1080 92
1396 79
902 82
619 20
784 12
636 40
20 45
863 25
199 89
1098 66
1690 47
1337 83
1462 75
1327 12
1136 42
833 58
347 44
201 45
1694 49
20 87
1039 66
425 49
137 47
82 8
797 47
455 2
1492 77
387 33
596 52
865 85
269 70
13 85
1005 99
1284 62
534 26
1486 83
1281 1
1434 51
818 36
378 15
1081 1
1621 53
1171 85
548 43
624 14
415 38
1359 36
767 74
1611 36
1347 37
1129 21
1590 44
113 28
600 93
1284 75
1015 50
408 15
255 13
