778
142 25
114 8
127 92
142 73
58 16
133 75
12 68
150 12
29 88
139 73
78 45
105 38
50 23
141 3
50 11
75 85
37 86
137 39
8 96
12 67
130 15
44 4
1 25
119 22
90 29
154 84
99 34
48 20
139 47
132 49
100 44
80 36
5 83
94 70
58 9
94 92
102 74
102 89
76 63
59 20
53 32
128 69
97 48
40 67
96 93
48 35
89 95
20 31
66 96
103 41
71 46
22 55
154 5
24 73
35 4
21 70
3 57
156 63
39 44
40 48
106 98
101 32
72 4
84 8
71 52
46 53
77 35
14 64
112 7
66 5
66 59
117 45
68 40
126 24
64 5
132 46
42 77
120 26
135 77
140 30
153 7
89 29
10 70
12 79
104 91
3 52
78 74
151 23
96 64
34 56
124 25
110 97
93 93
100 86
16 5
146 36
29 74
27 14
51 43
108 66
69 84
27 42
106 55
100 80
77 47
108 73
140 62
139 46
79 2
64 68
83 13
39 3
106 7
32 65
31 81
75 68
55 22
30 77
64 92
79 36
74 32
116 15
143 21
46 25
139 72
40 71
152 88
138 30
122 1
47 93
33 56
88 59
46 84
121 63
8 55
149 80
72 55
146 67
14 4
17 50
146 41
54 30
3 50
83 50
30 13
155 77
15 86
64 19
12 27
156 76
63 7
28 50
57 93
46 49
148 34
92 36
156 10
48 19
130 65
142 74
57 6
81 3
16 77
132 82
10 84
96 49
126 85
88 49
97 39
47 88
155 49
43 58
101 46
48 61
117 83
47 75
15 26
143 49
149 19
111 20
72 3
80 88
25 34
106 80
95 21
78 8
57 91
3 82
90 22
43 52
65 61
146 43
125 86
111 99
42 19
68 66
149 85
16 6
152 1
66 44
26 37
134 35
99 36
119 44
144 50
122 8
120 28
116 44
148 90
44 88
97 29
68 71
102 47
17 50
148 5
91 95
121 98
122 25
139 26
153 37
54 68
122 8
34 33
48 41
111 68
133 22
12 49
26 85
125 51
120 31
21 58
109 89
149 10
23 69
52 7
40 6
59 50
92 61
133 42
151 65
37 90
89 28
68 63
43 90
138 39
133 20
101 62
55 33
6 29
141 54
26 73
64 98
82 66
69 20
114 73
129 61
48 43
121 83
126 48
19 26
96 38
123 47
20 2
17 44
62 54
120 45
74 72
94 59
90 55
57 74
129 57
38 92
72 28
142 73
135 62
58 20
85 73
40 61
39 81
64 53
3 63
22 82
156 37
137 86
43 28
111 87
98 92
156 43
54 28
137 62
74 64
17 20
126 57
26 86
134 73
29 69
44 92
149 72
27 11
31 28
105 8
135 15
113 56
83 79
3 23
31 6
14 93
38 61
56 5
7 2
20 38
51 19
140 4
92 64
153 26
52 83
129 55
149 53
7 93
16 69
88 12
85 96
121 56
94 81
20 21
5 10
138 5
151 48
26 52
53 2
68 78
70 53
83 86
146 1
42 8
76 51
113 63
89 18
45 42
37 18
69 66
33 17
98 68
31 88
98 93
25 4
60 10
118 60
23 65
15 94
103 99
107 9
47 72
3 48
150 42
35 76
143 5
141 47
123 37
72 68
147 46
148 58
47 77
143 3
121 51
25 57
96 89
3 93
116 22
153 65
39 6
25 98
46 2
44 73
139 7
97 66
101 72
67 46
11 5
121 5
32 80
12 98
119 74
12 60
30 33
16 74
15 1
95 51
154 93
86 100
97 8
19 72
97 61
6 84
133 50
45 61
39 72
149 58
101 69
51 84
127 59
62 6
43 100
116 46
64 97
33 37
151 16
93 28
119 56
93 75
103 53
95 85
74 46
2 19
126 81
2 68
41 4
115 56
80 64
144 36
149 32
137 67
40 100
71 81
94 81
123 15
130 32
12 41
146 17
4 57
37 67
54 88
76 48
28 9
49 81
86 57
52 21
91 57
133 78
119 18
82 76
52 36
107 23
66 80
151 28
139 93
24 83
70 75
17 15
126 4
81 22
133 59
2 73
83 67
142 12
86 65
123 47
24 54
112 39
69 3
105 85
148 66
8 34
91 14
138 97
151 50
148 98
88 53
34 47
6 2
69 33
2 68
63 58
52 94
45 12
124 65
104 22
59 73
133 95
50 91
151 87
50 12
6 49
111 62
83 98
37 36
101 39
35 90
6 53
109 69
34 46
68 96
148 37
123 86
56 84
48 77
35 18
56 63
115 83
33 55
98 50
67 6
40 33
61 88
84 86
70 78
56 29
8 23
147 24
100 62
155 50
31 81
19 5
113 87
116 43
15 31
141 26
114 52
32 78
49 83
88 23
98 58
104 8
150 53
65 10
91 58
151 97
17 88
111 61
151 68
104 87
37 100
130 69
107 4
112 1
45 35
113 69
74 93
43 53
82 78
62 71
94 46
71 4
81 20
83 15
73 95
137 83
95 75
10 5
62 73
35 46
74 41
37 4
151 37
141 33
64 71
21 82
116 37
37 99
48 70
133 98
110 67
106 77
142 52
74 2
119 100
145 77
10 60
143 55
122 20
5 52
54 57
141 5
103 89
108 70
4 2
14 78
3 63
67 69
3 38
66 60
111 65
45 11
13 12
58 15
14 53
110 19
151 92
99 1
3 45
135 51
145 97
126 9
89 85
35 46
110 66
135 90
45 10
79 34
151 35
74 29
75 65
122 54
119 74
28 76
21 96
10 52
56 38
130 77
42 65
67 13
120 76
66 20
67 48
73 43
40 93
119 31
156 32
114 72
147 83
39 77
72 22
84 8
38 64
42 27
52 28
100 22
37 7
132 2
115 17
21 51
40 57
30 4
1 46
135 76
106 51
6 28
34 83
24 93
6 80
69 33
135 6
89 38
71 13
1 77
24 33
124 46
68 41
100 54
88 20
134 93
26 18
93 81
66 37
154 30
38 82
137 1
83 100
54 42
44 41
20 80
97 53
95 8
39 43
60 80
70 73
35 60
3 10
70 56
102 24
23 28
134 97
23 27
70 73
93 20
112 68
3 45
77 66
22 14
21 83
5 78
79 19
63 15
119 37
40 77
81 78
77 32
101 99
85 48
52 3
40 60
19 86
57 63
109 46
21 61
89 10
45 17
78 22
61 43
77 38
83 61
58 44
82 37
140 92
120 76
73 83
60 47
80 47
117 4
16 90
6 51
47 29
52 82
77 40
3 9
55 55
63 54
52 6
12 17
116 68
103 40
132 96
92 19
153 19
28 38
148 19
40 25
16 90
67 45
72 94
122 3
45 73
81 48
52 11
98 80
143 9
127 1
149 46
54 96
10 36
147 100
137 42
34 97
18 22
65 17
99 16
113 35
64 99
25 67
35 97
14 56
129 57
105 99
140 11
154 27
80 51
89 19
154 31
55 5
95 75
51 88
94 96
146 88
149 57
51 67
85 85
122 56
17 25
79 16
76 47
11 31
156 38
64 26
93 60
34 62
87 80
30 13
91 45
60 16
3 46
9 61
55 80
154 10
100 59
73 22
100 37
35 15
72 40
122 8
52 99
151 49
106 52
32 17
121 92
79 65
132 13
125 99
11 63
17 95
86 6
90 55
74 79
50 63
30 50
15 40
58 40
104 48
83 40
137 17
131 24
35 13
9 72
128 66
114 34
34 46
43 65
105 76
8 22
55 38
135 6
32 60
150 77
141 6
139 70
103 81
126 44
116 49
39 42
45 1
11 10
156 10
83 14
79 5
100 65
88 69
140 19
5 43
61 88
60 31
117 74
74 49
100 87
113 73
4 54
122 53
77 83
14 6
18 80
49 87
44 28
19 14
79 71
13 17
39 69
149 3
19 53
92 35
5 15
81 1
153 33
117 69
113 61
58 25
74 77
47 21
125 5
146 19
62 26
132 51
48 92
9 24
53 17
126 98
78 11
155 31
86 1
47 83
53 66
22 35
91 31
31 35
85 54
15 43
87 41
61 94
51 14
31 20
121 32
40 99
136 35
10 81
32 32
100 74
38 9
11 69
114 60
2 29
129 33
4 65
6 51
135 25
72 39
132 50
47 49
86 57
141 27
59 75
80 6
63 43
28 7
88 4
79 62
50 91
10 71
19 81
104 5
118 27
95 92
22 74
129 39
134 94
54 37
25 30
59 23
33 53
44 33
13 7
96 20
72 22
14 25
76 9
41 20
25 45
17 99
23 15
141 55
139 16
54 24
67 50
103 82
122 100
56 8
64 38
30 70
46 50
64 16
140 68
131 97
155 6
52 31
55 2
125 58
60 82
84 6
13 8
135 71
23 16
149 75
106 88
135 40
64 39
150 82
6 65
36 42
31 48
151 16
6 53
48 92
116 66
63 58
76 1
118 29
38 27
9 99
83 34
106 34
71 67
69 39
110 33
13 5
72 12
73 55
43 99
148 17
34 55
37 1
2 82
18 91
96 46
67 15
65 72
143 60
49 71
79 32
10 67
20 82
99 47
67 1
81 24
10 96
94 88
29 6
99 85
98 28
23 1
8 53
36 89
22 13
92 93
155 65
115 91
3 53
27 13
80 53
41 97
103 88
12 34
3 21
30 82
83 24
84 66
126 10
63 31
155 32
41 63
21 72
150 48
124 65
9 99
100 78
6 77
62 54
83 11
126 29
76 17
33 15
70 28
17 19
95 55
127 1
57 91
49 46
109 9
18 56
94 80
152 54
15 79
142 44
77 80
76 64
59 14
155 40
74 27
60 100
148 67
152 23
32 64
154 6
154 47
32 100
132 6
101 31
83 96
40 29
94 84
24 33
93 55
53 86
23 92
75 36
37 34
69 57
93 84
139 1
110 17
155 76
1 11
70 34
82 38
79 25
133 83
61 75
34 100
71 56
53 61
123 9
94 48
3 71
143 4
76 23
21 98
13 70
129 95
119 92
83 89
156 95
130 96
66 43
83 64
101 31
30 76
136 71
89 92
8 31
135 58
134 66
132 11
11 20
117 28
75 27
125 99
72 76
84 81
108 95
75 51
104 21
68 43
146 30
93 46
118 12
16 8
51 3
114 24
25 98
95 70
8 58
6 67
58 71
90 10
104 37
28 52
108 24
74 63
3 88
78 20
148 21
137 9
107 80
82 67
64 48
130 40
77 15
97 27
120 38
42 23
67 90
71 83
125 68
121 71
62 22
154 66
46 100
11 14
72 18
46 7
152 5
1 28
115 47
145 85
28 26
12 96
142 17
7 78
107 29
18 98
71 81
30 76
12 94
45 33
95 55
61 24
109 26
16 2
76 66
156 65
128 46
92 34
53 6
50 10
81 70
121 56
86 84
34 10
42 99
117 100
20 69
113 17
87 28
83 51
39 16
57 2
59 7
34 27
70 66
21 66
89 21
1 17
105 92
147 56
35 59
110 59
154 27
3 46
82 41
126 31
87 30
130 81
143 29
33 18
139 96
29 61
28 30
30 44
42 74
144 28
54 89
139 99
83 33
156 65
57 3
105 31
65 30
138 70
54 33
128 38
72 40
16 18
91 12
79 26
134 3
31 52
54 43
79 19
155 100
36 71
4 33
8 42
2 25
141 69
38 70
14 9
119 58
62 84
50 21
105 35
85 31
130 96
28 82
112 94
148 19
52 27
22 1
125 81
108 18
126 8
115 3
43 41
94 16
144 45
58 6
28 36
23 40
9 76
3 97
7 3
92 31
74 18
150 46
73 18
54 78
140 55
13 86
57 13
92 97
119 11
71 72
10 1
130 70
45 16
48 4
58 25
147 68
19 50
71 100
134 76
153 79
47 59
39 61
61 85
82 78
19 79
26 64
19 2
58 48
71 46
14 44
112 53
53 62
29 92
72 94
71 12
38 70
3 33
24 72
153 24
55 38
24 10
104 45
141 55
44 85
85 32
154 11
72 89
43 21
106 62
113 17
90 100
63 88
36 31
68 53
130 52
135 97
68 42
17 89
33 25
33 35
42 88
47 35
56 10
13 13
2 67
33 78
7 43
77 39
134 75
6 100
102 78
127 64
135 9
15 55
9 82
87 59
37 10
67 75
94 40
66 21
99 5
147 81
125 58
146 88
101 46
103 73
101 20
20 12
79 88
62 65
62 31
136 71
28 23
92 69
74 23
96 28
69 19
8 50
17 19
129 94
3 85
36 20
64 3
65 7
9 69
121 17
102 12
25 98
138 72
2 29
71 30
147 15
80 11
107 72
51 43
119 3
1 66
61 11
119 59
102 99
133 93
68 43
112 35
103 38
15 35
29 7
149 30
136 66
93 53
115 49
46 32
72 5
126 90
117 33
71 61
60 36
5 21
133 3
26 39
76 96
8 56
134 52
33 52
117 3
121 82
99 73
6 81
11 32
143 95
104 93
30 95
38 73
156 45
135 37
113 46
38 14
32 10
65 3
104 79
17 29
10 85
141 41
96 59
126 30
48 69
153 90
6 20
26 2
72 51
97 77
143 99
140 67
7 14
21 57
63 30
12 7
105 76
106 51
59 17
123 46
146 74
47 15
150 48
90 25
155 45
101 21
72 34
14 22
37 22
94 59
87 36
141 17
104 40
19 77
17 27
145 74
41 73
132 30
37 69
2 11
136 82
51 41
44 17
155 84
85 72
51 88
117 17
92 62
39 84
50 6
83 37
104 72
146 73
16 53
86 39
141 45
95 7
42 10
30 25
62 58
111 78
42 38
107 87
20 5
102 83
25 87
148 44
74 84
21 32
30 53
80 35
62 6
116 26
59 6
62 19
58 84
86 26
57 7
145 86
73 29
141 56
66 4
135 20
69 60
15 39
24 4
93 69
100 59
145 99
135 92
20 74
2 43
74 27
105 48
50 41
56 16
70 20
57 19
139 21
75 25
68 12
142 67
65 44
80 92
58 15
82 58
101 58
61 31
100 18
63 71
31 28
26 85
106 59
147 3
112 49
17 51
8 1
85 26
89 72
15 3
32 70
142 26
41 98
139 86
33 19
95 97
134 85
93 28
98 95
115 22
40 69
103 45
71 29
119 87
99 67
87 60
78 76
12 8
43 70
74 81
33 20
49 1
139 19
11 26
51 97
139 3
37 36
26 65
91 40
17 38
133 7
2 9
125 91
110 50
123 93
67 7
7 74
80 7
88 95
141 17
13 93
113 85
150 95
109 34
29 6
65 87
132 83
60 61
125 76
23 90
90 31
149 17
67 96
145 40
57 10
109 81
134 43
51 22
117 32
43 11
74 58
84 90
60 59
18 44
118 12
116 23
26 49
106 8
125 86
4 73
5 80
118 39
138 13
150 7
93 76
85 26
146 85
1 55
37 52
125 62
121 90
85 74
16 68
16 92
52 8
7 43
61 11
85 18
85 27
86 52
54 27
69 98
139 32
6 16
27 24
46 96
66 68
22 30
32 13
102 66
123 52
93 87
114 54
131 78
57 27
82 66
48 46
143 9
78 71
9 26
44 29
120 34
101 25
153 84
120 43
150 31
134 3
8 99
129 56
106 23
114 30
150 30
32 35
125 62
143 34
146 12
130 32
114 75
133 52
80 46
22 33
132 80
112 57
155 93
38 21
90 33
11 9
83 74
74 5
138 30
151 74
108 53
79 62
144 38
15 14
56 85
119 85
26 39
54 92
53 66
86 71
47 39
74 89
117 17
40 90
58 66
65 84
64 38
107 65
63 95
139 65
71 89
109 12
137 93
24 14
124 86
32 25
128 69
110 55
140 71
91 70
2 50
53 51
52 19
149 30
22 7
82 70
25 4
115 50
130 59
152 27
36 87
89 41
64 38
125 20
121 84
9 74
114 67
38 98
68 8
105 83
44 78
19 58
35 96
144 72
70 95
18 27
93 39
23 93
46 52
77 21
152 45
60 25
28 72
50 3
108 30
82 84
111 89
73 28
62 19
78 13
48 53
49 12
49 75
114 75
39 36
71 4
54 24
17 42
18 65
61 30
37 80
82 38
126 63
4 14
156 30
145 4
2 96
135 76
14 20
2 87
66 25
53 61
28 25
101 51
59 5
10 17
137 83
79 76
77 81
32 7
65 53
125 88
108 64
31 66
38 99
79 76
58 70
29 9
135 86
18 33
106 100
28 14
86 97
63 53
4 37
120 83
94 87
112 36
13 54
138 11
73 9
29 29
110 90
124 1
125 98
74 6
47 40
91 7
44 97
71 38
2 59
151 39
141 66
2 53
140 70
120 38
12 98
136 57
153 93
65 53
66 58
24 80
48 40
14 35
36 32
112 79
52 36
97 99
145 11
101 18
51 4
65 30
123 46
154 22
150 50
13 94
31 44
112 3
79 2
99 68
138 43
65 34
100 39
5 46
129 60
97 26
72 87
128 56
110 64
67 59
17 100
122 53
9 32
43 85
82 80
51 37
78 70
54 49
72 18
83 1
26 78
48 4
106 6
20 8
100 38
70 18
20 56
44 70
125 85
64 16
64 14
88 79
1 28
14 52
80 42
83 52
51 5
133 89
29 43
10 96
118 47
145 44
17 57
156 5
78 31
96 45
148 5
116 16
20 8
14 86
147 25
103 72
54 29
38 83
41 97
137 89
91 35
132 70
121 8
1 41
60 55
117 56
46 87
105 25
153 16
76 82
85 38
117 43
154 66
28 27
130 49
152 77
23 80
15 27
8 26
123 67
75 36
129 40
53 57
79 21
44 80
43 97
25 81
60 43
103 51
147 88
42 81
85 60
105 87
70 7
42 59
146 72
68 22
55 36
71 89
150 14
125 41
15 100
54 95
53 36
37 3
127 99
102 49
36 89
119 23
19 15
107 2
39 68
27 46
98 46
41 33
112 10
69 2
63 89
44 65
77 59
11 26
117 70
24 26
102 73
23 65
46 82
109 22
140 99
6 78
144 64
86 11
96 89
74 56
153 95
15 27
126 47
57 16
