5987
1141 39
1126 35
126 82
640 33
323 100
1112 5
942 52
1041 15
1112 1
515 1
591 80
235 33
295 72
1011 35
173 17
558 98
77 3
776 83
229 68
1064 81
979 88
811 28
691 63
971 78
426 83
981 16
1063 65
774 99
310 62
453 36
743 37
285 3
246 32
127 77
825 85
926 18
828 49
107 50
1003 53
131 52
932 49
1131 10
750 84
720 35
430 98
168 48
74 95
581 51
46 43
301 60
431 31
738 56
1153 9
485 56
900 82
812 58
531 54
414 43
1055 2
956 68
449 17
638 95
571 43
365 35
1107 64
329 23
938 4
754 30
412 44
471 79
346 29
642 44
58 12
329 87
826 36
222 74
748 6
215 35
699 88
738 93
868 77
612 48
665 3
187 68
557 93
897 77
382 70
210 59
898 45
1041 53
649 55
638 46
1001 57
984 66
629 92
524 38
877 65
959 27
956 53
450 98
1158 21
197 84
602 74
447 83
1023 78
870 95
32 16
16 87
1189 45
886 29
322 94
234 82
219 19
340 26
274 47
47 67
844 76
536 12
322 73
869 89
136 82
986 3
169 95
514 84
368 51
1078 45
1066 59
97 37
776 20
570 40
473 61
24 39
938 79
276 46
540 64
408 9
1027 20
860 27
935 92
212 16
843 89
123 76
74 66
1049 94
332 43
1004 89
917 72
1063 95
641 11
1139 22
1041 13
917 7
884 20
7 49
739 39
227 22
550 75
1 46
899 93
171 87
1091 70
680 96
70 12
37 8
416 77
511 12
733 26
437 83
1066 12
937 12
391 39
208 60
843 3
64 22
404 78
983 6
879 79
311 29
230 33
367 67
779 44
443 13
766 14
1067 99
1152 79
326 13
931 22
1125 14
951 84
695 33
980 26
850 69
128 22
783 7
409 22
196 38
1127 19
600 14
415 27
885 15
21 3
416 43
70 96
633 45
363 43
800 71
755 29
80 71
187 100
309 74
491 5
147 49
1073 74
46 9
80 43
618 74
203 81
948 70
1033 61
655 8
963 96
213 4
67 23
825 16
153 2
16 16
370 87
458 49
1122 86
1039 36
866 90
282 22
146 49
515 24
924 26
564 76
670 40
464 40
984 29
112 85
767 98
372 80
158 100
692 93
849 49
709 28
475 98
559 33
823 25
496 27
8 23
420 32
742 58
338 21
379 30
977 68
10 63
753 49
165 38
690 54
812 92
1102 53
1175 28
491 91
999 48
244 63
819 45
770 50
30 13
164 44
316 69
2 19
45 5
1092 25
1103 54
965 45
352 16
532 65
960 77
528 66
177 16
934 54
481 99
671 32
320 94
1071 54
1075 61
478 36
504 58
1076 67
528 38
922 31
220 45
610 36
832 59
635 73
1084 23
978 55
555 34
96 57
371 80
1083 97
872 69
398 24
768 85
832 15
47 61
472 80
974 25
1113 28
622 86
775 2
239 43
56 91
142 73
919 30
1125 55
357 80
217 23
799 31
606 53
568 16
23 88
706 8
231 48
924 71
785 19
883 42
443 16
1047 5
175 11
1154 48
204 56
340 40
954 97
808 71
799 43
865 22
1131 76
836 30
1032 96
207 71
923 22
286 86
332 1
870 50
992 88
644 12
166 31
145 16
222 7
819 78
639 71
654 4
386 12
1058 80
732 93
766 74
443 70
49 80
1191 11
393 80
813 24
211 87
68 20
854 12
278 61
464 51
722 88
108 39
845 30
1073 5
1105 18
875 1
306 71
203 94
521 40
567 90
1190 58
705 9
250 54
642 86
253 37
982 66
766 21
448 60
180 83
55 77
315 56
196 12
487 57
701 73
348 90
675 59
659 74
735 9
977 66
1091 61
1124 92
1115 10
800 26
909 72
1094 60
499 72
467 47
131 7
608 95
552 85
546 61
12 34
861 56
52 85
634 96
659 62
650 46
426 9
926 7
574 77
758 19
919 50
1148 19
496 79
562 60
956 56
94 13
807 12
869 91
396 25
615 20
1090 81
153 46
983 79
42 45
303 67
683 92
296 30
59 73
1072 100
396 55
111 23
1027 54
981 16
1097 31
554 42
789 18
238 34
743 15
868 66
650 35
577 65
681 47
898 86
367 66
97 72
1093 94
537 65
50 25
226 13
1137 63
433 17
340 66
303 58
35 13
432 40
740 59
1152 42
780 85
207 61
988 19
778 56
321 79
204 41
215 3
948 1
652 25
1103 86
377 6
362 69
180 90
32 75
1144 12
407 78
717 66
1109 75
908 44
633 4
1074 27
837 10
637 95
596 86
1101 5
551 76
752 68
1155 86
783 40
81 94
117 26
897 64
1182 13
419 78
120 53
1068 13
381 86
76 20
70 53
841 63
856 36
616 74
1147 61
766 78
598 31
401 59
695 90
823 46
320 21
649 95
408 17
919 86
190 30
542 52
769 69
157 36
1182 21
819 18
338 6
922 2
379 71
298 8
590 65
340 92
76 55
505 68
222 84
1007 75
860 2
62 22
416 9
122 2
534 40
638 17
749 72
123 92
96 93
1054 44
861 40
1143 3
869 2
789 70
199 17
832 86
737 73
1033 81
351 50
870 70
897 7
1085 98
752 92
363 45
227 22
1182 67
184 66
1156 53
695 75
883 61
17 1
798 72
1042 71
394 88
869 57
585 9
965 7
333 26
227 87
104 33
1114 25
1194 33
384 32
1128 32
942 41
648 100
733 21
1044 69
68 89
440 52
909 38
822 53
203 6
619 18
77 3
131 67
456 39
112 12
584 30
393 22
843 13
968 49
994 84
229 14
642 8
403 80
1173 46
723 80
764 9
699 12
720 8
350 74
274 42
488 43
684 76
807 93
1020 74
517 85
874 83
512 54
450 69
219 3
220 47
825 77
1167 46
494 100
508 78
196 86
483 95
560 6
536 100
354 83
478 27
1023 82
419 65
1167 8
1117 28
574 20
367 69
1060 93
1092 13
678 86
975 96
441 61
362 9
379 16
84 95
737 10
337 89
909 94
995 40
559 9
641 54
443 34
375 62
935 63
710 73
409 69
157 20
579 79
74 60
148 2
1167 81
344 36
1184 87
666 29
721 49
1196 74
621 73
712 44
762 40
726 23
91 91
183 13
1063 36
589 31
173 72
544 65
1105 77
488 74
663 76
601 31
419 85
444 25
758 90
303 95
986 14
499 89
40 33
1191 96
186 6
16 66
1136 100
691 12
836 50
458 56
507 14
412 100
910 67
1124 84
1042 95
518 13
6 52
100 65
645 28
1029 4
798 94
112 21
511 66
925 90
709 35
37 29
450 15
685 31
1154 55
229 93
1008 71
593 42
858 88
140 30
686 56
694 87
863 30
49 83
243 64
1188 16
1125 97
906 67
349 52
1167 6
263 12
75 7
3 64
688 74
858 62
817 98
364 66
767 74
1110 45
85 53
14 34
581 95
640 71
1000 43
876 49
537 91
634 14
1166 46
18 16
18 62
456 73
139 54
822 66
435 5
156 3
1045 47
1176 34
1074 22
45 91
1019 85
1124 47
587 53
160 81
563 94
815 94
288 9
1009 100
916 71
783 36
61 25
444 10
366 73
290 53
959 1
145 78
1 11
202 93
134 36
551 100
167 38
466 59
242 83
737 68
949 48
956 97
987 73
1067 35
792 31
726 68
576 8
455 22
657 67
746 5
32 23
400 87
1053 89
240 12
396 53
266 8
458 34
326 6
31 59
85 12
841 93
11 62
623 54
614 6
67 5
1029 3
1111 32
855 55
935 17
174 92
1182 79
121 85
624 44
683 40
1118 78
688 14
237 62
959 52
395 62
1145 25
1002 15
1170 11
842 16
573 64
377 9
800 35
248 89
32 89
879 87
309 35
10 55
891 70
938 65
826 51
377 38
1089 28
114 28
1086 17
164 49
691 3
373 2
529 57
387 48
926 35
355 60
829 5
710 49
484 10
258 3
53 20
749 63
76 28
1142 39
1086 76
422 52
1182 15
898 71
157 91
512 70
1027 74
923 85
673 94
1189 82
1172 69
309 73
283 26
815 85
806 74
995 90
981 46
905 13
85 93
25 3
945 36
129 2
378 77
349 94
606 71
609 63
908 53
244 64
1165 53
973 95
729 58
1129 21
958 83
328 2
64 72
1042 68
188 33
292 43
770 20
664 30
8 37
401 12
1157 39
337 27
700 79
365 35
850 62
1032 84
208 63
865 19
1139 52
810 48
1159 87
800 94
847 36
960 23
125 79
1132 43
878 31
629 84
248 21
425 58
930 64
1068 9
1013 1
4 23
811 51
534 28
27 53
309 77
743 31
1191 75
981 17
775 58
308 91
482 89
458 44
1073 51
441 86
335 23
551 72
918 13
14 84
854 26
94 12
362 98
492 28
976 24
1053 3
1091 74
1154 68
492 11
480 3
656 53
1025 1
1187 71
1139 90
566 70
137 8
434 53
667 41
1113 44
532 37
676 76
683 74
393 3
415 12
1136 75
908 77
900 40
742 43
1172 73
1197 38
1088 40
734 52
267 23
96 87
870 81
707 30
440 9
866 4
893 29
999 28
379 18
709 75
338 64
879 71
160 30
117 100
776 78
1001 2
1128 55
304 3
486 21
442 35
819 53
467 27
153 62
108 57
1183 80
1001 57
539 4
654 24
1009 96
92 29
425 69
936 62
778 53
215 84
950 43
536 5
999 79
362 94
254 91
300 54
881 52
1016 13
459 76
621 56
426 99
260 31
213 93
853 5
112 16
929 50
201 74
838 86
483 61
550 79
405 12
564 75
393 63
358 4
350 65
976 18
808 20
843 21
1073 23
229 20
586 44
870 95
1182 63
117 41
1117 15
200 2
1058 68
226 21
3 32
810 29
309 30
842 53
808 6
239 21
138 50
299 5
1054 83
1071 79
734 100
734 22
1174 94
501 93
441 25
66 63
485 12
60 77
880 95
1157 39
404 100
497 56
843 31
849 32
705 17
1141 90
183 24
842 34
44 99
883 41
1036 54
1048 79
838 25
306 92
1173 14
872 47
1182 50
706 39
1029 52
716 24
1081 56
125 70
6 63
241 33
1014 62
620 30
437 91
978 37
38 27
929 65
194 14
733 19
937 25
430 65
305 67
988 14
1068 86
607 39
676 42
220 44
801 53
985 81
7 38
79 45
439 96
524 24
134 4
110 95
662 17
88 70
242 37
88 63
843 83
436 84
800 60
60 18
412 78
660 100
418 52
1158 67
253 86
274 9
520 19
18 80
89 77
631 87
554 11
34 2
275 58
161 43
1130 77
892 82
366 5
351 79
263 53
177 8
414 9
1036 61
265 66
1016 45
380 92
1040 44
413 29
120 78
868 47
287 53
168 54
583 70
507 85
188 55
871 63
864 17
928 77
727 97
588 40
624 27
892 85
916 54
330 73
419 15
124 9
83 53
406 59
1045 8
683 5
468 45
938 88
1163 75
922 100
639 69
475 74
632 96
439 40
283 88
518 24
910 95
196 77
702 65
749 39
1094 19
679 40
399 65
575 54
720 30
436 9
954 73
1029 74
956 63
406 87
305 76
21 7
195 88
1137 12
310 1
724 73
559 14
852 81
607 76
802 35
204 30
556 76
774 39
957 59
588 71
177 50
410 75
150 69
773 50
713 52
690 25
653 44
1104 40
1122 23
151 40
457 36
326 15
295 21
501 14
1129 52
482 35
866 61
1068 12
652 56
1150 93
168 73
872 60
118 51
994 40
259 89
968 60
660 52
1180 69
139 12
1001 64
425 29
396 59
732 12
813 31
694 1
58 14
385 29
37 58
531 56
319 33
1078 55
1134 78
829 90
671 79
31 56
153 97
1032 24
182 98
278 93
1162 91
638 87
364 7
625 34
512 40
478 92
44 9
515 98
427 57
1090 51
584 62
423 76
374 75
661 93
305 27
312 38
185 83
1111 69
104 52
379 81
922 83
1082 31
432 3
33 84
1051 48
896 85
1090 16
117 62
994 92
71 54
644 24
111 33
1096 6
458 62
1122 96
947 95
253 62
516 88
594 75
1008 6
369 30
802 53
396 89
31 48
708 85
6 17
12 1
130 66
805 88
909 95
80 49
344 96
523 93
1130 7
1146 2
1025 42
520 62
410 53
447 27
890 100
387 37
282 96
181 54
818 25
772 25
27 71
154 36
720 28
258 94
1049 62
239 9
352 23
103 82
268 50
716 4
245 41
37 66
1023 33
854 55
261 44
936 20
790 43
468 56
156 43
39 17
104 24
483 86
883 68
1191 33
631 59
369 47
211 2
1096 94
490 93
1051 4
16 22
665 23
1100 14
190 82
1058 94
230 70
873 55
145 96
273 68
101 76
186 1
18 76
316 56
1190 18
389 55
1170 60
864 12
61 33
740 32
312 88
774 97
617 35
522 20
725 54
212 47
1043 7
739 24
579 6
922 11
474 57
623 80
1176 62
507 1
633 26
1031 61
981 8
773 48
210 6
607 21
756 12
997 21
1048 57
366 47
1166 48
904 40
1152 95
966 97
278 87
837 18
1093 43
1041 86
135 84
397 51
552 72
433 17
522 51
75 56
546 89
917 55
1191 55
569 34
246 36
49 96
953 57
440 18
660 19
1145 20
132 74
832 14
170 36
1113 14
611 18
677 25
526 57
306 69
323 82
63 9
68 57
930 77
106 90
901 30
458 46
685 30
900 8
822 89
695 68
418 92
650 74
777 85
713 46
160 77
400 94
470 28
1029 77
1095 21
622 46
686 39
927 29
518 20
1114 3
136 69
100 68
704 42
699 74
1157 89
419 85
448 63
31 50
1130 93
920 54
431 22
260 9
681 40
1033 88
1182 53
909 8
383 78
199 87
210 39
284 40
176 48
821 2
927 11
365 65
405 29
633 30
68 69
291 33
967 100
238 77
791 4
583 60
953 73
575 94
272 80
399 19
660 44
983 21
1174 48
527 21
372 76
805 15
668 17
891 24
1151 59
887 41
117 32
369 11
139 89
575 50
1032 34
526 97
518 18
594 59
763 12
1136 19
1097 58
537 19
493 97
615 98
89 82
23 70
1158 56
512 58
449 79
711 32
577 55
514 99
1034 20
891 62
1059 89
518 56
801 3
1123 22
542 22
690 66
832 45
1099 16
1007 69
1118 79
728 55
836 86
381 5
434 28
497 76
871 77
1038 2
735 42
512 18
72 18
1084 64
685 10
668 71
446 9
492 80
98 50
1172 73
922 71
1172 93
387 33
143 82
613 21
779 63
1188 73
577 28
241 69
1082 39
407 97
447 9
161 87
798 19
368 76
444 64
489 10
864 61
459 51
672 92
647 30
818 61
296 32
449 81
780 29
1063 37
511 67
415 86
418 99
289 37
396 77
520 32
1033 93
801 57
157 45
795 28
884 17
431 38
844 61
76 25
172 15
205 69
1081 70
1038 36
690 43
671 49
794 54
588 15
333 11
1012 87
425 4
931 75
148 66
776 86
860 41
186 41
139 96
706 84
135 48
697 87
466 20
477 55
321 52
110 77
473 17
1044 98
290 87
560 10
687 79
746 30
975 87
715 51
1116 53
420 36
1051 53
1115 81
894 22
439 90
681 76
863 67
749 59
967 31
614 32
90 93
70 78
116 65
267 71
910 49
75 46
202 73
50 15
62 13
14 80
375 51
435 42
329 92
519 73
774 3
378 87
708 35
227 20
813 92
303 4
302 71
582 7
29 52
419 100
486 12
844 39
645 94
1167 15
19 37
571 53
201 89
571 34
1133 11
60 27
1152 56
1095 48
236 85
465 84
589 35
117 69
102 25
7 87
489 58
127 35
872 71
572 27
1007 27
961 80
449 83
640 54
1043 71
688 75
130 45
775 41
598 91
569 9
283 34
962 40
407 87
487 13
878 63
505 33
357 7
464 69
269 1
54 37
828 85
335 37
807 22
1021 53
1094 47
1121 7
647 22
1193 20
1005 22
897 51
365 7
490 89
32 15
218 17
145 78
411 50
618 99
27 96
502 66
930 63
554 1
680 65
426 98
933 82
349 38
467 5
247 70
1141 63
620 74
1081 68
153 42
312 4
403 78
49 88
386 71
962 59
833 12
72 2
656 26
1107 89
464 70
243 8
1049 71
187 53
955 28
406 95
966 44
321 20
571 90
841 40
561 89
64 70
183 85
870 29
1 97
960 14
838 41
1193 35
542 33
850 47
1045 9
875 54
119 14
156 51
1080 15
631 80
476 79
89 45
258 47
484 60
733 96
499 66
761 23
199 75
378 91
630 92
321 70
151 25
159 36
449 37
546 92
259 96
477 53
48 95
100 20
511 19
123 96
298 19
1111 72
521 19
138 47
1156 18
1166 71
932 68
509 73
413 17
16 34
309 93
1095 33
549 26
888 73
403 27
167 96
950 12
555 92
960 33
622 6
546 71
1107 4
451 50
974 10
574 56
942 100
710 48
382 18
876 39
373 66
994 6
789 52
378 70
265 4
625 57
294 79
637 77
1105 30
368 90
474 68
548 97
22 53
472 86
689 22
354 8
417 67
275 53
741 5
310 26
897 20
505 40
134 36
1009 27
170 35
522 75
248 75
729 90
1145 34
761 36
522 8
897 17
500 56
319 17
85 57
43 23
14 51
336 73
199 55
576 85
325 10
190 54
1075 85
145 62
1182 48
405 38
1023 55
384 97
448 88
1051 46
947 24
484 4
222 13
80 4
1096 42
1042 29
153 40
175 69
343 34
58 58
1167 86
738 29
112 92
1052 86
15 41
390 75
784 30
1083 68
535 4
462 51
219 82
1179 90
991 98
677 19
551 19
559 62
57 63
807 75
392 14
239 94
460 63
6 23
1160 1
55 49
1076 23
643 62
203 56
209 20
150 98
189 73
905 28
566 18
704 71
729 75
547 96
69 31
1063 31
135 29
646 27
592 52
928 65
1178 32
564 78
363 27
1042 19
598 72
798 23
594 21
71 37
1188 14
62 93
603 58
33 88
82 93
602 88
254 13
969 22
713 47
826 77
1025 56
107 59
15 3
489 96
743 74
1121 81
286 46
1190 71
848 59
421 97
68 81
435 65
193 31
494 37
196 86
308 15
558 50
655 7
877 14
1060 40
395 10
382 59
672 62
891 62
993 4
850 60
851 17
525 63
535 11
488 41
333 55
91 89
1094 41
425 40
814 69
430 83
756 90
828 52
105 23
1170 41
551 57
143 30
780 62
894 54
193 90
1032 89
899 39
414 41
578 51
15 53
674 78
1122 14
926 98
89 34
226 13
253 18
369 64
1010 41
339 6
442 64
469 50
875 70
840 83
488 68
