5460
639 51
496 23
638 4
62 48
318 65
122 10
150 96
790 4
25 99
952 81
557 38
159 8
595 1
241 38
21 97
1063 96
404 6
491 13
44 86
649 29
120 38
486 73
130 73
382 52
498 1
1045 37
85 22
14 83
675 97
632 100
407 59
684 54
209 46
489 13
738 81
809 25
956 36
332 5
563 38
129 67
69 67
78 86
400 57
482 45
450 88
558 87
395 67
574 73
1077 22
322 90
835 57
336 52
769 51
877 50
975 75
391 80
1076 28
777 48
465 78
803 14
797 46
790 63
397 26
965 36
976 80
798 61
542 39
1055 76
734 10
111 53
688 58
481 97
638 96
522 8
690 6
364 22
615 22
293 76
149 45
557 40
994 29
577 37
598 93
133 3
151 45
273 62
917 79
864 5
59 84
456 80
1013 10
379 89
309 26
834 78
53 75
159 61
416 2
884 97
451 20
364 75
712 95
125 27
220 87
58 37
46 33
949 43
1084 51
807 77
810 51
968 84
340 100
627 64
1087 22
470 85
1061 82
474 77
30 100
175 10
1052 72
158 59
477 8
918 7
126 60
886 95
385 58
477 86
922 38
1058 32
610 94
675 38
96 59
1071 96
1021 65
114 43
709 73
704 60
272 78
867 88
950 65
355 97
574 2
32 15
393 7
869 4
269 67
357 48
395 53
997 31
160 52
1029 54
708 13
7 14
756 93
443 76
1059 36
152 76
657 36
169 86
485 31
348 94
839 5
727 97
894 33
457 81
636 79
134 99
920 49
366 21
512 60
1011 86
277 43
102 15
963 97
605 63
55 91
1080 48
710 42
946 58
228 57
438 19
814 32
381 95
626 35
134 54
991 26
1059 90
51 55
928 33
860 1
98 29
5 79
152 24
875 22
221 56
194 70
544 66
1022 31
840 58
344 73
517 36
86 37
828 35
99 53
318 72
872 91
354 88
649 23
173 71
699 19
25 62
540 26
807 100
1001 56
201 92
790 82
887 80
678 5
142 64
746 63
307 63
164 41
516 21
405 28
137 48
806 30
142 86
328 95
669 73
759 45
458 11
342 88
6 83
139 77
1032 99
36 54
845 71
1013 88
245 76
246 30
184 92
62 22
1087 85
924 69
993 15
585 61
450 28
917 49
919 25
120 84
582 21
98 54
830 61
569 54
732 43
133 50
940 20
48 63
887 46
783 93
610 47
523 59
415 43
120 53
254 70
480 76
1072 44
224 6
153 19
323 41
208 27
122 52
471 81
129 100
569 38
49 58
722 10
511 47
43 59
417 28
47 78
448 27
377 69
239 97
381 92
928 100
1058 25
665 76
168 86
408 22
427 81
253 78
447 2
1024 22
668 52
1063 30
988 89
904 31
212 17
269 56
225 97
12 78
375 40
285 56
1074 86
477 3
772 18
459 23
35 79
116 51
295 50
521 18
26 91
438 20
435 49
219 28
957 36
865 38
935 49
665 25
743 55
313 74
68 89
558 58
110 55
158 31
942 12
173 30
248 96
1025 47
637 23
824 12
777 3
645 66
686 49
27 8
230 81
453 59
792 87
633 88
58 87
501 36
302 58
671 75
948 38
730 7
803 51
453 18
10 60
964 86
215 63
53 70
943 15
33 82
33 85
927 95
617 34
239 75
194 39
907 18
1027 85
946 70
714 83
291 26
762 96
653 13
157 87
736 60
898 37
7 62
846 8
1071 42
1006 44
1003 35
15 59
582 60
1025 59
448 37
139 24
634 81
864 96
1016 82
324 91
749 28
546 65
68 11
207 64
1036 63
789 94
472 79
376 4
670 65
420 63
55 90
929 82
360 85
422 39
68 2
501 19
109 2
962 94
348 66
180 11
542 51
372 5
417 39
944 27
835 67
996 28
965 65
892 83
121 82
881 44
600 59
268 93
51 36
112 53
77 91
58 83
238 38
1042 91
690 89
212 57
223 52
939 56
932 14
378 77
497 7
654 20
214 82
7 94
371 30
430 52
665 13
1021 78
107 16
801 50
1091 59
482 58
997 68
407 86
811 62
63 85
971 33
243 1
1055 9
951 87
629 90
967 74
59 73
154 34
790 63
437 96
508 89
190 11
520 44
287 5
1044 88
1035 37
646 26
203 50
538 62
542 63
303 7
634 13
132 79
413 17
52 97
944 74
195 6
537 9
450 71
745 12
667 28
934 87
367 22
908 84
179 93
673 59
740 72
557 48
400 55
664 63
1042 76
82 37
745 74
777 62
677 81
753 57
24 66
574 14
367 35
897 80
395 52
201 14
210 80
882 50
690 8
964 1
927 36
996 93
787 12
860 99
1002 19
602 49
358 41
256 80
377 31
430 91
718 76
518 10
853 16
240 3
860 94
1063 82
562 89
257 54
378 53
30 14
314 79
202 32
784 84
168 84
210 61
940 63
439 48
555 26
711 98
1038 32
321 58
208 87
504 92
549 37
770 48
129 59
430 33
100 68
944 56
297 34
689 82
880 99
975 85
581 99
1064 26
818 64
287 26
290 5
386 37
933 83
307 23
619 3
99 26
1065 20
464 46
601 90
1083 64
345 82
601 66
583 47
149 69
186 59
1048 80
252 44
211 7
713 33
474 79
69 19
671 49
853 16
776 18
503 12
419 57
873 2
14 25
41 99
473 15
692 96
630 99
142 97
13 83
165 71
894 3
521 54
551 42
556 24
420 76
639 76
656 37
284 9
162 15
857 64
351 5
236 78
184 66
401 99
964 16
246 40
577 59
553 41
523 59
874 25
444 9
230 8
282 47
650 40
679 6
1084 69
875 55
682 71
447 7
533 5
1063 6
706 53
824 5
462 78
114 10
898 25
646 38
531 55
155 33
517 54
439 36
632 69
99 87
137 8
482 41
843 23
537 50
759 60
550 71
355 62
862 44
681 86
789 5
938 77
1038 42
94 41
529 41
302 54
348 50
456 44
555 72
971 50
513 57
484 4
764 94
15 67
226 42
656 62
99 64
43 25
334 15
724 79
603 12
34 20
859 47
233 60
790 63
893 72
871 27
500 95
1078 62
191 98
464 85
367 23
395 5
147 12
662 60
193 95
1082 66
516 96
385 26
283 58
805 97
296 76
339 60
531 21
811 83
879 31
1009 62
927 72
627 23
509 21
962 71
1026 76
935 65
501 33
961 75
367 37
994 85
254 12
676 46
755 16
876 49
965 34
770 11
507 44
686 5
634 92
963 20
268 43
1028 96
470 6
277 59
635 21
985 6
187 37
443 77
290 84
29 24
444 49
611 18
484 20
236 40
322 69
510 87
138 48
163 50
898 60
30 42
645 63
643 2
572 82
744 7
850 85
830 55
806 29
47 5
661 85
419 32
755 12
1083 71
47 1
862 46
1060 23
687 37
1018 71
422 56
209 44
13 96
826 48
373 96
983 6
810 34
265 65
289 34
224 94
446 36
942 9
498 92
797 88
857 65
123 67
966 22
545 60
235 48
296 65
411 78
293 14
644 77
864 28
356 63
703 65
400 8
204 47
572 44
864 83
179 83
1045 36
523 51
202 3
644 18
117 1
629 83
768 29
966 76
347 14
295 53
495 14
107 71
423 20
390 2
1015 49
412 73
570 24
133 52
145 78
780 33
668 93
1058 41
766 63
475 56
627 83
698 61
470 95
377 65
339 31
535 88
93 86
912 53
648 91
984 35
945 78
184 21
535 85
297 15
303 8
979 82
259 43
35 25
923 16
88 36
1064 32
120 38
405 99
89 34
162 26
802 83
940 7
532 56
357 49
516 40
1024 56
1009 93
690 97
604 5
206 78
258 13
833 54
736 46
795 24
276 86
1045 52
286 2
460 36
280 13
50 62
408 36
386 64
923 36
858 9
675 79
1060 51
294 11
349 84
1077 43
877 38
733 99
90 1
779 96
67 94
678 18
1001 86
261 84
533 74
599 23
525 90
581 25
1067 45
301 94
1079 43
84 23
840 27
712 98
94 3
1037 40
761 87
463 95
428 7
480 86
921 13
283 38
846 98
457 38
211 19
401 80
908 35
80 68
686 72
736 88
939 14
914 43
581 19
684 18
691 94
27 46
24 24
213 37
230 66
324 70
871 11
454 93
455 83
99 80
99 12
31 74
445 39
469 55
322 39
948 42
618 67
410 100
625 26
130 70
550 1
402 9
622 19
468 78
694 64
86 22
85 79
137 71
1017 94
306 34
361 73
998 49
382 27
689 11
424 76
1044 84
524 63
614 22
334 22
688 69
831 18
877 90
324 45
175 2
334 70
239 6
795 73
59 15
550 93
1083 55
650 59
522 82
887 84
578 83
846 93
282 4
661 82
320 89
430 91
901 68
1090 92
1052 3
753 24
210 64
162 54
152 51
334 94
767 30
356 11
757 3
816 88
775 62
479 29
344 65
610 27
971 79
641 46
744 27
332 72
239 83
884 7
295 55
251 51
285 16
567 99
1034 40
88 72
607 87
693 41
95 44
849 4
1022 72
25 43
114 92
340 65
705 4
416 69
849 55
705 49
617 67
655 91
504 12
851 81
806 27
179 54
253 81
500 45
953 5
407 42
63 63
560 25
881 96
676 73
1048 16
557 77
495 24
671 18
1073 90
986 33
429 51
352 64
85 87
808 69
867 13
7 20
188 46
190 17
423 6
1070 57
190 55
714 95
497 61
658 13
973 90
438 17
411 58
96 74
116 86
810 49
320 11
195 16
8 96
634 66
445 60
1016 78
723 34
439 99
351 92
1069 51
1065 55
716 30
111 39
272 75
185 99
140 36
399 34
438 79
643 14
317 21
87 13
582 61
1087 30
886 6
825 86
449 89
467 1
327 87
1087 65
260 4
674 26
670 84
872 62
885 80
527 60
783 46
405 9
110 58
761 28
434 66
256 50
425 75
890 40
238 23
262 22
260 43
525 7
803 23
622 30
149 22
685 34
732 28
103 98
208 42
881 97
754 43
103 12
185 99
640 73
1008 44
976 3
1000 67
358 86
394 19
1011 20
25 65
947 12
730 29
174 17
999 30
673 71
419 20
626 77
646 60
476 68
650 94
20 46
434 81
44 24
1048 58
887 16
312 1
249 96
226 55
30 62
42 94
865 34
420 38
576 33
457 39
784 27
775 19
492 80
486 53
210 88
83 36
494 60
455 71
121 39
242 70
645 53
481 14
775 42
279 39
794 50
174 17
1025 33
1014 49
99 57
796 53
399 17
411 53
121 30
264 44
1048 75
653 69
895 26
950 52
631 35
717 6
449 45
739 74
1013 51
957 35
193 59
166 65
184 14
161 17
923 23
948 24
799 77
599 84
445 82
886 38
683 93
825 85
976 67
743 67
398 56
350 4
552 5
173 68
1023 89
272 13
440 5
495 80
191 34
68 72
297 39
1025 53
697 82
205 66
650 2
732 98
877 9
588 2
803 7
612 91
140 63
296 27
920 97
440 60
217 2
1001 47
879 6
32 49
223 85
866 26
171 15
579 1
627 2
17 81
724 23
690 46
799 11
96 47
852 12
43 34
843 61
856 62
244 68
270 41
479 23
890 86
182 81
1088 30
528 1
55 75
740 56
671 82
160 45
315 23
156 31
366 40
944 38
281 78
82 41
787 28
300 39
516 46
414 30
996 89
690 52
13 96
930 56
866 71
153 19
232 19
406 59
222 58
244 35
730 19
610 84
199 74
57 3
431 83
22 28
440 61
8 26
648 3
866 17
254 30
33 23
1021 70
400 96
367 90
960 82
5 100
307 13
517 1
892 26
419 51
618 13
998 27
863 44
844 34
1074 99
996 69
425 29
187 88
470 99
133 17
42 89
480 91
607 56
467 27
18 89
92 24
429 55
395 42
324 35
1031 97
618 85
68 28
327 76
544 77
986 6
251 14
458 88
732 42
805 99
77 76
747 83
503 88
694 47
188 73
407 94
1032 70
923 99
237 59
198 20
1015 21
286 42
364 56
273 65
255 37
471 90
461 17
1068 43
347 67
736 39
425 50
974 15
993 46
684 21
443 94
301 80
1069 11
757 62
859 43
903 53
804 90
380 82
610 93
782 6
554 34
809 99
658 66
321 27
383 2
213 81
46 47
476 57
286 7
427 78
415 76
686 93
867 89
38 58
424 51
1090 61
421 60
415 99
1063 93
671 15
605 80
801 84
518 86
754 16
879 28
169 60
191 45
708 45
964 93
849 12
276 59
650 93
232 45
373 80
290 19
865 40
769 92
263 35
985 25
597 38
396 47
912 86
252 77
286 20
570 70
57 73
188 8
275 59
386 11
159 40
562 51
141 62
471 9
1020 75
149 73
797 9
466 47
148 60
858 87
852 2
977 8
634 49
634 91
244 95
768 48
510 4
786 88
593 75
41 7
570 66
384 97
408 29
272 15
652 26
633 97
937 63
259 9
988 5
347 66
567 85
357 18
121 17
18 52
475 2
493 36
468 19
677 17
42 23
445 87
812 66
893 12
183 96
572 96
458 34
184 24
507 3
331 78
503 84
90 38
1059 61
713 76
548 30
380 28
858 11
40 37
666 100
796 11
88 41
713 34
417 26
425 55
627 21
284 26
486 9
572 73
405 44
826 20
426 89
132 53
659 3
344 69
474 11
126 18
1051 9
301 16
61 90
957 31
1048 86
978 63
131 77
379 13
559 88
794 76
497 15
726 56
376 6
847 44
1064 48
398 52
695 81
815 9
305 91
894 60
353 31
379 53
722 65
958 13
1069 71
117 85
35 33
126 77
367 65
644 99
545 6
286 48
1032 82
54 24
314 79
1059 50
190 83
764 8
62 35
422 67
332 76
294 13
137 67
449 34
1082 34
502 40
14 24
480 80
424 54
25 70
97 78
748 8
262 65
898 92
151 91
215 60
443 98
82 30
307 74
1034 92
905 25
212 91
654 19
388 68
528 33
978 96
229 36
432 53
887 59
655 91
202 45
64 57
992 65
337 69
217 47
419 22
967 76
68 28
75 17
426 49
652 90
674 96
551 99
1037 62
1017 57
311 1
838 3
1038 64
529 50
797 80
1054 89
839 62
954 32
580 9
640 87
919 77
682 64
853 26
623 83
857 22
181 29
565 14
649 28
988 86
413 73
449 92
286 29
170 13
894 11
405 50
637 48
287 100
624 40
451 44
514 17
1045 84
57 72
517 34
956 31
413 82
925 74
1077 74
501 83
508 28
430 39
721 16
132 63
780 9
118 26
157 84
720 79
768 6
596 63
1077 81
173 58
750 84
875 44
1076 69
657 61
282 35
1033 36
439 41
742 37
492 87
276 20
805 22
230 9
957 10
415 96
982 41
1005 42
170 67
459 65
183 72
128 7
885 65
565 53
177 39
39 75
793 50
513 61
27 58
714 97
431 13
812 27
375 62
930 86
340 59
157 46
431 39
665 79
230 94
1090 26
1081 94
531 3
621 3
82 99
912 12
911 95
1033 77
343 8
387 29
313 76
476 26
688 56
545 30
247 98
611 23
736 45
438 99
641 67
991 69
651 78
554 82
1044 59
505 69
217 24
264 10
603 61
530 69
781 37
389 66
380 49
349 19
875 14
582 42
107 74
668 63
183 6
750 83
457 73
904 39
868 41
886 55
168 83
539 74
400 38
587 25
1005 8
669 26
1049 19
793 76
264 1
671 97
904 38
76 75
843 73
675 78
1019 30
903 12
115 85
669 47
844 59
323 87
503 6
389 45
710 69
553 17
878 54
1010 10
358 88
530 17
298 77
925 70
808 86
694 95
220 92
75 28
495 5
68 11
959 33
389 29
374 78
562 14
873 15
598 32
213 72
251 28
1032 92
346 65
26 41
86 29
319 71
655 97
459 61
1053 20
622 31
767 81
228 97
253 63
992 19
290 29
1013 75
787 21
455 31
747 92
386 23
840 52
282 13
184 2
838 28
1040 72
743 87
563 9
883 12
487 35
177 50
24 38
183 61
275 25
612 21
549 80
1081 6
751 54
131 81
910 76
993 65
288 51
756 91
930 99
544 67
576 13
1024 31
843 89
1055 49
110 79
91 47
792 14
1018 40
1005 75
1066 19
275 8
767 90
963 93
346 25
11 74
160 47
201 47
126 13
198 93
590 11
672 8
168 65
517 60
457 80
1048 7
956 21
111 42
759 10
264 31
891 33
997 46
521 50
60 100
681 81
310 31
298 23
26 57
915 86
541 100
719 67
1033 27
233 45
644 21
331 81
941 63
590 40
1070 26
768 10
728 49
44 37
285 73
492 35
596 24
378 98
336 69
398 29
332 100
912 37
294 82
1027 18
20 24
990 71
976 23
15 70
617 37
561 79
213 94
407 42
368 5
713 72
696 7
1015 99
863 62
1082 61
1054 92
135 45
103 41
679 16
411 72
634 37
1052 56
582 27
131 37
1031 76
431 19
1076 62
942 36
958 12
946 51
679 12
492 76
1053 35
671 14
449 75
937 69
860 58
837 54
146 41
376 20
504 32
24 35
717 72
244 71
1044 43
918 18
32 71
210 74
405 17
363 65
417 99
650 95
401 86
438 94
392 42
768 20
273 14
371 7
161 64
918 16
300 43
1061 62
542 82
359 68
317 41
281 98
457 42
263 58
980 76
594 18
724 61
625 29
478 1
988 53
294 96
742 90
870 93
253 36
425 23
868 92
149 17
24 69
380 85
546 68
972 53
139 61
650 69
947 84
759 23
506 19
345 77
634 55
871 45
725 66
718 33
3 24
387 63
972 47
258 72
61 42
1045 68
122 15
923 10
688 35
853 73
1004 40
25 30
227 21
1011 54
311 36
390 53
113 6
781 93
641 59
420 71
369 89
714 47
478 12
48 26
740 85
1065 62
890 5
311 64
1024 18
725 59
221 81
931 19
900 88
4 37
869 73
26 68
411 74
980 90
1069 41
698 48
675 56
585 19
306 87
585 88
506 16
514 26
488 14
223 8
122 41
392 50
905 65
737 47
773 16
233 93
1085 18
1011 90
443 83
113 74
1008 69
30 51
609 64
875 22
303 90
717 35
493 16
272 34
1065 10
330 19
953 35
120 15
978 40
759 13
449 81
454 36
443 18
226 76
585 15
263 12
664 42
258 26
143 13
430 73
961 85
167 89
268 27
147 10
199 33
722 59
760 37
1020 42
606 43
511 46
227 93
304 2
846 55
271 90
390 78
540 58
223 10
919 98
929 18
1012 77
554 17
142 39
171 3
