2382
18 9
190 43
293 25
169 71
284 55
361 18
339 75
253 24
146 74
269 81
335 67
29 72
472 100
414 48
235 2
225 94
32 28
360 82
451 55
52 94
370 34
118 80
382 48
151 22
8 30
227 10
227 96
160 4
92 64
296 36
87 86
108 42
411 86
7 34
208 37
118 66
347 77
349 12
173 62
72 12
69 77
207 31
155 90
358 61
222 99
140 37
294 33
3 8
153 67
231 10
102 45
352 9
249 6
102 54
174 81
72 28
24 4
70 22
267 100
28 46
148 52
188 30
37 21
280 29
134 5
407 12
37 10
457 44
40 49
195 56
27 80
221 29
278 76
125 4
231 25
162 87
44 96
294 85
177 38
236 5
350 4
173 69
216 71
366 3
341 23
37 60
19 30
165 52
32 23
394 64
250 65
351 73
387 72
394 18
236 62
11 40
108 96
269 52
63 89
415 65
416 39
129 74
184 65
181 14
210 84
81 34
293 24
271 34
377 45
126 10
382 14
398 12
161 100
343 69
39 66
183 59
256 74
276 81
262 36
189 78
30 92
257 99
181 44
331 58
291 71
96 86
125 86
341 98
195 60
342 22
154 100
246 27
308 96
404 53
44 82
275 55
94 86
181 24
335 29
435 56
36 75
387 68
364 10
60 92
299 100
383 32
186 73
454 50
102 34
406 61
151 100
145 36
4 97
122 69
80 60
89 52
131 95
304 53
376 55
384 97
147 55
99 28
48 93
359 29
370 57
183 82
174 70
441 45
367 26
86 62
430 35
16 50
435 69
147 9
179 35
187 55
352 93
473 69
352 95
412 78
213 3
304 79
362 31
203 78
101 100
388 44
376 24
9 85
321 76
241 65
394 97
251 11
225 52
71 64
66 83
9 62
220 82
241 40
321 68
340 19
230 21
26 60
302 75
438 82
69 35
329 28
380 9
88 83
381 99
102 56
217 92
197 6
11 24
71 85
128 70
134 54
272 81
287 68
236 98
127 16
58 46
168 89
27 46
397 56
23 25
403 13
293 39
309 34
49 83
290 65
50 47
117 87
349 55
223 7
183 57
37 92
258 5
317 26
223 90
234 39
60 83
392 84
335 14
235 26
398 92
408 82
251 65
83 49
97 8
429 18
467 99
124 66
219 50
258 14
408 23
250 1
233 66
48 25
76 32
60 80
420 28
54 51
452 19
415 53
96 100
431 13
180 14
418 86
146 12
25 97
412 85
33 40
268 87
356 45
170 77
132 4
302 99
31 42
217 78
68 50
76 85
73 47
403 80
273 58
378 10
88 80
150 93
362 42
452 58
127 43
279 72
219 93
193 33
451 60
101 93
311 98
403 70
262 17
92 38
212 16
320 76
215 60
170 73
260 85
300 93
144 25
338 23
437 80
237 25
379 27
310 52
217 97
125 5
121 88
261 28
285 7
247 8
140 28
305 83
211 16
21 57
303 38
40 19
134 8
46 7
321 45
228 55
476 74
462 79
346 24
272 7
266 32
338 26
444 93
412 35
471 89
111 58
387 91
456 51
209 8
124 30
102 27
90 68
353 80
413 3
235 28
303 97
48 48
130 13
242 19
469 63
61 59
340 36
277 39
138 97
53 50
308 54
188 98
27 69
391 7
122 80
350 61
353 44
116 17
86 63
266 10
305 28
14 69
219 94
346 28
236 43
369 92
114 83
314 85
161 70
91 28
228 91
151 79
17 89
274 66
462 38
407 39
302 50
130 17
23 17
32 59
381 5
396 78
175 77
223 51
198 34
19 20
455 3
71 16
383 31
365 5
11 70
389 9
460 78
42 70
289 7
141 71
69 12
298 40
38 74
84 54
357 57
449 62
101 85
62 6
125 76
251 63
62 5
162 21
1 19
61 25
298 64
34 58
444 93
156 86
6 91
404 93
62 60
312 3
176 32
451 44
50 13
435 78
274 40
356 92
98 7
87 97
454 73
143 55
325 50
436 68
132 28
39 84
449 19
322 92
99 30
96 74
409 35
472 66
381 73
385 72
31 10
108 53
332 80
8 7
359 33
46 10
209 77
471 79
73 23
391 89
82 74
292 42
245 63
104 65
50 59
331 99
422 70
10 7
144 83
124 29
214 96
174 28
401 34
278 23
218 28
461 97
376 45
306 52
373 51
394 19
324 17
204 97
315 43
161 48
93 54
69 43
222 100
253 32
303 29
470 40
365 7
28 17
239 11
356 44
185 36
14 70
301 64
156 13
218 5
466 59
256 53
214 70
475 86
59 15
341 23
381 82
282 33
419 47
108 24
279 61
86 55
391 11
314 40
209 7
227 97
263 77
129 38
25 51
158 59
457 20
338 69
382 48
193 8
390 65
106 86
93 55
48 87
136 26
68 77
143 42
103 66
357 21
295 33
239 51
220 22
429 4
97 44
342 48
233 24
165 53
21 20
412 56
132 71
223 41
409 6
51 44
430 36
83 19
206 62
401 47
405 20
151 51
270 35
356 89
119 80
235 46
408 45
368 44
23 55
146 78
67 86
198 17
294 35
399 82
94 61
305 26
207 70
208 50
443 83
466 61
414 57
403 51
260 14
236 99
196 69
278 23
4 84
428 82
175 92
286 16
52 57
429 59
242 94
375 73
437 2
310 69
443 81
466 15
225 38
70 7
136 32
432 97
252 70
378 26
71 94
56 39
8 38
462 86
18 87
348 87
443 52
334 42
2 63
52 90
419 33
307 7
235 47
394 35
356 79
251 44
75 57
458 53
299 74
346 74
220 31
239 74
457 34
347 52
404 5
434 26
267 100
461 47
49 49
411 91
415 11
247 39
55 79
286 54
64 76
9 7
166 66
425 28
304 74
240 1
156 62
433 51
48 53
410 65
379 40
454 53
95 1
400 3
190 25
442 26
81 3
130 61
30 69
223 15
86 86
146 3
467 13
357 83
93 34
332 6
199 39
79 55
340 79
61 10
156 59
17 98
85 99
351 12
80 7
24 54
400 30
15 2
61 1
322 23
178 4
161 78
248 58
79 28
168 36
160 66
218 56
460 79
96 3
121 69
16 64
403 45
437 38
147 20
115 30
240 14
263 67
26 4
421 67
131 13
94 99
264 22
329 95
5 68
221 60
154 32
331 79
476 18
369 14
284 46
131 55
109 43
161 58
383 16
261 3
341 39
101 32
246 73
327 59
302 4
147 78
333 99
315 50
172 56
375 62
262 45
132 7
98 29
197 8
268 68
409 40
204 26
101 39
232 71
352 26
375 56
131 36
349 79
388 41
251 70
336 64
330 88
316 86
115 4
146 12
450 97
177 13
140 41
438 44
329 61
161 8
324 12
361 44
134 99
283 36
68 80
417 83
110 13
187 74
35 89
306 79
179 30
426 11
234 51
71 56
129 97
138 83
315 49
99 62
76 11
361 72
444 46
239 34
463 74
412 32
175 87
101 100
127 63
323 12
122 24
390 45
316 3
374 6
367 55
368 44
17 47
213 62
370 89
20 53
295 75
266 50
232 67
108 1
70 71
56 64
345 79
74 65
316 85
57 50
16 31
382 15
406 20
285 69
272 98
353 47
14 66
25 22
126 15
455 36
26 63
245 50
209 99
168 26
170 95
13 22
102 91
367 51
109 78
162 63
277 79
343 72
306 16
94 37
432 21
287 73
11 4
194 56
264 29
357 65
223 5
197 70
148 90
19 26
37 33
90 81
475 87
70 47
40 80
223 93
94 71
52 30
16 3
301 35
212 88
30 33
13 4
353 43
107 50
361 12
263 74
381 74
387 94
347 90
69 84
400 100
419 48
235 17
403 3
12 85
301 93
439 58
85 29
311 90
258 51
359 14
411 19
76 35
423 64
364 21
254 84
69 90
431 6
389 21
273 75
312 84
341 37
247 42
40 66
173 75
62 9
208 7
1 44
154 61
457 77
392 56
173 76
396 44
349 53
443 87
358 15
401 64
447 27
132 38
417 43
328 64
21 19
147 17
211 20
157 63
413 59
225 32
21 22
170 32
100 73
390 6
243 79
74 1
298 72
59 85
420 83
401 14
185 63
182 40
133 80
462 21
248 54
10 45
206 50
243 77
229 33
355 25
331 78
336 31
150 70
434 39
454 24
81 70
120 96
17 94
379 22
20 74
131 18
48 74
225 8
416 51
249 66
385 23
26 32
458 60
318 56
241 36
356 44
390 49
405 60
37 23
374 39
143 19
101 45
51 11
32 70
66 70
465 27
144 83
86 14
238 93
167 59
238 14
152 94
175 21
97 82
447 46
288 81
209 92
429 21
372 73
143 9
3 26
189 80
232 31
422 91
120 62
89 99
374 34
288 32
193 33
411 37
138 93
316 98
89 90
122 98
255 62
312 81
182 28
259 5
201 64
116 50
453 18
222 48
436 90
375 14
29 51
378 13
290 74
405 54
12 91
65 42
105 55
40 45
408 51
184 48
256 8
163 55
213 18
361 3
449 37
398 58
426 30
220 25
34 16
435 49
324 48
244 8
124 16
370 27
261 54
297 38
110 57
408 81
413 43
425 25
272 9
296 43
236 41
350 77
116 11
22 28
127 53
385 15
410 25
32 17
187 65
384 98
329 60
46 4
222 64
147 58
41 85
230 10
341 20
330 29
426 96
365 90
288 6
285 74
348 70
137 39
22 95
360 45
303 75
89 77
203 4
417 34
354 67
174 82
326 70
439 98
432 87
161 44
198 12
9 11
143 82
198 64
8 55
286 84
77 75
381 35
337 71
67 48
96 60
224 37
436 57
24 15
238 41
299 72
267 4
201 47
412 50
320 16
201 89
255 22
411 53
458 54
44 56
476 30
382 71
430 4
89 20
277 90
272 22
5 3
442 25
394 2
292 88
467 89
372 80
72 50
213 73
466 53
24 86
139 58
267 13
348 89
104 24
450 1
84 19
167 84
469 86
241 12
78 62
11 33
156 46
355 80
459 100
90 46
28 27
230 91
457 80
14 63
276 50
20 2
180 20
185 9
250 95
218 61
151 81
330 44
6 14
395 64
354 40
197 90
53 12
166 3
319 29
80 44
255 29
205 43
410 43
203 82
341 82
235 68
130 5
61 70
411 33
441 40
107 98
148 6
369 52
266 34
143 28
268 11
426 34
366 60
279 72
80 40
345 89
40 52
419 69
110 41
232 87
317 17
369 51
210 96
72 46
447 74
290 1
58 21
127 94
134 46
158 47
64 85
368 44
198 22
357 25
126 47
471 8
91 21
273 77
287 83
326 7
340 43
411 3
371 69
399 10
434 97
24 72
41 94
24 68
408 67
271 2
220 13
303 48
170 77
318 10
269 91
88 93
229 37
353 46
347 56
104 29
2 65
357 16
71 88
323 63
4 3
359 64
211 91
39 8
318 70
13 40
422 75
82 31
296 42
433 8
371 16
173 44
440 14
331 19
124 20
446 92
195 85
116 84
222 40
410 57
141 11
414 56
354 68
184 85
163 11
263 81
81 11
190 100
137 7
37 25
199 16
472 11
125 45
170 28
83 8
471 88
179 73
119 57
183 70
318 9
36 15
362 100
449 82
183 71
428 32
262 96
29 99
20 63
335 23
80 37
241 100
192 85
23 43
426 48
254 64
134 40
229 64
10 6
262 40
18 58
178 86
138 18
9 85
173 39
27 82
193 4
438 57
155 49
347 39
310 18
457 16
458 27
23 37
356 63
42 96
470 64
225 69
470 56
339 61
301 11
369 24
271 55
188 23
133 80
254 86
85 55
463 39
442 25
135 81
191 6
26 1
327 74
144 77
117 91
393 11
127 60
366 81
307 19
454 45
60 17
346 59
193 28
342 39
338 9
274 75
269 27
24 75
191 1
459 76
126 93
451 26
227 61
400 42
193 47
459 3
378 25
47 29
312 51
164 62
153 34
10 11
42 36
38 11
184 64
116 61
422 7
195 15
377 15
444 8
382 96
386 14
20 20
140 1
61 55
452 57
121 36
211 16
314 1
406 34
10 48
369 14
31 1
315 64
37 52
74 58
267 42
432 38
301 25
328 65
370 31
324 85
476 50
107 82
90 37
257 53
88 2
269 11
325 7
348 81
151 25
144 46
2 57
148 79
147 10
441 76
418 79
439 38
129 56
66 42
468 99
406 89
448 90
68 100
56 63
45 99
68 8
299 32
337 10
127 19
43 59
72 7
274 80
469 73
161 57
49 45
148 9
147 55
391 22
306 31
453 32
468 60
134 8
328 27
299 96
58 64
343 17
238 60
361 96
55 88
440 92
13 52
406 11
314 27
208 6
260 10
30 4
354 86
395 25
221 97
62 14
251 52
345 83
106 12
212 86
414 64
118 27
240 88
429 99
427 75
123 55
166 77
16 17
226 10
162 41
303 61
204 77
94 9
363 59
119 38
404 97
94 32
192 9
214 39
469 6
310 88
58 39
333 19
454 36
438 88
206 63
144 5
436 80
218 49
411 43
322 52
4 7
337 60
74 8
176 38
301 1
96 69
41 6
448 87
54 32
62 75
37 62
266 47
404 50
230 31
244 34
113 91
2 55
205 55
206 71
357 7
159 80
12 50
174 79
356 81
190 26
351 30
361 51
464 70
444 98
237 99
264 39
123 50
117 78
263 74
242 55
353 46
88 51
338 34
104 62
268 64
101 77
250 27
129 58
456 81
438 54
45 38
455 63
117 35
151 4
135 33
7 53
95 45
245 36
53 27
27 5
127 77
123 59
276 87
406 10
17 33
374 83
464 95
353 59
219 24
368 70
370 55
472 27
165 96
106 10
413 80
195 62
466 8
289 95
391 63
41 66
194 49
173 49
20 22
162 23
44 47
191 96
403 36
468 62
297 39
359 75
131 1
17 27
10 67
417 57
85 83
380 9
305 66
47 23
426 17
338 69
91 42
372 78
270 11
269 45
325 75
232 94
354 85
225 93
1 48
48 19
437 65
173 25
392 31
84 73
146 98
309 55
222 66
256 2
77 81
29 99
107 1
6 56
64 10
296 56
50 5
67 17
387 23
60 31
55 43
394 78
18 40
5 100
442 69
191 53
148 79
345 69
379 21
452 83
201 18
467 25
144 62
108 33
148 68
269 64
463 30
340 48
452 38
134 60
418 75
448 32
130 90
299 20
82 26
287 71
135 18
137 34
470 3
407 24
304 12
381 85
318 57
373 50
391 57
340 78
446 6
455 40
173 33
255 82
20 85
34 95
178 91
386 31
311 93
324 21
333 45
452 11
389 10
75 53
455 58
305 83
91 75
433 86
110 32
81 25
61 34
132 35
412 98
297 10
78 7
257 63
54 5
349 64
85 10
473 83
205 54
435 8
248 26
214 49
315 57
170 31
397 53
351 39
403 16
224 5
253 56
236 90
50 62
344 6
35 44
199 88
187 57
257 36
110 96
474 67
446 52
303 26
78 66
445 98
408 66
472 53
450 51
365 8
238 86
376 11
292 69
179 79
91 60
31 45
147 65
251 14
34 90
420 37
323 80
203 38
96 100
465 42
133 33
171 90
373 67
65 65
169 22
356 95
175 58
5 6
152 7
125 79
452 76
93 69
90 35
284 26
154 18
273 58
355 61
411 72
42 57
340 74
218 36
281 49
129 3
141 80
423 88
358 67
415 3
24 43
84 92
188 74
372 4
67 2
367 3
214 80
96 11
198 6
411 80
152 3
214 16
349 49
349 90
21 12
233 77
244 64
364 29
246 38
129 90
140 6
122 82
300 46
146 41
20 61
121 70
434 58
466 50
356 71
268 65
379 15
440 13
321 99
275 23
419 26
319 69
353 46
158 92
284 95
166 53
306 40
393 31
18 94
312 19
78 79
65 59
431 9
426 77
341 85
130 16
381 65
27 82
134 91
342 42
65 56
400 1
443 13
82 61
296 25
104 32
476 91
283 34
219 36
242 23
121 46
375 43
37 75
225 22
430 51
344 81
333 36
244 13
381 47
214 82
395 47
362 43
7 16
16 98
31 52
338 53
72 17
409 14
30 44
370 41
66 84
365 59
318 7
26 67
461 75
83 46
13 51
318 62
465 20
314 10
149 51
320 92
38 44
426 72
176 47
363 73
197 51
260 34
340 53
113 65
118 10
394 100
102 87
139 9
419 62
353 88
189 96
369 62
116 47
60 20
205 90
374 43
250 84
357 94
363 55
380 29
316 69
474 51
435 26
87 19
38 48
248 48
471 66
69 63
91 73
374 44
441 1
236 82
266 45
240 15
88 20
408 57
20 65
272 12
420 67
347 83
239 7
192 34
18 34
39 19
298 30
330 80
318 63
228 11
409 90
289 42
4 81
359 97
102 99
394 62
316 82
313 10
387 56
325 29
403 86
403 69
455 30
410 34
328 32
35 46
100 70
323 89
7 36
331 79
412 45
193 63
188 11
163 44
328 68
403 7
131 48
207 77
163 67
175 85
242 25
207 7
165 51
49 8
333 59
253 15
56 19
127 14
251 44
226 73
183 2
250 18
246 24
149 43
319 26
125 52
95 29
340 94
90 100
151 20
349 18
406 47
215 63
165 18
357 79
262 84
191 100
93 79
427 90
254 5
353 15
34 94
54 2
113 16
37 75
240 50
290 41
314 42
446 6
107 90
463 13
386 45
177 28
77 27
369 95
259 21
407 9
357 40
223 78
222 41
343 16
35 30
130 73
169 87
264 64
74 48
81 35
319 89
30 82
224 48
281 79
339 49
117 51
194 95
378 61
235 29
313 58
296 27
388 37
83 35
158 75
348 17
141 34
388 41
309 67
180 9
279 68
16 62
470 2
255 30
103 75
193 21
462 88
369 8
272 63
41 50
306 2
293 86
145 76
157 90
392 70
259 31
359 37
89 100
32 93
145 45
348 65
257 76
400 80
473 11
157 46
59 57
260 100
349 3
23 41
428 94
68 55
111 36
323 94
134 80
82 17
28 17
264 56
55 75
201 68
192 86
141 36
81 33
432 100
186 62
108 6
362 87
54 75
82 47
107 56
164 17
73 11
138 45
307 86
330 45
247 69
29 54
271 78
285 54
217 86
203 49
261 85
262 63
33 1
85 61
127 66
130 42
