7324
583 36
628 84
543 83
1213 51
1199 23
297 80
554 45
918 26
18 25
1464 52
1151 90
593 25
377 93
870 22
1439 1
191 93
1022 90
1407 93
363 43
372 46
1305 44
707 80
1126 46
232 33
1402 88
840 14
1050 9
1133 22
395 46
854 43
175 42
1098 12
871 92
869 78
522 92
1075 43
1397 43
299 63
1012 61
658 8
276 68
1020 78
1294 89
458 87
983 47
941 56
156 73
1153 22
719 72
81 99
893 29
842 38
1210 59
446 21
1198 83
1071 79
337 87
1169 28
438 36
756 70
1202 76
1213 79
337 52
251 97
321 73
118 52
479 63
721 10
233 47
1309 26
183 20
408 52
1186 73
269 11
512 9
491 55
903 16
178 42
541 16
447 88
409 47
352 85
146 4
989 44
1394 51
1374 89
579 59
675 98
907 75
1290 93
352 22
262 42
123 45
1020 46
72 49
468 18
1385 10
688 76
310 51
769 97
359 6
819 70
153 99
469 60
1417 49
1239 78
45 83
1199 4
452 17
321 16
312 92
1294 83
390 67
1118 8
431 42
259 69
247 1
452 4
1400 96
800 45
852 41
182 34
645 59
1326 37
219 30
696 31
1225 7
1248 18
117 61
630 87
381 97
1438 7
735 9
533 57
1187 45
1038 84
548 2
1335 60
869 8
802 77
235 31
668 20
1233 99
120 50
740 19
109 75
1343 56
1387 69
862 69
1225 17
1303 95
262 22
1410 39
590 65
1332 16
1030 85
426 45
270 20
1454 66
1278 40
825 100
741 36
865 72
414 80
728 90
514 80
1436 34
620 13
280 63
1189 32
1325 7
1423 43
1283 7
1369 17
1015 52
774 44
155 25
346 89
969 56
1389 41
824 96
1260 57
496 51
979 83
591 10
333 5
734 73
149 11
1272 3
1424 56
635 31
169 30
636 44
1292 42
1268 98
1166 19
953 95
459 8
67 92
658 51
941 30
492 76
331 94
783 7
113 95
523 49
1343 33
232 57
1419 26
340 40
403 40
825 98
1109 40
1228 30
743 22
1323 45
359 2
1256 83
749 73
871 54
231 67
1034 61
748 46
1448 21
1079 48
353 40
986 90
1120 5
55 3
1318 21
307 92
1055 53
1073 39
472 74
586 22
90 27
787 34
857 38
1271 1
474 23
454 92
1352 79
715 98
555 59
660 9
848 21
345 32
1337 94
627 99
959 84
232 56
767 29
237 81
180 78
370 46
549 91
738 95
10 63
1422 42
680 59
346 95
1321 1
220 49
711 27
742 92
1290 60
1453 87
401 48
278 39
894 41
426 66
1421 78
801 6
543 17
390 66
1307 73
104 18
520 11
339 7
212 15
670 86
1273 37
554 70
909 71
1304 63
1179 79
269 24
140 76
982 17
809 90
1308 15
270 95
747 92
863 60
219 35
386 42
45 48
581 3
1461 83
653 95
1152 72
492 56
839 2
65 41
1332 97
526 22
236 17
1009 68
129 74
875 27
355 75
512 66
158 54
1202 27
283 26
766 77
184 79
1143 90
93 42
1215 98
1347 58
139 99
532 70
924 29
107 58
136 51
1384 54
701 93
879 57
948 39
1102 52
847 76
369 1
780 78
200 21
193 39
1284 45
381 88
184 79
522 78
960 54
224 73
515 51
1153 78
526 49
716 74
292 72
1046 11
40 18
1287 92
1369 64
1018 72
768 15
135 56
308 90
593 82
854 39
999 80
814 81
1123 93
270 68
395 94
1138 94
723 64
73 68
43 89
711 34
902 30
772 2
438 92
920 60
1376 47
1046 97
819 67
1155 44
600 65
389 51
410 26
283 43
1317 10
1102 41
48 4
1209 32
151 80
1143 9
264 81
1256 9
1067 73
534 66
976 13
897 79
1272 21
478 19
945 88
687 56
518 23
774 99
1207 84
721 28
737 17
263 82
1132 89
294 35
1144 37
586 43
1223 67
292 74
1026 50
1237 57
1396 92
445 54
624 52
423 78
872 16
1397 32
219 81
1129 52
1137 23
198 49
508 21
341 75
410 42
405 14
592 36
240 41
876 80
963 79
1108 3
902 2
1465 11
392 66
1390 18
924 60
992 54
1075 48
128 86
377 57
1339 35
274 40
164 68
1449 38
412 23
1105 48
282 19
1317 18
1095 3
257 91
648 54
803 21
1425 50
497 4
522 23
427 46
919 13
1035 57
68 99
33 2
541 71
171 98
732 71
80 49
200 73
1045 96
894 62
149 12
1143 53
271 15
1267 17
1178 99
1124 18
428 5
547 80
964 85
1185 15
724 75
846 34
185 44
780 10
533 12
1395 34
249 58
1297 99
95 46
667 19
684 23
542 10
12 60
1098 26
509 62
1451 8
170 35
154 7
582 80
538 70
446 79
1428 59
640 27
771 64
240 40
143 18
1273 70
974 7
1172 18
673 84
144 27
584 58
976 22
1316 12
537 34
1080 12
985 12
951 4
462 89
649 75
856 48
1149 15
1107 19
1154 54
1308 6
805 3
356 7
1221 32
549 42
913 21
302 86
1388 50
362 6
964 50
1157 96
364 6
534 69
1125 71
975 96
1270 53
1129 3
562 35
1244 55
155 73
340 68
1120 93
419 40
1357 36
567 70
1369 58
523 68
656 47
1309 42
114 28
1033 52
258 9
306 33
725 40
1313 91
653 64
827 66
217 32
818 63
1292 60
767 24
283 8
352 47
1215 36
1393 64
652 64
582 36
277 29
99 96
396 31
624 54
997 67
1003 68
735 95
962 2
567 80
414 96
503 1
1012 17
963 33
424 67
887 88
240 16
739 17
605 80
1046 71
380 18
1386 19
1398 4
1435 23
183 21
780 73
354 11
425 10
1011 52
604 50
1398 96
334 68
164 18
853 94
1283 10
222 69
639 7
1041 15
434 92
924 88
253 10
1403 28
58 86
899 17
848 100
1172 65
405 46
740 49
1001 32
470 72
1334 3
771 61
9 13
671 23
1146 12
1348 6
738 54
863 49
1438 80
37 19
435 17
1249 26
305 10
979 5
518 71
449 34
976 94
375 76
2 65
565 82
1056 67
370 16
1425 24
1185 38
247 19
107 30
448 51
1172 80
881 67
465 3
1358 94
1309 39
958 68
1309 2
887 68
58 94
26 25
823 36
883 15
777 10
587 60
113 18
756 22
1208 55
838 92
533 78
638 58
714 34
802 9
1044 95
65 49
979 46
1379 42
206 49
356 62
497 17
509 90
454 48
488 79
1201 61
679 76
853 96
442 50
496 72
349 61
35 3
220 57
519 91
824 85
1076 70
743 7
1088 52
1211 52
989 33
927 69
1179 74
1282 14
491 98
60 88
1173 36
667 69
897 21
673 36
1185 10
808 91
109 80
885 28
312 60
73 72
468 85
569 27
349 28
1419 96
1233 48
1459 67
615 2
453 13
695 77
1108 88
144 81
300 33
315 12
516 57
209 78
939 19
169 86
702 29
730 73
1329 79
1097 49
1445 20
830 34
795 39
856 16
1099 21
378 32
513 43
554 37
213 64
792 48
334 2
650 49
1447 24
825 65
1269 9
31 34
1325 98
553 93
394 44
69 93
1222 45
556 72
275 20
342 43
150 45
1378 5
881 23
16 46
403 99
1414 25
1296 41
187 48
110 61
737 46
332 73
865 2
1400 81
1257 82
412 47
678 29
226 31
931 84
1194 1
373 84
1215 59
1390 40
157 76
656 96
9 93
577 68
488 38
1126 74
319 4
469 67
1266 34
1420 4
502 53
1220 15
51 8
467 9
123 96
886 37
246 49
1381 100
1207 48
1435 45
150 27
978 36
1284 64
133 70
163 80
496 31
1185 75
39 13
751 76
62 12
1137 100
631 37
43 82
206 68
678 9
1129 66
1212 97
990 27
748 48
235 18
1408 74
828 24
1083 71
76 19
42 68
1026 78
730 21
1108 10
709 87
1189 59
28 27
1058 36
317 43
826 2
504 15
535 89
808 42
502 80
1301 80
1308 26
393 35
1216 30
1245 74
1019 94
1356 95
544 33
524 34
1285 32
658 87
305 75
111 36
1314 64
757 58
179 73
359 56
872 58
115 51
523 12
203 80
279 62
1430 2
944 97
1043 70
497 32
618 53
853 50
564 67
1358 90
739 94
1001 93
1378 84
1133 33
1125 37
805 48
127 4
595 46
737 47
207 46
731 33
1421 7
1163 66
1301 80
800 39
732 32
539 59
1426 23
240 6
540 88
866 46
539 17
1271 67
412 55
505 16
1365 20
798 27
1091 27
580 76
30 45
1079 71
1253 35
809 82
1418 93
501 90
374 26
45 6
796 32
562 43
154 19
1234 14
1259 58
1113 63
847 21
255 18
730 88
731 58
563 84
635 39
50 19
754 88
1056 3
287 85
960 79
1144 23
170 26
658 68
561 90
653 48
97 13
39 28
935 51
773 73
1063 63
1439 56
928 35
1197 66
1463 63
436 21
1053 66
251 51
52 35
134 94
16 41
768 85
1045 23
661 85
752 46
675 73
27 66
534 60
524 69
916 33
607 45
6 32
643 57
577 7
1033 82
420 22
960 18
99 53
53 64
1057 6
1397 20
44 40
87 50
60 62
1079 2
102 57
304 10
1303 48
507 99
669 28
1061 44
901 35
792 18
791 69
861 5
1334 45
197 76
313 18
1184 6
112 80
621 26
441 69
226 93
7 1
1177 79
565 8
1114 20
178 93
1389 63
1368 3
847 55
931 79
229 92
657 28
258 79
254 83
955 86
196 48
518 3
142 90
430 62
1140 56
575 35
880 99
849 11
811 42
1033 76
153 51
612 1
748 20
273 27
1089 85
189 4
554 9
398 23
1322 83
562 15
1019 58
281 79
1203 7
1462 11
948 76
685 21
1060 53
149 29
254 27
657 17
742 55
891 95
991 49
318 64
1177 85
1441 70
1286 30
99 95
1080 93
1271 21
230 88
422 14
747 96
472 79
738 47
415 87
811 35
202 15
946 14
1313 61
1248 28
623 56
566 13
694 38
385 18
629 33
709 97
43 2
607 86
1010 14
1404 4
821 65
665 27
1080 7
38 5
125 75
45 19
138 47
1040 13
1061 80
924 70
57 18
511 84
1059 50
134 78
76 6
1454 60
1326 69
1425 65
329 10
840 9
645 10
376 52
577 46
836 55
981 52
1416 71
263 34
1204 87
1034 32
1298 76
832 48
834 50
1227 38
663 63
38 47
646 26
1263 80
320 66
843 39
65 80
1011 85
836 98
1340 69
602 20
436 13
1094 68
1379 38
243 44
202 42
726 97
464 64
925 48
448 63
246 10
994 50
545 86
1259 43
1273 40
327 15
1002 40
1226 11
528 9
792 79
815 94
1154 51
42 97
1397 3
1175 66
1237 5
710 7
970 60
561 32
1045 74
357 61
1196 76
118 32
1306 74
333 69
1042 64
293 76
1407 98
723 53
672 86
1021 5
217 49
660 19
1271 2
1001 45
1100 11
1214 82
868 25
900 94
1220 93
399 38
203 47
793 86
810 44
844 91
342 6
1408 56
334 38
371 13
772 52
505 43
1003 66
151 2
1377 7
1024 94
1412 67
330 27
434 88
315 13
435 96
981 54
706 46
44 46
1301 59
1421 70
262 44
788 22
1362 14
1239 57
401 19
484 27
919 14
844 62
436 71
108 79
1423 31
808 58
287 27
1057 51
582 34
673 95
782 77
956 77
938 20
687 13
824 10
795 68
1170 16
403 76
346 80
590 50
600 1
1191 60
7 36
391 32
459 28
115 54
115 31
964 66
1353 94
812 70
284 75
437 47
213 2
1420 50
30 99
565 16
1013 21
867 53
1028 1
9 31
708 70
1013 1
478 97
837 22
687 54
1147 30
61 21
885 1
30 45
1417 51
967 11
392 85
455 95
576 92
1366 35
841 58
791 34
926 23
1141 23
1007 71
1033 1
654 19
942 85
405 15
518 7
336 87
1252 35
1044 97
680 37
575 63
1101 58
1123 61
700 90
410 74
1451 3
365 56
112 86
1175 53
976 76
1107 19
986 7
34 30
1046 74
1026 86
251 40
482 55
449 38
1040 1
730 37
199 11
1036 52
1208 5
811 100
573 58
25 37
1042 74
479 59
1191 17
712 15
583 93
522 46
1048 29
1158 84
720 8
639 62
249 40
1128 15
937 54
211 52
184 71
1090 47
281 75
146 62
1138 42
1368 53
1142 36
459 98
576 5
476 26
901 85
1029 91
847 29
1020 54
463 30
1264 81
1350 6
469 24
717 71
185 93
1355 18
264 75
509 26
1118 5
632 39
781 71
1266 80
659 90
132 33
1043 96
929 67
1154 3
490 6
144 100
973 43
1324 46
194 30
589 20
374 77
1199 41
28 42
652 19
96 74
827 63
1259 87
438 14
911 50
643 18
1210 51
1413 63
83 99
764 60
4 48
981 40
327 68
506 95
235 53
243 81
1157 37
1404 71
90 31
872 30
56 88
245 23
793 76
1232 94
680 15
476 97
1294 66
653 26
140 15
678 67
425 38
1289 37
215 97
1197 96
137 50
350 72
787 78
1060 27
1234 84
1365 70
16 52
356 2
1318 47
690 92
1374 36
1147 46
1421 54
682 34
531 54
536 58
15 71
1267 16
1107 25
60 98
950 56
359 44
834 19
41 14
632 69
342 5
594 9
985 24
754 86
742 89
287 28
1180 15
760 87
519 60
165 87
97 16
150 72
841 12
466 72
1029 60
878 19
1312 79
93 85
1455 44
364 74
490 41
459 50
993 20
1299 24
992 20
695 84
250 39
1064 45
1459 53
569 63
299 22
386 23
887 77
596 13
373 97
648 39
1119 78
727 50
222 95
440 11
1463 67
259 64
741 47
388 61
856 11
1275 96
1069 95
479 46
451 62
949 81
94 78
462 84
209 59
382 37
236 87
1254 44
27 31
926 77
877 8
444 64
1168 52
643 7
1284 64
99 99
505 22
499 58
1034 67
577 87
333 79
322 65
867 12
1163 38
1166 67
235 62
874 94
402 83
1201 28
622 94
636 55
327 59
260 46
241 87
1442 62
986 10
1293 48
223 77
563 19
877 12
967 62
399 91
730 24
485 64
931 44
18 28
860 54
1012 44
462 66
110 34
118 52
1039 89
770 72
1016 44
558 8
210 23
450 26
1306 70
336 60
1221 86
951 5
1019 69
1357 30
1337 51
634 81
53 21
942 44
532 64
881 78
441 10
1453 64
1218 91
321 67
584 22
385 81
1327 83
449 53
1433 75
1321 92
1071 74
902 12
472 83
359 56
262 49
820 2
1120 63
645 64
592 96
1011 45
1116 2
733 25
1038 59
1259 78
769 32
445 64
1387 27
1445 64
594 91
834 61
242 26
133 21
862 25
1248 68
73 72
1457 26
1097 32
499 51
1374 50
124 80
1393 47
796 99
1015 30
1335 30
432 1
817 64
62 79
700 74
583 38
182 23
1373 71
1001 94
698 89
165 29
1412 82
1221 44
1354 36
977 40
792 67
765 52
1093 21
1027 40
465 35
781 3
965 45
657 100
85 72
117 77
1189 56
1457 79
835 48
1298 10
304 42
187 19
875 90
923 20
1113 97
781 59
529 86
1186 62
873 5
556 41
337 42
1165 22
358 23
1200 89
223 48
1078 87
299 46
791 99
356 40
1139 39
945 9
1279 6
155 67
231 26
305 61
1116 65
976 52
96 42
897 77
1251 34
499 87
31 9
434 37
1041 13
940 41
1226 27
905 79
871 95
937 77
808 99
357 27
511 26
1361 22
364 79
768 51
17 11
1358 60
864 54
1422 46
1424 57
93 99
58 51
652 88
186 63
433 54
821 58
744 49
1306 84
47 16
516 44
445 67
118 33
1276 9
484 80
640 36
1432 24
839 50
1123 10
230 29
1329 18
1363 33
518 98
163 38
540 83
820 96
394 21
740 24
102 13
489 28
762 83
178 50
1039 70
148 85
208 25
1318 28
80 15
1036 10
254 38
332 65
1289 63
260 16
546 39
904 10
1431 37
196 91
1047 20
560 31
1178 3
1038 86
39 33
709 36
15 61
1072 5
1392 23
903 88
568 36
842 100
792 40
116 62
1448 1
1342 32
879 23
575 37
239 43
1302 30
448 29
103 21
987 76
1033 88
555 69
76 18
1465 10
1086 47
563 32
983 27
504 65
784 1
407 45
161 92
57 58
1242 97
298 75
573 15
1291 66
1154 67
418 90
144 88
1173 60
748 21
726 41
1260 70
999 86
790 60
191 85
158 77
694 89
800 6
263 60
1253 55
1165 24
893 29
312 59
1381 42
32 38
1384 26
740 69
1186 70
78 55
232 83
203 27
1309 4
136 54
1102 70
421 38
1094 13
1332 100
327 7
146 28
1079 75
558 34
403 39
1354 13
677 83
1373 35
93 67
684 97
95 98
1317 69
995 4
912 66
1349 71
368 94
355 59
285 75
322 100
170 31
1218 34
1397 84
169 14
1459 67
1139 19
984 45
563 2
103 46
283 65
1288 31
1464 74
367 40
442 32
605 76
901 71
1241 16
799 23
403 8
485 79
305 86
748 67
1201 33
842 79
748 60
348 30
337 47
431 10
788 3
1034 71
187 12
698 67
279 45
534 77
42 31
1007 19
1267 31
538 47
755 55
749 29
4 82
62 9
313 12
229 89
1014 35
62 78
780 42
14 67
675 12
533 53
1204 34
269 12
1391 45
782 31
899 36
390 22
419 6
1141 34
938 34
1304 43
397 90
933 53
905 27
1051 89
516 95
93 28
112 32
1023 89
1269 30
1215 19
149 81
1285 33
123 83
122 48
1348 54
609 78
1286 71
608 6
927 9
1246 3
851 11
226 39
257 32
1417 63
61 92
318 95
794 87
996 81
124 4
1387 73
1295 22
573 55
1083 17
89 73
570 65
1188 93
577 78
950 32
1031 67
329 17
776 37
508 84
444 71
484 12
554 94
906 33
285 62
1187 92
665 5
990 56
509 27
527 61
869 15
749 96
727 16
206 33
1377 64
141 97
294 60
1294 67
1271 91
980 61
573 90
1007 83
761 53
70 90
131 69
296 60
915 87
236 54
585 66
624 79
654 45
1303 18
855 60
73 41
186 9
501 80
713 1
975 33
586 10
993 32
1002 35
620 92
278 18
41 31
1321 77
1094 70
1256 46
123 2
935 12
1017 57
176 6
230 13
977 99
495 21
385 55
956 57
1322 81
37 67
729 61
138 17
1171 72
191 43
853 54
574 88
946 35
643 1
53 82
438 77
426 70
333 20
242 41
780 9
713 53
489 46
1429 38
1395 87
620 42
1365 19
845 93
529 53
186 4
661 77
1182 46
474 45
5 93
183 65
1413 96
1435 84
1323 75
439 22
320 18
1330 37
112 70
1007 27
320 91
182 47
358 53
438 68
61 15
1015 79
427 63
93 83
1073 40
199 62
621 20
539 52
1401 95
1167 59
8 52
386 21
20 7
390 80
679 7
115 42
930 73
658 40
358 30
339 95
1080 28
578 84
1409 7
16 45
951 49
1096 99
271 39
1023 94
877 70
1010 39
835 1
714 89
199 25
1194 80
480 27
293 46
137 30
213 88
1270 20
1136 76
240 90
593 54
1222 57
1075 17
660 51
28 77
127 32
272 42
432 49
583 77
703 32
531 45
34 9
76 65
379 32
1109 71
649 87
179 52
1101 66
1256 21
950 11
787 20
936 62
