1637
308 52
80 6
202 79
270 22
213 11
175 52
286 28
8 43
79 92
216 91
19 73
207 62
81 80
212 10
71 55
307 79
245 34
175 59
145 21
102 29
193 66
185 50
43 33
323 82
157 4
33 30
153 37
140 6
240 83
248 72
194 26
38 57
169 25
309 66
162 61
278 88
63 94
71 74
174 49
163 19
200 82
131 29
51 59
291 72
215 30
87 28
144 100
285 85
128 45
151 88
101 70
318 28
221 83
72 74
124 86
241 53
210 32
116 34
90 58
62 61
253 40
315 49
160 26
86 11
26 57
21 86
190 70
85 92
276 94
185 89
268 34
147 53
216 61
199 72
160 40
256 48
224 9
185 60
56 6
295 29
126 100
198 19
126 1
291 46
11 2
29 92
33 46
257 21
168 29
40 70
253 45
101 39
167 1
151 7
24 14
45 53
285 52
49 98
267 3
208 78
87 95
163 22
195 90
259 91
40 51
61 42
196 37
50 49
233 45
275 32
123 13
95 12
241 23
135 13
290 16
268 15
95 52
142 19
174 11
106 2
92 2
166 77
208 19
127 62
191 95
156 86
128 39
286 83
304 7
219 28
85 10
114 73
90 83
36 18
43 88
248 33
279 82
155 93
74 33
201 75
181 79
4 93
23 83
278 76
186 36
146 93
249 55
123 43
64 48
85 86
189 14
248 25
124 22
45 100
177 15
184 2
217 3
58 99
279 3
47 13
271 17
87 3
9 95
251 81
26 22
314 47
213 49
55 39
219 16
59 48
261 52
15 78
1 33
271 37
112 5
13 64
23 57
324 25
302 47
180 95
232 62
140 38
122 31
289 65
55 69
128 63
181 67
315 10
133 82
147 5
227 34
133 98
78 15
196 28
18 78
63 27
177 59
174 43
274 66
323 43
294 70
22 47
258 17
103 15
176 14
23 41
298 20
215 85
276 12
103 92
187 48
145 78
173 17
28 25
189 9
135 26
25 6
67 65
208 90
119 53
79 89
221 82
17 70
282 98
174 18
185 76
16 3
89 39
38 44
312 39
150 63
10 35
107 92
21 17
327 2
79 76
135 31
183 86
178 55
199 72
69 83
143 98
183 90
93 20
203 72
167 77
39 16
127 36
162 71
90 95
238 32
293 86
285 90
207 95
325 37
263 4
243 69
311 24
105 21
109 29
135 21
28 80
295 80
199 19
71 55
191 29
153 61
202 14
106 57
117 79
310 88
221 81
284 92
165 23
87 42
245 74
273 29
235 83
158 3
141 47
231 97
288 66
266 61
216 62
108 48
46 89
289 58
115 61
211 75
246 91
279 76
317 23
189 78
234 99
144 5
135 41
229 53
230 10
8 8
145 48
213 88
151 11
180 46
171 76
178 41
202 63
273 25
258 4
105 47
289 15
177 71
110 19
178 60
112 57
285 73
29 82
33 59
291 83
46 26
101 85
290 66
230 25
162 63
215 57
115 28
126 64
55 20
216 75
248 80
200 62
154 26
145 36
293 69
9 13
247 22
39 24
252 55
129 27
50 33
79 1
181 12
228 85
221 40
110 61
110 71
131 71
191 37
4 11
217 41
278 92
37 7
295 61
325 80
168 92
286 7
126 3
216 66
149 18
138 69
218 53
133 85
313 89
9 69
30 52
106 42
83 70
124 98
268 96
63 66
196 98
94 55
35 10
248 76
134 36
214 9
189 19
251 41
92 12
62 40
32 91
148 45
127 35
217 77
284 7
255 17
106 93
239 18
55 44
217 78
208 97
291 13
206 76
207 46
46 86
112 52
113 94
219 78
242 58
302 43
95 74
48 26
80 25
106 52
98 57
268 100
42 21
5 56
215 31
184 66
258 51
195 25
223 75
196 82
68 45
318 60
64 18
268 6
275 85
235 3
102 69
51 84
145 9
320 45
153 39
101 11
202 38
15 63
301 46
22 1
267 2
47 30
134 73
44 84
229 78
298 29
21 60
157 6
135 79
258 8
81 89
38 68
314 42
304 86
79 98
266 56
29 83
185 77
278 96
91 81
3 8
1 18
62 17
53 55
72 43
79 54
252 62
245 25
56 33
5 91
145 68
23 87
106 25
96 66
48 69
150 90
20 81
225 57
310 89
176 59
26 91
193 18
166 22
210 10
165 14
112 73
8 25
276 46
109 15
161 56
65 8
189 69
121 94
319 23
273 55
182 68
23 99
144 53
254 12
54 28
190 59
218 79
145 9
250 73
309 93
321 38
171 68
77 14
63 34
4 30
138 72
228 4
269 59
36 59
54 29
15 48
50 39
64 79
23 99
209 32
18 7
251 81
103 99
138 10
130 60
146 56
141 25
316 66
146 43
153 51
63 7
241 44
250 18
161 8
75 32
318 33
84 74
187 48
34 23
255 76
288 50
178 26
146 86
304 50
277 13
23 69
28 71
136 27
157 99
49 83
5 94
144 69
53 39
246 71
300 88
105 58
142 94
119 80
29 75
129 42
266 40
220 29
314 13
290 10
12 46
41 71
177 46
308 6
178 69
39 60
50 9
132 23
9 99
120 81
45 16
235 70
224 1
323 22
254 48
208 45
241 30
206 9
45 80
165 22
242 56
146 44
276 4
8 2
186 33
186 52
280 67
167 78
163 83
173 93
275 22
85 62
185 91
172 84
238 79
165 82
309 51
31 43
109 52
93 4
155 53
157 90
302 10
317 89
297 31
187 92
115 49
101 75
113 26
164 26
160 68
96 10
77 62
215 44
258 59
298 35
287 20
5 25
282 67
223 30
242 25
313 94
85 92
72 65
188 36
220 25
153 99
293 39
237 96
259 43
18 26
93 4
41 57
140 92
243 72
203 56
320 55
104 9
190 36
315 77
193 48
325 22
137 47
252 81
312 51
30 86
326 84
46 88
319 94
157 64
101 75
140 63
223 53
231 89
103 17
218 79
59 97
249 15
254 52
48 35
130 58
180 12
87 90
99 72
306 19
265 12
31 22
268 62
311 41
68 50
123 85
267 74
259 72
303 90
6 49
105 63
321 55
287 68
243 68
161 75
253 40
288 21
43 62
16 38
17 73
85 68
17 51
212 6
120 6
301 90
178 32
121 56
259 61
308 13
246 55
275 49
137 12
176 43
8 15
293 54
116 13
109 2
253 13
315 20
14 27
195 31
208 8
260 28
256 98
96 43
148 27
320 81
268 82
105 7
58 76
158 79
28 73
284 90
192 56
145 63
46 96
120 81
90 25
234 24
254 91
323 21
35 94
139 25
299 56
196 19
217 64
37 71
302 97
39 33
105 96
83 61
14 48
105 91
29 87
134 88
36 32
6 35
107 79
177 16
302 92
76 82
4 32
195 83
54 65
294 19
214 44
217 71
89 50
53 46
283 4
310 13
152 78
304 1
52 43
94 20
273 81
95 26
241 48
63 83
34 97
295 3
69 83
304 50
159 74
173 65
97 16
230 8
224 90
75 21
65 86
273 35
182 78
262 75
295 33
139 20
23 91
41 72
286 51
102 86
206 38
96 49
118 48
129 88
143 69
316 66
132 50
186 66
188 31
204 88
229 15
179 88
242 11
229 22
224 32
178 34
37 19
206 48
41 7
83 31
49 6
240 78
70 6
224 88
270 31
303 70
86 45
132 71
201 79
43 58
141 4
230 18
225 49
39 45
234 40
263 37
313 82
113 28
26 20
109 9
47 8
194 95
129 91
205 26
149 5
275 7
62 20
16 99
192 25
322 13
301 23
141 72
235 53
53 52
28 25
268 75
167 13
22 96
314 7
50 36
96 71
153 23
228 18
317 82
234 59
44 5
319 81
147 8
102 60
296 90
228 3
175 82
242 84
164 44
282 35
150 65
252 15
246 55
105 7
70 38
244 40
156 95
69 46
191 17
236 59
63 14
145 48
11 81
9 73
119 75
261 18
144 65
198 89
213 4
32 53
106 92
216 69
99 34
256 67
206 91
261 94
22 89
200 59
18 3
303 50
197 6
175 56
270 22
262 83
116 2
53 44
317 46
306 15
182 91
318 94
185 57
118 26
235 93
21 44
190 98
115 87
294 100
243 20
202 14
275 69
211 70
186 19
289 18
283 43
221 86
95 89
185 44
264 6
75 13
77 9
229 44
307 86
24 64
131 21
40 50
57 69
289 85
47 85
199 63
90 97
145 98
132 57
1 50
305 9
279 47
21 47
274 40
295 25
261 82
148 75
145 95
222 60
167 100
192 5
91 75
85 55
189 39
239 53
96 84
166 26
244 46
181 75
324 57
34 62
166 57
316 90
178 39
309 72
86 57
230 16
262 95
218 100
135 33
153 76
99 76
15 72
40 2
120 61
121 36
269 98
62 99
274 82
289 40
196 26
66 73
59 16
232 66
178 66
59 11
192 17
48 67
80 93
136 33
100 68
99 80
283 19
89 37
154 47
80 61
276 31
42 73
112 24
190 55
30 55
276 14
108 37
284 12
19 13
299 80
253 83
151 24
42 10
279 39
134 32
119 14
283 4
36 20
122 10
290 67
196 34
127 1
316 34
23 32
60 61
129 2
298 1
23 2
306 92
165 87
210 55
163 19
78 36
38 11
64 7
40 85
56 98
318 90
306 27
270 56
312 28
208 66
59 58
297 37
281 75
292 46
166 37
57 61
261 17
175 83
119 26
257 15
101 56
275 8
49 21
4 15
239 80
92 53
167 27
223 79
64 82
233 57
52 64
6 14
54 59
86 28
181 98
246 63
222 86
93 69
9 50
127 82
309 91
265 34
166 77
28 71
64 44
105 5
110 27
96 17
26 70
318 74
184 40
194 33
242 81
71 36
136 100
168 3
187 53
267 49
274 61
59 21
10 1
58 77
290 4
235 13
316 39
172 53
14 22
118 26
17 98
193 46
118 7
146 67
122 50
272 97
222 39
284 72
222 88
278 45
182 81
283 77
85 38
169 73
310 17
8 72
315 20
96 56
300 19
177 9
76 20
267 93
301 72
132 65
137 81
214 23
245 57
291 17
95 92
6 46
285 92
319 16
235 82
195 69
262 18
180 33
7 42
71 78
157 40
16 38
212 4
175 18
181 70
320 17
54 18
38 60
181 11
77 29
59 22
48 86
87 52
73 47
4 81
187 31
29 34
230 99
214 14
183 87
239 22
6 10
175 47
78 15
299 26
53 80
57 52
237 48
204 21
253 44
104 8
48 53
99 51
264 54
234 44
103 60
227 48
219 62
207 90
14 12
63 73
321 3
104 81
116 51
52 43
144 6
281 91
212 87
17 24
199 56
115 79
184 90
302 23
261 7
168 4
107 87
101 19
47 75
154 41
152 74
294 68
156 77
227 56
7 47
38 62
193 71
276 94
17 57
89 23
45 10
178 31
140 12
287 91
232 67
180 50
134 80
222 87
76 4
260 81
165 99
267 14
130 57
125 83
122 38
228 17
8 34
247 32
174 21
70 21
236 65
89 64
277 40
43 10
91 41
29 84
213 94
255 66
201 51
218 1
10 77
167 16
317 91
277 68
32 99
106 81
294 61
168 19
272 24
273 17
22 100
155 14
181 52
253 92
300 96
268 89
97 17
82 39
98 75
167 32
77 96
32 15
24 16
203 21
73 22
118 12
241 78
188 12
40 76
284 22
197 88
304 52
251 7
183 32
209 91
80 19
311 61
226 89
288 48
99 15
177 44
32 55
290 28
58 21
34 50
311 14
294 28
325 11
65 98
275 1
247 55
303 35
199 43
288 61
199 41
116 100
89 95
219 46
276 93
37 21
90 47
180 74
248 13
89 12
177 88
214 60
132 62
29 7
247 67
322 66
117 93
252 52
95 82
27 90
314 24
82 39
111 11
4 2
74 22
261 37
63 70
124 84
16 76
72 94
147 85
69 80
298 68
106 80
240 78
143 42
13 72
282 41
268 60
66 65
127 67
80 56
184 72
270 81
168 11
201 61
326 91
285 31
73 75
320 46
148 100
154 16
225 73
146 3
279 63
43 69
323 1
182 43
198 58
299 91
248 100
182 15
10 24
180 14
248 40
155 11
295 53
315 14
170 29
249 25
6 88
4 27
114 47
181 51
248 4
240 22
250 66
154 100
270 32
160 14
126 15
143 85
204 36
76 58
285 33
81 77
109 5
100 100
293 50
99 75
288 46
209 79
281 58
264 43
133 70
274 36
59 4
316 21
265 52
67 27
323 9
98 50
26 83
62 32
74 14
3 56
106 3
314 72
210 44
63 9
47 20
118 76
211 76
136 72
159 78
315 80
245 42
114 27
313 18
148 18
53 71
306 68
288 3
6 18
233 2
81 96
317 64
25 21
255 97
128 84
264 83
96 49
34 24
13 26
228 15
148 86
104 14
106 40
280 38
18 33
220 81
96 100
31 55
25 17
103 38
186 90
325 43
35 65
265 95
71 35
71 27
288 93
289 9
302 43
206 79
81 99
156 85
323 70
178 16
186 94
77 26
30 99
126 28
275 100
327 43
134 97
319 37
148 50
289 91
249 53
21 75
312 71
288 21
197 25
34 5
89 70
235 31
144 53
1 30
11 35
273 6
48 50
107 31
254 81
291 75
205 8
264 5
247 78
165 13
277 82
3 13
72 52
155 31
100 85
320 94
118 96
82 52
314 57
272 79
23 67
136 31
210 2
185 63
283 90
97 65
50 33
198 95
82 81
27 37
31 10
89 29
92 77
72 36
224 53
293 37
182 12
320 23
314 55
78 32
94 54
39 63
250 35
272 18
103 65
99 6
317 76
113 60
45 56
164 83
146 92
42 61
44 94
176 56
285 97
129 86
245 43
97 2
320 45
275 1
190 22
69 19
11 74
38 25
298 15
210 99
119 24
288 13
218 97
298 100
18 55
88 6
190 88
169 14
320 93
44 54
283 97
287 45
307 69
15 44
26 100
167 80
31 68
114 85
17 14
261 64
98 17
70 82
45 95
16 6
284 20
224 39
82 66
166 75
313 95
167 65
171 14
20 49
62 73
231 77
56 76
144 66
180 72
138 42
169 48
191 69
326 66
132 91
14 3
307 84
137 34
176 11
229 84
119 70
209 4
164 85
305 74
233 59
309 84
43 47
45 76
109 74
196 30
162 88
211 85
322 42
317 91
132 1
68 32
31 58
96 74
125 96
157 31
285 41
272 100
162 58
304 13
247 34
114 87
160 22
187 9
14 44
276 87
311 76
167 23
283 46
3 95
119 8
18 49
152 18
10 35
187 92
320 49
28 36
103 6
187 20
185 26
229 19
315 50
188 15
221 20
29 84
240 32
54 78
172 34
306 56
164 3
63 100
169 41
143 41
39 48
91 91
262 97
99 85
81 82
270 89
190 91
278 54
7 66
54 91
280 1
90 16
80 41
8 90
274 27
55 32
214 29
134 73
214 34
242 22
304 97
110 83
117 86
250 5
179 27
110 6
250 9
138 37
304 59
43 44
8 5
39 14
210 73
238 75
110 34
252 3
59 22
115 71
322 65
198 76
194 93
212 37
89 14
223 65
281 58
7 69
108 81
125 82
134 5
48 77
225 30
242 66
255 55
184 12
290 11
151 77
143 71
310 87
281 90
214 3
193 16
163 19
147 84
296 19
216 74
111 49
28 60
114 66
160 62
289 70
221 88
304 42
191 24
223 80
258 69
310 9
131 78
67 32
87 58
158 100
53 86
20 25
13 93
278 28
238 76
260 20
224 38
92 86
22 4
216 37
305 85
28 40
117 81
187 97
13 17
3 90
20 61
42 76
175 70
271 44
113 7
9 39
103 21
128 38
240 95
176 44
146 24
117 94
204 76
289 57
186 72
283 69
289 17
269 94
230 47
276 71
205 14
195 35
7 4
152 32
32 33
327 91
133 86
160 59
168 45
92 74
25 72
183 43
211 49
205 5
68 71
175 55
238 54
308 97
315 66
14 93
152 89
125 90
126 81
19 89
64 45
37 99
74 31
65 53
237 13
266 74
281 52
232 26
213 17
313 62
43 36
146 76
314 88
121 7
237 30
258 70
222 99
121 60
44 72
55 36
3 64
215 39
296 91
121 79
34 5
124 20
11 27
167 11
147 54
47 69
323 25
199 28
236 24
261 52
202 12
103 67
76 43
172 45
189 19
278 1
111 48
296 78
28 7
118 20
286 27
134 15
297 8
277 97
130 12
3 20
278 42
170 16
114 21
151 12
323 51
30 58
27 36
66 33
34 20
18 14
68 95
246 87
220 92
157 56
105 49
100 43
210 32
311 85
322 79
126 78
69 99
10 48
2 64
19 99
275 78
135 29
42 39
290 43
12 57
246 99
108 45
53 32
130 43
31 5
151 62
69 25
73 86
74 95
68 33
105 55
183 29
231 55
171 21
134 58
151 25
254 95
95 5
131 12
45 66
58 33
219 60
74 68
10 99
205 23
95 22
187 93
245 48
307 36
313 92
324 72
292 3
16 49
232 83
153 73
39 39
250 80
11 89
47 88
19 11
277 77
150 99
301 34
313 70
84 87
123 9
78 41
124 83
189 100
187 4
3 13
73 65
197 87
133 42
210 6
8 72
100 13
210 60
25 98
222 79
272 81
315 60
29 93
56 13
314 88
10 64
45 97
46 29
273 58
66 3
85 21
12 90
220 4
131 49
58 50
92 59
226 78
216 69
245 45
159 46
147 95
133 64
295 58
42 20
324 2
278 30
182 26
200 42
310 11
270 64
14 72
217 31
153 56
33 55
201 35
133 29
306 34
279 53
252 86
8 68
159 91
206 16
291 44
245 73
79 58
209 84
39 7
25 18
201 54
139 3
285 20
302 18
206 96
143 41
300 21
285 83
112 91
60 100
115 36
161 12
205 39
67 48
68 31
172 62
183 78
259 79
18 29
86 27
230 46
154 9
5 12
48 41
4 67
64 61
151 57
219 92
198 47
323 40
168 16
229 47
270 70
64 25
28 23
156 24
190 85
157 56
177 49
114 94
99 64
323 28
289 46
130 97
20 10
175 80
128 35
58 44
184 91
41 25
157 89
276 64
192 89
136 34
300 59
321 37
29 98
124 50
157 3
237 61
100 51
230 82
74 76
46 8
115 25
15 8
244 34
257 61
48 39
89 18
300 17
240 30
311 37
174 94
233 5
321 37
53 46
262 48
185 50
208 12
27 94
79 97
