717
59 63
109 16
67 83
10 21
71 57
58 22
113 73
120 91
21 50
11 43
44 15
132 86
68 2
63 21
24 14
131 28
87 53
33 49
54 80
20 94
119 51
137 21
96 51
34 73
17 99
77 12
87 36
142 67
31 88
24 99
49 57
112 17
132 85
109 77
34 77
78 63
124 9
82 91
124 1
44 50
139 12
32 68
8 16
110 13
3 85
30 48
45 76
22 90
50 15
47 48
1 72
70 45
129 20
17 30
103 33
73 36
93 5
36 17
104 96
118 23
119 47
111 14
86 77
117 93
79 30
79 68
133 85
71 91
123 89
82 59
105 90
130 27
19 29
81 2
54 22
40 98
110 52
112 16
29 77
128 30
50 21
122 21
130 48
5 13
57 22
41 34
69 61
129 70
56 66
106 96
18 27
140 50
114 13
20 95
121 83
102 67
98 14
89 38
94 25
12 68
104 46
15 38
11 18
107 50
128 72
100 18
63 26
79 46
28 46
67 98
70 89
23 90
50 11
53 11
119 83
25 99
123 33
59 6
108 58
122 33
75 77
130 37
111 42
142 43
75 64
42 99
117 83
29 80
102 63
61 62
26 7
60 29
61 15
124 91
129 45
57 42
120 97
7 17
74 59
20 13
63 34
108 28
125 43
21 15
14 39
40 47
99 4
91 43
56 95
42 59
9 66
56 77
62 75
121 96
48 4
84 51
69 42
123 66
140 12
53 7
105 88
62 15
140 42
35 28
14 87
74 77
95 57
18 27
8 16
57 19
76 41
1 62
18 32
76 21
62 17
40 38
29 15
105 92
135 20
11 55
88 10
20 16
73 69
86 12
58 62
131 89
126 42
58 6
130 100
120 88
65 53
17 30
142 41
98 25
33 40
3 45
102 63
70 9
37 43
95 3
25 75
128 6
112 73
9 39
120 63
25 35
9 25
7 8
20 35
44 78
87 74
134 2
37 23
139 50
78 94
6 96
97 37
74 45
73 26
55 93
116 83
139 34
109 48
43 9
139 62
48 16
4 60
142 19
17 39
65 64
133 11
24 62
141 23
111 86
88 17
82 13
69 4
23 97
27 13
73 22
88 3
101 8
90 57
136 34
134 93
72 70
95 10
12 40
124 32
100 19
27 71
26 80
9 66
50 9
117 12
56 49
58 34
24 66
70 51
23 12
53 55
126 26
139 56
84 77
128 11
79 76
94 68
21 38
51 63
88 68
95 94
60 1
135 8
118 39
25 55
118 43
124 85
88 79
47 1
119 21
30 80
86 11
111 25
123 24
26 43
49 18
14 62
134 23
138 80
83 8
63 12
143 42
72 51
140 30
42 92
4 29
70 74
37 86
7 88
56 48
28 94
142 63
121 56
115 98
100 61
110 57
82 65
73 2
88 44
53 69
107 63
38 15
44 95
69 27
110 43
68 75
57 18
79 37
127 88
124 54
113 55
7 91
110 24
88 20
18 75
42 69
27 60
137 29
86 72
34 28
69 94
89 47
21 34
74 84
103 91
75 91
79 81
91 17
62 34
38 62
101 71
33 7
135 43
79 63
93 18
25 81
127 93
69 39
21 37
4 1
13 49
123 39
58 36
84 73
7 69
23 77
3 46
11 9
21 4
4 10
34 92
105 62
11 11
26 27
72 43
134 22
108 74
35 99
4 41
113 5
121 28
93 62
24 41
33 71
49 31
71 60
8 54
23 60
98 1
64 88
124 37
138 62
9 74
89 11
94 2
128 69
119 85
85 49
20 54
68 38
142 33
76 27
31 90
26 72
7 83
51 82
89 59
64 73
93 66
18 91
105 69
132 39
18 79
38 9
97 3
33 26
61 19
133 34
13 20
126 36
93 79
97 55
106 44
13 55
21 62
122 10
8 1
50 39
10 61
9 32
64 73
137 52
77 99
80 72
47 87
107 65
37 28
36 70
105 10
136 13
117 84
123 71
110 54
69 91
21 40
74 64
107 87
44 6
100 67
118 69
139 39
39 40
111 44
24 93
89 28
109 24
94 38
125 99
70 65
42 26
131 67
29 14
17 34
103 99
43 87
51 44
117 87
34 8
103 78
44 33
19 91
12 41
136 60
96 28
129 20
117 68
106 3
89 12
52 56
24 100
132 65
103 27
118 31
60 58
40 37
133 91
39 100
9 96
78 56
70 65
128 29
77 57
100 64
81 68
120 89
106 78
39 41
64 71
133 7
85 82
143 63
118 90
15 1
90 38
71 1
42 100
33 100
13 88
65 34
48 94
84 21
128 2
140 17
89 60
44 55
86 8
82 8
30 88
5 7
38 10
33 16
59 34
107 7
122 17
133 92
45 51
130 83
72 2
85 77
14 29
20 27
138 14
94 56
65 6
88 60
111 21
67 90
28 13
4 84
84 55
133 39
124 23
114 50
133 89
131 67
65 41
49 31
10 67
119 34
27 10
94 79
141 96
138 78
5 32
123 61
4 100
39 16
21 70
40 15
83 10
62 69
133 4
119 58
15 73
129 89
87 43
132 69
7 77
97 39
19 6
128 31
116 34
66 37
1 72
88 29
62 84
139 51
52 74
127 95
52 54
83 10
57 96
64 31
60 13
58 69
48 75
141 85
109 95
24 17
87 58
70 96
105 88
116 99
18 47
80 73
53 35
85 27
35 51
94 28
115 1
99 44
6 61
130 2
57 5
12 72
24 24
82 29
44 21
68 24
96 100
41 88
21 25
79 51
88 52
57 100
93 90
39 82
140 17
77 19
113 81
69 96
48 46
11 16
18 82
91 1
41 26
31 27
1 37
107 67
122 52
140 22
38 40
119 32
75 22
16 89
26 5
81 80
98 27
94 89
132 68
2 45
81 11
137 81
64 28
95 11
3 22
91 36
63 42
54 16
34 93
44 16
51 34
130 74
127 21
91 87
28 29
90 62
140 10
13 1
77 25
54 76
108 21
79 24
117 32
114 17
73 90
6 43
140 56
5 88
46 42
16 20
141 2
30 22
120 87
53 52
20 22
48 74
119 73
54 40
33 32
5 81
75 95
102 49
29 28
62 92
127 72
38 37
53 93
117 68
56 56
75 55
22 59
46 74
44 26
130 37
85 29
118 46
17 24
101 77
4 7
123 57
133 24
104 10
22 99
49 65
3 81
53 44
1 67
46 47
5 79
57 19
1 50
28 13
121 30
128 25
58 37
74 4
16 52
102 90
75 39
11 79
17 32
37 49
51 81
104 12
76 96
70 1
104 49
125 54
34 39
121 4
46 98
121 18
37 64
100 24
26 96
136 42
32 48
62 31
54 53
142 88
85 23
91 93
117 64
82 40
9 56
8 62
115 74
88 57
121 10
41 30
87 8
86 94
19 18
44 13
54 6
97 61
143 84
14 63
12 1
86 51
32 58
105 63
134 91
96 97
41 22
125 14
65 42
102 60
95 60
111 4
62 36
49 86
100 92
136 7
52 94
135 10
65 42
60 91
128 4
90 28
71 89
14 69
18 89
84 33
29 25
73 73
87 3
16 56
2 51
4 15
108 47
132 85
129 6
25 87
76 19
29 83
109 87
77 100
128 83
69 39
56 54
41 28
59 20
138 20
42 59
143 68
1 53
74 92
80 10
75 93
35 60
139 27
34 71
101 89
34 49
30 32
120 34
109 74
107 33
3 2
30 14
113 19
87 46
120 79
135 28
116 19
22 3
103 100
106 97
126 92
143 27
19 54
62 24
101 22
60 7
72 2
88 33
130 65
67 50
50 3
16 85
112 37
138 3
42 56
89 1
22 22
42 69
85 23
55 17
34 41
23 71
109 78
64 53
77 36
98 29
130 20
89 11
65 78
117 90
138 21
116 32
47 76
43 95
82 11
25 60
6 3
38 39
47 44
80 30
14 94
31 95
88 48
108 30
63 37
70 9
60 7
77 54
11 58
11 4
1 98
57 98
27 95
129 13
15 20
7 57
74 70
50 88
87 75
6 58
68 93
135 3
59 30
27 97
89 71
61 21
58 43
1 92
43 46
132 24
18 87
17 73
40 72
26 63
26 69
140 90
55 91
126 81
135 12
70 1
78 46
132 57
40 97
5 36
25 3
90 75
138 93
123 66
75 48
141 60
143 75
24 66
32 34
119 85
36 36
137 71
119 43
79 45
9 81
61 36
28 97
93 6
112 40
100 99
86 34
143 51
135 46
112 37
74 3
86 79
101 11
124 9
12 84
25 67
54 93
53 93
118 5
95 70
136 36
143 89
99 26
77 64
57 100
24 66
85 18
16 75
68 87
105 21
28 40
24 69
36 25
60 63
73 28
134 79
32 97
106 34
138 4
76 74
16 1
2 42
60 100
8 2
53 97
122 10
96 2
122 66
52 54
141 64
126 75
83 83
69 38
64 51
91 36
119 71
137 8
131 83
135 76
67 8
142 59
61 2
80 21
140 15
108 33
123 29
54 85
52 80
34 91
46 97
14 58
1 14
136 35
98 24
17 10
92 23
24 40
112 5
35 3
120 77
130 83
11 63
80 19
47 73
23 48
99 54
142 71
18 58
6 44
32 76
22 21
11 11
119 17
6 6
10 11
50 34
5 55
52 53
141 76
99 32
17 74
19 95
116 40
119 99
95 58
2 88
107 59
143 68
49 36
46 69
6 31
16 100
42 8
45 32
109 10
74 91
86 21
87 68
15 23
32 76
111 3
38 62
28 21
73 40
127 10
136 26
142 76
97 28
81 20
77 29
10 14
9 3
86 62
122 2
101 55
15 27
116 11
71 88
92 16
19 19
80 66
28 78
3 52
30 73
55 17
98 89
3 98
122 36
32 16
50 81
124 24
136 94
85 30
38 23
121 32
61 45
50 79
74 85
95 72
31 30
116 57
54 59
83 94
141 66
112 32
5 84
42 25
52 78
17 94
51 5
62 93
33 88
37 44
143 41
43 6
22 98
78 97
2 24
137 67
58 13
66 10
106 6
102 34
8 15
113 76
86 17
11 25
142 75
114 90
96 4
122 63
135 91
111 20
110 92
97 41
139 100
65 13
27 26
57 5
13 62
128 86
85 23
30 87
136 17
91 41
13 78
93 38
86 54
34 29
24 75
30 29
102 36
43 52
36 78
73 39
51 83
50 27
39 67
141 38
95 8
81 73
12 37
77 48
116 39
105 6
54 95
25 23
33 82
10 19
49 8
119 99
89 52
90 24
133 70
112 20
112 23
106 71
64 53
15 18
32 32
95 85
78 89
6 94
57 78
137 49
134 45
120 19
67 98
125 40
138 86
91 18
21 42
44 75
20 86
14 66
109 56
27 70
69 89
76 45
121 95
102 60
130 80
54 86
44 67
43 31
21 75
54 1
15 96
111 36
115 57
92 99
135 50
93 59
28 45
41 6
105 95
22 100
26 45
85 5
80 29
134 100
124 67
142 40
21 20
59 87
12 57
5 10
42 7
143 24
16 49
119 78
4 47
94 76
48 80
31 32
16 11
11 75
105 92
21 26
20 78
110 65
20 39
31 81
75 67
47 82
49 58
109 72
65 75
117 95
71 64
34 81
5 60
134 35
80 95
51 62
132 98
121 62
130 35
56 100
124 75
118 12
14 35
46 58
60 42
143 20
104 39
48 55
69 22
4 56
139 28
102 80
117 98
86 96
133 67
92 3
90 35
110 26
125 25
113 100
66 38
136 54
91 77
17 45
133 31
6 94
38 29
103 30
111 99
4 32
38 63
59 52
24 50
102 81
51 30
73 90
115 95
93 54
34 72
110 13
83 2
72 7
48 5
43 51
111 53
62 7
44 74
71 74
62 64
84 68
129 76
98 92
112 61
38 12
74 10
6 55
74 27
49 42
109 10
110 50
5 7
140 73
43 70
31 28
76 65
137 79
1 39
78 27
42 37
118 27
63 9
75 100
65 46
45 37
109 87
25 91
77 26
97 82
106 83
118 21
30 13
32 75
104 36
111 25
30 35
116 83
88 92
123 43
126 34
79 73
120 82
70 7
83 93
94 55
141 10
97 66
33 40
6 13
106 98
123 77
105 53
104 37
13 83
127 66
13 45
17 92
137 89
13 13
99 41
2 64
127 58
62 6
7 1
104 94
33 87
6 77
132 33
59 28
107 88
84 22
91 28
70 23
40 29
7 51
130 12
112 28
94 30
134 53
15 50
46 71
124 82
77 3
84 70
77 90
107 7
25 85
45 8
64 92
108 32
130 48
106 76
77 17
137 39
21 73
139 13
115 35
18 48
141 79
38 93
65 5
40 75
47 39
2 1
23 47
121 38
43 12
91 44
37 61
9 91
134 7
85 44
83 88
89 6
127 59
143 50
110 61
83 96
56 86
77 8
60 54
136 83
25 71
137 31
53 6
18 1
7 90
15 39
91 82
72 94
25 58
140 68
123 15
90 84
120 15
38 7
76 55
95 21
19 2
114 17
87 27
76 54
58 13
110 95
33 34
26 37
44 4
143 71
112 32
9 88
79 1
74 31
16 18
92 89
125 75
57 64
111 97
99 44
77 52
110 54
30 21
124 41
21 93
28 62
82 16
1 48
40 36
33 16
25 24
12 44
53 77
6 49
81 62
136 36
37 27
11 33
98 38
61 5
79 28
114 15
142 49
25 76
57 79
104 45
19 81
4 70
99 87
76 100
57 56
58 49
1 92
142 83
79 89
98 84
122 50
93 77
93 21
45 56
107 69
137 100
130 66
133 79
66 69
69 75
3 99
74 21
52 81
90 15
102 89
66 40
126 36
23 23
84 50
127 36
128 75
73 14
129 27
48 15
65 4
34 99
31 46
143 87
115 36
54 52
121 99
16 17
129 61
32 12
62 54
97 82
47 86
58 79
112 18
58 65
113 7
19 42
112 13
124 67
42 31
136 99
47 81
38 96
81 49
5 31
48 100
108 50
133 48
60 44
86 96
85 76
141 34
63 83
65 24
24 15
86 61
27 43
104 83
61 79
89 19
70 55
123 88
76 79
37 20
115 64
129 1
58 14
140 5
44 5
143 84
5 29
76 90
26 5
82 20
94 2
100 72
1 20
21 70
38 27
101 70
20 54
38 47
45 41
128 24
101 85
141 13
68 5
108 63
116 33
24 85
38 40
24 61
67 70
32 49
46 12
31 7
63 11
43 93
111 89
66 49
139 35
99 43
21 69
136 79
25 2
74 37
42 31
52 51
129 62
137 1
37 83
52 92
30 80
72 29
70 8
124 15
23 73
143 98
75 51
122 24
35 28
142 65
68 4
23 73
58 76
2 52
138 59
124 74
9 10
107 3
45 34
116 37
114 78
102 98
138 95
110 99
22 85
31 13
61 84
3 53
117 76
58 40
57 58
138 89
83 93
53 95
110 27
30 51
27 32
131 85
112 54
29 80
119 55
9 85
7 50
72 100
50 81
98 45
18 66
28 48
62 91
116 94
131 25
119 24
105 51
34 60
117 24
19 20
15 24
99 12
131 79
94 2
37 33
14 61
26 75
59 47
133 58
16 33
126 83
15 77
47 5
48 4
19 97
35 1
117 77
32 36
84 88
42 96
16 26
53 80
58 73
9 66
34 33
75 87
36 25
44 45
135 69
85 100
50 97
25 2
132 10
132 87
107 28
91 92
30 31
38 60
61 68
134 77
125 20
117 19
7 93
65 97
43 99
136 19
140 41
90 69
73 7
138 89
110 50
122 44
14 98
140 100
60 18
114 18
24 79
30 32
84 23
142 43
70 46
4 6
125 10
134 59
78 27
110 52
7 52
8 16
95 7
25 40
18 91
110 63
32 27
6 22
28 17
50 43
138 67
128 25
37 82
20 77
69 22
107 84
91 90
39 85
26 90
119 28
105 87
21 10
126 38
86 10
139 6
56 71
13 96
40 27
2 81
75 24
115 83
45 37
106 59
17 63
11 96
102 6
54 79
107 92
93 30
123 27
100 48
83 4
113 46
55 66
19 57
53 8
14 64
74 73
47 68
49 29
124 89
76 88
11 44
82 99
37 99
127 60
115 92
40 47
57 59
38 91
4 92
66 97
98 99
56 72
75 66
115 35
57 9
92 87
71 54
127 5
37 61
28 100
126 93
112 42
124 79
46 41
30 91
133 80
127 93
138 35
95 95
32 11
128 37
31 34
1 15
27 67
70 50
46 61
73 1
130 79
68 9
118 31
74 89
74 43
48 82
102 66
47 65
132 30
139 49
23 51
72 71
79 94
43 57
110 23
41 52
75 14
97 58
118 58
30 54
142 44
86 82
108 73
57 69
76 62
117 47
78 13
85 100
10 54
43 71
83 4
70 100
132 83
26 49
3 2
132 5
62 99
110 78
21 100
9 42
138 70
126 55
85 24
81 75
49 2
90 8
32 34
72 52
56 26
109 82
24 88
46 58
47 92
114 35
100 86
90 16
10 31
132 19
28 84
128 19
129 7
124 5
47 85
70 53
64 98
58 68
83 79
117 9
24 63
52 18
31 46
89 10
94 12
121 68
71 64
23 73
107 30
73 99
97 50
39 23
112 41
70 77
142 33
89 5
139 73
134 53
58 100
140 81
42 95
16 22
3 2
73 96
137 47
14 68
127 97
43 64
16 56
29 72
90 6
79 43
43 54
19 15
10 66
20 16
86 95
128 72
111 31
100 13
66 40
45 35
42 23
113 14
105 3
54 3
79 65
31 4
59 61
86 89
55 3
63 8
76 48
25 60
100 81
116 39
9 85
46 10
29 91
35 96
21 30
58 15
59 78
119 2
72 5
64 97
53 68
111 49
107 37
72 95
20 92
96 13
75 80
44 29
25 82
82 32
22 94
29 86
55 37
113 35
16 36
1 17
110 13
9 62
82 40
36 32
127 65
73 11
3 70
47 97
61 86
135 44
97 57
11 13
15 26
88 33
45 60
94 75
81 24
107 100
62 77
74 64
97 74
107 49
137 4
31 81
51 90
29 61
17 69
111 75
21 62
49 26
60 66
111 26
91 51
129 91
40 48
49 77
80 23
86 15
124 57
16 54
125 92
36 47
105 19
54 99
58 80
16 83
10 52
19 75
13 96
84 35
106 30
41 85
119 10
35 42
133 83
132 44
61 31
81 70
73 47
86 71
116 51
57 63
139 20
51 88
21 10
90 19
12 2
121 38
130 47
121 84
34 23
15 86
30 80
30 4
78 95
81 43
63 14
36 43
90 62
42 42
3 94
55 35
