4417
822 98
667 27
696 37
157 61
853 43
152 22
16 89
385 13
359 57
104 37
624 3
393 88
703 13
143 26
865 87
527 100
502 8
479 43
214 35
752 21
326 39
455 99
415 91
639 10
291 38
67 10
160 80
339 84
866 84
625 14
65 23
95 20
615 24
478 70
181 46
734 60
386 38
633 9
409 24
179 48
504 21
78 58
495 77
290 94
664 66
559 30
639 33
350 32
870 42
243 19
84 57
313 40
233 46
265 16
329 11
559 46
502 99
528 48
103 1
365 33
66 70
469 35
820 76
573 13
386 45
282 53
577 93
384 83
1 2
201 93
646 85
740 79
800 23
444 35
57 36
617 5
402 5
171 38
549 87
149 77
88 7
308 29
101 11
398 14
460 34
844 75
459 28
364 86
390 8
18 44
683 68
60 49
492 13
48 84
574 92
789 39
375 45
10 45
486 74
69 24
170 71
268 59
627 2
820 49
87 76
369 91
876 12
719 50
37 58
626 81
132 33
632 100
22 69
103 78
553 21
790 94
442 47
742 31
752 22
176 37
29 64
795 74
803 74
161 82
613 34
756 85
850 1
471 81
575 58
77 87
570 69
377 25
674 97
419 65
26 74
636 69
539 1
602 28
796 77
248 89
830 96
743 10
43 100
170 82
680 25
136 87
878 61
102 74
714 91
688 21
487 12
727 21
717 85
469 85
867 99
640 50
574 11
543 88
684 71
614 46
247 41
652 29
151 20
440 77
2 76
599 17
769 21
782 37
816 47
351 53
509 63
505 75
743 44
787 62
862 67
242 49
95 28
502 58
565 22
860 32
465 41
300 37
413 11
844 72
716 68
625 6
211 5
356 92
566 84
575 45
554 42
481 54
213 65
393 38
440 51
514 31
234 69
776 76
789 72
678 96
645 16
631 18
859 76
104 59
336 98
308 90
231 20
94 55
833 83
472 78
485 83
331 6
640 63
595 12
737 50
450 8
105 34
562 26
783 18
787 45
269 42
356 45
677 24
618 79
183 97
104 40
710 82
662 81
436 46
253 60
374 41
612 24
127 70
481 21
25 11
196 96
384 40
107 33
449 19
173 72
867 53
562 39
586 54
632 9
526 7
478 22
292 32
761 61
797 3
630 79
617 27
299 25
647 61
784 26
782 2
850 7
559 57
195 60
123 13
672 65
25 31
691 82
302 99
20 100
487 88
677 67
439 5
700 44
68 11
451 62
195 44
774 100
329 32
623 67
327 36
579 83
245 95
187 16
48 93
198 68
781 2
93 76
625 11
705 24
760 60
278 3
189 45
202 53
348 63
454 64
161 58
784 4
721 72
103 2
256 98
358 56
573 12
456 32
372 54
115 44
520 61
570 36
216 15
192 19
66 35
213 11
439 59
500 53
812 11
341 59
166 46
298 56
261 16
269 76
81 50
760 33
195 90
492 41
32 46
552 94
726 49
24 99
406 14
713 37
92 37
448 15
52 79
267 50
823 84
741 19
12 44
265 30
193 35
601 78
573 80
765 37
206 35
129 43
635 95
583 17
22 30
620 67
502 95
818 93
151 34
693 90
66 53
39 23
697 55
481 22
605 99
680 63
315 59
92 51
495 36
53 29
341 74
556 85
572 53
796 59
520 45
178 63
495 12
465 60
556 66
321 3
242 14
661 17
156 79
38 24
229 91
120 50
617 24
228 16
544 94
9 71
490 73
746 25
578 4
782 63
752 61
597 16
277 81
409 17
468 74
324 99
873 39
376 16
593 51
9 49
9 81
532 65
374 52
290 50
506 35
498 87
303 9
765 32
558 23
769 18
317 30
42 17
536 36
378 98
173 41
232 10
586 75
290 14
459 20
737 70
345 12
408 45
27 65
614 89
284 68
488 60
637 44
175 19
261 78
513 91
57 93
669 84
422 39
229 32
422 99
127 53
636 31
74 7
841 17
409 55
774 91
285 98
129 9
286 51
840 75
733 12
692 1
505 9
240 40
674 60
258 85
827 74
163 56
164 4
144 37
232 66
430 92
761 13
690 8
16 63
285 21
841 93
812 91
148 83
165 81
433 72
472 5
279 65
88 28
781 100
431 43
334 32
548 63
535 9
739 72
116 61
744 53
510 9
217 58
531 58
157 9
334 43
829 16
21 18
653 65
614 97
703 55
307 54
52 30
457 86
176 86
869 62
54 25
10 66
544 96
504 9
340 38
38 59
564 64
336 23
604 75
581 93
409 70
674 5
647 65
36 17
780 11
321 99
611 76
50 18
880 14
312 95
578 21
812 65
607 81
412 75
78 65
710 79
27 69
417 100
146 50
879 89
550 24
522 56
524 93
522 69
250 19
167 41
545 37
844 35
389 50
19 36
607 80
807 97
188 97
508 85
170 58
379 90
254 83
604 58
466 13
877 88
387 66
17 68
668 37
160 18
69 35
678 45
518 58
791 87
238 54
569 72
495 58
212 85
374 1
259 60
451 15
171 92
857 19
523 93
811 51
434 34
192 61
713 46
832 13
647 29
504 86
622 61
325 60
78 92
576 83
268 15
462 53
101 13
833 43
185 79
285 51
765 24
824 25
287 5
613 82
641 79
491 40
637 99
468 2
403 13
479 100
49 25
307 75
357 64
519 7
813 73
837 57
827 74
593 31
877 56
216 25
812 8
144 16
435 63
86 99
868 71
851 85
844 66
489 47
351 76
865 15
352 3
731 80
280 89
823 48
293 44
151 46
298 33
852 66
85 87
826 42
102 67
125 100
336 18
146 54
785 83
261 59
629 36
475 30
487 24
722 19
745 2
357 23
406 46
599 39
596 52
399 36
534 99
437 66
215 18
494 14
710 61
652 62
629 65
797 97
279 18
300 76
881 89
227 57
68 29
83 11
713 47
365 13
607 3
638 59
571 18
518 22
785 86
283 82
784 98
69 48
97 57
106 22
297 61
796 62
113 76
676 43
564 75
26 29
536 2
251 66
115 30
22 60
759 42
342 46
261 24
859 65
131 63
724 66
780 5
732 81
588 36
620 81
262 24
429 79
384 99
556 75
81 20
245 46
212 3
413 5
415 79
354 59
147 13
653 84
774 42
663 3
634 52
531 37
818 22
150 64
84 1
340 33
482 11
759 9
286 78
338 33
422 14
347 62
573 78
780 16
824 38
799 42
747 90
758 44
881 11
159 36
385 40
415 38
37 11
646 38
570 55
206 95
352 28
242 14
388 55
43 48
522 72
878 70
403 40
292 7
794 12
836 28
563 90
287 9
447 93
776 64
208 30
294 76
466 72
265 40
791 30
861 100
322 4
756 92
743 64
35 42
469 44
659 19
95 29
693 1
536 56
415 5
597 59
54 29
665 66
782 64
795 85
32 55
866 79
757 46
593 39
820 86
294 100
2 66
146 48
256 23
788 100
455 21
77 69
747 21
172 30
229 21
315 29
809 88
641 81
222 46
86 55
811 19
499 23
265 29
317 61
860 73
816 84
517 9
840 33
477 28
762 3
119 68
602 93
91 48
102 69
824 52
402 48
411 34
434 33
787 76
82 55
753 57
169 24
46 42
104 74
511 22
539 41
301 73
682 28
375 88
23 27
353 28
459 57
373 39
486 58
414 84
354 5
431 16
837 83
582 60
425 42
16 95
804 83
260 23
523 58
366 31
209 88
291 28
329 17
390 41
465 82
327 13
537 89
830 52
589 22
632 66
454 45
117 64
254 11
123 8
473 49
128 89
803 95
532 96
758 72
172 52
417 89
376 74
330 78
342 95
252 4
741 33
354 81
650 31
228 68
787 95
802 45
848 85
475 66
232 60
46 84
692 63
271 34
411 95
370 89
734 72
281 48
691 25
608 16
91 7
778 2
9 52
305 70
227 23
642 6
500 57
209 72
75 36
21 70
530 100
530 41
659 78
793 23
204 91
447 67
776 6
521 47
596 63
168 94
860 28
785 95
218 70
220 17
108 96
523 59
361 95
409 87
397 94
696 39
825 88
758 71
396 23
435 42
136 15
614 79
606 42
373 93
686 38
429 49
194 60
430 16
689 74
368 77
89 25
459 60
675 28
466 99
118 5
155 41
360 48
793 67
220 60
744 46
99 66
136 98
783 38
704 33
792 99
15 66
274 69
746 6
797 5
437 33
71 94
163 72
204 35
686 23
6 97
415 93
381 24
566 89
275 37
310 38
178 68
633 65
22 58
572 41
83 94
757 37
473 48
12 60
773 84
92 39
545 45
431 11
526 3
223 24
699 9
198 91
19 29
20 73
54 22
667 24
739 38
498 100
809 87
626 92
391 77
606 88
93 79
441 62
301 100
800 76
840 48
717 5
820 52
465 94
139 27
559 57
765 59
442 32
56 95
439 22
641 26
48 43
881 99
871 63
626 29
706 100
80 23
116 85
70 99
237 2
860 97
488 43
279 83
235 56
864 87
164 99
268 92
637 39
762 58
224 27
269 23
706 29
113 54
547 83
261 77
141 59
559 17
396 71
388 48
348 59
696 86
401 67
657 6
392 9
757 85
276 85
319 94
399 53
62 54
803 22
710 43
811 16
35 47
624 12
597 83
311 27
109 77
305 70
319 90
444 58
756 49
80 15
366 82
6 54
716 16
147 72
246 29
258 99
191 47
436 84
246 36
834 6
635 60
200 1
380 78
628 73
124 10
109 18
819 48
180 94
714 92
100 55
558 32
342 69
160 96
70 95
362 29
122 66
4 35
595 17
670 39
454 75
46 55
338 85
98 88
113 30
548 29
681 67
816 69
316 33
411 3
29 64
188 83
790 68
469 81
56 4
490 9
236 60
330 4
93 79
13 35
520 40
582 3
366 81
769 48
429 38
366 91
410 19
423 93
434 29
572 58
598 40
375 14
720 20
244 73
878 8
181 42
191 63
603 54
666 78
869 2
320 1
833 36
130 1
249 6
119 69
585 80
418 52
783 87
807 90
629 13
611 49
114 56
486 27
736 33
650 33
686 80
52 78
699 47
301 63
829 3
376 52
819 75
641 49
581 45
534 5
795 46
798 19
144 58
592 88
82 76
457 10
561 100
462 61
188 47
621 28
263 11
84 53
201 99
880 94
319 19
443 11
808 44
771 24
729 50
195 65
683 10
761 46
171 82
464 48
270 62
321 6
618 15
488 8
327 40
813 47
559 99
617 23
175 46
124 54
104 5
261 65
882 45
631 71
101 2
590 33
270 66
852 47
314 3
26 100
332 30
80 37
144 97
239 70
187 43
873 45
787 40
34 28
305 6
355 64
329 66
283 90
123 77
400 49
839 97
423 32
472 23
728 26
196 8
743 43
505 17
391 72
621 26
191 75
672 43
470 47
261 93
452 77
808 52
41 9
501 92
424 80
443 90
21 53
694 100
621 15
754 89
134 50
46 95
448 33
632 66
325 65
676 69
562 71
1 18
549 51
617 95
635 89
254 75
424 53
404 8
728 35
325 51
59 46
695 71
735 66
341 55
11 42
775 57
223 13
460 86
488 2
382 10
37 69
357 18
863 39
814 14
703 67
94 9
443 17
766 17
835 37
422 88
602 74
339 92
515 81
45 89
406 75
313 6
192 83
266 88
584 83
249 78
227 13
795 60
472 47
790 27
868 60
174 43
103 4
610 31
270 7
730 40
861 70
539 42
631 10
63 58
720 33
622 22
874 63
730 24
53 22
522 89
676 97
597 98
807 56
207 71
720 98
214 16
471 14
784 87
652 71
565 92
819 30
833 57
148 43
707 55
583 51
436 4
254 20
489 90
622 16
653 83
504 77
53 49
270 65
647 44
100 11
881 70
241 66
689 45
793 48
93 26
406 38
3 14
628 62
149 78
588 3
699 1
234 44
3 70
291 69
135 68
294 70
185 61
280 30
703 94
116 62
765 55
390 17
325 83
170 82
187 44
469 98
619 28
180 77
789 5
196 61
387 74
417 84
348 12
579 43
694 59
472 9
470 72
786 43
647 40
279 44
700 93
308 56
838 45
462 54
45 26
826 38
753 24
594 64
339 92
818 23
128 19
558 58
439 91
292 92
358 14
813 78
623 1
241 70
711 16
857 28
706 70
779 90
520 3
772 7
169 13
742 85
282 68
358 59
588 93
799 2
570 65
217 14
838 45
541 40
499 9
758 44
475 35
35 44
343 17
97 73
350 51
83 16
687 74
15 22
541 54
777 40
14 10
802 77
403 14
219 98
510 91
286 4
505 40
239 81
121 69
761 87
345 8
680 2
471 24
214 1
768 11
317 34
287 17
401 36
881 50
145 23
125 50
585 93
45 100
858 21
498 83
642 69
216 41
322 4
844 6
653 67
115 51
597 63
829 55
362 73
226 43
99 44
789 73
331 99
384 39
90 35
163 10
257 8
103 33
544 32
103 5
275 41
631 75
181 19
454 71
660 88
319 84
615 59
402 79
599 8
479 75
73 49
796 92
344 89
806 1
445 87
93 47
369 78
189 99
671 95
741 79
135 61
451 89
407 90
232 1
684 29
416 81
362 55
640 94
764 59
591 81
712 47
444 98
559 97
268 30
732 66
83 91
288 88
354 73
484 20
774 51
738 14
347 13
276 38
724 36
89 78
604 51
105 89
711 60
738 13
775 62
600 30
621 30
536 3
457 25
805 98
681 68
837 98
392 72
780 96
732 91
680 67
479 66
193 25
17 38
558 79
585 66
149 88
1 39
526 21
393 38
452 88
2 93
42 25
401 88
570 86
91 21
428 62
834 98
353 93
638 69
176 21
101 44
464 56
330 38
767 11
819 58
342 59
13 98
508 74
529 20
434 32
195 15
247 29
743 65
137 5
238 31
555 93
345 66
493 19
450 85
616 28
385 33
777 73
177 10
410 34
91 97
275 35
512 59
850 86
523 7
54 97
450 58
33 25
425 94
39 1
273 57
7 21
561 38
216 54
187 21
718 92
172 90
168 35
742 76
561 90
585 15
188 18
589 31
292 24
540 74
300 90
403 70
235 92
632 99
487 69
369 69
198 66
134 3
367 64
653 41
289 71
543 95
750 45
227 80
792 75
785 7
447 14
462 46
554 47
178 12
427 23
706 67
787 55
63 38
614 76
345 8
530 32
357 26
618 75
855 29
88 92
379 8
747 36
614 94
823 53
800 5
478 56
154 61
265 18
764 83
435 63
273 78
77 6
249 51
832 14
799 95
298 29
799 46
611 13
780 24
782 68
401 36
588 60
859 53
341 12
230 75
380 24
496 98
850 76
507 46
281 58
305 59
36 39
477 15
807 90
559 9
288 77
535 80
318 86
298 9
449 71
292 100
16 78
463 48
594 98
648 74
137 30
705 56
333 44
205 36
224 54
153 54
534 71
740 85
598 23
269 95
504 9
747 26
436 22
324 1
99 3
790 2
828 35
248 45
571 89
637 75
581 77
192 9
583 27
523 73
551 42
478 90
212 11
813 67
119 40
598 17
657 33
267 9
604 82
533 29
35 50
597 32
301 26
114 58
427 69
2 5
205 24
111 7
864 66
23 50
849 6
608 86
326 84
734 30
514 39
777 36
293 61
287 78
8 83
356 34
215 7
103 17
547 78
166 22
775 97
444 92
86 32
719 43
869 84
328 69
803 11
187 50
300 18
522 1
45 86
557 34
377 22
80 83
78 62
195 91
322 3
359 37
323 76
470 19
566 54
683 72
329 34
2 53
587 54
446 50
377 50
48 74
364 28
418 6
874 57
592 81
220 67
368 23
90 92
372 73
707 41
271 53
549 27
147 51
183 78
50 62
829 15
837 79
21 51
338 67
174 96
871 30
649 15
674 98
372 31
861 89
388 18
770 25
857 52
883 89
54 5
676 82
448 41
62 4
725 9
804 58
490 59
584 50
293 84
375 73
341 22
462 12
312 18
265 12
428 71
482 2
818 54
541 46
175 70
332 49
93 56
275 89
788 76
316 99
162 98
360 25
519 77
710 88
188 15
76 62
612 54
89 21
276 22
204 28
196 73
437 73
547 35
503 69
165 81
547 67
7 56
106 74
390 17
306 56
182 24
439 6
653 87
630 1
606 20
386 59
522 5
851 53
660 89
607 66
234 60
158 76
561 71
856 49
668 25
733 70
86 37
95 59
731 69
442 43
357 66
134 96
71 57
861 100
711 29
709 40
228 56
423 48
54 71
223 88
637 31
759 56
148 13
100 65
336 94
43 64
636 55
410 57
510 78
759 81
838 95
346 27
736 13
799 33
480 76
92 18
795 97
423 75
870 11
817 5
605 61
644 23
313 76
600 54
366 48
51 7
82 92
502 6
439 33
4 57
59 67
158 1
551 62
273 34
383 54
70 53
34 56
688 55
464 91
59 22
282 66
49 82
744 19
743 62
578 35
465 30
381 36
737 21
42 16
654 83
429 46
254 26
500 89
881 86
854 45
354 52
251 52
740 84
440 12
230 93
431 45
734 55
409 20
789 13
240 11
194 71
766 57
115 74
747 98
416 66
335 37
780 4
183 27
514 52
752 32
129 62
53 69
180 10
297 85
377 81
803 28
36 38
786 28
264 25
786 51
88 89
871 9
330 82
163 60
715 49
684 2
545 43
725 37
753 90
319 7
294 5
632 49
858 9
724 62
568 50
208 13
839 40
486 81
492 93
684 94
162 37
521 89
279 91
556 96
861 35
880 27
558 13
841 78
262 21
779 92
198 48
211 26
372 60
651 88
324 90
743 13
441 24
528 31
609 75
473 25
115 5
349 3
678 65
237 39
88 65
501 13
253 28
165 44
271 89
698 16
294 34
168 21
682 72
417 25
314 17
671 92
800 83
754 79
517 14
75 14
440 96
525 13
438 81
393 68
80 18
696 94
741 60
321 32
265 85
388 91
807 69
445 23
593 40
254 6
20 78
251 19
27 5
202 5
779 50
406 56
488 49
280 82
477 57
628 36
729 45
521 76
650 54
41 31
62 41
18 72
421 59
82 65
722 6
230 79
644 17
343 6
875 15
330 55
229 72
116 3
875 10
760 45
125 69
666 45
309 81
455 60
675 67
243 40
439 37
602 94
688 40
807 22
562 4
387 89
675 32
473 62
543 82
852 21
563 62
544 99
287 18
258 16
684 74
756 5
105 48
837 26
516 33
246 97
355 67
421 41
404 16
84 21
167 1
613 27
70 25
700 36
632 32
720 81
661 24
317 26
166 6
123 56
322 37
419 40
416 84
708 4
21 29
346 19
616 29
529 4
165 88
614 1
742 41
38 26
649 9
474 93
