3922
472 29
453 51
700 66
407 11
419 2
544 47
460 48
664 2
205 11
757 47
132 95
640 41
103 12
19 75
750 32
414 52
289 84
440 42
206 97
747 66
64 74
503 48
12 32
17 31
334 80
65 47
525 3
615 21
279 62
362 52
605 94
751 38
29 36
11 71
463 88
594 76
507 23
7 48
335 76
27 51
198 80
20 60
106 17
303 81
349 48
719 56
128 3
781 92
240 100
609 91
767 57
453 48
548 92
134 97
371 12
378 38
550 97
755 19
768 32
583 22
127 54
124 54
407 91
766 1
19 87
637 89
537 94
88 26
509 95
696 85
306 82
40 42
668 5
486 30
14 44
454 93
764 65
388 63
756 82
149 22
559 91
199 14
298 73
466 40
385 58
717 72
308 82
266 24
366 60
159 64
748 30
455 21
626 6
169 42
568 70
76 45
649 30
776 7
626 35
236 58
54 53
117 98
708 73
751 82
560 44
631 80
497 70
781 7
652 70
79 79
266 18
588 33
61 72
337 42
563 8
650 28
743 22
493 40
606 71
567 98
217 27
343 52
756 84
245 75
197 91
35 51
29 78
499 99
404 68
504 24
574 65
617 82
713 96
626 23
27 13
193 33
784 96
190 100
31 78
123 36
92 9
763 12
277 5
138 11
512 16
284 50
588 80
321 56
357 45
147 54
61 50
579 93
552 35
781 82
472 90
229 66
524 82
148 47
62 92
252 4
625 92
164 76
146 62
701 9
441 4
410 4
584 85
169 7
254 1
260 16
186 30
106 68
772 68
615 14
263 7
680 88
536 75
703 26
769 2
139 76
619 79
395 33
757 11
162 99
739 58
274 49
626 64
494 95
765 40
125 96
397 15
623 90
64 40
626 98
185 65
250 56
447 63
358 80
623 60
375 18
309 55
360 53
621 73
82 96
232 92
664 55
349 100
563 92
10 22
185 95
665 21
537 87
186 96
18 20
131 4
274 98
659 57
405 42
638 83
417 63
280 26
98 58
306 8
33 45
582 67
467 4
247 81
309 43
187 73
370 6
623 78
44 39
38 49
289 26
317 15
479 62
57 88
361 29
50 62
438 28
561 13
62 81
600 63
576 12
523 63
678 26
314 56
755 91
574 62
71 82
365 72
722 62
318 52
363 100
223 26
83 4
392 17
489 87
568 83
563 42
536 4
42 35
693 40
560 16
330 80
461 97
701 45
364 1
239 59
101 97
560 59
286 64
660 30
194 50
700 9
748 61
200 80
495 23
341 99
363 77
689 76
206 64
558 42
132 19
465 53
481 87
408 19
208 25
50 58
533 3
589 60
639 85
472 82
471 33
734 16
742 93
17 53
690 57
61 23
565 51
387 49
492 99
641 75
543 68
642 48
40 65
172 90
22 51
708 75
576 62
389 29
654 4
760 74
650 98
732 61
533 85
191 85
376 63
727 69
471 13
204 7
106 78
150 16
665 4
180 34
48 36
335 59
92 63
406 87
743 17
35 64
568 87
258 69
453 33
520 72
411 79
555 38
526 85
603 46
335 18
355 8
82 35
325 13
542 9
695 55
173 4
754 73
243 7
703 91
139 97
61 77
402 55
190 21
61 26
400 95
350 28
738 39
692 44
94 89
365 72
295 46
77 6
697 86
265 39
549 5
601 86
491 88
82 57
577 30
533 92
253 28
267 25
191 87
267 76
481 44
651 84
500 6
241 29
135 56
515 33
349 72
266 18
381 47
193 51
752 26
14 71
83 77
7 44
517 35
712 76
165 59
663 1
479 76
634 16
631 39
722 25
541 19
25 88
229 66
563 8
367 64
317 50
265 29
73 17
19 24
397 14
407 16
464 10
56 70
292 43
514 27
658 42
634 22
544 73
200 8
241 66
251 81
87 73
633 76
93 17
251 42
562 55
628 55
267 69
200 51
442 87
49 60
361 88
104 11
259 46
175 23
374 53
424 68
363 51
293 40
320 44
400 41
91 13
335 45
361 29
391 79
518 97
724 69
733 32
732 90
467 92
211 60
624 58
527 76
421 31
407 75
367 26
37 10
451 29
331 74
754 51
735 69
702 20
63 69
322 98
89 95
548 5
8 95
664 28
457 30
396 77
725 51
409 56
433 58
75 64
178 42
779 12
254 74
53 98
521 77
506 98
333 61
319 70
643 29
227 85
437 18
646 15
461 1
187 58
605 61
708 100
416 68
491 75
183 93
541 60
178 55
105 23
387 71
262 55
403 60
278 22
436 73
396 51
775 60
775 51
735 30
425 16
707 72
550 71
103 72
148 76
124 24
710 68
171 96
292 84
112 12
731 7
378 53
642 81
170 20
426 10
685 31
159 34
27 34
752 53
704 22
275 86
602 12
156 3
280 48
557 80
179 69
267 36
435 93
575 72
659 71
86 55
264 20
447 83
554 56
46 60
183 14
145 59
103 11
274 97
738 15
554 91
235 13
53 78
212 69
580 95
64 85
408 64
64 97
682 44
657 52
540 53
25 59
65 99
314 8
53 57
712 66
238 31
552 65
665 21
537 71
133 53
131 29
443 61
717 68
383 92
752 18
238 65
129 74
324 49
783 23
71 28
170 11
623 66
434 94
62 91
213 48
518 3
127 28
508 99
595 5
724 68
452 35
257 29
590 63
436 84
220 62
299 85
37 25
768 18
369 69
677 25
201 46
255 74
47 85
250 72
68 42
432 96
507 48
85 8
186 50
457 63
8 84
420 59
126 59
491 60
410 85
207 18
645 65
224 28
672 44
654 83
111 72
499 46
114 19
382 86
445 66
348 57
273 70
103 88
499 31
67 38
339 43
431 20
115 94
696 21
315 82
196 39
35 63
576 91
690 32
678 28
402 42
493 75
23 54
472 63
380 63
638 13
515 22
698 90
270 11
427 59
407 59
117 25
179 39
622 36
432 30
336 26
287 67
138 68
92 23
229 18
251 43
350 86
515 72
378 74
287 71
100 62
287 98
413 11
344 79
390 79
298 14
361 25
46 52
287 11
95 50
451 41
308 45
238 44
470 28
503 8
303 67
148 41
608 8
505 28
346 53
755 88
544 92
231 76
109 37
48 13
35 51
779 96
585 39
76 82
32 68
411 62
247 25
173 10
54 18
314 1
161 27
128 73
759 44
87 14
195 11
471 23
523 75
400 13
731 48
519 77
45 10
686 45
13 93
109 20
16 70
521 100
376 97
94 76
455 97
473 50
770 83
349 47
160 97
628 24
223 71
207 20
413 28
731 63
79 7
188 27
467 22
70 30
718 17
441 13
326 2
730 94
620 89
153 15
452 81
303 33
153 80
64 33
738 80
410 48
750 38
205 23
717 39
712 54
94 98
778 70
187 2
60 40
539 24
235 57
356 5
751 12
489 71
716 7
328 32
747 91
265 60
266 48
81 72
114 7
605 62
200 16
653 95
30 45
502 93
113 79
55 43
69 55
619 9
697 57
716 6
697 93
293 69
333 48
753 14
498 97
637 33
49 76
560 9
126 35
94 60
26 55
309 13
510 86
248 24
563 36
778 43
353 93
124 5
198 89
137 56
453 15
474 99
426 21
172 39
22 94
326 14
650 26
209 65
443 40
344 90
347 71
374 2
370 1
745 87
294 3
20 29
461 84
609 67
370 39
707 2
581 85
560 71
358 71
514 59
496 38
347 32
280 81
136 13
261 88
692 97
523 64
126 23
444 80
743 20
381 56
507 86
683 53
760 85
490 38
88 51
152 77
517 31
112 92
7 61
328 71
22 82
728 44
92 95
151 84
343 33
510 74
144 22
552 94
47 8
755 53
370 77
763 46
748 23
259 76
193 26
493 60
506 85
461 92
197 89
586 47
307 46
124 89
677 32
590 18
272 75
27 36
731 2
413 98
205 86
449 26
543 28
472 31
36 39
148 14
592 30
531 25
93 16
573 60
54 45
306 58
181 61
7 90
578 14
383 23
734 13
597 67
13 25
42 35
697 46
581 52
209 50
727 46
612 14
96 69
757 44
669 33
714 33
752 13
544 21
525 16
216 56
374 67
587 64
55 95
600 40
499 31
478 74
348 64
354 33
770 78
432 97
504 81
3 79
51 49
220 31
216 35
512 61
693 68
57 35
307 79
502 30
337 35
609 53
168 12
86 62
195 95
579 9
68 5
739 86
702 98
197 59
681 89
238 79
468 86
101 60
250 27
781 21
199 69
348 77
404 18
659 45
541 68
500 79
105 71
24 69
554 39
770 81
206 59
60 93
761 1
236 64
350 76
626 38
195 34
13 48
531 19
261 54
606 73
657 7
625 96
368 34
517 90
334 95
303 18
30 21
212 83
377 8
744 58
478 38
117 41
65 66
43 93
53 63
63 45
33 87
184 69
497 69
266 45
86 10
698 36
507 81
283 76
237 57
325 90
192 97
494 59
531 47
436 47
634 39
284 80
749 81
323 76
464 21
670 76
529 86
17 68
719 90
514 3
36 38
8 49
91 61
692 85
412 56
271 64
16 52
153 39
447 51
149 38
224 26
588 74
629 17
517 48
183 43
383 50
71 98
595 84
71 57
596 88
398 64
18 9
578 83
262 60
303 45
155 3
160 67
624 31
427 71
140 65
142 14
232 65
389 46
480 24
173 46
734 50
185 22
483 70
172 22
741 35
721 50
405 20
184 91
406 18
424 71
404 47
438 93
347 86
779 93
208 100
252 96
214 33
335 29
406 5
327 9
379 67
574 90
710 27
734 83
486 2
218 100
147 83
725 34
349 59
272 62
2 81
688 93
35 27
285 42
392 10
382 84
482 95
741 89
477 73
222 88
281 92
93 58
609 39
431 14
421 16
192 45
330 28
105 46
697 33
649 76
727 86
723 78
558 47
715 49
538 42
555 24
712 42
206 94
357 28
723 3
552 87
139 86
346 32
203 10
592 74
472 87
570 33
518 7
2 79
502 97
649 32
584 22
51 86
194 71
519 14
613 80
197 70
180 64
511 66
499 8
280 57
158 86
178 14
244 100
73 15
124 66
101 26
780 35
434 14
48 73
503 62
411 7
756 41
425 1
83 46
585 84
275 75
783 47
277 97
336 38
126 70
35 79
385 53
146 45
229 52
328 22
237 70
470 67
640 32
86 13
342 77
428 89
561 75
230 71
363 44
64 50
520 9
419 8
559 47
529 40
182 13
765 57
172 44
247 32
423 33
55 95
662 50
367 61
177 48
262 23
454 39
143 11
59 3
19 76
385 69
505 15
287 6
65 67
571 88
392 31
108 70
48 57
333 25
551 46
295 48
297 11
528 87
425 27
19 49
79 68
521 100
134 84
713 73
101 41
232 98
14 2
781 98
210 54
359 27
169 84
498 92
307 5
615 61
260 39
266 39
553 37
672 84
113 41
663 47
189 23
612 29
198 49
542 82
537 90
413 22
571 82
395 37
484 89
372 55
705 30
30 99
415 72
33 71
632 34
35 35
145 4
230 47
516 61
700 76
457 6
574 34
655 7
514 38
555 95
588 28
594 58
762 37
701 73
449 35
102 58
285 21
217 77
406 50
610 77
540 93
642 37
19 60
445 80
432 79
316 87
241 71
200 37
630 50
697 30
393 100
290 27
698 7
670 92
673 82
395 87
749 20
502 4
675 63
151 61
29 36
254 12
530 69
575 98
373 7
779 8
153 100
467 95
430 2
353 81
239 56
542 68
77 89
228 89
111 26
195 50
266 87
252 16
769 6
782 52
585 26
396 8
23 68
676 18
652 29
542 20
194 63
538 90
707 47
197 30
155 92
437 16
107 39
630 85
720 61
274 68
200 100
305 11
163 67
280 74
649 28
76 63
260 67
633 65
43 78
259 14
20 93
88 59
204 38
92 67
768 73
520 44
512 23
146 57
75 26
564 52
262 73
602 30
483 63
52 49
252 5
184 61
522 34
211 23
362 36
374 28
249 74
430 93
671 69
337 4
43 76
155 50
659 40
287 84
482 89
2 6
478 78
360 96
536 14
340 55
393 66
525 69
214 1
556 70
509 14
188 40
512 46
556 91
336 35
270 39
561 50
435 57
651 91
49 9
472 30
468 31
603 74
95 14
681 20
361 61
264 68
400 97
76 50
640 74
165 27
423 10
477 78
431 60
57 36
588 56
61 47
755 68
602 64
384 59
603 87
90 42
692 60
277 64
423 85
695 91
584 29
689 38
351 14
617 23
183 37
304 9
566 2
317 53
391 17
780 48
683 94
687 45
88 62
611 9
476 66
183 61
267 50
302 54
660 29
140 79
766 85
186 66
522 36
513 25
705 31
295 100
555 15
356 29
591 99
686 44
472 81
331 56
27 41
485 62
35 9
628 42
405 92
566 97
740 99
305 91
284 69
54 74
187 72
268 68
294 81
92 46
184 72
349 65
585 47
260 90
139 84
551 56
194 87
330 98
243 75
448 27
760 83
454 21
526 50
602 38
98 75
65 59
204 38
758 7
614 32
639 20
352 85
771 66
528 47
150 34
729 93
391 42
329 100
421 96
726 79
5 42
107 27
458 97
479 15
106 71
27 16
502 80
460 87
599 48
180 100
125 94
661 40
739 55
530 38
707 95
338 16
359 95
407 45
168 24
271 83
693 63
425 87
466 13
477 33
561 28
383 95
389 94
762 9
331 91
402 60
312 20
28 65
672 83
477 59
276 56
782 35
504 33
66 42
417 77
52 52
756 13
269 43
567 84
283 14
704 70
541 62
371 90
663 22
748 77
98 11
60 82
117 44
350 6
490 41
255 40
738 14
683 78
432 71
170 88
137 84
56 91
736 94
210 43
624 40
384 3
555 72
557 29
251 90
25 8
772 65
715 45
351 24
585 14
367 85
758 63
220 64
697 49
517 18
276 76
60 16
16 3
228 60
58 41
696 100
628 87
761 9
189 68
595 32
72 60
57 9
606 9
509 84
179 34
716 70
630 50
502 48
10 59
63 69
549 54
634 37
726 50
27 21
141 100
560 63
764 95
308 55
507 2
750 51
387 55
137 48
224 15
623 50
79 33
415 11
33 31
386 46
381 82
444 44
745 100
624 61
405 59
155 4
322 97
604 33
702 70
11 71
253 1
125 94
64 49
40 15
509 9
447 4
280 35
702 26
471 76
335 47
699 16
7 3
277 55
747 62
762 98
687 19
64 92
615 65
121 97
613 69
168 33
455 96
662 66
326 86
58 86
89 52
324 55
128 31
326 65
48 2
700 75
718 4
472 55
758 8
657 63
228 2
48 61
163 37
730 24
576 7
223 12
778 62
39 95
603 97
491 6
219 4
539 57
142 89
180 51
376 52
711 36
545 32
145 78
216 54
248 30
382 46
4 66
716 4
644 68
214 71
420 81
252 8
564 96
206 63
544 50
17 11
179 88
624 59
342 44
110 8
375 25
530 6
387 35
632 6
758 58
597 11
379 84
527 43
493 39
85 8
369 30
71 38
330 72
541 83
743 27
33 63
214 71
707 21
11 54
636 90
282 77
402 27
612 72
329 68
433 88
345 16
90 75
95 37
448 19
538 19
470 43
587 18
408 23
426 79
750 16
385 24
81 94
665 47
570 6
718 51
634 27
557 56
354 86
770 19
497 9
21 60
218 84
741 31
502 27
431 90
126 29
136 29
49 61
488 99
613 8
152 75
141 31
569 40
138 29
57 75
413 92
624 72
343 33
670 56
387 68
148 69
669 59
204 64
284 36
394 14
650 97
273 33
74 26
510 58
750 42
264 32
232 56
158 39
774 12
159 20
245 37
668 56
694 56
730 9
231 94
53 2
685 36
270 23
506 59
529 62
686 100
708 7
361 90
35 48
75 18
131 51
207 16
426 8
261 83
355 5
439 100
194 61
541 38
743 37
271 62
361 39
700 92
217 6
547 88
458 43
464 45
206 78
297 71
593 19
12 74
485 43
234 20
285 3
179 17
744 48
427 39
91 37
462 21
762 13
118 63
659 70
559 77
554 89
324 78
242 88
362 91
295 87
680 24
163 75
284 49
96 11
177 79
19 48
131 42
752 10
77 71
331 50
674 80
50 23
753 27
743 67
585 91
456 2
357 100
355 37
482 77
657 41
64 31
522 77
583 29
416 97
197 20
494 46
271 27
317 52
168 63
570 7
476 44
776 55
746 17
567 28
400 66
464 71
612 59
509 96
126 93
325 54
7 60
174 26
705 14
518 13
103 98
535 30
511 47
14 44
197 1
618 21
625 25
195 15
400 81
776 2
155 44
246 49
400 50
105 26
407 69
753 8
668 71
665 49
137 86
26 40
423 73
175 61
385 22
11 99
243 41
431 1
609 60
223 96
494 88
639 97
192 70
97 13
332 95
416 96
734 84
370 28
158 43
725 32
67 8
375 71
199 41
388 76
239 16
612 21
247 16
60 2
386 24
108 10
4 90
70 24
689 82
279 17
84 98
461 30
729 65
305 3
46 79
519 41
38 10
580 74
210 78
301 23
299 14
351 94
90 49
253 31
518 72
202 80
284 11
245 21
54 86
288 61
385 36
78 79
661 28
356 41
646 32
632 3
716 100
456 66
401 99
543 26
87 34
535 51
40 75
118 90
659 7
50 2
164 41
686 87
547 27
773 36
474 24
236 30
418 93
775 8
320 19
569 19
416 6
14 24
128 64
221 54
534 55
491 95
389 62
667 6
360 92
152 4
416 53
584 18
647 22
782 59
1 19
129 14
73 52
471 14
783 69
405 64
398 49
399 26
93 98
386 71
97 81
414 64
191 86
445 15
526 61
247 21
184 79
252 81
317 34
191 72
645 44
362 27
227 69
154 39
233 52
387 70
383 91
142 66
503 36
677 93
224 32
605 86
101 30
610 9
364 58
411 19
734 96
747 97
274 37
594 76
21 32
125 55
701 95
405 77
585 64
11 38
510 83
684 60
706 15
682 30
43 72
571 38
148 39
748 71
78 84
560 23
229 22
278 27
700 11
368 44
772 83
388 31
699 17
19 87
77 5
516 25
362 100
151 24
725 14
360 77
285 4
609 42
450 86
400 29
13 63
743 7
492 75
80 41
492 58
533 76
784 44
295 41
510 60
719 74
671 39
464 36
411 88
416 7
389 2
648 100
412 90
207 76
712 62
375 40
171 87
353 35
237 69
682 33
59 85
750 38
95 19
408 65
561 38
222 70
65 68
383 89
447 69
733 34
465 40
316 54
460 41
216 36
38 55
38 8
66 91
363 84
414 85
548 13
191 62
379 58
153 10
382 63
504 48
630 77
149 69
194 26
479 35
109 88
219 36
213 6
732 12
66 56
