3490
246 68
483 75
174 30
197 97
352 58
8 60
292 48
449 81
343 82
175 72
209 44
338 52
35 85
467 79
661 87
411 52
600 33
453 67
100 11
675 33
542 94
688 51
664 73
475 81
606 82
534 16
90 78
177 16
290 77
236 82
215 57
439 56
445 88
434 26
467 50
654 95
544 61
493 17
232 52
612 39
353 15
628 43
153 32
52 63
676 20
434 85
659 53
639 27
554 89
606 20
684 7
423 19
415 54
32 7
103 38
55 70
611 20
673 39
563 58
230 70
619 64
690 79
339 61
45 61
575 62
291 7
534 82
251 31
105 1
279 31
284 54
77 86
621 40
23 25
462 82
326 28
346 30
126 22
591 73
208 77
159 79
153 100
424 34
442 18
243 91
382 58
58 92
421 32
612 18
626 57
665 39
385 56
664 81
273 90
99 90
61 3
151 63
71 98
181 47
277 83
542 90
666 51
673 86
423 90
427 40
157 100
543 86
349 28
72 13
284 28
288 10
384 74
272 55
24 56
418 53
216 96
615 81
98 73
687 26
108 24
113 24
62 70
174 76
695 30
553 59
302 7
186 16
291 19
654 1
630 2
479 19
429 50
393 28
312 41
211 17
284 19
206 55
75 5
650 17
641 55
678 100
190 65
28 93
471 43
339 86
153 78
145 40
626 49
581 46
291 73
236 80
316 50
84 3
542 99
545 20
392 79
407 93
394 99
355 10
688 91
77 8
370 100
28 7
90 76
74 99
116 8
486 11
390 65
77 24
399 4
465 32
41 7
372 12
290 69
601 61
427 82
157 5
43 63
471 29
69 34
303 21
423 26
333 54
395 13
230 100
387 57
88 37
458 24
65 78
248 5
644 66
297 60
180 24
636 43
616 28
349 15
660 65
63 43
698 68
344 26
6 34
108 74
694 22
667 47
301 20
434 63
405 2
689 3
216 62
328 73
107 56
51 2
571 23
632 10
667 55
448 59
165 61
691 93
143 74
64 7
557 80
368 42
428 42
421 84
544 57
595 54
31 77
249 64
105 22
115 58
586 68
238 50
97 47
204 66
556 35
156 66
298 9
294 55
524 99
289 97
66 26
322 40
526 62
354 100
675 93
143 4
399 53
688 88
78 19
604 58
212 25
83 57
56 86
627 40
62 70
263 79
273 38
411 21
692 75
41 36
630 48
455 58
645 50
641 56
111 2
552 49
555 41
668 11
461 38
510 27
306 71
513 44
578 18
222 35
592 68
370 14
164 81
98 25
3 65
362 24
337 63
121 17
365 67
452 40
190 72
382 47
465 22
624 55
501 55
477 61
382 40
392 85
612 71
525 23
96 16
252 90
342 7
89 99
269 66
626 46
488 66
308 84
422 35
450 82
130 48
87 81
696 26
355 67
267 49
14 94
303 29
402 89
377 42
516 67
324 68
689 85
482 6
559 89
190 13
263 62
255 7
202 59
501 9
548 19
334 77
561 22
645 86
357 29
163 13
548 81
592 80
132 49
607 23
502 19
95 65
103 8
440 7
161 79
566 44
121 95
534 22
608 79
412 34
73 13
330 66
125 51
78 59
669 36
492 93
441 52
257 21
423 27
541 37
649 45
486 27
43 46
456 11
68 90
153 33
203 25
476 78
519 14
685 45
472 88
129 14
454 44
537 24
437 40
686 59
433 19
318 62
168 72
482 100
486 71
347 49
686 25
500 21
210 87
525 15
441 12
213 60
416 19
424 9
520 58
352 79
684 67
198 92
604 55
277 56
190 3
490 45
439 65
191 39
331 51
405 56
274 63
607 28
584 7
342 46
506 10
342 39
244 63
453 66
646 75
600 77
161 63
319 41
536 3
132 24
353 89
562 18
232 44
692 59
637 29
208 43
140 45
660 16
198 6
279 68
321 5
92 32
670 36
127 32
157 40
200 7
69 67
653 75
131 93
319 11
274 24
304 2
421 84
351 34
502 43
650 64
413 55
78 77
14 38
585 55
385 94
492 96
125 95
81 9
148 5
383 16
574 83
679 29
317 55
186 33
466 100
243 10
687 43
399 10
630 72
341 62
303 90
329 82
228 6
394 9
145 95
374 97
342 68
98 85
98 13
335 18
500 60
468 78
383 88
48 14
638 60
353 18
112 86
687 60
355 46
16 96
375 34
304 27
70 20
659 43
143 30
568 25
610 81
387 11
583 61
392 67
295 71
276 14
293 91
593 93
78 63
341 50
185 97
280 63
464 13
236 61
177 57
166 77
607 100
53 26
616 96
678 56
529 47
54 81
248 57
249 12
465 38
525 72
264 35
121 93
243 89
549 33
400 77
352 76
50 93
306 11
123 77
560 7
281 20
559 72
570 72
298 60
287 51
420 3
517 36
682 83
578 85
155 86
4 92
107 91
169 6
481 93
296 54
527 68
224 53
113 78
374 73
357 50
178 9
409 61
357 78
13 52
275 6
139 18
83 36
375 29
493 46
649 33
126 70
109 16
346 29
415 44
172 90
75 33
215 98
428 90
364 55
428 17
478 53
92 21
461 41
654 55
183 41
583 100
428 64
32 93
130 24
303 17
556 29
601 61
466 82
222 29
447 28
412 29
469 7
154 68
172 10
56 69
363 65
548 18
689 56
465 15
319 32
596 55
545 28
381 60
233 83
62 61
528 44
36 36
151 11
376 8
537 77
342 85
301 86
534 57
580 31
652 80
260 91
37 89
474 41
56 55
98 57
128 43
287 93
65 38
222 81
430 54
465 86
368 67
671 58
490 55
489 77
557 78
578 66
84 47
569 66
532 41
612 20
339 8
202 14
172 44
693 55
637 50
637 43
470 9
663 34
519 60
365 83
490 11
599 71
256 91
438 87
66 24
441 91
424 69
547 88
575 12
17 13
8 44
388 55
237 1
421 43
21 31
203 1
623 42
589 5
2 80
213 75
286 16
550 57
44 94
257 99
436 32
667 12
34 64
628 95
425 43
87 77
89 92
85 40
482 45
347 43
598 29
120 35
500 85
429 86
82 17
228 84
672 42
16 37
459 31
563 73
217 65
593 88
25 19
438 82
685 42
332 52
88 11
596 8
12 66
215 34
558 5
650 70
144 49
495 15
296 58
445 45
677 52
361 91
27 61
296 3
416 74
42 19
307 63
230 51
566 51
635 44
160 52
150 90
522 65
129 36
24 99
667 17
282 44
258 68
18 36
514 18
658 13
628 92
157 30
517 61
159 57
229 49
385 25
652 40
187 99
120 45
646 42
374 65
299 76
209 38
476 10
581 96
493 20
82 85
383 5
368 87
166 21
582 75
113 82
325 21
594 39
561 21
568 31
330 36
85 83
214 78
192 27
424 28
584 61
530 47
305 36
481 83
259 41
174 59
687 73
402 88
137 41
105 41
535 59
606 37
445 15
291 27
652 3
49 79
158 85
661 87
665 45
517 26
104 67
482 26
589 77
437 98
544 32
498 76
551 66
107 32
164 67
249 48
221 13
329 69
677 70
681 49
582 86
327 21
119 35
362 52
111 88
141 93
563 54
11 32
110 4
601 45
314 59
402 100
169 39
233 21
421 6
362 40
101 90
312 61
345 36
29 29
302 36
139 50
284 91
568 27
449 8
252 41
644 100
453 61
659 29
567 25
574 91
632 88
222 97
146 32
658 95
389 91
51 36
298 80
667 97
115 19
679 23
638 92
316 48
246 15
578 15
97 43
170 84
427 61
284 99
190 13
66 20
539 12
518 66
531 29
291 54
181 78
279 96
76 75
292 89
546 71
233 85
11 37
529 83
148 12
650 38
177 1
466 98
583 71
554 4
200 19
20 14
433 66
500 13
240 41
569 97
476 1
623 26
370 84
202 66
399 42
58 58
77 62
407 28
119 40
215 76
261 37
250 36
546 91
364 56
72 53
174 79
457 75
108 64
101 55
659 7
342 77
99 78
456 84
334 52
39 94
65 72
416 75
408 63
140 30
488 43
444 4
425 35
200 26
608 39
259 2
623 38
585 7
204 13
411 84
655 53
115 33
473 82
511 86
3 98
209 41
685 57
290 96
527 25
679 77
162 51
402 18
12 77
555 98
468 2
281 87
251 62
585 50
575 91
24 49
394 41
533 20
389 99
284 42
285 84
428 51
380 2
509 62
47 59
462 75
684 26
524 20
223 25
162 50
637 73
135 44
448 14
693 4
347 80
92 58
39 85
528 95
160 47
339 21
675 88
157 50
112 61
281 75
587 75
542 45
529 77
173 9
124 87
95 53
474 47
690 63
40 95
520 8
460 36
603 79
429 76
168 84
308 18
337 84
427 11
51 72
611 63
603 34
465 38
225 41
49 72
647 32
517 71
485 75
361 59
434 38
278 69
598 87
482 54
674 99
178 80
649 57
313 93
91 25
534 12
317 72
33 60
577 43
24 47
5 87
428 32
667 78
192 86
671 24
301 43
573 65
454 79
500 22
584 52
273 9
49 26
636 94
540 35
426 24
489 35
421 10
512 93
435 65
587 81
393 30
653 23
72 63
74 36
16 38
338 3
638 73
687 75
173 81
297 81
334 51
373 15
218 50
317 77
370 64
600 69
187 97
657 87
165 56
509 62
656 91
361 66
63 81
316 38
128 68
387 47
152 30
348 28
90 7
559 95
405 53
607 52
655 45
544 44
238 20
164 20
125 38
113 49
473 46
530 81
362 100
446 52
290 97
225 91
376 46
678 32
682 18
212 75
401 96
660 18
370 87
30 60
278 50
603 26
453 96
432 100
202 98
2 97
246 42
396 90
368 51
50 52
662 37
424 51
248 70
649 55
580 18
30 63
646 2
396 91
363 76
239 99
536 53
59 100
491 64
107 82
296 44
508 5
294 21
351 95
115 69
579 87
2 57
216 37
198 37
634 27
532 9
368 59
662 56
407 12
624 25
407 51
59 7
363 37
462 96
435 100
658 97
584 45
283 80
369 85
261 11
511 67
84 84
138 26
655 54
226 44
683 58
107 35
61 40
342 12
107 54
589 22
571 20
383 78
215 89
331 64
563 36
170 36
604 91
233 21
283 13
257 22
622 37
170 78
87 84
530 78
176 36
273 1
525 87
648 19
601 7
163 11
497 87
265 30
639 23
369 48
144 6
382 33
37 53
332 28
373 90
74 79
456 8
266 88
594 22
512 34
673 46
321 83
32 81
379 97
444 31
36 81
511 95
527 32
87 74
664 22
375 3
455 79
242 37
476 90
661 65
579 90
518 59
136 83
173 24
482 2
675 63
214 87
511 98
616 27
554 13
558 80
536 69
49 43
310 85
374 84
162 96
493 87
638 51
178 1
134 84
173 67
673 77
600 44
234 33
313 76
650 39
95 93
182 34
82 19
402 93
224 2
332 13
314 98
23 42
154 29
542 10
166 14
503 58
440 92
221 27
286 93
306 40
576 21
275 55
668 7
124 5
47 67
309 34
375 11
36 19
83 43
656 52
68 9
261 59
283 23
337 97
594 39
269 72
588 39
687 25
568 7
132 89
401 67
84 73
105 54
223 38
115 4
506 47
95 71
669 12
537 29
143 100
372 89
38 52
252 48
72 66
423 42
238 90
63 3
580 29
607 57
615 67
470 55
660 29
154 60
442 76
668 2
35 16
591 7
296 38
660 50
299 44
629 59
405 96
672 21
1 76
647 92
626 23
462 42
465 86
600 19
3 82
253 53
436 2
318 95
594 25
294 21
105 24
3 82
185 23
412 6
293 45
393 77
524 10
547 38
627 62
162 31
390 23
255 87
407 86
353 85
74 11
48 34
599 47
391 70
491 96
449 23
128 42
103 8
76 100
686 100
662 82
263 27
648 100
353 49
531 28
198 58
44 65
125 81
391 19
363 99
3 29
316 11
540 96
554 51
594 85
698 36
244 67
49 61
437 27
81 96
478 25
493 67
36 51
486 14
428 16
268 82
566 63
658 10
331 60
571 68
671 56
95 87
16 80
138 99
154 16
657 50
17 19
535 58
481 86
388 71
681 9
47 20
269 44
76 52
223 16
145 81
154 81
265 46
131 51
397 36
372 57
346 67
65 50
12 56
372 50
117 40
468 23
311 3
568 45
301 83
28 65
527 51
213 19
467 70
472 83
39 14
516 54
425 14
586 14
44 55
147 14
548 52
412 69
290 98
176 68
654 57
511 28
580 20
201 8
537 13
201 71
18 69
422 61
432 100
250 45
35 76
228 13
279 82
583 68
596 15
132 93
695 95
200 66
426 51
277 98
410 43
131 85
543 20
273 20
446 42
107 3
55 85
42 20
502 5
589 81
600 57
261 45
415 98
455 82
558 83
283 42
419 28
172 9
612 53
422 15
251 67
142 31
444 62
204 43
301 58
201 46
129 73
353 71
689 13
192 31
453 92
293 61
404 59
496 34
637 15
138 6
565 9
465 58
114 83
627 94
8 5
510 99
379 51
267 26
431 24
191 83
259 96
119 6
591 49
536 86
457 82
305 88
398 27
273 41
240 56
329 95
130 41
315 65
529 74
358 92
344 13
396 35
490 92
159 75
136 86
163 47
110 58
689 72
544 41
593 28
112 56
456 10
173 41
65 46
375 10
421 26
504 78
246 10
431 16
637 43
668 65
184 36
239 68
3 100
153 61
327 61
590 79
341 76
142 28
208 85
482 90
642 27
418 6
84 23
369 51
639 34
221 51
526 24
364 37
678 77
236 9
657 12
558 34
239 39
103 60
402 14
248 95
227 50
279 78
325 91
151 5
656 62
287 8
555 10
494 81
151 28
223 70
91 55
567 91
9 26
114 35
168 93
426 54
405 69
200 86
60 72
33 86
183 25
404 31
109 40
104 30
377 37
625 62
84 14
559 64
19 63
500 93
148 99
241 13
184 38
358 32
293 19
541 82
446 61
570 77
448 9
283 91
564 97
327 1
568 74
399 77
586 19
199 29
230 88
95 6
86 56
278 18
439 42
485 50
281 63
329 75
391 37
426 18
345 44
588 30
475 14
101 58
113 96
395 87
208 81
549 24
175 26
148 45
80 2
539 68
38 97
690 75
659 82
307 54
79 38
231 93
678 37
302 6
502 58
39 23
621 99
445 50
627 39
221 12
473 79
300 68
138 73
582 92
185 48
143 3
274 89
205 60
563 87
505 9
534 77
192 52
437 38
64 73
505 29
575 27
197 35
76 14
598 94
251 30
164 48
616 86
285 59
584 49
524 88
499 34
242 74
55 26
468 73
456 67
8 5
77 44
357 87
557 50
549 73
82 76
332 23
526 36
451 4
174 90
618 20
624 9
326 66
69 6
154 6
291 91
256 37
181 78
600 65
550 67
599 97
604 75
412 78
379 81
412 18
97 61
285 1
143 30
209 27
358 82
620 34
52 50
654 33
371 13
246 58
522 59
570 59
364 33
430 72
75 80
528 84
688 23
661 100
573 83
246 44
8 75
554 41
327 71
146 57
36 65
697 76
370 85
468 85
1 21
299 96
669 15
95 15
354 68
647 82
539 24
404 31
67 58
417 78
321 17
54 87
227 30
41 93
492 98
530 33
461 58
297 4
506 47
200 32
664 96
567 95
411 97
273 59
166 42
56 4
250 86
345 9
556 29
543 75
598 44
168 16
621 65
375 83
110 85
4 7
55 4
500 68
567 81
423 61
515 66
502 69
223 4
237 9
351 58
64 82
270 82
644 48
157 46
433 6
459 66
377 50
354 81
462 89
401 63
653 50
65 54
109 54
293 30
662 75
107 94
377 52
30 26
606 78
212 43
531 96
246 64
76 74
526 1
384 64
693 22
393 99
150 10
526 28
14 24
54 51
189 31
205 1
369 44
257 50
409 73
610 21
596 67
6 92
473 42
598 41
233 12
393 31
242 40
179 9
277 42
159 5
377 44
75 40
370 40
218 88
284 47
624 42
426 94
204 31
2 69
244 15
673 67
567 33
223 84
180 19
89 14
612 20
310 60
257 62
551 16
229 11
96 8
633 4
245 81
451 59
515 33
452 88
372 85
446 31
366 4
529 47
218 57
417 70
282 39
54 95
261 4
594 86
666 69
386 97
33 68
148 74
376 82
544 44
343 54
514 8
271 39
355 44
291 64
433 4
54 6
561 32
402 23
411 54
115 11
376 16
383 13
168 8
483 32
250 44
622 22
567 91
182 94
143 83
224 67
236 52
89 86
499 69
681 42
152 48
28 30
660 94
690 92
548 16
395 38
170 13
457 95
691 85
65 18
379 57
560 74
325 4
147 57
590 8
632 64
244 21
297 72
45 40
152 24
517 45
206 43
328 89
457 22
237 38
117 11
362 89
358 69
139 84
208 99
39 71
211 6
392 41
530 96
270 64
593 49
223 36
402 89
509 52
1 78
675 27
395 25
655 28
105 16
11 14
327 92
525 91
269 50
447 89
335 40
155 64
376 58
458 100
264 9
578 27
646 2
287 64
683 72
22 91
619 52
105 53
474 14
190 95
6 17
39 67
120 67
234 23
257 50
6 22
400 67
429 69
470 42
97 63
176 48
462 76
153 9
1 87
430 3
360 85
282 30
72 49
306 37
663 25
314 41
410 71
216 51
289 93
429 51
519 84
31 97
285 52
326 85
497 94
261 90
445 20
502 56
186 6
692 83
214 77
505 43
503 64
684 1
452 8
43 79
686 26
382 23
568 93
93 60
669 16
672 4
249 49
383 43
564 71
38 85
4 26
1 7
177 61
553 71
108 71
394 67
287 99
107 55
435 42
644 16
680 78
25 10
118 54
672 61
211 99
213 88
562 9
155 59
634 33
271 26
641 91
169 61
567 88
306 6
44 37
361 74
601 58
96 97
189 91
68 13
250 19
87 29
94 88
172 11
483 26
510 54
427 83
103 89
515 92
330 20
428 45
646 59
449 95
695 54
168 8
675 80
595 46
134 16
21 14
78 41
316 54
193 43
134 74
172 28
254 59
317 12
668 7
461 13
568 8
136 25
85 99
227 35
364 74
154 50
446 7
675 76
49 77
546 72
458 35
603 29
584 50
375 9
696 62
184 59
64 45
531 29
667 87
58 36
55 44
607 43
14 78
82 15
31 41
539 29
311 81
21 39
530 100
580 4
38 26
271 32
309 11
235 50
275 79
188 37
236 43
402 99
666 67
312 62
550 66
67 58
364 47
694 94
127 89
188 57
492 41
210 61
698 80
312 33
173 42
383 12
190 46
265 2
33 99
139 73
187 37
582 46
452 30
601 25
424 48
166 9
480 34
481 38
153 92
296 18
69 51
668 39
473 80
86 71
144 45
556 64
574 7
531 74
225 6
192 16
646 14
573 84
225 56
692 34
122 59
121 78
272 5
