9313
1590 24
1335 22
847 37
1796 93
1051 38
360 58
766 72
1395 39
1679 24
481 96
778 50
1502 63
1004 94
643 31
751 48
430 99
546 69
1261 33
164 65
1766 5
1810 1
1133 37
1275 30
1041 80
1185 87
724 83
542 41
1578 18
875 23
241 31
1590 36
1698 90
1168 67
786 16
1690 2
738 94
1133 76
1740 45
300 68
519 39
1711 80
566 59
411 72
272 9
586 50
969 1
382 63
585 23
1599 77
327 84
1672 93
25 39
1283 1
505 74
822 77
1739 35
1728 79
661 44
842 6
130 17
980 56
43 91
1050 20
1741 65
712 19
432 5
726 98
952 55
852 97
868 34
70 5
1545 68
958 30
1406 38
1050 46
1782 88
1694 68
1518 28
1133 45
1359 53
976 5
1260 87
892 78
1607 63
1076 65
1746 80
938 40
873 82
1727 1
225 87
808 47
1548 33
682 23
1332 72
1083 12
299 29
248 15
40 30
1340 36
1427 32
1414 62
798 1
569 74
1237 72
948 1
886 25
192 85
1334 50
365 17
215 10
196 48
1761 35
592 75
1666 86
559 7
88 91
1854 95
784 10
74 12
642 79
296 80
1655 43
149 49
457 87
1110 1
55 35
1371 65
1313 40
881 79
1231 65
1740 44
681 34
240 53
1209 33
224 59
1775 47
583 87
1734 56
1601 22
636 10
1695 45
1295 54
1706 19
98 44
1738 29
1565 29
1185 63
211 62
24 23
1578 39
402 79
1305 60
1646 91
833 76
430 68
198 48
219 9
1486 25
716 63
609 42
807 85
302 28
132 34
943 26
1102 91
718 78
26 47
1711 51
1574 98
1466 21
1044 53
487 96
870 77
1190 57
569 58
246 4
297 91
1361 16
845 17
1501 15
310 67
1589 98
695 19
662 75
116 31
754 1
1042 82
692 83
601 17
85 2
1354 54
403 7
1863 81
1558 69
1645 1
585 66
1502 59
1386 6
1128 16
533 8
1391 52
1763 81
511 24
1506 81
627 86
1111 56
298 48
1355 100
935 25
176 66
1484 54
548 31
1654 57
1097 30
1513 61
1454 14
1540 25
20 71
461 91
149 78
1649 71
1270 22
1130 44
655 8
1619 28
1655 99
1344 47
1659 50
1548 40
1208 6
1522 76
1327 37
1551 44
1346 84
949 83
1060 98
385 36
1253 85
1338 10
531 61
1372 91
1189 3
530 50
603 40
1759 6
575 86
1371 72
993 7
1727 65
808 26
531 33
1144 96
532 59
1534 51
130 5
717 75
66 32
1263 1
1630 29
775 78
610 40
1362 64
321 95
407 20
1281 62
1191 18
457 41
837 62
990 98
521 20
1678 36
1548 7
959 34
1000 41
1850 13
1388 23
471 6
277 21
955 78
323 14
468 34
592 36
606 31
1609 83
1303 28
442 12
761 12
570 40
998 96
972 3
1220 61
1234 69
124 92
559 10
1386 70
1793 100
601 99
1715 82
436 59
1070 72
383 91
1155 21
706 40
981 62
109 10
844 62
1659 29
142 100
1283 71
1565 41
1091 68
1641 4
242 55
49 41
1011 77
837 92
342 23
971 91
784 56
1493 95
68 97
1533 100
33 84
676 59
250 73
1641 48
1615 93
932 70
1007 79
1453 94
812 31
197 65
1642 85
292 49
694 88
417 94
1069 98
241 35
234 21
555 60
875 54
609 45
1693 37
1301 10
671 60
253 66
1803 42
898 81
195 91
1330 86
789 89
275 27
1253 22
1147 2
1422 50
700 93
575 29
1154 22
841 24
464 93
19 11
610 87
367 24
686 6
1047 70
818 57
1632 98
943 48
620 37
1846 19
1070 28
1241 16
1500 6
1274 87
1072 59
1669 3
1368 8
1783 11
1811 76
84 48
182 68
469 78
1249 8
682 99
1667 65
317 30
426 62
1477 73
448 2
134 97
1849 4
1198 62
897 94
1774 96
1416 18
248 45
1057 4
514 53
1528 61
1703 80
1410 75
1034 34
1557 86
1662 14
34 44
893 9
1586 10
554 2
607 45
748 72
290 54
1164 13
483 83
1309 91
1035 10
739 37
949 9
1302 97
229 8
1828 29
1619 21
390 86
1104 34
1524 54
597 89
1822 13
307 68
1134 89
1661 92
999 48
572 91
1174 73
95 4
305 77
1821 58
1834 99
228 77
19 50
708 61
1687 91
1586 11
388 60
890 17
864 89
1148 91
1563 34
1406 4
604 92
573 12
1652 25
288 46
1246 2
1420 11
156 89
241 54
893 48
1678 73
1394 19
1359 75
1681 81
1486 11
576 31
1283 81
964 31
1136 98
591 84
607 69
978 18
1125 28
1129 12
1194 67
372 87
1225 42
1155 44
151 92
383 84
16 91
541 83
1429 81
1109 10
955 59
308 84
649 26
1793 20
652 12
812 16
956 61
474 32
710 73
256 62
1374 45
247 39
364 17
1801 77
1057 28
1346 40
1036 76
174 13
80 32
406 94
142 92
50 94
493 77
1705 32
1738 91
40 43
1365 48
1184 55
713 89
1109 6
1138 28
374 73
1424 14
1793 73
1505 32
421 40
65 92
734 78
1817 20
1492 10
822 54
198 55
1251 12
990 20
849 16
551 55
1055 40
146 29
687 82
894 86
733 50
874 71
1055 22
1779 34
709 70
415 86
787 74
275 66
868 76
1466 29
792 25
1820 57
500 2
747 62
1442 72
286 52
876 2
106 81
1558 14
1789 52
294 37
1542 21
134 95
1002 21
1367 26
696 54
1142 89
109 17
1624 3
994 83
718 3
33 9
501 57
1561 63
1595 43
341 55
312 18
1714 16
1091 30
1703 61
238 48
1592 38
495 52
1063 10
1137 5
508 9
14 57
1017 80
1096 47
852 78
1113 43
627 9
358 16
654 88
482 80
1179 19
1351 74
224 60
751 44
378 17
717 47
19 77
1133 17
342 7
1819 53
537 62
1090 54
1717 25
1537 70
1034 70
1541 24
1227 86
889 84
765 33
747 99
967 72
1733 41
687 65
1636 97
1576 86
678 4
130 41
1061 36
1264 70
706 46
458 41
1187 13
1603 44
1399 8
699 13
1852 37
1145 97
778 89
90 31
453 97
1490 87
277 46
379 42
1357 92
1183 72
1090 92
204 86
692 14
1292 31
244 82
1711 6
1649 90
222 76
1334 73
720 7
1468 79
97 9
780 73
1533 82
795 84
1787 9
235 57
558 46
1279 14
1204 35
1205 54
1327 32
1714 62
674 22
915 74
394 67
437 13
1721 40
1631 6
1019 8
1478 35
512 96
912 7
1683 96
1313 61
1465 85
248 65
744 95
584 97
799 1
1563 91
1018 76
177 47
212 20
972 32
535 7
299 67
918 46
1852 45
1598 25
1108 3
823 77
1430 42
503 75
756 46
967 44
1574 92
362 63
495 44
591 47
792 82
1378 90
1746 62
1569 1
633 44
232 13
1482 69
440 36
1605 63
1343 82
572 75
619 13
1087 5
98 65
423 70
1686 71
598 81
1005 20
1374 24
502 46
354 23
782 73
1167 65
1270 52
1721 72
722 58
634 34
871 98
1719 9
466 40
500 92
1132 14
114 48
1265 39
1322 80
613 68
1682 65
362 26
563 44
722 70
804 19
1609 57
467 66
1636 2
547 61
15 7
869 25
875 94
1624 26
1019 96
106 46
1293 32
1615 9
1321 12
1039 64
481 70
1588 11
1238 34
1446 57
170 61
1560 35
473 6
824 57
300 81
572 83
739 70
874 77
694 67
1594 11
1729 84
1252 16
1510 57
1326 37
1583 82
2 11
600 44
1059 77
164 33
1358 84
1468 76
61 42
792 5
900 59
208 63
1516 54
175 2
196 57
1144 24
1726 1
1624 77
229 22
1722 48
1587 10
191 19
1016 93
440 73
1624 78
1804 95
1048 88
112 50
217 20
1613 60
935 43
369 99
1643 21
696 39
26 82
1244 12
1466 58
653 92
89 74
1702 7
1678 47
846 94
1124 71
1632 20
380 5
1253 25
807 16
807 74
24 6
844 6
667 51
1831 53
1625 47
1451 33
760 13
951 24
296 17
909 97
33 89
933 35
1830 83
1111 41
1636 64
1782 44
17 28
486 84
1701 78
962 89
60 19
974 48
1097 63
623 94
557 73
556 31
587 16
1839 96
551 38
684 83
501 98
158 28
1448 51
507 25
1237 97
676 6
1272 78
357 79
1412 15
913 65
768 32
1682 41
185 76
1194 41
1407 6
170 65
1812 55
223 71
37 28
85 32
784 43
483 68
1459 43
95 93
1702 43
111 3
965 2
1549 52
812 5
864 48
287 2
280 18
1542 23
301 65
1741 46
11 3
275 43
727 80
1119 92
33 93
1671 24
1737 48
1294 9
655 54
1133 2
308 92
1244 50
1444 99
1372 9
938 73
1489 52
849 8
1415 8
567 78
1506 8
801 57
979 46
1375 61
1291 59
1207 11
945 56
186 34
530 93
269 29
1409 62
1259 35
850 75
546 74
1589 43
129 40
1061 87
84 60
1634 3
90 91
1515 13
298 80
807 72
606 1
230 28
524 44
1115 90
1850 12
226 89
1234 53
841 12
774 46
1570 8
1631 73
1335 49
1155 92
624 59
1763 78
1015 39
1721 12
633 53
1595 69
1617 39
381 60
1782 5
1551 59
165 55
586 90
982 82
1402 64
1148 46
223 46
1654 50
968 19
1306 22
1632 85
1279 33
1861 19
1560 52
1203 34
197 61
1430 3
649 70
1531 39
818 24
468 24
1300 2
847 20
1130 15
405 69
282 13
1735 16
1102 3
1667 9
50 66
1538 42
1250 80
1327 49
1589 61
486 76
1143 94
1363 52
19 26
1021 41
1859 37
1398 2
1166 41
816 97
657 20
967 53
1726 61
1688 23
1333 71
775 52
854 24
644 18
919 51
432 88
683 85
1266 61
1117 65
562 79
658 96
6 98
716 72
632 77
1824 36
1005 47
1199 16
789 65
1560 30
1010 93
1770 76
407 94
1337 87
1230 17
1362 81
70 66
328 86
122 69
527 64
573 40
1495 100
268 55
1475 60
1736 27
345 18
1049 24
173 86
1811 44
121 95
682 42
35 36
305 18
455 37
571 47
1788 87
1430 25
1205 29
1120 100
1821 17
15 30
628 61
1102 93
1601 48
282 88
470 89
745 57
935 71
1560 22
58 6
351 9
766 39
1350 67
1847 86
457 64
1552 33
506 47
370 2
1539 68
1189 57
494 35
1291 15
284 13
711 44
180 90
998 99
1576 31
1856 93
1809 65
76 90
1285 48
227 72
94 2
1181 90
503 2
144 20
875 34
297 80
261 73
1860 90
766 51
1276 13
651 37
532 54
399 27
1580 58
1470 20
875 29
30 46
1592 7
1271 93
889 4
1471 44
138 95
1060 32
1690 7
438 74
719 61
650 100
201 9
1842 54
1475 29
1766 40
1738 32
1237 40
1013 100
522 70
1121 1
1638 75
1413 68
349 13
804 46
172 19
1343 87
576 72
1532 12
1719 71
1256 11
458 100
1607 68
1024 94
1563 53
70 43
177 51
1439 41
1452 38
1749 45
1312 58
1179 16
1084 23
1523 84
1704 12
556 1
1271 60
1857 17
100 4
1202 55
558 91
356 21
1291 69
1465 39
1012 42
673 4
1401 62
1124 30
91 18
344 91
1849 14
826 39
1071 76
300 52
1828 8
1725 7
1774 77
191 36
26 24
757 98
788 60
1013 20
1038 55
1018 32
873 72
372 74
1185 80
603 20
1709 39
1312 75
1053 41
1510 18
1851 98
1105 95
965 7
1375 27
913 95
312 27
1151 98
722 38
578 24
897 84
1344 33
1724 93
1112 33
1738 93
1825 87
177 42
942 83
1378 81
1853 45
1407 97
1046 41
285 87
1456 100
617 93
257 54
1512 76
1159 33
713 66
770 3
254 75
920 89
837 68
287 88
1518 63
91 93
784 28
871 88
1360 97
555 83
810 45
132 44
1460 69
1260 85
445 90
164 32
85 91
1763 15
1497 88
1081 24
1561 67
650 10
894 3
1750 37
1500 90
542 96
1040 44
568 9
1346 21
1488 15
303 70
1277 70
1594 26
664 73
1318 68
1629 74
806 91
483 40
612 61
1163 43
1102 81
717 93
73 71
1837 65
35 50
1675 78
1306 49
1479 7
1410 76
82 49
349 55
391 90
1134 10
1153 57
696 58
1563 85
291 12
1579 73
568 56
598 6
1288 100
1627 75
493 56
1595 83
723 26
910 61
402 5
1816 98
1636 57
626 49
1038 31
588 96
1569 51
520 85
1125 55
1383 83
509 64
98 63
990 19
320 33
637 51
1202 45
1368 2
1719 95
872 27
162 9
647 3
1770 4
710 50
881 13
1085 35
811 57
1014 33
1453 99
1112 51
179 28
934 76
311 25
1847 52
127 56
709 8
645 99
1246 48
1214 100
1555 27
411 60
1810 89
196 89
1782 37
972 27
607 7
1198 10
638 65
1120 69
132 91
764 1
190 49
63 10
1319 3
1072 67
873 26
897 12
1150 91
941 75
1527 46
945 5
619 12
1740 86
904 51
67 77
1285 72
251 98
1308 4
1266 83
1082 76
365 55
763 61
776 25
533 45
1065 75
1098 41
859 88
359 58
290 35
562 5
127 29
836 79
1294 71
1812 36
5 31
738 82
330 32
779 14
437 7
1076 62
1018 86
57 74
72 41
994 33
1248 41
248 57
195 78
612 37
473 28
1557 82
1715 21
1480 95
719 56
191 34
1300 91
589 24
1623 6
456 28
1087 77
682 82
1271 65
984 45
437 30
398 35
878 33
1234 88
264 42
997 86
370 93
61 40
357 4
63 29
162 54
289 86
361 75
1166 81
1530 17
57 45
1670 67
372 59
1463 24
778 50
138 30
1506 7
725 64
74 91
1069 48
1231 41
1415 58
41 72
1286 66
1136 26
672 95
1533 84
1764 95
971 91
1287 26
1176 60
145 77
1795 14
1685 40
8 15
1089 25
1563 66
493 57
1098 49
565 34
1032 68
429 75
704 22
1208 26
746 50
542 86
774 82
1205 63
492 40
261 40
1599 45
806 89
178 1
951 28
1191 63
1848 27
612 27
50 69
535 64
628 65
82 26
383 34
1417 15
1310 9
1710 92
7 16
396 60
385 42
259 9
1857 16
1766 1
457 51
1420 14
436 68
1382 42
782 20
808 6
725 83
1426 54
42 97
816 100
54 6
114 14
136 35
1262 63
1028 53
460 9
1266 77
454 29
854 18
947 33
1042 99
1827 34
1548 33
1205 15
735 28
1284 64
121 84
3 47
547 60
1260 12
47 57
339 39
1721 31
1440 88
1376 21
1050 57
1085 15
1610 29
17 9
1273 48
263 96
1208 30
1724 35
881 72
537 11
424 86
89 20
878 82
220 24
1647 65
370 91
1538 77
1798 13
1008 25
1820 14
1596 60
838 53
1093 54
1820 24
1375 2
1111 46
1367 94
1081 78
194 64
397 95
843 22
1811 93
1841 23
1698 75
1062 33
161 19
471 76
1598 80
1093 42
1346 19
143 39
345 59
803 32
886 74
605 58
45 57
1057 85
509 80
196 49
1416 59
1596 10
1812 92
581 21
255 52
138 84
548 90
523 91
822 88
1760 57
745 98
483 43
1345 39
65 64
1828 16
171 45
1197 27
591 61
1396 26
1679 37
544 27
1427 30
1739 91
279 95
435 58
526 93
1610 61
1071 9
1092 72
1306 63
1387 52
1308 66
962 32
481 39
1451 59
173 45
280 10
739 39
942 3
791 16
1023 8
487 44
828 69
1388 36
1551 24
1676 24
99 55
208 50
831 78
1548 21
1212 97
1149 78
841 50
1163 87
474 86
118 80
1085 83
530 32
1578 63
974 84
825 2
91 21
1431 72
966 7
930 12
1745 97
1111 67
1420 55
10 78
1013 19
181 29
394 49
68 45
1214 57
1671 70
1757 56
19 56
1307 17
1139 18
503 92
1769 29
1380 82
1281 100
634 82
1455 38
979 20
1188 4
1075 8
1743 29
703 74
1327 11
357 36
1225 25
1756 50
6 97
688 28
1726 29
1614 85
893 22
305 10
301 1
59 74
169 26
36 64
1529 69
339 68
1718 12
1320 2
1686 86
400 90
1723 61
1327 43
282 70
66 25
1738 30
788 47
929 2
1482 93
1199 17
386 44
1231 14
1001 20
145 40
147 41
481 57
687 4
1396 2
1526 85
1337 51
1574 47
1298 97
1564 76
1080 77
1445 71
1722 74
597 3
1084 39
169 86
553 15
1397 31
1693 15
1461 44
795 35
246 70
205 46
482 98
598 34
1380 9
1720 82
501 57
375 92
1361 10
1693 44
854 25
467 74
120 92
1622 55
1834 92
1200 61
1031 87
73 57
359 74
1060 48
276 35
595 27
190 23
938 42
1512 70
183 29
1385 36
615 21
1760 81
705 35
973 7
1531 96
195 45
1031 41
1409 93
226 86
1449 2
764 92
113 46
1040 69
115 89
533 39
1261 24
1304 89
214 5
146 52
206 39
306 96
793 81
489 62
1606 14
1859 42
721 77
1083 11
863 42
46 49
1702 18
1303 48
898 56
31 26
473 54
1682 70
598 45
298 2
902 57
393 2
123 11
1306 90
1199 34
878 41
1845 82
1671 48
1671 67
1406 30
1378 11
1131 51
363 21
1213 90
102 73
1295 96
988 72
1560 19
271 68
1197 33
1032 100
931 51
1648 81
1037 15
422 52
1536 18
953 78
1295 50
557 51
1393 16
1677 25
1203 60
1337 39
361 56
1585 97
617 83
441 47
74 1
1556 4
562 23
1057 3
845 52
955 71
1862 58
1631 43
1515 34
145 78
1443 48
1222 42
1817 4
1237 84
662 79
1419 36
1141 97
1523 100
1087 51
1768 27
962 11
1478 74
1341 23
968 91
1775 31
701 64
1369 71
600 20
1137 55
1044 30
1651 56
1331 46
1789 13
276 58
1160 89
759 68
1784 27
57 55
1640 27
1040 12
504 96
1201 70
68 20
547 83
1709 62
1115 82
1202 72
139 19
1189 15
1126 64
75 48
1315 90
1602 14
1417 9
620 40
1528 89
1096 77
1692 49
434 39
1238 26
1740 37
1382 27
1348 57
1822 62
223 95
767 81
1317 48
1593 70
749 35
1822 96
1763 31
1090 97
1365 13
1534 34
1015 35
309 98
1364 63
425 60
1122 62
781 91
731 75
1221 35
55 2
1079 34
1805 11
1510 57
1251 1
191 8
1615 15
321 79
1829 82
48 50
67 1
139 62
1821 22
1330 27
793 59
1215 90
1476 49
1713 100
89 32
1738 60
746 40
1665 92
802 59
1161 95
1278 20
1167 73
612 2
1060 57
1569 94
1589 36
1674 100
1297 56
1328 84
703 96
1745 7
90 12
693 27
1611 52
1564 77
89 55
1728 96
681 88
677 37
497 65
401 97
1197 70
1343 25
527 59
1366 7
118 42
391 37
466 37
1529 49
1071 10
250 76
266 13
1209 60
1474 38
164 88
675 49
1456 89
740 87
1338 76
175 43
1043 100
1697 70
711 16
642 48
1492 81
1044 87
1814 83
751 23
1801 1
130 61
973 33
846 68
1064 27
572 63
742 74
96 90
1734 100
380 94
1653 46
637 62
268 14
1090 36
1427 100
1555 48
487 81
1552 87
18 69
327 6
1568 68
583 62
1153 13
1818 54
1846 89
1344 19
97 3
1065 37
423 86
318 50
454 59
824 29
246 14
648 42
251 34
1106 99
416 65
909 78
272 45
1782 100
1166 24
1241 76
716 47
1004 90
85 39
64 9
1580 50
1241 84
671 26
851 39
1662 12
244 90
735 66
1676 46
716 9
426 7
1014 89
1455 36
374 4
1653 57
1803 50
1465 9
510 82
1135 32
1345 51
380 52
503 10
1591 59
792 26
3 62
872 54
1282 14
1725 10
507 34
1756 88
1736 13
1711 39
379 40
654 77
894 51
214 3
1424 44
90 93
1146 58
1177 15
1522 5
128 91
344 43
669 20
1581 94
1482 65
224 96
1253 64
505 18
1241 7
1093 41
1159 96
1194 12
1375 71
1556 77
1174 74
960 10
131 99
1835 58
1824 51
1495 98
1813 59
1414 56
1094 16
1545 97
1642 7
794 82
234 79
1364 77
1676 100
1789 19
287 72
1251 47
1171 73
200 16
521 68
219 72
1269 58
314 21
1682 65
1443 19
1049 47
1421 4
1820 44
1287 58
902 13
985 35
1045 90
1270 7
850 55
103 15
760 62
1479 19
576 70
900 6
932 76
568 24
550 85
1687 46
1687 75
1072 16
769 1
1718 40
1669 16
1011 84
1203 54
1199 43
