5219
646 37
914 11
124 2
547 41
469 99
277 46
391 93
974 55
520 65
245 90
553 58
489 20
539 22
372 44
691 35
513 60
233 44
245 18
19 57
708 39
120 47
1037 46
683 95
740 2
698 65
45 85
873 43
192 35
452 73
876 7
1007 50
664 46
550 42
579 79
921 74
273 50
317 71
546 98
761 92
160 41
687 52
332 45
486 24
641 53
35 45
55 89
873 57
241 51
764 44
350 81
890 36
579 64
640 64
1015 4
652 65
730 96
664 86
974 61
341 14
890 72
208 19
110 39
149 22
116 86
95 27
654 79
631 60
953 52
368 35
333 60
901 81
942 21
380 25
770 14
410 23
18 89
276 62
478 17
12 46
470 4
524 62
786 2
1005 33
57 24
589 82
853 42
392 68
117 95
820 77
288 71
853 37
356 84
772 83
668 5
909 71
405 38
299 80
443 79
475 40
94 28
852 10
1029 19
701 79
549 9
698 25
144 94
730 68
50 22
1031 17
313 93
229 78
219 82
277 22
831 53
534 44
1043 73
540 70
84 84
507 35
894 79
442 53
816 80
806 23
613 52
473 46
813 17
715 73
266 69
12 45
365 75
310 30
376 35
1040 55
405 24
1017 18
861 30
1036 81
386 15
427 93
172 16
701 92
954 3
784 49
515 96
138 85
25 60
913 42
890 73
894 91
192 44
858 6
266 4
244 6
657 65
614 91
695 47
501 97
451 40
648 80
475 60
40 8
935 36
242 1
832 74
196 13
100 87
753 53
182 26
1034 53
162 47
1009 26
851 89
25 44
5 53
233 3
802 74
513 54
594 12
618 56
11 18
953 37
962 64
216 86
85 91
177 13
725 32
186 24
780 10
674 31
831 19
336 32
124 33
840 7
806 40
198 92
198 24
393 13
301 67
880 31
11 19
573 5
677 47
423 95
625 36
601 56
928 50
277 58
617 55
53 77
390 77
860 53
476 86
74 93
1040 87
992 81
654 57
801 4
176 41
777 30
702 72
525 77
1014 36
1037 92
728 52
668 62
686 19
4 40
246 46
77 39
892 4
856 43
400 8
521 62
541 85
530 48
363 27
368 98
172 75
8 14
61 5
879 89
864 90
168 19
806 67
875 39
609 31
537 22
917 6
537 66
713 85
674 59
280 81
449 29
1001 23
811 71
150 7
9 98
220 66
148 96
1008 20
681 44
867 85
208 69
609 55
799 26
603 33
441 61
613 78
936 45
140 31
444 29
681 37
211 67
762 54
550 69
796 14
751 68
491 6
944 78
896 52
215 64
801 46
163 92
241 75
279 90
356 83
933 8
747 52
983 75
586 23
120 92
111 70
286 42
585 68
430 80
74 72
244 74
54 71
579 37
610 42
448 100
343 31
248 31
87 81
839 75
98 87
49 38
275 83
279 23
470 12
652 57
456 94
349 27
38 74
307 7
267 87
625 18
816 94
973 77
825 21
397 10
33 96
708 47
781 93
339 62
678 81
66 61
154 38
946 28
1042 17
953 64
297 74
1030 51
994 56
732 14
859 61
512 43
231 94
1040 25
954 4
930 86
745 34
40 40
878 61
516 51
829 32
96 66
711 93
226 15
714 7
377 11
409 88
456 74
595 51
608 82
880 99
1029 25
659 80
718 52
53 76
859 94
608 78
45 79
366 30
775 66
544 39
503 98
46 40
611 5
319 86
744 77
39 40
303 13
879 20
4 48
401 56
520 84
977 47
77 81
402 72
233 54
107 87
156 22
398 77
256 66
87 36
839 79
628 29
252 56
966 78
540 45
371 25
619 31
403 44
1041 38
44 38
671 56
603 29
113 3
36 10
573 61
711 29
415 3
642 38
1000 78
54 14
26 26
669 64
787 7
236 54
516 19
446 18
275 12
257 42
817 58
592 44
287 60
521 15
598 25
363 37
91 13
778 83
416 31
1010 54
695 73
1039 33
938 94
1018 89
174 95
325 30
414 44
680 35
835 98
561 40
546 36
932 83
545 89
755 66
73 99
634 21
103 27
731 22
1006 92
50 81
949 15
126 9
236 28
195 37
1014 17
431 96
1004 78
125 92
789 9
420 80
476 62
273 100
413 89
415 21
449 61
146 20
255 22
209 96
359 13
856 25
236 53
676 42
592 19
103 48
774 36
829 23
237 86
385 3
256 7
338 87
646 39
101 35
974 8
1004 91
737 85
734 58
590 56
536 64
412 41
953 40
733 54
80 10
934 35
654 96
644 21
856 72
566 8
957 66
179 11
658 6
57 62
851 16
937 5
66 10
501 90
981 4
733 12
90 92
143 4
398 92
920 64
627 26
798 45
1030 23
725 24
820 85
735 84
294 34
32 19
822 51
613 100
740 47
106 2
1033 95
7 95
765 45
710 12
785 99
945 57
802 21
928 75
239 89
333 65
279 5
77 85
404 17
925 50
254 67
507 29
686 10
703 87
369 62
771 56
29 7
870 57
844 46
1026 56
81 33
681 41
336 42
74 15
720 29
983 30
740 95
180 18
787 33
711 25
372 49
176 72
104 24
783 100
528 60
1004 89
142 99
419 98
794 7
18 11
980 28
430 9
741 72
1017 66
329 39
363 26
60 75
273 90
947 91
678 85
535 80
73 41
789 59
56 8
414 8
430 74
340 41
799 97
65 61
102 47
659 57
928 35
915 68
34 11
718 89
219 85
429 41
44 11
890 69
268 1
545 55
317 76
954 53
829 5
1013 18
577 56
24 83
684 5
722 78
941 29
133 74
999 94
266 18
759 41
881 4
1024 42
324 34
156 54
847 24
807 95
190 60
964 97
927 23
1018 59
119 8
810 64
617 63
455 30
880 20
240 69
79 6
617 54
757 95
856 49
341 55
491 99
255 87
496 75
198 43
759 97
823 82
527 83
795 73
622 32
696 85
790 35
470 68
540 90
1008 7
332 56
128 89
860 34
294 89
113 57
587 30
54 75
1042 87
614 77
306 23
212 15
376 92
538 83
32 81
473 92
72 1
548 5
950 25
111 47
729 26
936 81
466 69
690 92
20 19
760 77
10 40
702 86
522 74
570 97
165 38
132 96
936 55
627 48
498 48
829 93
915 39
852 48
1033 14
851 32
503 67
28 11
969 72
254 50
917 82
145 4
503 11
303 46
221 78
1003 37
166 24
671 91
826 98
451 24
955 17
136 12
689 70
862 8
446 43
520 68
517 17
423 89
7 25
12 12
944 30
447 10
803 22
413 57
595 53
319 84
649 45
79 75
1017 79
844 99
1007 21
559 33
695 28
642 12
604 50
336 58
156 82
31 33
796 58
217 16
881 31
22 8
366 86
887 4
926 79
69 70
672 1
135 33
671 74
40 47
127 82
849 30
370 42
810 98
454 24
713 39
858 83
844 61
670 1
409 40
429 22
526 45
154 70
534 59
341 27
813 61
400 58
873 68
697 63
916 91
512 66
669 73
794 7
395 31
866 18
323 82
388 92
504 49
562 56
731 46
805 59
926 38
618 65
1003 19
563 79
91 47
269 84
829 82
36 44
400 62
540 82
648 18
52 13
234 94
853 39
910 32
257 8
640 97
29 32
811 8
220 28
1025 93
543 44
45 65
358 86
5 90
265 70
986 14
760 92
582 6
801 100
142 5
629 47
646 11
963 85
522 88
943 6
978 22
947 38
684 94
517 85
690 24
488 64
221 99
100 42
981 32
16 68
642 22
847 58
855 63
268 13
576 28
227 40
364 59
300 19
189 1
381 100
327 23
521 60
700 97
837 45
166 2
341 68
144 1
188 6
793 91
576 18
109 99
240 44
339 25
920 97
742 70
884 43
796 68
812 1
617 85
447 49
297 29
293 21
298 49
946 91
1029 95
1040 38
496 66
279 24
17 29
629 53
25 58
970 95
629 41
471 43
509 18
151 37
465 98
965 47
723 44
859 4
1010 70
834 91
439 43
126 17
460 70
163 56
358 26
304 71
261 85
658 90
971 90
681 94
58 44
749 81
548 50
1005 40
170 59
244 44
563 36
946 56
722 15
349 6
839 19
633 51
129 45
806 96
575 50
423 66
212 23
109 15
1008 72
36 37
821 62
68 54
446 2
666 57
897 35
634 53
696 83
450 33
1000 54
109 44
405 9
328 40
1019 62
755 18
24 84
241 62
839 55
296 41
156 86
45 83
112 84
961 69
586 59
1031 58
485 82
953 33
751 46
93 73
148 23
10 36
366 75
948 88
1044 39
989 5
537 38
251 19
564 98
407 78
43 70
159 60
564 36
368 19
700 14
237 25
835 14
228 21
18 60
474 32
696 91
862 19
415 94
449 3
829 10
520 86
1038 1
915 23
188 95
532 28
386 46
152 6
113 62
660 36
576 6
796 67
617 40
645 71
412 56
209 64
465 5
17 73
939 28
40 95
907 17
229 73
89 62
217 62
662 52
944 51
797 9
331 32
915 82
1018 63
257 56
344 37
417 19
846 38
817 23
321 8
511 40
744 83
124 68
853 13
63 49
582 80
1041 8
328 77
516 58
680 92
735 1
606 98
160 52
92 92
832 48
254 68
952 18
249 32
668 35
467 65
888 7
751 72
1010 18
884 10
323 92
401 86
651 6
860 23
646 84
159 24
75 62
763 23
731 90
206 89
938 76
59 33
784 75
214 32
944 32
966 63
817 85
257 24
1039 49
571 33
253 19
354 45
588 53
949 12
53 64
411 82
446 77
414 8
478 62
29 42
519 84
469 78
1003 53
300 99
34 77
108 52
905 31
489 17
639 78
671 71
811 76
775 2
422 35
819 9
49 59
976 42
785 28
59 1
474 99
140 73
944 21
196 57
254 42
364 50
154 30
1020 84
64 97
427 38
211 57
460 99
145 1
235 62
160 25
905 16
817 18
791 75
149 31
626 2
216 18
953 100
284 96
793 1
169 57
679 1
1020 7
601 66
795 36
109 13
403 17
844 48
657 16
919 80
607 62
273 90
810 3
744 100
899 64
174 59
307 76
515 14
593 77
229 31
471 94
777 67
822 70
209 57
280 79
984 62
61 59
74 24
216 46
180 10
297 94
405 68
141 92
362 16
626 70
632 32
674 82
209 62
673 50
1030 79
776 98
684 76
222 36
500 90
212 19
402 16
181 29
342 39
874 19
867 77
171 68
516 57
39 74
577 94
292 37
427 91
968 63
76 74
816 9
989 12
386 59
959 91
57 70
669 31
728 30
975 48
778 99
1001 7
163 54
108 98
421 7
458 49
842 80
178 95
778 56
823 1
407 93
200 53
78 2
289 77
205 69
164 88
16 76
750 38
744 89
515 13
539 72
886 87
278 96
966 79
976 83
472 24
812 23
672 18
573 60
883 35
412 89
221 17
731 97
337 64
12 84
983 54
29 56
182 59
192 81
205 92
608 7
11 48
388 29
518 48
889 62
105 51
226 36
715 40
438 28
923 83
456 76
408 59
362 89
1004 95
16 49
804 22
234 45
172 49
447 31
1012 61
767 6
855 75
540 9
92 46
211 58
26 91
827 65
451 3
531 100
432 91
628 30
411 79
706 93
80 26
774 83
136 91
512 69
37 46
769 93
792 26
588 68
502 38
622 18
545 77
765 28
529 76
601 84
480 87
12 33
472 48
612 11
121 85
248 90
929 61
900 96
156 52
232 4
525 24
194 1
338 50
368 41
404 3
374 13
859 31
714 20
252 79
125 82
98 29
501 82
604 32
872 13
806 36
818 50
620 93
901 2
314 80
439 8
1035 48
551 39
645 43
601 93
1011 67
381 77
253 55
138 67
601 7
152 33
736 80
880 32
374 28
216 26
707 94
978 9
583 16
561 91
269 78
907 24
271 20
1009 36
953 65
83 11
888 81
128 100
575 8
441 67
675 64
521 14
93 64
110 11
856 35
668 11
474 46
222 93
374 71
1031 53
422 14
130 65
988 51
246 84
713 33
810 27
107 3
139 97
755 87
605 87
1017 75
660 5
30 22
455 70
888 73
847 69
428 43
943 22
346 19
513 100
509 6
296 65
719 38
1010 32
703 2
328 86
953 53
155 47
332 78
469 21
938 30
636 94
100 26
895 55
806 80
33 54
944 11
125 39
842 55
75 53
529 42
738 57
325 96
315 93
468 63
411 97
980 11
230 81
303 69
30 35
812 10
723 71
192 61
131 52
640 98
968 42
162 17
877 50
165 76
415 17
260 4
402 70
355 82
359 89
320 63
746 34
1036 18
726 64
732 92
665 8
684 89
506 76
349 38
262 19
852 85
131 85
743 13
455 12
120 35
633 26
578 87
814 26
365 9
1035 37
617 34
26 20
244 58
93 40
103 74
277 75
24 50
790 99
670 56
548 92
526 16
849 47
394 23
987 46
837 97
839 10
1033 9
171 98
268 82
49 53
178 99
119 75
569 25
306 61
646 44
441 78
742 93
488 86
834 26
719 27
844 49
141 83
65 45
637 100
417 5
778 3
521 59
913 96
802 72
711 97
40 27
786 71
986 87
450 16
457 52
561 64
91 91
586 20
949 24
329 92
424 77
181 15
726 85
160 90
514 11
694 65
652 55
130 84
422 64
146 69
911 15
573 55
835 77
239 48
724 31
715 36
940 19
938 95
13 13
174 67
1016 32
388 99
588 82
481 6
261 30
923 92
457 5
738 90
781 50
228 25
14 29
415 36
727 87
468 64
363 85
147 61
617 52
493 73
340 15
652 17
455 83
508 61
201 100
65 72
1010 86
230 61
731 79
401 78
20 88
274 85
789 46
391 35
455 89
855 37
467 27
103 59
844 48
400 9
358 18
66 38
774 12
536 55
523 51
387 8
329 25
801 63
971 35
1000 67
380 60
515 46
940 34
404 91
596 19
735 98
61 91
983 95
290 58
584 21
321 65
471 22
911 83
412 91
861 27
806 44
112 14
709 10
300 19
611 84
386 62
250 89
549 70
491 97
217 83
820 6
554 56
330 48
131 16
1027 61
194 23
252 62
874 92
222 56
497 57
208 35
210 70
956 52
103 18
360 20
15 27
374 73
111 74
426 95
891 6
322 24
198 60
828 38
232 39
212 85
247 69
916 22
446 80
820 60
913 6
1010 53
223 69
790 42
365 85
696 50
671 31
902 20
265 92
837 44
314 53
292 59
1030 4
27 94
773 3
469 17
501 39
23 33
494 37
634 71
303 58
927 92
103 56
33 9
924 40
129 87
547 16
704 5
77 52
83 68
961 69
222 23
270 48
514 92
17 63
812 26
14 16
500 78
970 59
504 62
973 55
177 15
588 12
787 14
842 97
1001 23
202 7
604 76
261 14
90 53
1011 57
993 40
199 48
1035 41
24 50
840 43
196 2
1002 90
174 100
474 73
624 48
439 64
718 25
677 85
560 68
299 30
443 10
799 41
552 90
344 85
552 60
872 70
884 47
156 26
585 65
450 25
157 89
1013 74
668 20
990 78
765 19
861 77
781 73
474 86
198 68
719 23
58 98
844 65
922 89
369 65
431 59
107 57
710 28
739 55
837 31
1006 34
292 32
96 69
184 79
677 48
15 91
595 84
942 79
630 17
339 85
926 13
210 6
460 64
931 61
160 80
640 84
90 56
739 62
671 75
1031 28
135 49
907 91
610 95
938 31
1003 71
515 87
844 6
624 91
254 18
351 58
789 28
845 48
805 51
717 28
70 67
765 88
761 67
304 81
734 67
479 44
317 88
685 23
494 35
587 93
778 4
109 43
448 71
963 13
563 9
327 64
808 75
900 45
550 82
910 23
555 72
441 60
4 60
531 58
323 7
502 88
444 75
108 70
229 43
848 88
660 94
46 43
709 99
777 19
517 75
681 32
808 81
1016 92
937 8
430 15
839 67
210 97
404 15
563 35
64 25
555 45
298 8
132 40
936 25
137 39
597 84
570 37
720 95
644 78
843 69
368 54
244 41
728 65
392 70
1002 63
517 19
156 71
277 66
803 35
923 21
34 91
314 1
315 43
384 17
914 53
105 50
308 70
18 39
461 85
751 47
950 23
221 16
611 6
456 15
179 28
682 22
953 79
196 75
103 10
890 64
230 17
940 14
403 51
441 4
238 91
412 34
613 97
997 67
217 7
683 44
453 14
721 92
470 58
342 35
727 49
623 75
38 54
489 2
178 77
706 27
588 68
375 12
157 14
572 9
380 44
559 53
337 43
160 12
210 32
459 39
421 55
1010 21
784 20
58 39
870 12
335 67
710 5
170 80
702 73
410 14
246 47
676 62
46 70
493 39
658 67
99 7
208 11
174 7
276 20
907 26
756 52
610 97
405 88
819 40
732 15
233 79
639 17
862 73
229 44
108 79
992 28
776 97
904 6
462 93
892 59
580 6
162 11
854 78
682 10
223 60
850 75
402 29
735 97
857 2
653 70
501 40
973 77
154 52
764 98
113 51
79 80
122 22
111 81
143 75
836 14
269 59
830 20
556 6
778 9
633 79
905 16
833 10
716 62
310 21
600 46
915 68
807 46
291 56
466 20
293 70
461 84
860 61
703 70
972 47
103 95
787 30
776 89
51 34
664 19
515 87
825 20
81 3
475 30
911 53
174 58
924 84
1040 20
727 31
423 31
923 5
295 6
740 81
917 34
621 94
260 68
584 98
484 37
422 69
670 57
402 6
162 13
1030 22
465 62
711 63
83 61
743 95
226 78
653 24
661 37
444 10
214 40
1041 59
479 87
161 28
57 28
299 52
463 6
889 46
55 73
730 51
117 12
471 8
661 73
271 91
7 73
749 9
388 89
279 65
834 21
53 7
306 95
458 36
146 30
630 93
153 43
38 94
160 70
221 96
344 28
240 77
798 17
317 64
804 94
317 43
674 15
374 32
593 67
369 63
142 59
1003 88
659 5
854 76
675 89
631 93
98 61
139 51
190 52
181 81
264 41
859 53
663 6
45 73
454 48
995 35
760 10
9 67
207 25
780 91
757 34
692 79
791 20
613 10
741 31
187 57
924 53
454 44
104 98
936 83
955 28
388 64
947 65
684 83
1044 70
107 90
312 65
678 25
974 53
192 56
101 98
910 84
41 3
822 68
371 32
813 41
677 53
837 56
711 59
861 18
984 88
682 31
421 43
528 59
495 55
49 14
793 82
13 69
454 70
694 28
945 35
662 6
728 74
172 50
160 18
541 8
742 73
897 36
216 35
690 23
699 71
495 78
94 71
394 34
336 24
909 54
909 88
663 26
621 39
425 95
402 58
1041 53
817 51
543 95
912 84
779 25
786 83
152 25
11 95
68 29
42 99
73 20
422 80
772 82
836 59
967 57
423 81
329 87
387 77
686 15
919 53
636 16
112 79
1036 79
866 8
420 87
82 73
57 48
401 96
106 20
960 11
142 56
269 89
949 38
345 32
922 85
919 65
829 90
988 22
801 23
670 73
83 74
357 65
209 85
767 58
822 5
976 99
219 39
410 82
652 68
1001 55
945 82
163 96
426 55
881 85
802 58
575 65
736 12
469 54
10 91
187 52
32 94
415 63
1020 12
984 76
