8260
50 5
966 88
1208 6
586 12
542 27
966 68
1543 56
1502 43
1252 18
1091 11
1289 23
1349 67
337 84
1292 21
406 81
343 90
1342 84
72 24
1122 23
500 42
1568 47
1334 37
539 74
18 17
1547 37
19 49
1610 68
411 63
1266 80
1548 4
1314 46
1154 98
315 70
1490 33
1516 95
1645 97
1581 59
1129 2
1318 70
1013 77
94 6
393 19
1620 83
1490 74
326 67
152 34
167 76
972 35
230 19
168 94
1390 94
230 92
98 22
127 87
428 15
1257 11
166 42
871 50
96 1
1635 73
809 48
1011 88
1398 52
1023 87
767 38
875 72
963 55
1116 40
464 65
340 13
1146 75
1036 36
1612 13
651 16
895 53
1271 35
1594 18
29 67
66 30
458 63
624 75
746 34
209 33
355 82
1628 72
253 47
251 37
1473 33
1432 61
1349 62
394 38
1446 78
1071 74
958 95
799 37
1470 42
1591 53
834 50
857 64
575 28
51 50
1533 51
494 31
407 95
1059 53
1269 38
952 1
214 61
160 37
648 43
1311 5
1617 95
199 74
74 90
194 66
1554 64
1137 17
1270 53
747 39
969 58
300 75
168 49
1595 30
319 70
675 69
1440 75
738 81
243 100
1200 83
662 44
1192 36
405 88
626 33
892 64
162 10
315 35
1566 18
7 49
605 26
979 87
1449 46
1287 6
90 69
1206 37
128 75
184 75
257 35
338 80
836 42
1362 23
1230 92
1190 24
338 99
1134 91
21 10
1277 68
1221 49
1112 10
1405 4
908 20
673 85
557 31
1328 89
983 16
821 75
715 19
176 81
451 83
135 19
904 56
720 83
424 65
405 30
1242 53
844 30
36 23
345 49
459 89
1259 64
83 42
1429 79
1290 100
151 68
1074 42
293 94
318 81
436 9
1497 98
1619 41
973 58
930 50
579 16
299 34
1023 50
349 60
141 75
1467 26
31 19
1353 50
487 36
737 11
1505 84
351 72
1500 84
280 29
1263 5
1345 95
1620 26
258 28
1279 96
360 88
389 34
1583 25
550 18
953 81
377 44
358 70
1101 72
976 86
707 6
1211 62
1236 26
303 33
1536 68
942 3
1632 41
1066 86
362 28
889 9
1197 12
1064 46
523 7
242 98
1109 8
1206 41
1224 59
1256 14
1649 5
173 14
841 91
514 20
969 49
1257 80
35 92
223 87
105 9
325 94
993 51
1601 77
888 100
1567 11
1008 5
842 67
329 17
23 16
240 50
566 39
1458 85
486 35
211 9
1646 39
304 58
205 84
972 50
1405 96
200 53
1563 3
502 18
1470 82
942 92
1081 37
942 6
1111 57
1185 94
807 67
835 21
620 62
842 20
54 66
386 28
297 3
475 91
796 73
247 86
809 64
809 21
219 4
1125 95
27 52
1190 24
712 68
1057 82
958 82
820 17
772 28
905 3
710 17
966 80
638 71
387 20
122 65
1604 70
1457 82
263 69
935 43
1252 30
947 5
215 87
326 81
1396 69
1348 96
832 39
1383 69
625 44
1308 82
37 39
745 94
229 3
998 86
209 10
974 63
805 8
1627 67
116 86
1187 22
465 30
76 7
1422 97
378 100
543 69
413 18
1089 65
1484 78
903 99
581 26
1386 79
222 53
900 9
1305 13
889 8
1000 82
919 7
930 17
1399 24
1238 75
339 55
686 27
934 27
826 22
221 28
495 9
518 68
664 61
1511 49
1290 86
1557 75
713 46
986 39
245 86
715 11
1593 34
1443 48
611 58
1162 51
1228 2
64 48
340 55
469 89
972 42
1219 92
1109 18
761 64
676 82
1580 79
1110 33
1497 69
1315 85
441 79
817 28
523 44
398 58
112 51
1321 36
619 13
1424 76
256 8
1297 61
1368 56
1080 87
1315 98
716 4
1122 10
1375 20
1585 34
204 83
964 78
1497 52
979 63
880 85
1197 75
360 88
1308 18
566 54
200 33
1142 40
1335 99
166 35
408 60
638 13
1286 55
407 61
1430 38
1358 40
1155 95
1401 13
407 3
135 14
988 57
1069 30
964 92
1171 59
517 76
799 5
1520 5
258 40
55 57
1400 69
188 28
1633 54
1537 81
785 70
415 82
63 15
423 52
195 24
2 24
930 85
336 40
1462 15
1141 32
1143 38
905 41
315 27
474 88
1304 5
932 24
1621 48
1428 92
1145 76
1224 63
354 94
1050 38
69 66
23 50
303 64
1136 94
1184 93
1630 25
1240 6
1283 13
1098 98
1263 96
106 6
974 74
1075 32
5 25
588 62
88 91
883 62
52 18
230 25
271 53
333 99
1200 77
914 15
555 17
374 76
1230 62
1092 29
933 17
1211 94
109 29
1368 84
308 11
181 34
378 23
777 34
65 54
557 65
318 97
1389 10
1546 63
1555 30
196 96
1495 93
720 21
1007 17
4 23
668 25
1539 94
764 99
1539 67
1404 98
377 24
972 61
922 90
60 40
1164 79
802 15
1439 94
1142 48
303 59
879 36
14 64
863 24
1577 50
1637 62
1430 35
1264 24
730 86
990 29
171 58
630 96
150 11
1519 51
717 75
158 67
598 36
1594 46
379 5
1084 74
670 96
1284 67
1220 25
86 62
219 67
578 65
789 6
1187 28
10 85
97 44
1 59
1145 85
1304 80
653 62
1344 18
966 75
1475 55
1079 65
1648 75
1226 17
498 35
938 48
1485 86
1432 14
1086 85
947 67
213 51
65 78
1088 67
1179 88
40 83
202 67
1635 49
401 72
1647 42
1464 90
1234 36
151 63
549 40
363 99
1007 11
495 58
160 10
1202 41
1612 82
1537 78
695 67
1099 62
8 88
620 91
419 15
1188 71
44 69
1554 93
720 55
290 75
571 2
763 93
1108 85
1435 28
402 47
1365 49
1372 23
853 42
1253 73
246 47
180 74
1349 76
98 70
508 78
581 11
75 5
995 84
682 63
583 70
1517 96
958 76
489 75
483 79
91 60
288 52
200 38
1546 14
412 61
1194 91
523 99
770 62
42 6
377 96
479 3
4 51
1438 49
584 5
1037 79
164 27
412 19
421 62
1327 5
479 88
1643 29
795 60
1417 38
1618 87
1579 45
1532 23
531 97
1223 38
99 84
835 99
343 82
1062 77
1276 23
213 14
160 46
460 64
400 98
1408 23
1371 68
1220 95
592 38
972 16
445 73
168 40
470 30
464 46
168 52
1194 4
7 31
582 90
484 36
1472 68
81 1
1370 8
1104 22
291 13
409 30
1495 70
1454 90
388 74
152 70
1467 44
718 84
631 98
1320 87
1528 73
847 6
999 93
453 29
1499 71
1360 59
1088 16
341 71
537 75
1143 79
1128 57
1132 32
371 66
953 63
544 100
1128 51
691 96
278 71
881 97
1350 49
890 91
179 46
304 2
1259 3
858 85
1643 30
1067 69
265 12
1493 32
1226 55
683 78
929 77
1142 87
329 50
712 87
1035 41
853 90
560 14
1104 94
1051 41
1233 32
163 9
1070 29
448 44
1102 80
32 46
197 42
1337 9
903 46
1359 24
349 35
793 72
797 3
1405 32
244 34
1633 25
1554 81
1398 25
460 15
1651 21
646 59
387 39
560 38
682 48
500 96
488 30
792 80
605 69
1436 21
972 10
1526 94
203 63
1505 76
955 31
366 77
80 67
1439 68
538 34
1307 16
983 66
946 57
1268 52
485 94
768 48
248 36
343 21
755 73
623 32
1170 17
1385 65
1219 98
1366 17
143 13
1374 89
1473 31
1642 35
579 3
1105 71
1397 72
829 12
133 35
348 31
950 13
895 10
417 70
101 21
614 59
1589 57
316 52
685 82
55 88
1147 48
1141 31
445 73
135 29
1034 34
191 41
885 81
1158 12
1234 46
866 40
20 96
728 65
410 15
1275 42
761 24
1345 92
1141 7
926 88
335 78
284 10
190 46
332 8
1528 40
272 93
888 79
1064 25
399 90
1314 69
1358 59
284 91
440 1
1495 73
438 6
1029 73
287 21
1347 66
802 1
455 46
1531 97
9 54
1398 67
1139 38
1361 3
1575 67
1639 2
844 23
678 82
777 53
475 20
1151 42
1094 33
867 91
1603 85
1011 2
5 89
1087 37
1645 4
929 71
600 84
239 42
300 30
206 66
110 88
1508 81
266 61
605 6
645 99
1535 20
186 78
92 30
1311 89
1601 30
1486 67
1075 12
253 34
1137 77
1044 26
386 69
783 2
319 25
926 53
619 12
139 39
126 52
1324 28
1060 88
1533 62
207 35
196 9
758 55
799 19
1484 39
125 16
793 43
1360 77
1593 72
1092 16
1438 36
1546 10
1172 48
298 54
518 77
998 55
997 79
1309 83
1575 62
1256 61
217 36
955 23
163 32
279 45
986 21
826 34
351 45
930 60
594 9
1146 98
305 18
915 38
1496 21
591 80
1520 68
580 54
1398 33
1647 48
459 37
1310 77
44 18
1602 35
1080 68
1356 24
622 59
101 91
165 62
634 11
180 85
1064 10
479 7
277 18
752 84
212 61
1368 26
855 13
1240 56
566 74
717 32
714 75
137 53
1436 69
228 20
1593 22
658 79
418 59
383 65
301 72
428 23
908 27
1599 49
773 31
79 84
947 83
1493 72
619 50
1069 92
313 82
652 89
1582 43
1061 37
1550 96
565 50
278 2
410 52
1363 57
719 35
1458 49
222 69
1226 71
1033 64
733 66
355 13
446 79
843 98
74 9
1557 35
1096 91
1240 62
215 29
652 93
313 13
357 12
1549 25
883 85
916 73
581 7
1016 2
1304 42
1473 30
1092 63
531 97
689 44
1408 96
520 43
41 49
590 71
1155 63
171 80
644 55
1606 97
1571 55
1076 24
18 86
1178 86
1305 47
1303 54
783 57
1148 46
1403 82
1148 76
1282 69
11 72
781 67
669 16
93 13
303 29
1283 25
313 35
252 35
1074 40
370 64
1039 26
120 90
364 81
838 11
1564 92
1503 90
906 53
401 65
84 17
1144 10
1134 99
1317 98
599 62
143 55
412 66
838 6
1060 81
341 62
1146 2
1101 100
1117 84
1586 16
715 22
66 29
820 33
50 18
1357 1
224 62
1213 66
716 70
452 73
142 82
341 92
398 66
1183 81
1329 39
493 91
215 60
438 19
442 43
271 57
948 31
53 99
1596 20
515 92
1610 15
193 28
790 36
900 71
488 41
1270 24
150 86
1533 56
244 27
1225 74
616 44
53 71
1515 80
1090 27
192 6
1554 82
22 2
1439 33
1120 48
80 48
403 8
483 58
1586 20
1135 66
910 1
524 4
698 44
1460 64
42 23
478 20
76 9
1429 7
899 18
201 63
1354 71
279 91
470 64
386 56
868 78
424 46
1525 74
1196 12
1577 98
1076 62
1233 92
1015 76
760 41
261 84
1442 62
654 42
968 58
571 92
74 38
862 65
557 76
1627 58
848 11
364 15
1516 51
1403 4
1566 65
1158 90
1620 15
1081 6
223 13
79 58
667 87
1615 69
690 13
1462 17
1109 4
313 87
1021 43
834 5
168 59
69 4
902 33
108 73
727 77
144 73
51 59
1483 54
847 94
1376 72
1160 40
1274 41
737 88
61 29
1010 51
1517 16
1017 32
286 23
662 20
853 88
1250 27
681 58
1565 20
18 23
219 45
1310 100
717 18
424 25
1197 22
964 89
291 27
1558 20
543 63
198 40
968 29
31 41
1627 82
353 57
688 22
1363 97
1410 28
1278 3
1540 14
995 95
95 20
904 35
1352 39
1440 79
1327 10
1619 5
78 31
939 67
301 48
1337 39
389 49
1245 75
1133 4
305 62
215 25
1527 27
1349 11
307 10
1642 73
1200 96
977 35
1570 2
106 93
992 5
772 8
1417 55
784 45
1230 37
1552 79
839 90
594 93
473 18
228 67
1110 30
1036 22
157 73
1543 69
981 69
1268 56
1648 66
1472 22
773 44
448 59
59 96
950 57
907 38
418 27
1360 62
745 37
801 83
615 92
1395 29
569 39
1444 32
1482 63
1040 43
1535 55
1151 78
778 67
145 95
1201 82
1635 78
613 94
281 99
421 45
1342 94
1150 49
173 86
141 86
1067 22
942 30
95 85
1368 11
768 93
861 14
1075 15
209 15
1225 75
528 59
1471 37
1422 26
379 82
159 59
873 29
498 14
726 88
1351 5
1637 75
1014 99
507 96
187 42
897 46
46 54
1229 62
997 73
733 63
375 75
235 99
430 55
447 60
1442 10
320 80
737 2
199 97
531 41
1253 60
448 81
1418 31
1310 78
1438 92
678 33
1400 23
123 14
337 2
165 83
1534 26
495 94
178 40
7 69
116 46
196 41
676 96
851 96
706 2
1384 96
550 21
700 60
1069 94
1378 7
553 36
1336 66
97 28
899 18
797 24
628 29
1421 44
541 84
807 36
937 77
1583 78
444 84
1073 95
759 10
1581 53
769 5
1244 38
71 35
96 32
1074 32
1446 81
1556 30
601 58
888 19
54 35
23 78
509 66
8 52
244 4
170 5
1367 6
1507 86
4 13
177 11
95 37
762 88
1638 65
810 18
680 45
331 23
1006 5
1425 33
611 34
35 25
28 84
1561 49
279 96
1168 16
183 72
1617 19
628 31
802 38
1088 73
17 71
589 14
1436 88
659 19
1129 38
1581 64
463 17
1026 77
231 28
542 31
422 40
381 48
616 42
588 63
509 57
645 46
1353 49
1634 52
426 5
577 58
1429 3
1366 73
1165 60
596 67
1526 43
989 24
823 41
94 37
773 25
1002 70
725 11
1370 40
1573 30
1307 32
909 7
448 43
799 16
1651 9
886 18
759 23
405 43
646 87
1209 63
563 81
751 70
336 22
182 47
771 69
216 85
361 27
906 77
1439 61
1154 99
1228 4
757 14
167 53
96 87
1622 49
1133 40
1112 16
326 76
1453 60
943 35
828 3
575 33
1130 9
257 57
1399 57
266 30
1613 16
1393 27
999 78
1216 53
1257 92
539 23
583 36
627 91
212 16
1173 21
980 67
347 8
159 10
1539 20
373 38
958 41
1022 12
679 47
1433 20
1004 86
1038 71
1188 33
382 92
701 99
406 13
1534 38
513 20
739 16
32 58
1394 77
598 36
1327 82
1274 39
294 67
1243 21
1333 98
119 42
23 81
529 31
183 36
1301 9
1166 19
1461 25
1407 22
10 30
168 5
664 92
946 80
454 17
1161 17
848 63
1600 34
6 43
1448 68
1385 1
1161 33
641 36
916 76
659 85
504 11
578 40
209 3
484 78
391 15
685 64
683 8
275 84
1453 53
662 99
86 23
357 92
294 90
634 99
1539 17
962 80
215 67
779 4
527 41
968 35
378 63
1598 70
1 22
1371 66
327 21
420 6
1211 76
1576 40
1079 23
733 93
574 74
1458 9
109 69
781 20
772 35
682 20
767 69
1367 27
415 11
500 29
1263 3
261 75
1592 98
222 66
1352 93
622 55
583 68
1332 80
1029 14
1512 86
231 65
784 82
320 63
325 95
582 51
402 10
1029 7
622 42
999 81
252 52
371 47
1065 25
1518 22
957 57
429 88
1614 29
512 39
930 51
922 44
1339 73
1575 44
1402 75
608 70
140 5
324 78
745 61
521 5
126 63
5 62
306 40
246 43
83 81
926 49
965 24
230 74
1386 48
634 77
1331 49
15 78
231 11
952 25
236 70
1218 59
564 72
191 62
6 13
554 94
1091 51
924 5
1229 92
858 93
610 54
1093 9
1083 5
669 2
1542 29
221 80
213 10
513 12
1618 13
574 30
1158 51
1593 74
1126 90
858 69
1063 94
1461 48
441 66
772 99
352 69
1069 51
309 49
1103 2
608 6
246 66
192 59
1221 97
612 7
1495 23
247 21
492 17
1564 15
811 97
461 18
1312 66
1246 16
264 42
1375 31
952 30
303 50
656 60
1471 77
663 10
1270 98
351 74
1122 14
231 98
449 23
1139 41
170 31
1611 20
448 7
1302 79
1018 11
1087 38
195 88
438 15
749 53
1330 65
1335 42
1058 66
1514 67
1002 51
163 73
569 94
1444 27
737 7
608 99
1354 29
945 37
284 67
1234 71
1467 100
978 81
146 73
200 5
423 36
1642 18
720 11
822 66
1078 8
1094 81
1118 50
237 6
109 12
1319 81
1095 72
693 48
1298 51
627 33
869 1
881 10
650 53
549 47
1349 20
1101 6
663 33
560 48
908 68
244 53
163 33
722 65
1510 4
76 69
1404 78
421 19
178 61
1386 37
304 65
180 69
18 3
566 51
425 16
1608 6
1356 88
1007 43
592 67
360 16
200 56
706 82
1528 71
1313 87
819 48
863 44
614 92
718 38
1593 22
116 32
746 1
1614 73
311 22
339 57
919 97
171 74
1550 22
1113 68
600 80
822 44
809 74
1226 58
503 65
1114 4
1180 93
227 54
138 40
655 56
614 85
495 87
466 96
544 55
1284 26
1292 68
969 85
970 76
313 42
401 98
1276 76
1432 100
817 5
598 41
773 42
561 84
1158 99
586 18
1427 32
608 72
828 30
617 99
397 53
428 88
753 95
324 94
1212 77
829 7
622 74
1096 42
1070 56
413 23
261 20
411 93
1051 59
1345 98
428 78
462 89
905 29
1579 19
1010 36
302 90
1612 17
673 16
438 63
533 16
830 87
1644 3
1209 69
997 51
726 53
1004 57
37 40
643 4
922 8
776 83
1048 47
1019 78
516 41
570 21
335 88
1257 32
185 58
8 48
718 31
1435 58
1148 12
1340 54
944 58
80 28
49 12
662 47
15 14
507 28
427 50
163 20
772 79
233 12
415 69
923 96
894 62
1406 34
22 100
1442 72
5 78
1543 69
1068 99
29 83
341 74
690 33
1041 95
871 90
666 12
1399 93
664 46
452 42
389 33
13 67
65 25
1454 21
175 78
738 54
464 64
1385 14
1195 72
138 39
239 62
11 59
28 23
644 98
646 2
1079 15
1200 97
470 65
1012 73
223 60
1257 63
203 62
1431 87
1203 45
962 62
1314 62
1535 47
584 3
673 69
101 27
754 59
1296 87
602 81
1083 9
604 76
468 39
1065 12
42 65
604 48
340 27
1273 94
1283 46
910 64
1360 53
740 21
1511 37
698 86
1161 97
1189 88
107 53
946 39
1010 66
1473 59
1044 30
134 91
565 10
723 84
522 79
1458 27
464 23
409 51
1624 3
1458 38
353 64
328 51
1332 63
566 6
1065 97
240 25
511 56
278 47
1209 83
882 95
712 8
816 94
202 15
867 51
1559 26
1636 25
920 16
355 99
1393 74
190 29
790 85
364 11
1541 18
918 15
1475 86
899 26
1493 2
430 83
1026 22
1401 45
784 7
1508 57
1594 9
1591 27
1228 13
362 23
756 25
1370 30
257 19
1044 55
508 49
1467 43
1638 91
1342 73
347 94
458 55
897 95
226 1
85 80
667 87
1300 23
203 95
1168 85
671 89
1399 40
291 72
422 63
382 1
1341 28
1047 70
654 57
1349 30
775 98
178 77
906 81
1411 11
1047 43
1428 21
492 13
867 23
555 81
1521 65
321 63
118 51
1650 46
1382 16
712 73
1293 81
1370 83
243 16
1072 46
901 21
1428 64
1448 53
836 74
1389 92
1059 37
63 25
1514 62
1553 50
1188 41
1532 71
231 57
912 75
1504 43
1605 34
790 26
805 98
223 66
1043 7
1586 18
563 88
1 76
1411 84
34 34
182 29
291 27
1188 57
829 7
808 47
1544 16
446 66
430 16
574 92
1209 75
1070 31
464 43
165 65
196 16
112 8
1310 87
381 96
927 14
1549 72
505 55
1562 27
941 38
986 19
1350 21
1464 36
373 68
150 80
1070 92
892 18
1057 29
312 46
608 53
567 75
973 62
470 60
476 10
1565 51
252 12
1284 23
232 16
771 63
938 53
1122 65
937 89
12 29
94 80
767 20
825 87
749 43
1180 36
1386 49
397 49
1048 7
1520 27
1060 28
1270 80
744 81
271 93
1509 96
269 66
1497 1
8 85
698 42
138 5
1023 18
470 53
395 52
1491 58
1416 6
1133 90
812 62
645 60
1173 36
653 34
752 47
373 63
513 71
176 19
1142 11
467 60
1522 15
1489 12
798 75
110 66
173 6
913 68
742 21
1458 65
1181 60
1160 93
582 71
1615 73
1113 19
649 6
765 71
944 5
447 61
1077 92
1588 93
287 27
730 46
1471 21
