378
27 43
6 75
32 51
4 51
20 52
37 88
58 69
25 2
76 29
5 63
22 64
26 69
53 92
17 100
18 22
21 60
33 91
5 4
29 35
30 30
22 55
58 94
60 22
37 30
59 73
44 73
56 84
31 94
54 60
51 30
59 76
41 20
24 36
75 94
45 20
55 35
74 70
74 16
43 42
40 59
40 44
40 29
73 60
14 55
38 8
55 40
65 98
34 40
76 59
35 40
26 39
70 8
57 4
7 68
39 98
76 94
46 65
75 2
42 73
3 60
67 43
12 76
74 38
29 60
8 70
32 87
49 33
18 50
39 54
64 32
9 76
13 23
22 72
49 62
30 92
59 53
19 18
23 82
53 37
58 58
19 74
55 99
66 4
43 94
72 13
11 92
29 72
51 23
30 74
8 29
63 84
47 52
47 98
18 83
45 43
60 74
70 88
53 47
70 86
56 9
10 83
6 92
39 46
34 17
5 53
63 31
5 95
44 83
53 4
57 75
24 44
12 94
31 37
14 43
29 51
50 79
46 36
8 97
11 84
43 20
1 59
2 5
19 35
68 94
70 39
49 31
34 44
68 24
5 1
55 25
4 81
11 56
43 69
70 10
38 71
20 28
63 34
14 95
23 74
5 87
39 100
21 56
1 69
15 85
66 65
66 67
59 52
18 31
36 54
55 77
36 26
73 56
32 45
5 44
53 32
74 99
23 33
69 38
20 29
38 63
8 49
36 5
72 49
10 67
31 99
71 82
65 25
73 93
45 98
6 34
65 97
31 93
15 25
74 48
56 78
41 15
75 47
73 27
62 64
24 31
59 73
50 36
2 83
36 19
31 24
7 66
12 60
61 73
12 60
11 47
60 83
70 47
17 52
25 19
38 77
53 100
58 47
19 53
28 56
56 77
56 72
32 20
43 52
64 14
8 54
5 12
21 65
45 14
56 5
34 49
56 74
1 100
9 39
18 34
23 39
67 81
69 11
13 59
17 91
41 53
34 100
15 89
25 75
28 2
68 16
70 81
13 53
60 92
63 44
46 96
25 39
3 61
32 4
25 55
32 11
19 52
7 84
69 74
49 98
7 72
56 14
56 23
10 72
73 86
27 34
60 34
62 55
42 60
24 6
19 62
52 34
24 96
27 73
47 32
18 78
49 87
11 10
53 30
37 79
20 50
49 67
28 43
35 42
31 98
34 74
11 36
52 55
68 43
63 88
20 48
43 59
29 60
27 12
24 46
26 17
70 54
27 72
43 24
62 24
6 89
54 40
59 14
60 5
31 38
24 4
58 38
44 64
8 59
73 20
17 84
28 86
56 76
14 99
66 67
64 17
44 73
4 3
24 65
59 39
11 63
55 39
60 24
24 49
17 79
1 47
46 29
6 72
3 33
70 11
12 16
51 4
22 40
71 99
21 57
38 88
1 26
23 46
11 72
6 60
2 90
57 63
49 29
4 56
25 38
32 56
31 49
17 32
55 26
6 76
60 21
63 62
56 36
57 38
32 93
4 82
71 92
9 2
32 55
7 34
50 94
55 25
59 100
25 4
9 67
44 57
71 15
70 93
56 33
50 98
11 20
67 86
18 75
21 54
17 43
5 4
7 51
17 58
56 84
26 28
34 53
25 75
26 18
35 85
36 27
50 68
74 48
32 4
69 48
25 69
24 27
68 95
65 73
75 34
35 81
55 75
37 26
22 82
61 13
39 16
71 89
15 9
71 46
4 62
44 77
59 91
8 48
75 88
46 49
26 26
72 100
54 2
70 79
44 95
31 19
21 68
74 64
27 30
16 52
57 94
1 89
65 95
27 84
52 31
40 69
61 98
2 60
57 50
76 6
39 60
57 1
40 28
35 90
62 89
5 81
43 28
41 70
16 35
73 55
48 1
71 40
8 60
25 9
16 75
69 39
34 47
30 28
64 40
43 92
50 81
14 79
20 18
6 85
21 13
73 43
2 74
73 35
38 57
6 17
4 88
68 50
51 99
5 13
26 6
51 87
11 36
52 68
24 55
44 33
1 17
39 89
2 12
60 99
27 82
36 86
39 38
34 53
19 22
67 79
48 69
15 38
15 80
49 74
34 10
6 50
71 83
9 6
6 15
50 24
2 93
47 14
36 77
49 43
32 19
26 49
52 91
44 18
27 45
51 27
75 75
3 81
17 89
67 100
34 66
17 5
15 25
67 14
11 46
54 76
68 76
17 6
7 60
33 33
68 69
56 55
46 77
15 77
6 44
6 64
73 32
26 75
68 100
55 82
18 11
38 96
33 97
54 49
60 12
76 21
26 32
53 63
39 57
75 67
27 26
15 81
48 6
9 96
56 53
68 46
71 23
68 55
30 79
45 47
60 21
18 73
38 87
47 38
58 88
71 49
70 39
59 14
10 29
13 41
42 58
53 4
44 55
28 58
35 64
11 44
57 9
34 72
1 47
47 54
17 59
34 42
72 92
48 36
22 17
39 36
57 77
13 89
14 44
31 99
51 99
36 94
12 92
70 83
11 93
76 68
29 31
63 66
10 38
32 20
52 52
61 18
47 42
70 67
32 40
65 11
42 71
44 98
74 33
54 84
31 26
43 47
53 73
69 40
67 3
30 97
9 86
2 7
54 23
38 49
24 83
43 50
75 58
67 60
15 76
63 73
18 99
73 47
68 17
41 83
20 18
75 15
2 71
27 94
21 88
34 25
23 13
72 37
75 68
41 21
16 35
38 31
34 41
53 21
67 56
4 75
11 17
54 89
57 13
64 36
50 15
73 2
24 23
34 45
62 48
59 54
31 60
10 87
48 14
48 91
42 87
54 81
28 99
76 19
64 26
71 68
46 58
28 81
63 38
60 9
46 8
37 49
43 52
41 44
12 15
21 81
65 83
70 54
44 81
3 99
34 41
20 24
46 15
75 86
2 14
17 50
1 17
58 44
67 55
52 61
27 69
71 11
53 78
63 44
52 84
6 88
49 95
11 25
43 80
17 68
2 73
66 71
31 4
72 98
73 33
50 36
51 31
50 5
31 85
5 95
68 71
49 17
43 99
23 52
53 92
58 17
70 98
4 6
27 38
60 89
75 48
69 53
72 63
34 93
45 3
15 38
46 30
10 53
31 98
13 45
58 99
18 8
35 95
63 22
54 58
34 26
28 10
5 6
57 90
8 37
50 18
47 51
51 80
33 68
3 65
6 59
8 93
26 16
14 45
54 33
3 87
50 67
58 37
75 43
16 89
50 6
62 100
22 72
45 57
49 7
21 92
60 39
35 11
3 21
73 36
57 80
45 2
53 64
7 75
50 43
39 78
20 20
71 89
10 45
24 59
16 25
50 72
74 74
6 85
60 10
22 9
31 73
40 5
31 70
71 86
42 10
43 97
75 78
36 77
5 13
5 85
66 65
18 42
8 74
35 47
28 58
53 40
54 73
66 33
66 15
72 12
4 57
7 64
60 19
48 39
23 36
10 74
66 29
74 14
70 86
46 32
7 55
37 1
69 57
40 81
16 78
1 81
42 83
26 87
55 14
71 99
60 38
39 53
62 6
6 17
6 75
29 79
4 31
25 48
69 53
67 9
56 44
64 38
74 94
51 19
71 66
44 10
60 32
6 57
50 2
26 47
5 79
16 93
73 18
20 60
7 78
73 12
63 97
57 94
49 71
67 55
63 13
35 76
19 7
38 49
3 27
29 35
9 68
19 72
39 10
5 15
50 73
11 12
55 51
52 89
6 10
63 16
35 90
76 37
57 83
29 53
19 64
46 39
60 5
22 13
31 27
2 95
9 47
67 52
70 81
34 27
70 29
54 67
49 45
16 100
11 97
54 43
36 87
6 86
67 26
22 85
44 29
3 61
45 39
26 62
8 58
14 99
28 23
31 35
27 92
18 95
29 88
27 43
17 94
7 39
43 45
37 46
1 58
74 35
24 97
28 90
34 58
3 23
44 56
40 55
75 83
68 17
74 25
52 84
55 42
74 31
44 3
59 96
27 49
41 40
25 25
11 61
25 7
63 45
71 64
39 100
67 16
28 37
53 8
56 32
31 13
52 86
21 14
20 48
69 65
13 44
40 43
25 11
55 49
40 5
39 4
68 68
41 34
73 30
11 29
70 11
38 89
52 67
16 14
11 42
28 76
33 15
63 36
55 59
4 69
68 21
56 8
6 72
73 26
59 87
1 62
52 42
9 5
26 66
4 80
43 96
61 97
8 82
63 7
26 39
26 1
56 4
59 93
65 67
56 78
14 45
73 58
2 50
58 68
26 52
54 91
5 96
67 86
72 46
5 74
69 74
43 95
70 1
69 21
9 45
9 65
17 2
52 97
8 85
29 85
76 27
56 49
42 84
74 82
4 35
75 70
6 44
28 22
12 90
49 62
65 80
69 17
73 92
75 98
53 46
10 80
14 33
29 63
5 47
11 70
30 83
53 39
37 74
52 68
74 89
41 68
23 79
15 1
51 33
69 100
30 67
10 98
45 56
1 70
70 2
62 51
8 67
59 84
2 21
70 92
43 14
30 56
35 41
30 39
1 28
10 13
50 5
46 44
7 75
48 11
51 23
20 36
55 30
12 27
53 60
28 5
10 65
54 8
53 53
31 42
4 47
58 90
35 82
50 88
14 21
69 57
34 69
67 82
49 86
35 43
8 61
48 62
52 77
64 61
26 49
39 81
53 53
58 92
63 33
60 4
31 17
38 74
60 6
45 73
46 1
60 44
26 30
45 20
28 91
52 89
44 77
65 79
34 73
29 82
34 53
56 65
14 75
22 25
57 28
23 70
30 13
35 68
39 43
72 82
32 41
33 43
51 28
75 44
45 52
10 86
65 81
43 39
70 46
8 28
11 8
50 43
62 48
38 15
28 17
66 2
2 20
28 42
20 37
60 6
51 40
72 9
60 73
16 66
15 66
18 88
61 5
15 44
36 42
35 65
16 7
61 77
36 35
19 34
10 68
63 97
1 49
36 34
27 26
48 27
75 15
26 19
48 26
10 84
10 45
69 96
65 13
15 13
10 33
49 50
3 51
62 92
30 83
4 87
9 55
63 52
25 60
27 90
24 90
5 64
54 48
2 67
44 66
3 47
48 18
61 15
55 38
70 80
71 16
28 81
1 82
3 41
13 60
31 35
26 79
9 11
53 73
72 38
21 15
65 52
51 87
16 47
17 82
9 85
39 23
7 70
7 54
63 85
64 56
18 31
57 42
76 87
71 84
46 1
7 72
17 100
42 44
21 39
1 10
4 48
59 43
4 54
32 41
71 82
21 50
65 64
73 67
41 46
32 83
75 64
37 72
20 52
37 64
25 62
66 59
75 32
18 55
25 46
19 63
58 70
49 63
69 70
53 93
52 94
41 81
15 56
51 43
20 88
73 29
7 17
63 3
43 67
28 71
13 81
39 39
20 37
13 16
20 55
61 71
65 81
4 72
73 42
52 41
58 81
3 67
43 30
41 42
18 15
60 1
24 72
71 85
68 14
51 16
60 64
38 15
68 91
44 29
42 67
51 30
70 100
4 33
31 61
48 78
17 50
67 74
36 79
62 65
3 41
71 97
61 90
10 45
47 67
14 24
64 19
12 76
60 4
61 22
47 7
31 29
48 69
42 68
62 25
50 18
39 39
42 80
54 70
12 61
47 73
58 82
43 69
67 39
76 29
69 98
61 99
13 27
21 73
38 68
74 67
3 51
13 2
30 46
43 18
53 21
70 68
54 21
29 19
27 18
24 47
7 3
22 76
40 28
23 49
7 70
59 40
19 19
43 32
55 91
53 53
59 14
62 17
42 26
40 62
43 55
19 21
63 83
64 93
67 28
20 71
2 92
71 74
63 48
73 55
67 38
58 12
3 80
62 4
45 17
68 26
49 54
10 14
48 63
15 92
46 13
20 8
1 44
27 47
56 27
36 19
10 84
12 86
24 54
4 43
51 27
35 20
38 27
61 21
10 69
73 43
28 44
49 3
49 36
67 5
3 27
1 55
49 31
70 79
71 93
9 34
41 6
62 74
72 37
67 65
53 94
63 50
10 95
44 57
10 1
57 71
48 67
26 92
14 26
64 16
59 79
69 19
73 78
34 34
39 39
70 100
41 49
9 9
60 12
20 59
29 28
66 64
6 56
33 56
58 3
72 64
35 42
20 27
43 44
54 41
2 16
50 100
58 27
37 86
4 59
40 84
60 28
40 8
55 15
37 72
36 23
26 36
11 20
75 42
34 15
23 100
6 90
59 72
62 65
28 1
52 33
75 72
57 2
45 83
58 62
69 59
29 3
19 86
5 96
31 90
27 62
11 2
29 11
50 22
32 49
69 44
28 75
5 11
68 26
66 97
3 68
1 83
24 89
63 61
30 81
19 47
30 40
53 95
37 1
44 52
55 81
64 86
27 26
66 70
51 81
30 24
43 10
62 75
49 40
72 72
3 10
28 30
8 64
3 78
46 57
31 64
9 4
62 54
10 50
43 50
20 54
3 98
36 75
4 25
49 37
40 55
32 97
70 18
46 87
23 78
45 31
53 62
3 8
44 32
39 9
24 50
30 4
69 41
62 83
34 40
74 67
68 100
36 32
31 19
5 88
52 61
63 58
6 2
47 70
17 22
20 52
22 25
73 70
48 13
66 26
69 72
16 55
1 66
41 86
69 38
20 38
3 91
60 53
45 71
21 34
4 81
69 66
47 40
37 17
30 44
28 94
6 41
73 28
70 10
24 32
16 54
5 36
68 74
8 71
43 93
25 50
71 46
64 96
46 53
8 53
49 24
4 12
23 57
46 94
6 34
61 37
40 1
2 22
38 28
11 23
33 69
48 52
4 38
59 90
64 60
52 35
17 68
13 60
11 42
16 5
50 64
73 19
24 21
10 48
18 99
38 56
27 62
76 76
72 52
74 21
38 59
15 24
8 81
9 47
62 41
18 27
65 3
66 23
38 33
5 60
20 14
9 57
12 39
56 86
58 76
12 70
37 6
61 11
47 95
69 96
7 52
14 41
13 86
40 97
29 72
71 18
39 23
10 39
12 82
19 54
71 84
42 91
3 48
12 88
69 75
24 75
31 96
66 74
3 5
57 57
61 48
55 78
28 62
67 31
62 76
33 58
8 90
49 1
25 25
12 61
49 25
33 12
16 26
10 40
49 46
24 2
69 10
73 33
21 62
52 10
56 5
14 95
49 46
9 9
1 28
39 76
32 100
48 15
24 19
6 95
10 44
25 4
43 49
64 20
21 57
41 44
42 35
52 99
10 100
6 51
75 94
22 64
65 23
35 86
36 9
26 32
11 6
55 14
41 37
6 30
27 39
48 30
12 78
43 53
39 3
8 20
47 52
55 65
27 39
14 26
26 27
55 22
16 41
56 44
76 45
69 53
15 20
63 19
34 26
71 40
76 6
11 10
75 66
65 70
53 57
32 81
67 22
61 84
1 50
6 41
43 49
51 15
44 76
12 85
10 17
34 44
54 7
46 59
42 25
52 80
76 61
18 21
61 27
74 16
1 79
74 79
43 90
55 46
46 92
31 27
65 65
14 94
24 90
17 83
17 69
49 6
34 21
6 45
58 15
9 78
21 20
39 33
56 24
19 88
45 64
16 77
76 15
34 31
28 55
20 86
30 99
17 16
43 98
20 48
37 95
12 61
15 25
65 49
15 74
11 33
43 28
55 22
55 26
59 33
38 94
38 70
58 2
16 64
20 27
75 24
37 40
48 59
46 65
41 33
7 23
64 99
73 31
17 56
57 95
76 5
47 88
22 64
52 35
58 1
29 82
34 30
58 29
42 80
52 59
48 28
43 61
57 71
76 97
76 61
17 8
25 61
47 91
67 63
62 67
5 17
43 32
40 74
10 52
33 71
27 95
65 20
32 88
53 57
70 59
3 100
20 65
60 55
69 59
5 35
38 29
60 2
70 51
43 54
24 8
44 96
29 26
26 76
36 91
40 15
30 30
21 34
70 73
75 7
16 75
66 77
18 20
50 19
43 99
48 69
48 38
26 51
56 20
19 25
39 38
43 48
46 92
57 6
54 17
45 52
17 56
30 95
45 58
34 64
4 52
71 29
41 51
51 86
28 80
50 6
45 75
14 84
31 46
73 75
49 49
71 3
51 73
4 61
56 11
63 45
20 87
7 37
20 50
54 39
10 3
58 20
52 64
47 37
64 16
27 62
37 94
41 68
61 81
33 15
30 82
1 24
61 38
25 76
54 91
67 61
8 30
34 66
12 59
25 39
71 57
26 43
7 12
58 82
34 27
73 25
32 61
6 34
9 51
22 86
38 73
28 61
48 97
31 51
7 21
70 97
28 96
58 21
16 3
75 35
16 52
9 85
71 67
33 2
64 41
42 72
3 5
50 23
72 1
36 71
4 88
53 91
68 37
46 54
69 67
40 28
64 97
45 87
73 73
9 48
39 7
23 100
16 19
65 70
20 82
40 65
33 75
71 3
29 64
4 73
58 28
50 46
30 55
21 7
50 57
5 48
50 88
59 43
9 99
19 3
72 75
1 39
75 37
60 13
40 16
11 2
5 42
75 61
61 4
63 80
51 64
23 50
19 55
28 38
69 47
64 54
7 86
42 9
68 45
48 91
67 78
15 8
17 84
18 3
15 91
33 39
33 67
64 39
56 3
50 24
31 76
27 2
14 100
68 40
71 63
27 100
5 7
70 83
28 75
75 90
18 80
36 18
58 59
69 73
44 29
76 76
48 53
22 32
39 84
61 10
33 70
27 21
4 54
4 18
30 47
37 13
22 34
14 92
6 59
74 75
25 55
22 80
39 81
31 22
54 78
72 12
37 60
31 49
50 87
44 49
24 75
22 7
71 15
45 16
42 82
63 89
25 2
55 99
29 22
40 4
18 15
48 88
33 98
17 80
15 67
31 69
53 64
4 7
10 43
72 42
55 30
52 50
24 34
29 12
36 98
31 96
26 77
35 6
39 24
66 76
55 60
45 74
37 36
15 35
54 82
67 29
29 83
19 25
30 93
43 51
16 14
37 30
40 69
5 72
68 96
52 29
54 52
48 30
45 3
39 84
59 68
1 29
52 47
59 85
65 73
53 55
58 4
17 93
49 68
7 1
68 82
11 46
17 7
21 6
23 99
18 64
26 25
55 43
45 39
26 66
48 85
51 6
60 53
58 33
21 21
68 75
4 89
26 42
13 95
24 88
70 62
69 41
36 58
12 40
26 11
21 58
5 82
47 33
54 25
2 54
72 4
74 32
4 71
49 60
25 70
56 53
66 24
73 54
47 97
30 46
37 58
64 63
54 23
60 33
74 47
62 52
68 82
2 17
35 8
64 2
26 12
67 67
9 66
32 56
23 7
24 41
8 35
27 5
74 95
6 83
18 59
59 86
31 49
12 85
46 78
21 94
62 69
35 28
51 45
42 46
65 31
40 9
67 52
20 17
17 5
18 57
57 41
11 39
29 37
55 71
76 3
69 44
23 99
47 21
53 27
19 25
75 12
62 82
32 78
