8989
1161 5
285 42
1614 87
1230 92
955 42
554 87
1409 2
1493 22
1628 54
765 75
1631 39
474 65
599 41
995 40
228 85
404 30
1018 14
574 13
314 66
1589 84
135 14
703 73
471 24
1627 35
1479 97
574 42
35 22
189 73
624 12
1493 52
1364 99
1759 5
849 21
1049 78
338 15
1522 64
784 78
1510 13
1338 21
400 18
1744 41
953 76
134 72
1447 14
1011 70
1153 70
969 70
1761 93
1296 8
936 30
505 67
1376 57
594 65
1079 10
1078 34
851 42
1539 100
1769 63
1002 60
1628 85
1117 19
124 79
544 8
1000 85
649 18
371 65
499 12
1070 12
1227 98
388 50
1253 90
118 38
631 38
118 40
462 93
1682 58
237 81
970 35
852 93
1068 12
1745 69
1306 42
1171 87
187 91
173 13
631 78
6 1
1112 40
1788 27
372 6
252 78
1231 68
1604 25
1661 7
1355 30
1693 95
393 13
1285 45
1559 98
338 42
284 49
628 12
1230 56
483 42
1069 7
1716 74
364 61
1493 31
789 96
18 70
702 12
1111 32
1379 29
813 39
464 38
1422 76
970 11
1682 31
250 63
1651 2
1727 35
1428 32
1637 63
1276 85
500 34
714 96
279 25
671 15
15 44
524 55
391 19
1040 62
1358 64
214 14
1301 75
556 27
301 99
1175 50
760 41
1063 40
677 20
1528 24
550 70
250 61
624 84
133 72
273 62
890 56
26 12
1698 95
1177 34
1690 41
1247 84
82 7
1133 28
201 38
1237 11
997 69
309 12
1234 5
140 91
351 9
10 33
1781 94
412 64
1728 29
1674 27
490 42
1129 56
746 31
114 52
1227 93
1308 58
943 75
15 19
715 30
1605 44
632 24
1710 93
1398 30
1055 78
644 74
867 4
1543 95
517 84
816 17
61 71
568 83
10 4
299 33
546 42
648 94
835 60
624 48
1693 2
1399 63
729 44
588 95
1014 59
1559 22
127 19
500 14
1086 92
94 99
1557 93
1481 6
1288 94
971 61
1691 71
1220 79
759 32
211 83
1403 25
406 66
1690 15
803 70
1545 23
1791 3
778 27
687 81
137 64
1412 99
459 32
195 55
107 74
619 94
7 62
998 43
94 52
804 46
203 12
904 31
1388 26
1465 22
1180 34
580 82
438 28
1691 91
716 30
567 88
181 97
352 75
1073 70
947 17
1675 85
785 91
1225 52
534 10
578 94
1087 49
185 77
768 76
1288 22
1558 82
271 19
660 83
587 80
996 73
377 29
428 7
233 81
313 56
1440 70
811 4
1117 74
1452 5
1768 49
249 41
177 84
46 1
881 57
84 30
555 48
207 58
1274 97
1612 71
1293 27
207 83
206 8
912 86
1218 66
614 55
1501 14
224 20
1173 33
356 11
683 36
390 24
1368 83
74 41
490 81
626 13
1656 74
1328 66
545 22
931 94
1069 45
276 9
703 66
182 14
1358 78
503 80
1369 65
769 96
1121 79
1101 12
59 61
870 18
875 100
822 75
1100 9
939 68
1459 56
998 60
102 21
758 39
1787 49
1706 2
1155 11
71 88
1481 5
1788 14
838 65
1296 25
282 100
881 49
1416 26
449 87
1445 61
1048 92
1594 31
1423 33
409 15
975 54
1000 57
1527 24
1201 59
1113 7
502 20
87 27
554 47
699 76
48 72
967 99
352 73
1295 25
1584 34
188 8
1107 88
1476 55
195 84
157 1
789 17
239 95
1347 14
239 52
118 97
1154 82
845 35
1376 97
1675 100
1014 23
1785 29
848 71
1160 77
1685 89
1597 19
1627 93
454 89
1795 38
1393 98
819 11
978 16
508 5
1676 39
678 14
1127 86
1574 92
1490 41
1094 18
636 36
1115 85
944 70
151 54
120 14
195 68
753 17
1671 77
256 40
1375 57
323 87
1229 59
191 81
450 3
1179 45
1085 40
415 24
492 60
1310 67
1480 38
526 80
1316 34
375 31
1690 48
1500 96
614 91
871 67
946 16
756 59
1108 85
1324 20
1046 99
1754 18
1767 38
361 38
640 69
729 18
1545 80
1489 34
1079 24
914 19
1093 38
306 22
580 81
1590 10
394 27
319 9
781 27
735 15
1449 20
1528 99
206 81
1784 17
1511 51
1687 18
455 46
524 100
729 52
1796 92
261 52
731 83
1101 5
1732 58
713 78
371 45
986 52
12 67
1582 91
949 11
1753 62
1045 31
1591 77
889 82
1613 78
751 92
704 95
165 9
301 96
520 24
1087 5
138 83
956 42
11 44
1481 12
195 46
1472 5
1708 98
537 66
970 36
1362 69
1475 100
1482 73
53 5
1697 47
405 78
1121 80
1575 77
1085 94
609 32
1095 22
1540 43
664 57
1019 96
1323 43
1740 13
1254 29
274 45
1323 33
584 76
1756 13
895 67
279 76
1631 91
1616 91
1129 100
825 14
1486 65
1060 43
828 57
1630 76
1516 93
181 17
1749 47
1356 42
1697 38
419 8
1092 28
682 15
1317 17
1163 46
258 63
159 38
1548 20
1001 32
1013 38
1693 85
973 39
175 56
1281 78
1461 79
1724 70
340 43
1025 92
543 1
1604 85
624 61
1291 10
234 40
477 39
560 76
1688 68
1463 100
1026 72
783 29
1272 9
463 99
1150 4
730 40
1616 55
1019 15
916 23
1007 56
1191 35
1167 59
1065 26
173 60
1560 92
27 96
1615 91
1132 20
361 92
332 65
1684 16
1712 98
414 84
1249 25
900 95
1057 50
1109 77
1301 7
1383 32
1665 100
1779 55
1728 27
1552 39
1442 20
1245 71
1167 68
602 31
677 91
867 49
1086 73
1458 72
1112 48
538 98
320 16
1373 15
949 75
285 83
997 27
115 2
24 25
729 44
1393 98
1783 21
791 98
906 86
1675 84
269 85
1192 12
1265 31
789 57
709 50
327 60
342 34
1160 51
669 4
418 43
685 12
907 47
855 5
265 75
81 28
1639 28
1351 21
1205 16
624 6
497 29
1450 89
1264 23
1323 71
7 53
241 32
1594 11
349 91
815 7
14 17
1486 80
1741 90
991 34
1399 61
838 44
1024 79
1733 78
243 31
430 41
234 10
1009 17
1146 87
303 36
640 35
1308 34
130 69
1494 81
791 67
680 46
1243 43
1445 41
507 85
386 23
993 11
868 20
1581 25
341 64
417 34
922 96
1652 76
587 55
1199 12
1674 24
351 39
400 31
142 87
401 63
718 36
594 39
264 44
1130 68
658 52
1157 25
83 65
1542 20
248 28
185 39
1787 24
733 61
258 46
106 10
859 57
270 7
953 83
789 39
149 26
1442 66
1488 6
1071 43
1094 91
702 69
1627 90
45 67
95 58
1357 42
256 72
1794 94
1667 15
616 100
499 2
1601 37
1692 62
1205 58
70 62
1599 30
1381 55
1784 5
924 64
1788 14
1581 34
1699 70
1481 29
1465 50
272 48
1329 8
222 16
1458 50
983 79
1235 15
983 80
814 62
1516 84
1283 19
730 28
20 84
1308 69
972 38
1714 53
864 56
913 84
18 69
1013 68
1407 13
376 29
853 17
1709 62
695 64
1302 55
211 69
1400 13
181 17
811 28
486 9
750 13
1392 47
289 73
1532 58
873 64
334 18
982 90
561 29
142 85
1078 3
1062 21
580 25
1015 98
285 42
30 98
1313 47
1339 76
1020 14
1616 78
839 40
1436 82
314 3
1573 48
631 30
1364 62
1697 31
275 47
1352 95
393 93
471 51
1166 16
631 78
748 63
1658 60
849 8
202 67
245 63
342 48
590 17
702 47
787 89
978 14
576 82
1232 25
82 60
518 81
597 55
1424 48
1715 92
332 84
681 49
1737 66
1225 41
1355 57
209 7
229 50
1658 73
293 68
1361 82
550 69
1521 40
1546 93
721 31
1560 34
688 28
537 96
1025 26
453 82
273 51
1164 9
740 40
1616 46
1002 76
338 47
1230 8
1742 82
64 74
803 10
1252 44
657 42
448 21
325 89
667 63
1637 44
546 95
1293 32
1548 7
1058 52
6 79
923 75
949 1
863 34
1114 11
529 33
529 14
1376 17
85 53
1523 79
221 37
1438 7
28 83
260 5
970 11
270 89
914 63
656 89
1550 11
1155 38
220 14
592 64
446 75
57 76
1387 72
1676 30
498 90
835 29
283 36
627 89
1124 42
759 42
1387 4
1058 48
1096 84
12 45
570 11
684 46
1616 81
1433 61
1564 2
691 84
601 46
262 23
170 80
60 52
1071 43
137 37
501 73
320 45
1052 90
113 66
1769 95
573 50
220 65
94 80
736 75
1254 17
1406 23
748 84
1635 45
105 12
1556 17
598 89
1561 9
305 16
388 52
1376 1
1771 23
1614 54
1024 1
1312 47
1525 53
101 80
313 60
1314 98
177 52
785 14
849 100
911 90
388 13
950 99
89 74
525 93
468 54
117 40
753 58
1431 27
827 86
986 55
1396 64
1385 17
457 76
644 34
359 82
12 62
1604 37
1221 64
522 46
737 76
566 50
1669 89
499 55
215 78
378 29
923 18
1229 61
1375 92
730 74
602 63
370 74
815 91
79 13
897 28
216 2
288 30
839 91
1703 69
590 18
353 72
568 80
1114 2
1178 78
556 62
823 30
1418 13
1533 40
1012 10
1319 71
414 86
1636 14
917 90
1613 53
1481 92
934 62
1097 43
1262 40
623 47
1356 64
565 3
1356 67
434 37
1285 17
969 88
886 60
1239 39
444 45
238 66
646 46
1758 75
1578 26
1207 77
1575 34
1101 88
859 52
810 86
69 10
216 60
1115 31
663 26
33 75
569 79
355 7
817 6
1071 2
991 69
691 87
1367 12
461 6
1593 46
236 51
1634 48
399 94
1393 90
170 59
226 72
817 87
1211 93
147 54
328 18
1456 33
1494 56
198 97
1747 67
1543 72
1179 8
295 86
830 68
1253 40
182 36
1219 58
1127 3
1556 99
1294 94
858 28
18 24
730 18
194 11
229 11
1313 71
1017 77
843 27
1329 21
268 61
1746 30
818 89
1217 54
837 98
683 77
1165 16
823 70
402 81
687 59
1134 89
1361 47
932 74
219 52
284 79
1519 44
104 58
27 76
413 29
1787 93
291 41
295 25
1666 74
1277 77
1675 83
826 87
1150 36
137 49
1689 39
966 40
671 57
1173 42
933 61
1679 81
1704 26
1555 42
1273 43
492 43
1747 82
207 58
1725 33
660 32
33 64
292 24
1205 89
1573 43
1180 54
700 66
1045 7
1163 39
1364 10
276 80
667 48
1459 64
896 70
448 42
1162 83
1473 81
1289 97
1757 36
99 75
121 78
1355 73
183 3
1112 68
1704 18
1550 87
368 83
844 92
824 69
1327 91
1323 58
1785 95
835 51
1335 42
1361 13
1342 37
1560 51
1477 67
842 88
84 86
1182 99
602 12
1119 82
1598 16
270 29
1780 72
719 2
561 34
521 70
1401 96
439 21
736 42
1475 59
1747 31
1662 50
1175 42
973 55
1717 73
282 10
494 79
346 99
419 19
119 63
1069 86
540 34
1291 94
472 62
8 43
435 49
576 38
556 54
870 64
1019 88
306 14
1696 34
394 95
1400 54
1061 47
559 56
1293 24
1104 27
57 84
1522 72
193 6
1259 17
1085 80
1560 93
535 45
36 51
1491 56
428 82
316 64
623 60
1194 86
1720 94
765 9
1390 10
1241 95
647 9
1235 82
1488 9
1570 16
741 83
1406 68
765 75
469 57
399 73
1748 76
1483 12
650 79
60 43
649 34
398 83
1785 20
1168 99
1090 28
1222 19
360 51
249 9
945 45
517 7
413 16
1247 83
692 56
838 24
85 100
662 21
486 13
737 68
130 14
621 52
1050 84
431 75
1224 14
568 54
1573 44
205 4
537 41
182 90
1104 35
1498 9
1681 73
942 16
143 92
1734 1
1699 82
1542 66
1270 92
1076 14
28 82
1458 60
596 81
1083 92
1529 63
465 84
1618 18
1227 10
1538 4
1483 58
1515 43
1517 31
628 90
1472 53
1121 18
411 6
622 90
1325 59
1721 58
1721 58
1550 65
1273 87
1116 14
1685 29
1136 52
436 81
11 26
711 67
922 66
349 63
282 51
1168 29
739 51
193 72
892 41
776 95
694 28
703 19
359 57
253 9
780 91
719 10
1251 47
637 81
1270 49
1481 69
1330 32
1001 71
312 68
746 44
555 9
699 66
1610 86
516 75
1439 65
1542 85
294 51
1643 66
987 73
1151 85
875 42
1052 88
643 9
1045 94
547 62
62 89
1512 42
1733 84
1234 38
1575 14
324 75
942 43
1043 36
1784 94
1604 66
941 100
1684 86
524 24
1298 97
1176 58
1308 73
1525 67
1385 24
174 94
1120 11
1103 80
1502 19
26 51
311 27
641 73
878 92
217 38
1 66
1210 66
1215 2
469 71
1551 46
1279 83
1795 33
890 33
356 96
1152 45
436 50
163 33
1795 90
596 75
909 52
288 51
1611 6
466 93
1677 68
1499 38
366 45
1195 81
1035 95
429 58
177 6
60 69
1094 1
657 97
510 22
1662 70
273 69
607 21
586 80
956 78
488 5
1561 21
793 52
934 25
80 91
1569 7
700 72
245 46
1221 50
4 86
419 11
743 100
1705 72
456 44
1725 60
1583 57
1552 87
1767 86
1444 63
1557 38
45 50
935 78
626 77
1074 21
1614 14
918 24
1313 57
1109 7
1746 82
726 84
1658 71
432 29
173 80
1198 8
1707 2
124 34
366 99
335 12
1369 69
1193 34
1347 55
1022 62
1198 72
904 44
116 69
209 55
295 62
278 4
1329 23
350 93
495 40
1220 10
1079 40
1112 2
291 99
1125 87
1739 12
1181 97
477 91
841 71
1299 46
1761 22
659 10
1681 93
90 84
332 71
1361 91
1180 50
415 15
845 7
1265 10
298 87
1736 85
1578 46
940 73
1727 52
183 22
405 47
735 47
1252 10
1355 14
467 43
175 39
1689 12
1337 6
1221 58
410 39
63 91
878 18
836 85
1551 16
279 98
1791 7
307 62
953 46
1253 34
184 84
174 59
717 7
1756 86
1591 52
1217 15
862 11
1532 93
999 35
713 39
1110 65
76 94
1036 54
1287 59
778 94
156 21
1748 15
1504 42
1366 58
276 16
1668 96
642 13
1576 4
1631 87
811 36
1250 66
798 40
1777 73
689 29
1229 41
690 70
815 60
908 98
1318 38
527 42
137 92
1342 19
924 96
758 15
513 95
1218 18
1432 60
648 81
1261 8
644 22
524 81
1406 13
1783 62
666 77
910 1
1333 47
4 66
1258 97
781 1
1549 65
449 35
783 91
912 17
376 24
1794 92
1394 39
1445 54
1651 50
1260 89
909 42
1327 79
257 77
1439 90
554 75
901 95
1445 16
138 94
156 90
1795 13
1515 34
977 81
1311 99
178 44
816 49
1690 71
620 91
1113 95
325 27
1146 23
374 62
1645 64
843 69
702 83
893 39
1261 80
1186 88
1005 59
1384 67
286 51
374 83
42 45
1203 16
1546 75
674 84
1154 78
1206 42
452 93
1330 70
1474 61
732 31
1740 35
609 53
491 97
875 66
299 85
213 2
1280 78
1301 65
393 20
543 25
732 72
538 30
1032 48
1798 5
186 99
136 44
1220 49
830 37
600 91
1560 95
1567 96
509 40
182 11
1706 43
214 10
1549 37
426 91
564 46
613 41
859 75
939 78
741 94
322 6
1658 25
996 67
1746 35
1092 96
774 71
1132 69
1608 47
932 16
52 39
1277 32
797 99
1093 49
1499 56
803 78
1094 77
367 10
1504 33
1474 10
155 82
1548 38
359 43
1138 44
614 96
1473 20
1320 68
61 84
791 85
983 94
977 25
935 25
332 82
187 98
224 76
1250 27
1473 96
362 54
763 72
1577 14
410 49
1791 86
125 95
1040 93
353 28
1049 79
1064 71
220 7
768 7
622 7
1704 41
550 68
734 52
1412 49
1515 13
185 47
998 59
1390 46
1113 92
83 71
214 9
1741 30
440 61
1040 72
104 73
179 40
239 30
1068 67
1074 64
1029 50
1176 81
1751 27
821 87
574 32
1729 27
1475 33
1034 70
504 28
410 36
336 57
728 81
614 27
550 8
1583 69
1484 23
1719 77
1752 32
1607 7
1690 78
1275 79
1066 98
1630 85
638 93
1247 24
1615 17
73 26
1614 54
117 91
695 8
864 66
617 54
768 93
698 67
1113 30
665 4
1766 82
499 24
149 79
1268 65
1795 38
1746 12
1033 61
1643 45
676 73
99 87
745 73
193 1
1009 15
1111 84
1111 81
4 80
790 40
1570 87
955 83
130 19
1059 36
659 30
368 4
489 49
1134 69
1541 46
395 27
127 40
58 12
1170 58
1260 85
1471 86
1124 21
35 65
616 73
115 72
483 27
1389 57
727 91
90 7
645 46
1453 19
779 22
1313 95
1511 18
939 33
211 66
564 70
1057 79
1426 77
394 78
366 33
726 74
50 20
584 41
1640 90
792 2
530 93
414 6
1057 61
536 41
608 99
97 17
942 87
420 90
1756 57
1279 21
959 13
896 22
765 90
344 78
315 49
982 50
677 72
861 62
1766 21
1763 44
989 35
487 65
1582 58
866 14
571 92
1069 58
126 16
1079 3
803 61
305 67
884 90
1296 72
1739 15
1413 26
874 59
822 67
1222 49
423 59
1070 28
1357 2
1332 14
1155 57
620 54
1609 65
1032 17
102 8
1507 67
548 1
1151 62
669 36
770 95
1290 45
341 55
1443 2
1283 4
30 57
930 19
55 96
921 64
1727 88
587 50
1575 74
259 45
506 39
1417 46
1449 55
533 41
1542 25
716 11
656 8
1581 24
845 88
86 45
859 23
1485 81
1177 45
44 93
321 25
1215 81
29 25
1185 11
1282 49
233 76
577 28
43 50
299 21
1288 22
1135 57
138 97
943 45
257 56
1188 61
856 16
833 34
263 100
1069 63
232 89
1402 57
74 95
1236 55
471 10
916 98
1666 80
141 100
764 23
1105 43
558 95
1748 24
197 53
198 53
1595 35
337 86
644 31
1406 82
1788 50
1408 71
706 49
1754 48
205 19
882 57
1336 6
715 41
1341 62
1590 58
732 94
988 85
75 74
108 45
594 56
1640 26
1412 77
1213 48
379 55
270 4
1350 88
641 19
877 85
1267 86
1733 94
1742 24
1641 56
758 63
981 58
1656 2
948 41
722 81
1262 19
59 70
1552 73
327 58
453 21
576 98
54 94
1005 21
1171 86
1177 15
1163 61
1781 40
1429 64
1724 38
421 32
1155 49
407 90
787 4
346 59
1236 96
1605 51
1202 70
1042 5
556 7
1783 52
1024 61
841 9
699 33
444 57
1744 99
265 84
1560 59
1454 25
868 64
1471 45
1495 88
1033 41
1749 45
1089 1
1775 28
318 82
675 11
106 37
321 40
1540 78
1768 39
1715 81
719 12
909 58
725 84
505 72
1057 3
1524 95
243 23
48 6
1378 90
440 98
1777 36
1428 79
937 74
955 95
1258 58
382 73
805 76
764 57
27 56
705 5
471 57
1301 79
923 63
1266 59
1039 26
1082 67
481 90
324 53
249 95
1103 66
1231 86
537 19
1663 13
37 40
1275 38
532 29
424 54
1018 82
1768 22
1656 96
1189 48
1117 28
1297 64
1139 62
1747 71
409 45
406 29
1583 10
1491 61
412 70
589 26
905 65
1532 28
687 97
725 59
1405 69
1276 68
677 85
427 59
1617 60
1374 71
1591 23
1580 83
1766 74
1690 98
471 85
1627 99
820 99
1779 99
749 43
17 1
49 94
1228 14
908 78
781 56
655 72
87 77
302 95
234 69
1099 47
1115 54
1178 61
382 88
1368 97
1498 97
1785 83
826 97
581 71
1145 18
1452 25
818 98
606 86
1429 97
327 17
1445 92
1728 55
111 8
1784 78
841 19
535 57
1640 96
1404 88
894 22
165 82
1604 21
148 30
1375 94
695 6
1464 89
237 87
324 83
620 66
1367 60
211 1
1274 82
1424 20
956 30
1434 35
1039 8
275 38
1418 75
1752 34
54 1
194 75
312 98
1608 52
992 12
1429 93
1454 35
1239 41
64 89
1448 44
1192 64
362 93
1333 32
1150 29
1108 80
711 79
809 46
833 81
1105 22
403 42
67 73
1275 72
391 10
427 7
1623 92
1681 55
1142 4
1378 96
1632 10
726 70
242 46
739 43
1102 12
881 83
1141 33
1637 89
1690 45
467 52
780 19
325 42
703 9
1300 11
691 31
250 74
65 15
907 96
318 49
1108 74
783 68
166 30
790 20
600 74
1569 78
1393 64
938 66
1332 82
1242 87
729 1
903 81
807 61
694 98
1099 80
528 97
1729 43
905 7
795 30
45 46
1052 45
168 40
672 15
127 80
1520 78
868 76
1768 23
414 16
840 16
447 3
233 28
133 8
122 16
489 56
1565 45
1472 90
252 39
