1143
60 67
214 96
28 40
109 99
222 76
5 85
1 18
64 89
127 35
216 73
7 15
49 58
40 13
83 13
145 99
201 14
158 84
21 96
135 40
73 63
2 73
129 44
141 11
105 51
61 8
195 19
68 14
40 52
175 47
14 83
73 21
58 95
166 55
182 30
192 13
97 80
70 60
2 82
24 42
136 37
78 69
209 39
180 32
185 74
98 46
33 52
33 89
103 54
72 79
188 64
148 15
42 23
199 93
2 74
7 3
27 88
73 52
5 98
61 21
172 68
40 50
183 38
155 86
25 55
4 66
169 62
16 8
204 82
121 2
5 52
61 9
227 86
219 99
188 55
86 34
132 33
187 57
116 96
177 57
20 77
134 99
131 28
112 7
185 7
221 18
147 12
122 46
124 74
199 46
98 66
184 49
125 17
13 27
127 63
187 44
165 8
216 13
132 66
51 3
10 93
13 82
45 8
42 20
4 24
206 27
148 52
11 1
90 25
70 35
87 48
223 1
203 45
188 49
219 2
7 75
100 75
122 34
35 53
57 4
167 52
24 85
183 14
49 6
118 13
81 47
6 1
194 10
45 81
129 97
219 54
121 1
136 11
144 20
128 36
61 99
173 59
5 5
71 63
179 83
57 4
147 66
228 80
185 64
83 49
30 14
14 41
74 78
218 28
118 23
162 25
69 37
206 75
223 55
126 19
47 91
173 67
166 72
33 90
208 39
61 81
65 81
188 52
106 32
138 96
211 80
64 73
190 10
196 100
119 14
133 50
225 81
105 71
214 39
158 78
2 71
210 75
145 17
149 10
212 100
188 25
183 78
162 55
146 97
160 92
86 6
220 80
142 88
141 95
217 59
133 68
109 44
148 21
58 37
83 26
113 9
125 71
129 86
44 47
94 84
166 24
171 73
123 85
145 45
189 71
145 79
121 82
83 65
20 56
44 31
22 41
173 34
149 44
32 100
14 89
34 72
30 2
45 79
149 93
7 61
88 39
48 48
195 84
173 74
174 96
129 53
159 28
150 53
209 41
204 40
27 90
24 25
160 25
142 18
114 60
8 47
48 34
116 39
22 8
214 51
133 52
105 67
188 97
161 29
22 37
130 51
182 19
24 4
189 51
40 12
135 23
7 81
53 100
172 20
128 43
149 1
115 22
185 14
12 16
23 88
131 5
132 24
138 8
123 16
187 1
97 47
70 86
173 53
182 93
120 7
90 36
97 100
152 31
22 89
13 54
70 11
32 39
195 51
175 27
82 60
101 71
227 91
155 42
224 9
149 43
174 63
130 20
50 100
148 8
148 12
73 40
176 17
114 84
220 61
127 9
112 96
186 20
82 53
12 43
67 13
63 37
3 64
2 43
52 28
125 20
106 22
141 35
139 84
190 60
58 82
81 62
27 89
11 27
164 73
124 63
155 92
71 40
26 61
95 12
24 67
14 15
36 70
98 86
216 95
65 73
108 39
141 98
220 80
132 6
145 28
98 13
140 28
132 80
102 53
210 70
61 99
111 21
10 88
174 27
184 57
98 6
215 72
85 10
183 34
212 50
61 37
48 29
71 42
94 93
162 95
125 62
89 87
203 13
51 22
158 2
85 58
119 51
64 34
121 65
52 27
56 27
178 80
23 97
154 48
214 58
97 54
104 47
162 76
143 83
92 40
191 26
146 43
133 9
39 67
218 81
63 92
19 31
111 93
9 28
104 91
152 3
35 46
103 37
74 63
197 95
169 33
5 69
32 43
53 71
213 37
75 62
1 37
109 45
36 78
130 5
111 51
119 42
121 70
100 90
197 31
125 15
229 6
93 91
209 77
122 48
54 17
191 11
53 46
115 50
156 39
137 62
194 35
131 29
114 88
39 13
74 40
184 31
71 51
35 65
120 82
97 7
173 92
191 10
115 11
99 90
69 50
122 20
152 84
1 18
38 43
22 44
151 76
189 72
122 71
114 3
214 99
194 74
200 19
76 44
159 88
87 77
137 63
166 57
114 44
170 91
43 46
201 80
32 41
42 1
10 68
29 18
160 6
130 55
130 64
70 44
200 46
138 55
200 40
17 97
216 59
169 46
160 78
173 58
22 10
23 25
144 52
112 53
21 47
92 2
206 66
217 24
158 95
77 33
72 15
59 55
220 43
175 44
34 71
22 90
106 60
67 63
110 26
113 19
165 14
136 29
76 59
171 67
190 63
186 95
58 96
108 78
135 30
80 9
195 17
70 96
192 94
121 42
161 29
217 49
150 38
149 78
164 98
61 66
142 55
57 35
194 35
99 21
210 92
148 18
86 25
214 12
11 35
49 77
218 78
54 48
36 15
218 49
85 86
190 63
55 8
30 63
27 20
47 81
190 73
85 77
88 80
167 55
52 21
67 25
64 98
106 77
116 45
142 90
16 63
12 24
57 39
99 82
177 38
9 28
50 88
150 27
48 31
179 65
189 4
99 77
78 79
91 22
103 98
122 1
47 92
33 34
7 45
5 4
127 87
110 82
39 70
182 79
28 99
55 74
179 98
57 36
97 2
226 17
39 81
10 17
147 54
25 19
196 93
44 20
74 51
34 98
211 83
33 31
16 68
102 40
4 19
94 80
10 93
150 9
52 20
86 73
218 75
133 12
101 54
98 7
102 22
223 27
138 3
27 8
54 35
13 92
62 77
180 71
157 61
93 81
42 44
177 90
165 78
120 13
158 47
74 88
141 2
180 70
221 81
54 37
225 77
65 41
98 31
201 38
111 48
191 24
176 58
97 87
47 46
29 18
83 14
16 86
171 5
197 43
216 74
155 96
102 48
174 77
45 24
24 12
154 93
200 85
218 96
78 97
175 43
205 69
197 30
7 2
69 100
147 40
14 93
36 10
119 100
82 5
210 90
56 71
84 68
173 37
49 38
203 21
194 97
214 66
157 9
135 11
19 42
228 62
198 7
34 15
136 19
122 76
92 100
192 44
3 42
13 4
191 100
222 25
110 95
213 39
101 22
179 74
92 94
19 30
58 94
37 52
226 19
135 20
15 84
98 34
137 50
95 82
56 24
189 4
163 62
160 43
222 72
156 89
18 79
107 13
47 77
137 17
135 93
71 73
137 6
36 9
157 85
148 45
164 40
80 22
43 97
55 22
217 78
21 44
164 70
92 9
171 52
194 37
66 81
155 62
129 50
77 93
196 20
152 76
161 28
167 78
147 19
44 56
218 62
156 39
160 8
205 4
76 98
169 20
144 70
24 19
42 77
83 98
22 43
172 87
36 22
205 39
167 2
132 91
83 40
57 2
159 100
137 27
79 42
183 58
87 7
161 75
188 73
154 48
180 27
119 70
161 71
70 17
182 59
122 74
77 84
87 28
120 85
59 74
153 54
163 62
31 40
17 64
119 60
13 15
57 79
155 75
84 18
148 14
115 65
217 24
88 82
47 9
199 7
229 38
206 75
106 43
128 90
52 26
88 70
80 99
89 47
114 72
175 90
188 6
168 1
9 92
96 82
153 33
96 86
150 26
40 81
214 24
171 85
171 62
101 100
178 18
85 56
52 94
166 40
53 47
167 32
54 14
127 66
198 31
87 68
52 81
144 76
123 10
115 83
8 40
106 75
193 45
54 94
109 22
227 19
83 23
73 99
148 5
102 92
174 7
70 67
129 38
43 7
89 12
21 98
29 94
50 76
26 43
62 50
94 12
22 81
172 2
197 63
206 93
115 4
156 90
179 12
160 32
84 71
221 76
71 5
205 79
23 2
198 89
151 65
208 53
122 49
3 81
164 97
216 29
2 29
73 85
80 52
33 2
61 42
9 7
163 13
28 49
25 70
50 68
27 83
119 39
228 36
44 22
116 63
60 39
66 67
41 6
93 82
172 67
158 37
187 40
26 9
16 7
69 40
63 92
199 99
199 12
160 17
179 100
34 89
217 79
80 66
19 37
57 74
87 23
155 60
31 68
136 40
133 97
194 55
26 52
17 5
73 39
119 31
89 48
147 70
24 94
58 62
81 13
91 28
68 74
106 23
14 99
196 36
69 46
135 12
25 94
67 51
130 42
165 34
104 51
169 52
26 25
96 65
182 36
146 95
80 40
143 68
126 10
222 57
227 2
178 72
9 56
11 100
47 1
180 71
140 25
173 12
191 19
92 78
131 77
132 60
220 20
13 39
83 81
78 94
66 59
101 12
146 34
25 88
225 24
41 84
172 83
24 45
205 74
130 3
59 39
165 56
18 24
209 29
12 72
169 4
100 54
194 14
2 55
115 99
227 54
218 61
214 1
223 4
105 22
56 51
57 25
10 24
150 43
82 43
39 58
57 4
80 48
82 92
63 24
44 86
166 67
4 11
187 23
116 13
74 54
70 52
84 76
173 22
224 98
121 28
40 48
176 66
84 20
104 70
35 32
87 95
139 14
34 30
229 36
213 56
48 6
157 8
141 40
180 82
173 28
198 57
180 79
164 76
179 27
152 69
41 57
98 21
172 17
211 66
186 82
209 77
160 72
74 83
16 24
113 40
30 58
36 59
152 33
144 63
128 58
90 26
177 51
84 12
110 64
212 29
128 50
14 16
45 47
93 42
86 98
103 16
197 79
228 60
208 66
174 60
219 77
69 39
229 8
58 12
70 28
76 65
214 74
9 37
174 84
152 7
78 62
17 48
142 24
122 52
165 35
203 92
20 50
200 3
48 96
143 95
73 11
131 98
95 54
205 10
223 5
116 71
211 45
149 51
210 72
37 100
159 83
138 41
44 42
126 53
36 12
161 8
171 78
190 82
109 76
2 60
88 87
44 92
24 61
126 73
14 41
177 14
218 59
22 82
215 50
204 23
136 38
44 50
34 95
206 97
77 12
202 48
59 47
100 99
176 16
164 10
108 83
65 68
88 90
221 2
67 82
225 65
57 27
103 48
214 95
195 52
44 59
46 94
165 13
125 100
115 54
32 33
129 96
121 60
214 75
181 32
33 3
135 86
159 66
173 51
24 79
103 89
9 23
13 20
215 99
11 34
184 50
201 33
15 13
21 14
224 73
144 90
136 30
126 54
62 21
207 61
116 65
218 45
65 94
204 40
223 63
76 39
133 95
183 4
76 18
28 65
86 59
54 83
27 5
173 53
137 97
208 79
123 1
75 96
168 81
10 27
158 83
55 7
86 56
203 44
210 65
137 99
180 19
221 49
35 91
88 84
147 49
110 42
223 37
194 98
221 90
23 82
171 82
10 94
162 21
191 25
110 18
150 34
61 23
89 63
102 35
184 48
28 40
9 34
81 69
8 7
27 76
22 75
156 87
73 36
104 45
192 29
211 49
223 25
35 97
44 82
32 65
119 91
52 41
27 50
177 31
159 28
34 98
205 6
70 69
161 90
184 70
42 1
122 96
210 76
101 42
22 96
85 96
208 76
82 52
201 3
92 17
153 60
226 15
152 41
229 15
59 55
36 10
213 94
81 52
13 29
149 75
185 30
214 71
196 98
10 47
101 38
197 28
52 84
103 97
64 65
210 17
8 13
224 36
156 92
66 99
101 76
68 4
20 1
143 60
121 10
214 25
185 60
51 35
120 76
60 20
204 74
62 95
193 57
32 66
73 65
10 63
143 13
118 58
33 41
137 64
137 31
62 82
143 27
31 56
36 65
154 54
8 78
23 70
104 74
66 70
188 99
145 91
73 76
203 25
118 32
87 23
63 100
73 36
142 9
130 27
162 32
185 35
185 16
80 86
71 16
214 7
177 65
47 40
23 13
115 32
53 24
179 19
192 94
189 26
151 73
86 7
70 33
212 34
61 26
53 74
95 5
71 89
197 35
73 18
192 62
144 76
54 75
138 59
71 39
106 6
47 74
224 7
189 66
89 35
59 17
156 94
181 93
228 76
98 83
138 95
151 63
11 59
88 40
42 53
107 59
136 93
163 75
125 43
205 10
108 87
181 8
59 71
41 49
58 19
148 48
90 24
210 86
31 87
205 10
50 32
116 71
223 4
110 73
7 52
57 52
124 57
140 94
204 83
158 34
98 9
18 40
154 30
69 44
33 75
43 3
132 96
181 33
170 8
70 71
50 7
81 24
121 16
123 66
183 50
48 54
36 46
34 21
68 60
182 97
112 1
227 98
129 91
50 95
21 11
49 3
25 76
5 69
219 20
158 49
90 14
126 82
136 39
16 83
54 96
8 80
14 31
225 6
89 39
78 6
108 14
203 65
111 88
7 20
167 9
1 68
29 16
57 50
114 58
193 84
34 79
91 44
217 43
7 45
17 5
53 22
71 30
208 49
37 44
78 14
47 7
99 36
38 15
78 75
15 24
148 78
138 38
115 60
24 15
209 71
204 6
37 50
140 14
32 29
120 42
196 67
181 61
68 89
148 79
76 93
48 55
222 88
158 4
134 29
7 32
115 23
213 34
106 31
43 16
79 44
2 95
58 44
126 36
70 50
104 29
202 43
187 45
7 63
46 15
12 85
152 28
24 5
199 35
102 63
123 77
51 9
45 72
62 42
132 33
178 55
3 83
57 47
50 60
182 82
132 85
2 48
199 55
60 11
134 58
121 2
42 1
46 36
185 26
144 30
27 67
63 68
194 82
30 28
70 55
123 72
196 66
91 99
193 13
143 23
5 88
177 38
39 55
155 38
111 51
202 84
207 66
85 46
21 54
113 70
98 42
211 95
121 15
199 44
184 58
45 47
166 44
140 96
39 5
102 24
137 13
114 20
138 58
98 34
98 34
192 89
92 16
173 62
229 100
97 41
64 49
117 59
103 76
70 82
142 74
70 93
206 16
16 90
155 61
102 29
43 46
62 100
213 82
182 19
193 39
64 6
7 9
89 91
95 69
222 84
164 31
130 55
187 92
178 16
168 73
205 81
113 1
227 23
45 44
6 63
58 4
100 56
175 29
93 40
44 8
95 18
77 9
166 93
48 32
179 25
150 64
96 83
115 96
97 96
214 98
53 30
132 30
126 52
32 8
186 9
158 79
68 47
70 6
208 97
166 87
207 51
209 16
156 19
190 88
165 39
34 35
22 60
177 32
137 84
218 53
171 31
12 3
181 83
181 72
217 75
74 29
104 35
95 55
142 86
119 69
171 57
6 19
108 59
152 2
129 75
11 29
44 51
62 89
153 83
139 81
109 25
149 27
225 27
5 83
122 7
75 60
157 71
106 26
150 25
226 17
75 71
69 39
158 51
211 20
85 63
130 79
99 81
179 39
208 14
118 85
155 74
200 93
188 50
156 98
166 12
86 74
40 41
209 32
176 72
4 44
71 83
108 74
83 22
93 98
102 52
198 81
197 7
19 97
21 12
26 68
153 26
124 77
92 1
39 48
201 31
141 66
97 7
134 91
63 55
154 52
20 23
1 87
152 95
144 98
6 65
167 99
8 63
155 32
19 16
17 25
97 32
35 45
7 79
127 100
198 2
81 98
64 25
198 29
107 87
53 87
174 46
60 74
8 1
92 76
225 40
157 25
77 81
96 28
151 46
21 40
62 39
57 78
203 38
100 67
224 75
3 74
95 64
85 91
75 44
112 33
98 39
123 1
117 99
175 23
205 19
189 100
49 9
76 24
171 23
3 68
188 41
54 88
188 14
128 53
211 33
27 19
124 91
65 87
66 63
174 76
228 81
56 67
193 61
82 96
41 4
109 91
176 75
125 78
57 61
178 74
61 97
193 6
15 82
207 69
151 15
197 99
229 27
77 10
107 3
161 56
134 29
102 35
27 83
48 44
48 31
189 80
177 57
202 86
200 23
106 30
140 51
46 79
109 76
4 13
117 5
123 9
79 73
81 63
214 68
216 30
13 93
148 28
69 7
79 28
18 100
110 48
184 65
64 47
29 20
53 1
119 66
72 87
73 13
84 8
45 40
221 94
88 42
183 82
192 43
155 4
223 97
222 8
197 6
113 65
176 58
227 39
203 31
205 79
138 38
144 36
34 57
171 65
212 24
20 23
100 23
141 85
148 97
38 51
66 12
138 41
3 27
6 87
68 5
5 17
143 11
166 21
34 53
132 57
219 39
33 20
58 4
5 39
216 29
87 77
188 65
24 30
16 15
97 88
141 94
46 14
34 70
37 68
160 43
197 79
153 27
134 87
83 7
25 69
186 80
135 60
51 54
215 14
172 36
170 83
47 93
94 7
57 29
28 22
223 62
220 16
54 65
222 64
82 88
40 70
70 97
77 11
22 30
73 80
164 2
209 42
185 9
45 12
96 26
57 13
77 35
185 99
50 36
88 67
74 95
90 63
194 10
73 38
145 54
115 11
220 59
8 84
34 86
46 82
44 16
113 18
145 59
61 68
201 36
212 1
138 4
91 81
141 23
22 37
32 53
1 43
168 37
108 1
129 70
88 82
205 94
117 38
129 3
121 72
178 54
54 100
2 10
221 58
39 52
196 94
228 29
69 30
177 20
110 58
90 84
62 71
91 36
227 66
65 62
17 8
81 6
215 95
41 91
88 48
227 62
120 56
194 76
141 70
143 29
135 56
222 96
67 4
50 90
229 58
182 24
5 47
52 32
8 85
78 17
185 33
67 98
100 58
193 31
148 86
136 43
96 66
47 24
85 39
201 2
169 50
68 84
193 49
193 29
41 11
62 10
103 68
90 2
80 2
144 91
8 1
183 62
153 89
163 79
29 90
29 42
98 17
14 13
103 44
142 16
64 19
31 9
191 2
187 44
107 63
156 98
72 14
146 25
65 50
6 12
120 21
72 81
79 87
137 14
152 23
191 38
128 68
71 2
176 83
143 54
203 2
201 43
153 86
95 94
228 71
9 96
43 59
215 83
78 22
71 90
49 30
116 48
146 49
211 67
147 4
26 99
114 66
206 95
92 91
228 80
21 91
150 98
93 84
100 6
135 14
108 16
187 1
107 23
148 48
41 49
61 49
89 40
113 68
20 81
99 2
144 63
198 50
142 60
214 36
141 88
138 52
41 10
195 58
105 31
22 24
23 10
59 90
35 92
108 79
123 33
8 97
41 55
165 34
167 94
204 32
22 5
21 67
22 75
176 67
158 3
88 88
102 76
146 71
63 5
79 66
102 38
36 35
117 47
40 8
30 15
74 67
135 90
116 34
120 25
93 40
41 71
191 41
212 46
97 20
128 50
14 76
99 18
212 24
52 67
67 37
225 28
121 48
143 95
14 61
12 41
122 11
42 98
19 8
60 97
137 66
32 52
143 66
141 67
38 94
136 97
38 1
63 35
171 28
72 27
221 35
35 31
6 65
48 35
26 63
136 73
34 56
172 44
206 26
24 54
176 75
28 23
227 90
177 40
182 88
96 70
5 39
17 11
195 81
30 64
209 74
50 83
115 89
132 11
80 71
175 58
127 63
88 86
163 29
73 15
225 41
176 64
175 93
95 64
136 32
155 9
67 35
12 47
150 65
156 79
118 55
66 38
207 41
198 54
120 82
64 49
70 38
74 36
147 76
79 52
227 85
182 64
69 51
51 6
201 95
24 32
9 33
218 81
177 46
140 57
145 35
71 57
226 74
176 18
37 16
51 21
56 67
12 5
27 40
44 76
190 62
205 13
71 17
27 85
171 97
47 4
167 29
180 75
213 22
175 91
12 57
157 2
143 44
195 52
213 8
75 43
48 48
23 53
65 80
