9150
529 59
425 35
1717 42
1417 99
630 19
1032 77
1677 3
909 29
1017 82
812 45
1095 55
163 11
781 54
1297 35
1076 55
204 84
307 69
1483 46
65 31
1140 2
1092 88
1368 38
1586 93
110 44
1394 51
1532 91
69 16
1761 81
1795 46
827 23
889 91
936 36
600 85
814 14
1731 38
1148 54
247 98
1364 13
1443 14
1140 99
370 18
444 37
727 39
1759 14
182 80
388 64
444 61
1499 5
138 61
880 18
847 33
670 86
920 31
825 29
684 71
820 36
546 24
796 86
536 88
1110 13
494 7
1247 57
1740 98
1275 57
473 90
329 66
583 19
187 6
1065 53
1188 19
947 16
761 60
1715 8
1777 64
194 66
1502 91
858 18
858 92
950 97
656 28
226 100
1188 24
457 86
90 69
921 79
626 62
1484 8
1162 8
1463 28
1257 49
777 22
950 89
1827 60
915 83
1267 44
1292 52
1763 13
1031 65
1537 10
1151 92
392 25
1344 40
100 21
1309 97
292 77
1627 3
1485 92
1351 47
1168 9
1249 79
915 54
1028 4
461 6
1827 20
995 38
1634 96
226 54
986 25
1153 55
1400 81
657 29
32 26
929 59
1493 51
1049 56
1344 44
749 16
1546 82
1603 62
1533 39
260 90
1395 86
1133 9
1381 39
712 96
1434 76
1237 100
1811 46
1399 76
370 58
673 17
1768 92
1029 50
569 16
451 16
1084 90
807 24
573 96
242 79
574 83
706 77
1637 13
1327 36
1616 23
8 76
1416 40
951 49
1682 84
508 73
1505 72
1810 45
548 21
849 79
645 26
114 72
509 100
900 61
1692 37
824 24
152 45
525 59
907 77
278 67
1109 80
1594 47
680 54
117 23
820 46
230 35
97 17
1349 44
1139 8
1766 89
63 29
1811 77
1199 22
749 73
18 81
1444 43
219 99
1072 77
939 89
399 54
1478 51
528 62
1420 86
361 8
223 56
1619 94
1200 63
448 98
1546 1
465 13
790 77
69 99
169 62
235 9
1639 98
854 52
231 45
1381 27
92 33
1778 56
338 88
1547 84
565 77
1575 22
1554 75
73 10
1559 100
492 3
1768 19
344 92
183 22
1298 43
1491 78
1447 93
65 82
1128 38
1020 39
1242 53
514 25
1041 48
1108 16
1542 32
646 72
1436 96
800 59
1160 64
445 48
69 16
558 49
1025 25
483 66
228 93
1582 97
1065 81
1236 51
653 53
1268 97
418 69
1060 48
549 60
1277 43
1255 28
402 32
1408 86
1481 13
1714 46
398 23
1532 43
1468 36
119 62
767 17
430 38
1510 64
62 40
1760 44
810 93
385 69
37 37
841 48
525 28
577 36
989 13
1681 27
132 92
1237 25
898 76
1358 99
162 49
87 20
1670 98
1379 16
1520 56
1305 2
1384 77
580 8
955 45
1621 25
981 32
1280 14
636 6
1362 81
259 92
1412 86
1783 92
873 37
1278 8
740 85
988 16
535 49
1447 23
1735 61
1134 74
1357 8
1427 56
1388 81
874 10
296 95
819 39
1033 28
1274 98
725 80
361 2
201 65
590 6
1601 65
1173 76
675 24
1314 19
619 95
546 29
1476 15
421 55
312 42
1024 40
1436 89
992 31
571 89
1430 46
1221 14
1625 100
1357 70
687 71
48 25
1655 49
1098 24
1128 52
1817 52
682 18
1658 23
218 5
590 31
1065 97
1778 78
929 19
19 38
1674 89
560 92
1588 25
186 95
1153 77
1251 90
1783 63
882 89
583 8
489 97
568 63
555 77
895 64
787 64
1635 80
1033 3
1785 54
100 36
1265 83
1430 47
916 8
683 64
189 64
1320 90
1151 39
1437 75
560 54
1813 16
1249 47
720 66
1101 66
1320 89
1104 66
937 78
1695 98
255 86
1278 84
921 82
227 27
1068 40
231 29
915 46
1235 3
424 60
1552 30
252 72
1510 33
1150 94
821 43
1736 27
1264 22
1489 4
733 14
164 38
200 20
321 55
1751 34
1322 70
1508 12
225 59
595 38
868 43
819 10
1330 6
150 44
762 97
340 16
1554 29
1408 58
716 91
1094 21
1288 31
521 19
610 43
1709 93
1607 27
610 91
61 73
484 54
1003 53
669 7
1242 14
523 7
1371 11
1253 96
1596 89
1688 99
1172 4
338 1
324 43
1321 31
700 31
1723 69
33 47
1570 21
249 11
1716 33
380 90
996 57
213 59
759 30
189 14
400 13
1141 85
1149 34
1487 45
1111 91
893 88
1285 99
1503 23
1107 52
1076 54
1539 16
1357 37
729 5
712 93
1111 70
1447 15
821 28
229 25
1767 57
1564 54
138 22
699 34
244 50
67 41
1735 67
1254 63
668 40
1241 88
66 36
793 32
885 24
210 74
361 15
959 17
358 33
490 37
1515 14
583 23
883 73
838 47
685 2
724 40
1041 16
113 83
726 36
369 82
1368 80
1275 32
548 87
1771 34
1143 83
1157 74
1217 34
1804 55
1043 9
1396 60
1000 4
1169 68
878 70
769 39
535 49
1029 52
165 40
679 87
1157 15
939 87
1600 43
204 56
1761 53
159 1
1091 82
1296 88
1824 39
296 64
1463 81
518 89
772 80
1573 97
976 38
1017 36
1052 95
1008 36
1781 83
1278 84
878 16
1000 56
1374 27
511 33
1027 50
270 22
171 61
875 72
1168 20
450 94
180 26
953 17
988 5
305 48
730 97
1358 8
368 86
47 16
96 3
1184 66
863 68
1071 94
300 60
345 12
319 57
263 48
678 85
15 68
1515 91
1540 10
688 73
1296 84
1619 9
1020 59
499 72
758 91
528 68
1559 12
1064 19
1825 34
1107 66
180 23
1546 48
1675 16
347 28
802 44
105 86
590 86
468 63
1394 78
1540 86
376 33
1226 33
397 99
267 52
1187 39
1513 69
365 21
1607 32
726 64
1791 48
664 82
143 23
892 75
174 42
1510 91
1413 58
675 36
125 2
142 95
1508 6
876 27
279 49
702 63
1033 57
1204 22
222 2
631 35
1758 86
1733 66
898 87
892 38
796 75
231 42
1057 5
686 72
1432 33
1309 53
1158 62
146 74
1709 41
1616 10
1431 95
1516 1
259 88
223 19
1241 54
1504 83
338 48
1774 78
1029 2
1707 39
33 16
1235 54
1454 23
553 82
1523 12
196 59
330 15
583 46
917 21
1336 85
191 99
275 67
613 67
779 5
87 52
1445 6
167 20
685 29
1353 31
747 22
414 74
1305 28
1374 63
1313 22
1167 70
1679 68
702 69
1 25
572 22
1666 64
1031 17
501 36
1673 90
1354 27
729 31
1258 34
421 15
707 33
1251 6
401 20
1278 56
1401 70
910 62
1736 79
1092 93
354 57
1581 73
1830 95
1724 19
410 4
847 87
1105 15
1480 53
343 83
76 97
1213 47
401 56
1490 19
95 85
44 53
214 60
216 71
889 13
1081 38
1487 43
1120 93
1569 54
252 61
738 24
1218 69
211 63
849 16
640 11
284 28
435 88
873 5
358 49
1320 98
1166 66
536 3
609 14
277 72
140 65
1596 73
1115 37
36 15
658 16
507 42
1818 55
295 49
707 86
1793 59
303 61
946 91
389 6
829 15
57 78
801 67
1503 64
196 40
119 60
1503 96
673 77
555 64
783 64
853 25
1314 48
1127 87
186 14
1033 20
307 55
39 47
1313 6
81 11
1291 47
1464 4
1718 15
1019 69
990 38
1051 37
585 91
1408 21
81 76
1169 8
935 39
961 7
1426 8
1260 95
1434 55
1111 19
1608 20
855 100
234 69
954 9
1596 20
982 5
1550 17
1408 43
937 22
1324 98
252 80
1275 92
975 6
713 80
1714 12
388 59
1129 31
1139 15
1048 60
1538 100
58 70
1299 8
479 15
510 5
212 82
938 62
425 83
1001 7
392 24
39 78
1210 70
258 92
1324 35
850 66
1326 75
52 20
312 80
832 95
1125 76
629 73
507 88
532 46
1711 23
1784 91
393 92
655 39
677 17
1476 88
1277 4
349 34
498 78
1360 46
1555 86
300 16
1465 86
1609 24
991 8
282 15
1481 17
1042 28
1602 55
278 56
1700 21
92 73
1071 79
433 33
1685 82
21 89
192 57
323 88
1054 29
91 86
161 38
804 57
1118 94
1152 55
46 21
976 86
1516 32
1353 55
735 82
1717 4
335 11
1575 80
1673 70
471 14
726 32
980 25
362 52
1125 6
482 49
1546 69
1125 47
868 79
631 45
181 59
1204 6
1082 50
806 12
1148 29
1391 18
1023 86
532 71
1245 23
969 24
284 12
1355 26
1789 30
983 65
1723 39
314 77
87 81
414 32
1331 66
399 76
506 48
1544 66
1603 96
238 27
786 14
389 1
1575 34
1610 64
667 23
1515 87
276 85
737 80
1541 56
539 97
1023 52
1731 44
1067 9
1644 98
50 28
550 8
1125 64
917 30
946 35
778 87
1621 81
1545 59
828 34
1389 55
1734 80
1314 13
157 21
126 49
7 13
444 29
1823 44
819 89
1766 72
1318 82
1476 29
828 48
1749 78
867 51
1046 19
1461 29
1023 84
1224 20
1104 33
982 50
1109 86
1516 48
1046 64
642 82
1158 79
676 51
1775 70
717 15
491 80
1090 72
1332 82
651 16
1083 18
1720 3
267 26
1698 86
272 71
725 37
426 19
1074 71
1239 63
1668 44
1211 63
660 89
1066 81
545 64
954 99
43 51
630 51
352 13
486 72
1232 19
1406 68
1483 74
688 93
1782 46
863 50
1037 13
1800 32
8 71
1190 20
1453 65
327 69
473 97
1776 98
1291 71
971 12
1738 67
1566 18
1227 14
431 58
1234 85
1188 81
1591 41
784 86
1811 97
510 2
1083 11
148 5
1617 60
559 46
423 88
546 25
589 24
1611 85
1712 56
364 2
932 44
184 88
1771 12
1073 10
274 42
672 52
1400 10
762 50
1147 81
387 91
824 59
1087 28
809 82
236 40
421 40
464 76
572 69
1008 72
786 42
1761 86
548 18
1728 68
350 59
1060 69
299 75
313 24
833 80
520 20
1525 14
799 35
1473 28
144 29
739 1
1002 56
453 34
614 99
650 14
1704 56
1486 5
366 90
564 50
877 29
1318 74
1170 78
4 61
1092 100
1489 48
686 12
462 67
1446 91
1283 58
315 44
591 65
1204 45
1475 28
1128 52
1191 93
493 17
792 67
1674 51
549 68
318 69
1603 94
1167 88
929 96
24 31
548 83
860 71
1820 89
101 3
125 3
517 48
1635 45
759 52
1639 35
581 30
53 43
1306 78
882 69
433 26
332 21
677 99
1572 83
1257 72
1777 69
47 49
1012 55
984 53
1754 7
153 23
1144 98
520 52
117 14
357 12
1081 13
1200 4
88 66
1694 90
1174 97
572 10
1152 76
839 87
496 40
1177 41
1357 76
79 3
940 53
120 47
1138 21
900 29
380 55
917 70
67 33
1429 79
739 59
583 68
950 7
119 18
15 76
1615 14
363 89
505 100
249 28
1047 27
1755 94
1746 2
352 52
635 98
1741 28
103 28
1144 60
1676 13
158 98
1611 36
1299 2
525 79
1276 26
1032 35
218 58
1122 95
1122 98
20 22
844 59
1259 53
1331 81
228 34
1511 68
1677 61
1057 22
1760 98
1643 64
468 22
1441 22
1092 5
415 10
825 26
525 9
595 37
1013 66
1036 87
118 97
265 30
1568 25
1731 75
1452 93
196 37
1661 65
1422 91
1061 72
1322 82
53 91
1647 67
1554 78
1720 99
293 72
908 99
204 17
1754 73
142 58
77 59
1712 46
621 38
1026 51
1769 64
372 46
612 54
1202 37
717 64
1219 80
1165 75
1306 82
942 99
1109 29
314 58
667 19
501 19
1197 17
992 13
762 71
1070 42
344 82
118 47
1309 36
1019 39
213 23
1119 91
1126 78
1348 74
672 26
1786 67
1587 80
1281 65
1828 64
54 78
215 62
1259 99
773 85
1508 37
219 45
886 40
360 74
1668 5
760 10
744 90
150 13
294 58
1020 48
415 79
1185 52
1634 18
715 99
110 29
109 25
856 98
470 30
219 60
184 28
746 70
1260 62
116 74
795 12
1653 67
1019 11
959 64
995 98
1784 84
305 48
334 81
994 46
1 5
1045 16
1278 27
908 50
252 43
425 64
1529 33
921 12
124 91
196 11
1364 20
1528 64
1170 85
1313 20
1400 22
435 61
1302 17
34 67
1523 31
71 36
1222 39
1689 70
1107 85
104 89
548 37
1683 56
1450 99
1305 37
918 94
1437 38
1468 22
714 2
802 35
563 59
1253 54
241 73
1293 11
793 77
1446 93
162 68
1134 42
374 49
804 52
1602 84
1737 25
1746 28
932 39
1785 7
1368 95
726 17
391 63
909 60
551 70
222 82
1194 14
1730 69
481 42
327 96
436 79
857 13
259 91
1235 49
703 89
872 80
772 76
681 86
1034 63
144 87
779 23
808 15
311 2
1193 61
1166 38
1472 23
1698 72
2 76
82 94
81 14
222 73
89 48
1806 24
568 88
1160 5
232 47
760 47
1071 47
363 89
817 91
801 89
507 97
63 74
714 91
1607 94
1571 11
1693 7
884 70
530 72
1804 14
1584 96
1625 86
1109 68
87 24
131 92
411 100
733 97
168 76
1322 41
755 21
1586 47
1629 65
592 94
759 72
435 71
329 86
96 82
1567 57
686 35
500 17
525 17
177 84
622 63
889 36
513 67
1182 62
1793 33
1362 40
191 34
25 52
1321 81
1373 50
806 20
302 41
303 56
271 72
782 64
1196 67
1532 86
1240 74
1074 37
1639 56
377 33
74 32
631 89
277 98
1014 96
159 77
911 8
929 74
729 52
1533 22
707 99
1134 87
482 77
1102 1
346 25
216 23
919 87
146 22
545 41
1730 76
592 54
45 7
1743 25
510 18
162 73
852 26
286 17
1139 86
1627 92
794 94
116 3
1775 50
1539 93
1820 96
1825 81
427 30
1223 64
1259 37
1356 2
1395 47
818 20
1674 64
1496 11
474 25
1692 46
694 31
158 48
255 16
1616 90
1020 26
1520 21
881 3
1671 100
660 14
1432 69
710 39
548 79
751 57
1294 88
1255 86
1665 40
1579 73
1526 74
586 38
342 60
107 37
96 38
1581 28
1060 18
533 56
1315 83
59 71
346 38
1186 49
574 80
1408 38
1656 50
1641 12
866 76
1033 81
1391 13
567 90
227 83
494 86
1744 19
578 23
1458 11
1497 42
737 69
1673 27
337 48
986 90
1154 79
1068 43
1606 95
396 30
1431 100
1308 9
23 85
1574 42
108 77
485 30
633 72
230 73
1610 15
260 23
1158 3
1744 65
1651 70
99 9
170 48
340 80
19 26
739 97
1293 58
384 4
218 9
174 97
1087 98
720 88
537 29
491 69
1037 81
243 31
350 21
967 20
863 70
1611 61
1193 54
479 65
36 9
1625 7
360 62
760 9
1546 79
1658 68
1014 55
1591 19
595 2
1314 65
1190 75
988 21
1070 80
1161 76
1529 38
1351 88
1518 95
967 51
1819 11
778 52
1025 75
342 39
135 83
159 25
716 92
304 42
1491 18
753 5
1475 10
97 33
1277 47
58 71
720 75
1660 85
393 90
1056 98
946 10
1211 43
1748 49
1633 16
598 46
366 35
519 18
1303 62
1329 22
640 5
1373 55
1626 60
1044 55
633 15
445 93
560 13
634 63
1342 98
1471 50
1695 39
445 34
485 29
1609 27
128 18
1693 49
1728 63
140 84
897 7
520 60
660 75
1435 27
1612 40
33 44
771 27
1218 47
1421 52
550 59
1085 15
715 79
1607 97
480 52
1767 87
773 37
1413 61
639 58
891 55
548 3
350 94
158 56
910 72
1098 82
1371 82
1271 28
416 11
36 87
1486 24
1010 13
1771 34
254 32
1743 30
1500 94
450 46
519 89
541 28
4 4
95 42
1024 40
61 50
50 41
31 97
749 37
1212 53
1209 90
150 40
318 84
1430 23
1496 54
831 26
1359 49
1311 46
1252 22
1319 93
1143 58
1450 79
436 50
1364 29
49 35
1415 68
206 29
1781 27
613 47
981 52
1143 28
244 4
386 19
1526 23
1577 80
807 45
1197 97
27 57
209 55
1076 17
1492 19
315 38
950 21
300 79
1751 97
1828 58
617 84
376 78
1584 30
1036 90
1629 91
705 17
967 73
1274 83
198 12
318 87
1085 19
1320 56
472 67
314 62
325 40
1150 60
1681 17
1361 8
1143 80
1256 64
1105 85
1596 15
1604 85
1151 86
470 45
395 38
649 97
281 69
863 19
1453 36
698 43
849 44
117 14
1552 65
1808 83
1055 59
1536 65
1114 39
1759 72
325 38
1660 99
149 92
894 23
15 64
1424 43
1052 58
762 53
261 51
1027 99
291 9
763 16
155 30
311 49
1628 20
527 24
618 24
1829 28
649 24
216 20
1139 96
56 91
1644 53
59 17
1401 62
1714 93
1041 76
1819 54
266 28
594 3
784 72
341 80
396 78
1057 68
10 59
1262 83
203 81
855 73
308 90
281 35
1160 43
858 99
420 23
1092 17
1656 97
350 64
481 23
1738 14
1199 34
401 20
1291 85
536 73
1494 87
1069 63
840 88
1127 27
372 37
726 52
1666 99
1397 26
687 98
1770 82
9 73
1372 8
284 68
942 38
1605 73
1370 33
625 94
1370 18
1438 19
1173 51
712 68
811 2
996 43
13 89
1569 55
892 86
933 40
1517 30
1474 23
613 40
1414 1
1432 39
1268 11
1672 98
1044 68
1085 96
670 73
903 76
144 75
106 4
353 85
1599 32
872 68
257 79
1315 79
1388 44
1365 95
1022 70
1684 13
67 60
1551 93
1433 67
1748 82
89 51
64 63
579 63
1374 53
1365 26
40 50
877 80
1093 97
1186 16
1394 32
145 33
1153 11
929 19
1786 86
434 47
979 90
948 77
747 37
1732 5
1668 53
1666 23
1259 54
1076 62
1184 81
1484 20
754 92
58 22
39 87
576 87
1557 33
1212 20
341 7
238 85
1260 62
568 31
955 90
293 8
905 75
1777 85
1661 93
564 61
91 13
485 29
1021 86
1112 60
1099 42
929 35
95 88
206 79
95 24
1451 21
1368 30
463 6
141 94
1415 52
744 62
1236 50
576 94
741 39
1232 13
170 73
1457 85
1114 27
957 19
976 3
357 73
1784 60
650 75
800 78
1755 97
1103 2
973 25
1200 38
385 12
850 79
1087 3
1709 71
123 80
785 98
430 17
1442 100
1394 8
367 63
1591 33
55 86
569 81
15 60
1271 55
401 94
874 46
1830 69
856 98
125 49
1272 57
1130 87
942 81
1096 45
540 79
1076 16
1646 94
1574 10
657 53
905 99
1438 13
1411 22
1182 55
1763 12
412 84
1736 6
429 87
127 60
543 73
42 46
1440 70
560 23
1498 55
297 17
264 17
1392 91
506 11
1614 27
1515 70
220 69
952 75
1699 81
1688 6
348 43
1789 61
1324 13
1193 33
1322 48
101 37
784 64
754 73
1594 11
45 36
713 25
1648 33
1385 28
770 34
1150 66
919 84
1453 65
1479 70
1432 22
636 89
302 31
665 96
560 73
1193 25
1441 4
1120 65
753 26
777 60
1186 46
216 88
1201 72
777 96
609 57
809 39
1579 96
402 17
1289 28
1298 33
743 12
1805 44
1029 23
1510 39
1551 85
982 75
1450 59
1101 58
1565 56
1374 2
1333 59
1664 29
588 94
709 86
1572 87
501 85
1252 22
34 91
333 90
1255 81
1274 41
1771 18
1056 44
1392 67
722 53
766 16
120 79
1795 96
343 79
292 95
464 83
821 34
1313 22
1813 6
1083 89
460 87
1160 1
716 41
1772 43
1036 72
301 84
1566 83
1540 61
1481 32
405 32
1669 51
1129 66
701 6
812 65
519 94
767 61
1411 11
1205 93
1706 90
657 67
499 63
806 55
867 80
1188 54
295 77
1090 81
53 19
260 32
1506 10
222 51
744 44
1030 77
526 18
70 79
542 32
101 62
805 34
1328 79
14 46
1128 79
748 13
505 43
1143 96
1591 93
378 81
108 33
1374 60
1317 75
1326 23
1686 3
286 83
368 4
74 27
416 19
1787 27
1545 26
978 73
1144 19
564 16
1313 10
1173 93
1154 92
1216 58
1055 33
927 5
328 43
598 6
1306 99
744 43
629 72
940 63
1022 73
1013 99
843 63
1796 88
275 19
1131 19
1608 94
1021 68
1616 60
919 82
683 32
1036 83
246 84
1091 74
977 36
725 72
861 92
1797 67
774 86
30 83
1368 99
1095 35
1796 50
467 86
1339 29
419 85
883 72
1418 44
1462 48
218 76
779 67
1273 1
507 43
648 65
73 3
630 85
217 45
1561 67
1327 70
1291 24
1445 96
1815 56
1296 65
1046 75
1811 26
283 42
751 15
1550 81
429 10
829 99
1259 3
497 73
1286 89
772 84
7 62
661 100
1038 60
638 46
1586 82
1293 66
1170 48
461 65
1649 40
1296 22
319 67
728 87
398 17
787 51
378 64
1452 77
1324 11
1125 11
588 5
483 3
1786 9
885 42
1796 88
