7435
1377 87
319 20
954 71
1254 54
1100 55
1261 33
60 94
870 72
259 72
523 76
630 66
102 85
597 90
21 91
840 75
644 69
1352 54
858 100
368 33
1223 79
719 51
214 75
858 85
1105 45
366 30
1067 54
467 78
644 1
812 10
913 12
662 19
43 43
1135 18
438 77
282 24
1009 5
1165 30
751 16
333 36
1167 63
256 16
1383 84
459 11
967 77
1057 53
615 91
1142 17
241 87
352 24
1245 24
1108 82
480 16
636 54
496 50
557 90
386 45
339 93
1406 49
1160 85
299 1
258 31
784 86
702 55
1083 25
219 42
1217 51
557 14
905 78
823 37
109 19
1349 69
1285 78
1288 13
197 56
231 34
762 48
511 25
123 36
502 63
1159 89
658 71
1250 35
514 74
427 50
503 67
402 5
1145 65
1316 71
1367 80
123 79
1425 40
1280 77
1077 80
663 28
79 10
504 92
1209 77
1318 16
1413 99
1046 62
549 68
218 83
1104 13
392 45
96 84
421 98
322 94
1297 6
66 58
772 71
197 86
419 25
374 35
408 36
1213 83
1074 94
1375 69
654 73
665 42
1230 43
1300 3
481 48
473 51
612 35
658 1
470 24
47 13
432 70
316 87
1264 97
801 82
1074 61
91 7
97 46
823 94
1130 3
533 10
175 63
583 82
580 90
351 43
1405 82
883 83
1066 18
1025 24
556 4
100 97
1153 78
225 26
845 32
1272 78
962 94
1206 54
1435 32
265 28
468 24
408 11
505 64
487 51
251 6
371 16
906 64
1390 31
163 83
971 6
732 73
592 9
1352 64
1465 49
626 96
425 95
7 4
456 54
166 79
1116 100
591 93
979 26
536 15
439 86
1323 14
1108 78
1278 76
1145 58
927 68
1444 65
656 91
840 79
494 91
1134 49
254 29
239 39
132 82
1121 1
197 33
342 18
891 53
1020 56
257 6
398 92
1218 43
1367 35
1252 94
1463 3
241 14
167 51
1041 48
1049 47
211 92
1199 45
1334 39
855 46
123 26
706 86
169 90
739 62
618 72
820 82
855 72
1329 44
769 14
867 95
885 25
1113 16
315 94
573 3
1062 79
1161 32
50 96
448 82
288 56
426 8
1162 77
906 94
1077 85
64 71
392 91
1119 25
808 91
521 1
576 91
328 63
833 20
155 2
518 83
1226 27
201 66
1071 36
487 65
979 25
1095 48
1407 85
396 91
234 28
1085 78
912 95
1262 24
973 92
710 19
1154 53
608 80
393 15
776 80
644 88
92 33
546 39
931 33
879 95
1403 48
1066 20
403 32
967 52
141 58
344 81
1316 92
1213 9
330 25
1158 12
1452 32
370 33
252 52
916 22
947 5
521 30
152 44
255 8
1343 9
267 41
1102 53
338 77
552 48
1336 31
1170 84
191 65
811 90
38 83
118 29
270 28
870 32
907 68
36 58
778 33
361 4
357 90
342 37
400 66
624 58
142 59
770 13
654 22
1263 5
889 74
113 73
822 99
835 52
118 61
16 54
1020 17
325 36
382 74
1004 15
401 65
1271 96
1254 65
1412 62
510 81
726 18
1365 70
1212 94
105 82
108 66
143 76
207 15
301 10
687 34
143 96
317 19
50 63
948 43
606 32
1166 25
883 32
796 83
1470 74
290 25
40 38
959 46
977 6
529 73
310 87
1226 46
1097 24
1249 84
861 46
1054 55
1185 35
915 18
850 30
35 23
271 72
206 50
472 53
38 100
652 37
1378 36
1333 83
356 50
1221 41
471 19
366 3
155 18
1171 76
910 16
1090 82
1456 91
212 96
1079 35
380 52
1146 56
477 80
621 46
883 42
606 9
157 100
1422 95
1421 54
78 71
46 87
492 82
480 51
1185 92
722 12
1316 53
894 22
692 84
1377 53
845 35
1468 53
1297 39
1277 68
893 76
834 34
925 38
966 90
416 65
817 16
400 60
914 31
1024 58
234 14
276 68
1001 14
521 81
1190 46
1381 70
408 8
558 41
593 9
32 91
1113 76
1328 48
1176 49
771 5
950 19
768 42
380 70
765 49
1186 6
616 99
1447 5
608 14
1173 51
1239 51
383 42
372 95
260 39
315 99
978 49
589 40
524 9
880 5
1037 23
590 100
653 90
665 6
451 98
199 71
1347 78
1232 31
1333 92
449 41
976 46
430 84
53 90
1276 56
1463 82
1361 90
580 54
421 19
634 41
697 45
78 11
1478 27
698 97
753 3
1332 60
11 19
385 3
1145 72
998 15
1318 92
1013 97
397 85
1356 1
707 90
360 55
223 88
967 29
62 9
606 88
260 12
112 96
456 32
111 32
733 74
1262 67
1181 63
681 66
205 56
1239 46
1065 84
1382 1
1463 78
901 10
500 78
195 55
127 44
138 6
1365 89
367 64
569 60
1274 63
1176 93
92 63
385 39
652 9
494 5
237 43
573 72
12 93
1455 27
771 39
1368 63
74 65
169 100
1295 36
958 30
931 27
251 49
944 51
139 81
359 32
342 17
545 100
785 42
882 77
1360 55
1053 2
111 91
540 83
168 90
1433 56
120 85
1154 36
1156 40
684 23
559 100
1100 1
231 24
1286 73
1064 70
811 92
1383 45
450 7
819 92
100 37
77 72
1174 62
1426 38
720 39
102 26
852 51
1346 42
435 95
857 96
934 42
393 60
481 24
764 7
4 64
1145 78
85 61
1224 78
437 21
972 42
1316 65
105 29
754 17
66 26
343 31
1080 83
413 50
394 73
1317 45
1434 2
730 55
785 83
49 59
380 17
1187 28
164 10
172 61
840 42
83 24
734 48
394 75
524 47
536 49
1383 17
1284 81
939 1
106 90
823 4
814 71
679 69
1362 46
499 96
291 12
1095 10
981 90
1210 28
993 63
725 27
919 32
1309 22
1122 75
935 15
257 37
1357 74
423 99
613 58
1181 94
209 60
1304 23
576 43
934 8
113 90
98 61
1355 5
1299 55
1225 89
1459 87
1169 53
1135 32
1340 66
453 69
1357 60
657 19
704 5
1129 91
1077 14
201 26
491 27
299 54
184 38
972 78
187 52
371 65
470 98
1095 70
465 87
1206 8
926 79
132 84
610 18
1221 1
624 92
825 37
17 50
762 54
1477 84
422 86
1347 31
96 9
683 29
764 44
237 27
370 84
632 55
429 98
1373 79
1469 89
1204 31
697 52
1426 97
106 73
21 72
790 50
565 51
605 55
622 3
614 34
715 10
271 65
204 85
756 87
64 32
394 28
1032 58
1017 55
1118 76
129 43
576 70
1166 28
288 75
1145 88
1048 56
46 26
880 78
1475 83
1014 3
751 88
19 53
1178 62
632 92
941 87
1441 84
1083 73
549 14
1199 81
1362 93
1028 51
434 57
1241 55
72 76
315 95
968 16
1177 61
351 87
604 70
1340 70
499 58
930 39
1235 80
352 90
629 92
578 96
1186 84
1257 9
128 41
556 68
145 95
495 36
1070 96
833 99
480 61
1238 41
206 40
100 87
759 44
92 3
1357 7
344 3
291 9
740 72
120 84
584 71
1314 31
1120 15
927 44
1170 31
1281 98
445 88
211 55
177 57
1074 85
710 78
85 100
223 50
1298 33
418 26
1214 9
1206 88
1040 40
671 43
129 53
39 95
937 89
194 65
273 53
518 16
1378 60
278 14
148 87
1451 49
837 98
203 52
678 91
805 22
1230 47
1449 21
300 93
590 52
1169 77
624 24
312 84
833 85
242 56
989 26
288 10
362 65
1426 77
518 61
1188 95
1380 45
997 46
64 84
1046 93
357 3
1046 34
498 64
1402 14
659 85
1182 61
247 50
1165 35
1393 1
406 98
234 85
1038 100
1243 10
778 3
770 8
1219 23
865 19
1128 10
108 73
434 15
195 2
1093 60
1331 79
486 71
756 80
733 11
1472 98
21 95
1247 76
582 13
1422 95
999 95
397 86
1198 53
254 34
975 83
276 83
766 76
1055 71
19 46
1229 21
42 28
1199 35
1184 30
1217 71
962 34
1478 66
945 12
522 8
756 65
933 36
178 77
1409 56
785 27
471 55
814 30
545 18
497 82
202 87
770 7
1398 95
368 66
311 62
679 91
980 27
1328 33
1405 38
1058 38
1382 52
1434 67
662 22
897 21
908 58
30 54
306 25
1467 84
563 60
70 77
433 4
405 12
360 67
692 81
109 37
906 27
897 34
1046 96
952 67
759 25
474 11
715 54
330 87
383 90
497 24
1156 43
632 39
526 19
14 71
813 43
1424 33
32 17
314 3
587 31
640 100
669 2
994 69
697 80
431 27
2 64
34 45
1208 13
403 12
862 64
524 75
726 35
1160 61
251 7
1477 7
1083 63
1011 38
691 4
560 2
1241 87
1386 80
88 27
208 45
797 98
62 73
564 21
990 31
505 79
542 78
448 93
198 6
1101 8
856 61
829 90
437 38
779 78
236 97
195 17
682 68
410 36
1392 58
1302 82
476 87
1366 97
1424 72
262 2
1158 43
1190 37
727 64
137 55
1048 90
1126 24
1184 5
1439 49
492 5
651 92
681 77
1118 37
884 41
976 13
635 72
182 80
1012 79
1177 19
547 16
585 71
1361 54
1381 25
891 60
1337 85
504 21
269 65
258 76
199 72
526 98
740 26
137 18
439 78
1381 59
1030 92
1220 44
1358 5
164 43
1068 3
588 10
1360 15
1044 32
1487 79
1273 15
160 24
887 49
656 47
853 85
989 17
773 85
1161 70
318 32
266 97
363 74
1256 67
377 3
68 68
127 66
119 58
1472 93
1022 42
226 98
72 85
1438 49
612 28
1005 50
560 35
315 51
269 13
974 49
855 92
1036 62
998 91
352 76
1184 77
1157 47
38 92
1199 52
1119 81
42 80
349 57
953 69
369 60
495 5
707 56
1077 49
1290 60
1443 51
1007 55
482 79
616 15
115 70
807 52
282 81
1139 25
1442 82
237 58
71 74
488 83
275 81
528 75
539 75
975 92
32 85
661 12
1055 25
838 40
208 48
944 95
424 66
1132 52
930 1
1476 41
1412 21
616 16
909 83
903 90
628 37
1179 1
1400 29
183 38
147 19
1308 62
482 1
141 9
556 66
479 2
49 82
237 49
1170 85
881 59
556 69
22 2
964 29
1052 87
353 10
282 73
372 84
246 40
1420 59
1447 71
833 27
627 3
20 39
1327 94
761 5
119 31
1354 46
923 23
1313 99
157 32
171 87
655 8
578 31
1185 54
381 88
316 99
128 46
744 96
1420 93
1235 96
552 1
1395 60
257 73
13 11
865 30
642 85
311 68
808 26
140 92
317 47
31 26
89 52
176 99
1190 90
798 32
683 44
38 2
962 77
751 53
262 33
1326 19
360 28
731 65
1193 16
181 7
1195 64
1304 79
576 5
176 51
1034 65
207 89
8 8
507 65
311 74
536 86
254 46
360 89
1163 87
924 10
434 99
877 77
6 44
64 5
1428 93
1255 56
1384 86
1145 35
175 13
1157 40
257 65
376 44
1105 62
1097 15
209 65
259 69
735 7
773 71
1057 2
323 5
1383 91
419 79
1100 2
1383 26
919 33
1054 81
1214 23
114 19
350 22
728 52
965 61
596 95
560 70
1321 8
178 23
1071 53
1387 87
1287 28
1393 26
753 78
1333 34
16 42
1483 71
650 52
1454 60
223 94
418 52
1049 75
793 74
1074 48
722 78
951 68
293 93
1423 90
14 81
436 31
82 92
99 27
592 54
706 93
86 11
1280 88
149 37
430 78
1071 54
461 36
1473 84
120 2
1383 15
1465 27
134 56
1259 44
1397 29
295 78
1204 36
261 8
657 27
155 51
1236 58
532 13
1290 6
206 31
1248 89
1090 87
1397 10
1432 91
389 51
397 8
138 17
892 57
897 62
308 18
217 82
1191 41
325 69
1224 71
1363 1
301 77
737 96
847 42
955 71
173 54
220 4
1455 30
936 5
388 24
740 21
857 61
813 66
36 82
332 41
765 52
1068 92
698 94
1146 32
1059 92
675 73
777 59
333 94
1083 24
814 68
234 44
321 90
787 80
301 58
1092 65
1452 67
768 34
1318 36
1173 80
1282 41
984 50
1063 94
1438 49
341 37
174 51
1112 52
1091 72
1288 23
500 30
1256 22
366 44
405 55
1421 6
360 92
30 14
343 69
177 8
63 14
759 11
250 75
1069 53
225 81
396 75
1283 92
863 16
622 4
201 23
1326 17
1148 25
325 45
914 20
630 46
841 14
699 31
275 63
981 9
235 48
1087 1
571 40
1248 62
1432 14
53 86
540 82
1323 10
519 82
91 16
82 18
1459 53
406 14
813 74
522 42
472 79
468 83
774 45
1030 68
1412 16
1252 53
1421 36
1358 46
315 31
470 58
412 21
699 17
1032 28
160 38
434 100
1465 23
994 40
610 82
79 4
924 13
1329 24
97 47
1413 44
427 19
463 53
479 55
259 54
79 46
1300 64
623 72
823 66
1283 90
966 58
996 62
1326 26
1288 65
70 50
80 89
1485 97
1116 27
934 87
943 7
1376 30
1390 17
1015 68
1131 55
285 52
795 54
799 34
1130 44
1426 60
61 68
518 48
1332 87
701 89
952 19
118 38
235 71
1322 71
983 90
460 99
452 59
1463 10
389 1
39 18
1126 43
355 11
184 99
644 81
746 65
948 2
1002 22
606 66
651 61
721 70
31 54
210 68
147 24
1386 100
461 25
968 75
922 91
1372 3
1482 79
1479 25
662 38
203 56
19 78
1030 79
350 42
107 10
982 85
1446 30
921 19
1070 36
815 87
614 57
965 77
1147 77
983 19
1345 100
1372 47
1345 71
274 79
655 55
930 80
358 56
270 10
1233 58
875 10
740 30
1381 13
207 11
824 21
145 18
1439 4
1032 46
892 75
1330 17
463 72
1334 11
767 83
1131 28
791 63
1424 9
717 69
352 94
959 1
295 17
1276 31
408 11
981 29
412 99
990 53
225 70
1387 21
1161 95
1177 75
442 44
887 96
616 11
1010 2
184 9
887 31
940 26
351 60
316 3
284 28
328 48
428 97
461 92
448 51
15 34
1348 2
67 92
799 6
869 87
1346 18
76 34
998 84
767 41
1480 53
634 23
840 10
295 29
449 29
323 93
342 16
347 86
1484 42
363 78
32 64
789 63
775 26
540 98
310 86
560 41
876 6
772 93
84 3
1106 45
1441 52
459 82
1309 27
832 30
104 62
1214 57
862 38
1006 67
336 8
606 36
1046 91
1439 34
1355 97
190 46
1113 8
1196 75
679 83
954 27
1130 26
1280 70
741 50
208 13
124 96
845 1
345 76
901 58
1292 20
1023 22
1386 100
645 5
398 6
757 29
1165 87
1071 67
612 34
1156 32
654 75
914 59
1231 93
636 14
930 38
582 99
1305 6
619 76
166 49
454 85
73 35
932 56
445 86
1378 96
348 24
964 41
1198 41
678 59
970 83
920 99
389 51
1149 11
1278 17
1364 56
243 8
745 28
671 93
561 2
1337 54
677 73
643 60
299 38
780 42
641 1
247 66
342 5
1189 36
697 9
1353 32
1206 70
56 41
187 99
1118 22
17 55
513 94
1128 26
1298 100
948 32
1147 37
1388 12
1075 10
353 9
1043 6
12 83
1416 63
1369 44
1194 93
1409 30
102 66
476 90
1013 85
576 60
1126 30
235 90
285 49
264 88
549 79
297 14
834 77
545 17
142 100
1424 75
491 62
1317 69
1178 2
1131 6
259 16
930 84
531 53
995 58
560 70
899 32
182 75
1209 20
403 37
525 1
143 11
749 21
973 1
516 55
834 10
1016 74
746 56
3 95
546 65
1480 86
31 76
167 50
1172 27
1274 70
270 86
350 14
458 49
869 43
145 15
997 74
451 15
31 39
1347 75
460 69
1357 9
1038 17
981 8
491 64
943 51
1225 31
1227 24
148 25
1142 13
940 66
703 92
923 4
1337 79
559 14
742 82
40 38
4 57
785 10
1215 42
1461 42
831 54
1431 10
922 30
1056 51
1059 9
20 81
1243 87
433 52
247 87
1128 17
1117 53
797 64
1248 84
858 36
1338 61
86 41
680 19
156 90
453 68
792 98
1325 43
1289 95
194 35
1102 98
1046 34
125 14
1216 36
880 15
1051 36
336 19
14 7
474 35
1037 67
120 43
652 68
284 77
468 54
412 58
342 49
714 28
1344 94
290 5
651 83
1076 13
857 80
303 25
945 11
396 76
556 79
1073 64
597 59
417 5
791 41
61 76
1436 99
445 67
776 96
683 51
502 48
1396 32
470 9
1211 64
69 96
254 32
922 49
835 77
1250 12
1334 65
996 17
812 67
858 50
1077 95
385 27
362 32
1429 28
896 86
1443 70
741 14
1161 60
672 27
289 1
1033 62
576 15
645 65
28 10
217 99
1234 49
1274 34
556 35
638 23
714 64
83 69
556 65
683 22
621 5
783 34
1329 16
634 4
60 93
1344 72
85 57
1173 65
1433 71
393 74
1430 30
502 71
176 51
324 69
1388 45
572 39
1090 11
1051 99
699 99
1346 15
1475 33
20 84
445 58
31 41
1039 56
454 83
906 16
968 69
92 43
1476 56
1240 31
1174 70
1260 69
830 89
107 71
273 89
568 54
892 91
259 69
424 35
1214 61
1295 78
327 43
824 22
350 81
1169 53
286 67
648 20
1126 21
1233 99
266 80
969 41
166 67
53 83
484 74
134 93
962 48
663 65
752 88
1145 71
187 16
896 1
12 51
840 27
208 28
486 77
369 69
1425 8
58 27
935 50
808 46
915 58
747 81
736 39
128 14
1168 26
116 16
1473 35
342 41
1343 96
817 6
106 85
1104 68
1251 14
580 3
451 18
174 48
705 76
872 17
952 93
795 24
611 62
60 76
964 23
389 88
637 32
1388 95
612 85
1157 89
1403 72
333 70
167 87
959 1
206 62
1428 24
7 63
1086 59
1158 75
249 13
446 16
149 23
1324 73
441 56
336 58
905 13
826 72
234 37
807 11
534 88
829 72
1257 92
1397 96
1093 78
795 80
715 99
1173 68
943 47
1431 75
1319 36
839 39
1100 13
1288 86
751 91
1243 38
916 89
1000 21
1357 59
771 28
870 62
280 68
586 55
736 80
435 45
646 57
256 2
655 5
1358 58
1190 29
1452 76
881 84
1351 52
1204 72
1186 13
1063 33
61 32
1204 75
921 80
80 57
763 22
311 32
1252 65
571 51
1103 10
535 6
794 34
1224 58
1376 2
317 93
615 31
1375 8
788 19
820 83
494 52
157 5
919 67
565 70
1309 23
1374 64
910 70
444 9
625 32
839 65
738 99
1111 8
935 53
1148 76
1248 31
433 70
1343 97
406 95
459 84
774 78
1215 85
565 9
39 43
333 47
699 23
1438 16
716 43
376 25
1035 90
378 27
92 54
572 76
861 79
784 15
846 32
1274 78
1186 11
1113 74
365 95
204 80
1363 84
1266 78
767 88
721 69
134 11
280 11
592 93
799 56
1352 36
88 100
1062 41
1362 57
105 37
591 42
984 93
765 61
543 30
769 81
167 20
1084 8
702 51
1069 8
1355 95
647 13
875 65
1417 77
259 83
526 40
1268 71
1186 4
550 51
426 63
126 81
830 67
127 76
65 100
1245 94
448 10
54 47
495 94
235 76
1255 84
1138 24
866 25
1160 58
893 95
1100 55
514 32
782 38
1339 68
809 70
759 17
1370 5
994 73
704 2
1037 81
804 37
1345 56
1150 2
993 51
351 60
253 61
907 96
685 72
419 99
652 19
452 57
296 26
1119 85
1225 73
610 72
243 81
1375 33
874 14
968 87
432 60
756 97
188 34
462 21
140 38
1328 32
96 91
1200 62
929 71
26 67
829 37
718 36
1263 48
48 27
244 1
1282 77
944 32
250 84
402 43
663 6
581 17
1140 95
1102 5
622 27
1105 99
402 49
1097 80
510 85
133 7
364 71
147 26
980 20
939 65
233 20
435 73
712 92
540 7
253 40
1168 81
1250 27
1381 13
189 16
1323 48
20 96
238 92
36 19
1441 94
933 100
980 27
979 71
132 60
897 100
607 9
225 63
1028 47
551 20
5 23
91 4
1431 32
420 34
87 54
36 64
1178 76
929 73
412 61
687 17
1253 71
713 66
1395 50
1152 32
1073 100
597 47
679 43
583 14
1186 81
182 34
114 82
1064 100
391 77
283 34
1423 92
618 73
499 68
744 58
697 8
110 54
521 57
65 15
1323 94
946 43
962 23
1292 41
1107 71
9 49
181 45
594 24
1077 74
418 94
109 14
51 17
483 14
1231 52
291 35
1341 91
211 13
821 75
977 93
345 89
238 65
339 72
685 15
965 72
612 13
1284 23
1241 12
1376 77
