1272
94 68
131 60
131 57
23 95
80 100
127 94
215 17
226 42
238 39
116 12
115 54
131 11
76 89
29 21
248 20
127 9
68 56
223 36
222 10
98 51
163 10
229 71
199 78
20 83
104 74
212 15
142 42
245 15
65 60
185 23
151 63
21 96
143 70
33 55
24 65
210 57
224 46
131 91
104 99
42 14
105 2
121 79
185 22
231 30
234 56
160 70
111 19
44 66
209 4
152 8
215 8
58 35
20 45
198 27
84 68
17 93
46 75
120 90
23 34
253 11
161 59
243 55
45 73
23 58
208 55
20 16
113 62
231 58
12 56
56 38
41 88
58 76
136 89
132 76
209 29
36 27
152 21
131 81
125 82
70 82
5 21
85 30
122 12
58 30
112 38
246 78
211 52
225 79
34 62
242 19
158 89
187 45
19 93
131 24
79 70
226 75
34 47
12 99
243 65
58 33
198 44
44 9
136 7
81 12
5 39
8 9
33 16
108 17
69 52
180 68
11 11
125 42
159 53
131 85
162 39
197 67
199 54
138 34
230 34
204 1
74 54
133 84
254 75
189 91
98 4
167 44
71 30
76 87
116 5
36 17
25 48
178 75
218 30
22 77
51 34
81 40
54 32
203 83
155 91
44 78
174 61
11 81
111 8
18 1
157 98
49 76
231 24
245 39
95 79
115 54
66 83
225 36
21 49
129 68
147 83
6 58
132 83
203 97
87 96
99 9
215 100
158 77
254 26
108 9
133 14
105 6
3 11
98 37
187 14
207 89
86 50
56 93
143 89
233 50
48 31
3 97
31 12
62 5
4 88
222 52
50 67
57 38
243 48
250 64
161 91
78 17
120 67
57 75
33 42
117 29
19 48
203 98
131 9
166 82
234 1
252 75
149 88
244 62
221 29
216 88
18 48
245 93
223 15
168 16
168 24
154 74
178 80
248 70
241 86
79 74
59 13
192 6
40 77
67 73
24 91
44 80
211 62
100 95
38 36
133 41
133 23
206 66
128 16
40 89
226 29
120 96
89 4
70 72
146 99
71 60
66 8
148 64
216 53
74 26
131 6
30 20
185 47
232 7
22 4
173 6
11 68
43 44
72 81
28 89
143 52
193 43
34 98
43 18
55 52
251 15
171 54
93 48
169 99
51 12
114 17
187 86
139 70
240 37
247 42
98 52
151 9
160 6
161 2
44 69
215 42
220 85
68 21
64 76
64 6
106 30
12 35
173 31
150 9
85 48
43 75
103 20
93 9
213 82
3 21
212 66
94 22
63 97
115 25
245 99
44 86
210 18
143 94
186 50
168 77
172 72
2 87
48 49
65 50
112 65
107 19
98 93
147 83
137 10
201 2
188 58
228 72
184 47
150 59
242 40
251 66
53 91
28 15
35 6
37 9
55 56
172 14
94 20
207 15
62 73
219 19
157 48
185 100
232 2
123 28
139 80
182 52
209 78
149 37
144 35
77 82
26 50
111 60
169 15
201 15
102 25
3 7
120 74
145 13
130 14
114 11
154 79
244 88
1 95
9 70
229 32
229 98
215 94
66 78
166 29
28 77
192 35
238 92
189 81
4 15
138 38
233 4
51 2
69 26
85 23
4 18
55 3
72 2
175 75
166 45
86 53
138 64
140 11
135 55
185 99
243 63
191 53
241 70
105 36
181 38
19 79
61 78
80 53
201 21
117 97
47 30
224 83
177 9
159 93
36 2
17 65
58 69
15 37
231 51
61 52
56 96
94 98
193 12
248 66
20 95
89 1
138 37
218 47
39 27
149 46
57 50
183 14
98 61
192 44
53 8
71 39
8 12
36 42
120 68
136 28
28 80
254 92
207 55
55 40
241 43
66 70
153 8
127 46
8 3
10 13
7 37
114 52
15 25
232 12
181 77
143 52
45 52
68 21
131 100
172 22
214 55
23 85
90 58
129 35
84 29
195 35
210 46
15 49
76 77
64 79
131 22
188 93
240 60
191 6
179 12
44 42
222 54
77 91
209 85
101 33
153 91
64 68
149 28
146 26
24 7
216 95
9 10
102 14
71 75
136 37
240 10
69 42
176 16
141 50
135 41
24 92
182 16
105 39
190 26
205 62
96 73
80 74
229 46
60 71
166 46
67 21
125 51
9 33
140 45
222 25
232 90
198 32
122 41
247 23
180 37
25 41
158 84
149 87
50 91
118 21
143 83
64 69
59 100
241 33
142 76
138 56
111 40
178 27
145 4
109 94
223 60
171 3
48 66
232 66
46 1
190 14
102 68
198 48
108 82
158 32
159 19
98 35
242 71
195 99
117 87
225 33
109 78
87 85
217 30
190 32
244 99
76 48
1 22
221 99
95 94
86 69
6 5
144 79
150 72
58 71
47 98
217 96
202 10
145 75
106 69
6 51
133 15
217 32
208 57
110 75
185 31
223 9
90 68
48 22
172 81
80 38
90 37
101 73
155 77
110 80
161 18
55 75
150 99
98 70
102 36
121 16
164 12
14 40
43 9
70 55
81 13
119 6
54 31
177 38
49 51
32 75
206 49
231 10
204 12
156 8
24 63
76 3
221 50
148 64
12 61
1 69
167 15
128 68
140 93
157 71
38 25
240 6
224 74
60 59
174 72
24 55
119 24
18 71
22 33
88 29
188 16
36 15
35 25
39 28
30 73
66 89
28 71
75 73
156 31
213 5
31 49
14 26
217 60
92 60
16 78
102 91
242 19
134 44
216 55
137 64
222 6
27 51
184 93
215 50
25 26
206 73
31 73
144 65
6 61
241 82
145 6
161 19
77 19
42 25
194 56
162 7
247 90
31 54
180 44
59 84
195 69
4 66
73 53
6 15
132 1
108 81
40 35
28 65
216 11
136 69
176 72
35 67
192 94
228 62
79 77
200 82
31 25
249 9
175 1
221 82
221 69
184 86
156 65
130 56
140 30
180 100
35 70
185 65
8 16
20 83
69 27
129 84
100 25
248 44
67 100
120 69
56 34
138 24
94 21
56 18
173 91
198 29
151 39
6 64
11 82
28 98
224 65
156 62
161 30
165 17
125 53
84 82
66 12
206 93
246 56
32 54
150 89
2 3
6 18
73 1
16 28
243 84
99 57
186 38
137 88
114 6
10 1
40 37
245 91
39 44
117 51
164 34
55 35
72 86
89 60
136 95
63 25
106 73
116 36
245 73
192 63
78 41
150 23
97 54
183 76
164 58
173 60
243 76
241 19
196 41
110 20
67 57
137 82
62 99
241 28
12 74
244 97
84 10
46 3
207 19
11 63
153 61
247 45
198 32
171 83
110 13
174 66
115 91
104 58
198 29
66 56
199 84
38 48
245 10
116 44
41 42
130 48
213 76
196 34
166 47
184 29
181 9
171 1
22 63
174 74
112 41
110 39
249 18
57 53
205 60
63 88
161 99
172 10
111 10
102 72
182 16
182 75
163 53
60 88
112 18
220 27
117 63
31 22
247 80
93 60
113 32
144 71
194 33
89 7
159 95
138 95
141 53
194 70
12 25
253 17
182 3
31 86
119 42
79 92
147 98
232 19
99 51
254 34
218 12
43 18
12 16
191 30
206 9
184 5
126 30
84 67
140 94
70 40
223 12
114 70
250 19
30 13
25 20
85 71
46 37
45 16
13 76
98 54
95 84
125 32
42 86
213 88
133 5
105 42
95 78
211 72
208 66
84 55
97 29
88 22
3 88
169 95
188 91
98 46
65 30
41 21
225 5
251 50
185 8
12 73
136 93
218 28
226 9
53 67
205 11
115 70
160 26
148 5
184 17
56 91
188 79
20 76
98 28
233 20
200 67
84 46
26 25
231 32
116 95
152 17
142 4
164 31
163 34
201 1
154 62
20 71
227 96
107 4
54 53
242 20
187 72
228 21
69 10
212 99
86 19
79 17
192 94
242 62
129 82
101 10
121 8
77 93
32 75
72 68
191 80
239 83
73 38
225 16
235 75
130 84
80 56
206 22
125 24
99 28
204 10
229 73
45 70
126 60
182 19
29 91
213 89
188 25
123 46
112 52
235 84
226 85
114 54
160 11
30 39
128 73
130 66
161 14
215 93
197 62
94 84
28 65
244 64
225 39
44 64
38 26
213 19
134 46
163 43
205 58
42 95
102 91
197 89
50 48
241 65
114 25
176 12
235 1
235 63
166 59
124 51
134 77
20 40
117 14
243 87
198 88
130 83
84 97
197 80
228 42
176 96
194 23
238 91
197 85
6 54
53 36
214 68
86 34
24 35
136 93
112 61
22 52
220 38
85 10
209 36
160 27
68 57
237 75
191 28
113 2
250 61
9 51
139 40
212 62
168 74
108 60
139 91
167 47
139 93
4 89
15 87
205 45
162 95
22 39
197 81
235 9
139 87
237 43
113 75
223 83
86 47
213 66
193 36
122 4
118 81
53 73
203 94
123 39
99 38
52 69
126 65
83 19
234 1
102 15
187 52
105 1
246 14
44 29
97 10
123 89
13 97
178 18
189 64
80 36
251 92
2 86
219 66
242 30
68 13
144 69
152 49
160 98
196 76
41 7
173 13
239 6
59 73
144 68
2 52
35 27
22 16
72 35
145 51
58 100
245 58
130 66
72 70
104 24
170 4
114 73
167 27
85 47
97 23
84 16
49 39
91 9
212 39
206 49
47 42
76 45
63 34
197 1
168 80
5 39
170 85
15 22
94 28
199 15
148 47
4 34
168 25
144 59
211 84
223 53
215 41
2 31
36 56
47 30
91 95
111 87
69 58
95 75
232 63
68 87
116 56
22 88
191 61
222 89
254 70
97 48
27 14
213 83
21 65
243 99
2 21
195 81
155 38
182 36
71 33
105 80
194 95
252 40
22 59
180 47
222 86
152 60
76 63
125 5
78 42
110 6
164 3
31 22
27 77
102 67
65 64
124 71
239 96
166 55
149 96
56 95
144 11
88 13
87 34
74 71
85 90
119 64
87 40
89 47
241 65
148 39
114 5
13 47
98 54
24 67
247 63
146 5
200 48
158 12
112 28
227 70
81 59
23 42
207 27
103 99
149 76
157 60
53 79
180 25
56 5
91 47
190 100
135 55
153 57
120 43
10 20
168 58
212 39
2 20
196 91
21 72
199 56
186 52
53 66
119 75
177 4
149 76
35 8
247 51
243 11
233 89
251 15
182 49
157 22
247 17
145 13
219 67
59 97
117 14
180 49
225 77
161 27
245 46
219 71
90 57
106 33
97 18
82 39
154 54
69 8
227 61
172 25
49 39
207 63
81 50
63 99
214 32
170 4
240 16
179 48
194 54
159 58
235 45
90 22
214 65
248 87
149 70
222 69
174 22
200 11
37 83
102 90
30 10
212 42
178 45
214 75
210 80
142 16
85 32
22 10
134 95
136 61
67 61
44 71
97 50
99 49
39 95
104 11
101 47
113 95
189 33
252 19
45 21
33 15
84 82
173 59
203 57
215 69
106 81
236 58
183 75
95 53
150 42
194 85
181 40
242 87
48 9
190 42
152 73
95 50
139 75
227 1
3 82
173 1
40 11
93 10
240 37
150 81
189 73
23 16
167 2
90 95
181 40
26 27
39 53
171 87
62 92
160 72
195 92
227 95
118 42
65 33
35 97
185 75
197 37
22 31
212 54
113 42
91 39
110 71
2 53
82 78
158 50
83 53
217 75
76 50
116 97
251 62
228 70
186 8
5 37
184 85
102 66
132 25
96 1
93 34
44 21
219 94
4 93
148 15
73 92
227 96
198 60
133 12
242 18
81 6
127 93
251 25
221 32
239 42
59 71
14 76
237 54
28 19
104 28
30 20
222 69
211 63
55 27
129 98
175 85
191 43
179 31
187 68
213 29
167 46
153 39
127 68
107 34
239 38
63 17
86 100
157 11
172 67
155 7
15 35
119 24
254 92
214 21
33 83
183 84
192 92
74 7
206 31
178 22
50 55
145 55
18 51
58 99
192 55
114 66
95 75
97 4
102 100
102 17
147 59
225 94
88 11
95 89
20 91
201 34
233 86
32 69
227 46
242 69
253 70
3 21
138 24
115 13
154 70
69 91
133 48
39 29
169 11
131 41
204 76
233 19
253 84
116 88
159 24
162 60
53 22
19 87
83 3
161 77
173 2
14 67
38 53
247 8
77 78
236 33
145 63
9 98
143 39
216 15
55 70
17 64
139 53
218 77
168 45
87 26
161 29
222 61
99 40
150 21
119 7
85 75
83 52
229 26
44 57
212 58
128 90
47 8
189 59
28 17
27 25
154 97
161 61
190 59
13 59
67 92
114 84
131 62
62 58
242 55
221 13
164 35
149 74
174 32
223 27
239 39
129 92
253 36
195 51
138 87
136 76
125 45
46 68
84 62
31 85
128 81
145 45
60 40
121 15
74 41
118 87
215 52
190 86
51 39
26 91
199 61
54 52
84 86
220 79
253 62
249 5
80 99
50 27
133 84
106 33
58 8
147 25
11 58
195 89
48 41
199 50
191 23
132 41
17 43
59 85
182 39
105 98
51 28
148 5
211 54
175 61
178 70
147 42
59 23
112 78
232 17
222 82
162 55
210 73
87 43
149 21
81 13
144 55
230 49
130 41
16 7
65 11
81 25
239 78
64 65
5 46
112 59
90 41
162 42
168 35
63 65
153 22
114 23
72 63
94 49
180 32
49 54
180 83
147 34
233 18
2 77
24 21
214 31
237 8
209 88
19 29
166 36
118 93
250 18
177 65
250 54
158 75
165 13
237 33
207 39
64 62
71 94
163 6
139 83
167 53
20 97
238 18
53 9
86 53
100 14
128 1
55 93
50 87
122 75
61 9
225 94
122 16
193 92
38 57
161 5
64 66
230 75
250 34
213 51
218 18
222 22
185 37
203 47
175 51
154 26
216 85
232 61
218 78
128 62
139 28
7 34
151 17
12 31
204 29
20 52
232 76
241 30
235 49
159 43
173 53
111 12
73 4
172 46
239 66
217 56
140 65
27 30
128 70
107 67
34 17
194 42
101 50
150 3
174 77
1 54
140 86
124 67
46 47
66 96
60 48
87 55
116 80
162 89
47 55
137 52
64 69
20 29
29 63
206 27
149 39
103 91
216 12
199 87
104 50
175 75
57 19
70 65
248 17
128 3
186 62
245 34
216 17
202 19
218 20
211 61
233 61
23 90
178 68
161 60
16 87
19 57
155 82
41 25
234 42
122 43
115 79
13 12
188 64
87 74
59 63
213 40
167 15
212 83
105 97
210 34
141 88
201 28
232 9
239 39
70 95
147 49
165 28
17 79
81 66
210 81
29 56
203 45
62 89
116 56
134 56
152 71
74 85
85 79
48 31
26 63
148 98
74 12
170 50
186 91
250 37
109 16
132 97
188 95
192 21
15 63
50 10
9 28
27 86
188 84
180 16
187 88
75 12
106 43
220 15
81 35
227 55
159 33
119 27
203 66
69 90
63 74
77 31
77 17
167 45
110 23
249 83
116 95
39 77
11 42
84 65
137 91
79 9
162 61
192 24
157 43
132 24
170 10
22 75
234 58
78 78
120 35
209 6
143 16
81 73
115 81
75 45
54 27
220 43
71 82
169 93
56 35
11 99
76 62
223 54
146 96
29 12
123 59
209 54
12 97
112 28
221 52
134 35
228 98
102 67
80 77
68 21
213 30
176 6
151 55
4 39
64 21
82 19
190 84
224 93
200 74
94 46
203 94
227 9
177 32
149 8
89 74
224 26
55 84
149 14
249 13
40 21
178 26
253 98
232 15
95 72
185 14
193 77
176 64
8 59
23 90
81 78
195 49
138 71
197 73
132 51
27 16
198 76
159 49
195 20
210 26
139 73
237 15
144 14
99 39
167 43
28 43
86 33
5 99
236 49
73 45
223 52
194 28
205 59
103 21
9 81
84 17
123 78
5 8
142 9
22 62
194 28
224 75
40 57
26 38
121 60
9 10
237 25
64 37
157 82
18 67
230 70
158 3
159 13
150 81
74 75
3 75
252 88
230 17
149 39
173 8
46 32
149 6
105 8
225 74
150 27
5 6
66 33
138 57
170 9
26 60
194 70
111 56
206 74
88 87
185 60
171 32
245 93
73 68
71 25
138 77
204 34
23 1
29 50
55 86
18 34
245 47
6 47
205 63
184 90
52 3
217 100
125 100
240 83
144 11
96 26
55 52
206 32
19 37
195 29
161 58
203 74
190 27
112 15
96 34
243 28
121 3
178 96
68 34
123 78
49 82
114 35
50 55
58 94
42 71
152 84
186 2
130 53
81 57
216 49
65 11
16 94
174 16
63 21
70 1
23 23
25 3
126 22
34 10
60 15
253 44
77 34
226 66
149 50
3 65
241 89
32 84
220 63
232 46
55 81
226 64
47 39
150 9
9 71
25 81
211 45
175 97
71 30
162 61
19 46
248 79
179 87
78 78
151 2
200 54
12 25
67 25
89 2
243 45
145 74
159 99
141 6
114 97
93 45
212 44
91 20
186 89
147 33
13 91
245 54
227 79
85 98
35 78
41 55
19 41
29 85
11 68
10 59
245 87
34 30
215 8
183 6
190 91
30 57
160 100
178 56
92 35
169 86
254 52
161 69
235 74
144 57
53 84
221 27
177 41
150 78
198 23
71 61
219 28
70 47
204 14
118 41
104 63
225 92
35 95
179 91
41 53
58 63
156 56
98 60
12 63
133 84
39 8
38 17
63 57
29 20
5 70
226 74
181 15
43 56
148 89
51 84
19 6
171 16
150 92
102 21
57 67
97 15
168 3
104 11
13 31
211 44
96 29
123 86
130 95
179 38
72 73
224 25
127 95
27 70
192 97
10 49
165 61
99 51
74 57
225 58
186 98
76 69
187 31
181 49
42 60
228 68
174 100
236 22
124 70
79 72
240 52
168 35
11 14
59 39
176 30
218 44
30 93
133 50
45 84
25 5
88 69
43 28
113 82
79 76
129 49
198 64
51 85
42 53
228 19
226 68
220 61
155 33
163 39
243 28
76 56
1 62
179 43
122 4
149 98
177 91
181 41
117 71
202 22
167 86
46 3
107 5
168 48
103 55
252 27
146 30
236 43
181 95
156 68
30 80
39 54
196 22
197 15
248 43
164 2
53 25
58 10
139 28
51 91
9 88
238 69
115 54
65 91
70 79
138 52
52 90
134 79
242 73
227 86
101 85
161 27
46 51
247 35
158 47
137 70
151 32
70 78
141 44
219 32
204 77
195 45
24 35
24 34
28 4
211 49
233 100
111 45
1 92
190 64
236 19
82 64
35 80
127 26
150 72
34 52
245 49
204 93
73 92
103 19
155 76
37 60
211 91
98 42
24 22
28 33
64 89
133 1
232 72
55 89
153 33
142 66
117 22
197 84
153 78
124 19
196 21
101 57
81 55
155 64
19 1
221 20
118 77
157 65
218 46
41 6
118 37
77 72
39 47
216 4
235 70
3 84
71 75
103 35
199 45
226 62
216 6
74 86
193 65
217 22
183 50
236 7
97 58
191 45
248 53
101 3
42 40
40 46
10 9
163 4
237 94
38 54
180 20
96 49
188 5
198 82
25 73
214 21
41 45
246 56
250 80
12 24
206 80
91 69
71 59
67 79
34 58
192 64
23 15
57 76
169 80
200 58
239 36
116 37
18 95
171 31
40 43
74 41
12 33
201 17
64 16
178 57
222 61
142 69
178 23
246 43
185 71
22 60
239 89
218 50
111 82
9 2
4 7
217 69
225 47
176 96
172 89
225 77
31 27
75 54
127 97
57 71
136 44
219 60
230 74
248 23
7 90
153 47
239 42
30 98
207 41
198 43
204 54
35 43
91 55
