8164
922 63
496 96
147 7
1359 31
590 29
907 22
1069 10
921 9
1338 10
328 20
1534 78
1535 41
373 84
217 4
366 75
227 24
870 39
1340 26
454 30
1123 31
241 18
1013 22
450 29
819 57
328 54
1562 79
174 49
664 87
904 19
361 100
575 17
653 61
202 64
1378 13
1130 6
1455 12
1223 39
1054 17
576 29
451 55
677 17
926 73
703 17
1104 99
295 67
885 48
693 47
1361 91
1401 91
163 36
1565 66
213 21
427 98
1319 72
1532 64
482 83
1583 94
478 50
1540 34
754 98
1210 18
802 52
516 9
1151 28
641 61
1263 81
1535 17
672 6
960 94
202 51
1375 40
1164 40
646 43
1382 7
830 60
446 93
499 14
434 22
166 33
167 17
767 19
1193 24
1371 68
377 32
1401 6
601 11
1183 79
911 68
1049 3
339 70
697 60
442 81
761 97
210 43
1440 43
1177 12
199 47
924 35
959 18
618 85
1210 57
1080 75
820 33
1417 59
442 75
17 73
320 55
630 83
1439 36
1435 48
1496 35
513 74
1247 67
695 84
433 14
851 70
227 54
241 50
359 67
253 13
1012 66
977 23
15 53
1287 47
122 98
1625 78
1534 31
1279 44
318 49
357 53
915 99
812 89
237 33
119 17
1410 29
1100 67
1455 92
1074 61
1089 66
862 28
1281 32
1372 4
1215 40
293 40
1295 27
545 52
61 3
1217 91
889 1
1601 12
555 29
274 70
480 78
212 10
48 48
55 44
175 96
656 7
534 31
138 85
1519 13
1285 100
394 22
1030 45
956 86
733 31
1534 74
1354 65
1210 28
1510 1
925 83
1454 34
981 59
823 13
749 6
107 79
344 69
614 63
982 42
574 89
295 65
886 99
1085 78
1416 48
647 98
1273 37
557 52
948 62
1191 48
1228 61
953 18
19 45
552 87
451 4
562 51
1572 79
169 25
1570 85
511 45
329 15
744 43
877 58
1514 88
1409 28
1166 73
66 87
599 95
1269 30
682 53
171 27
1612 83
203 82
1058 17
490 76
122 54
878 27
870 15
526 96
489 70
1196 24
127 35
1261 54
989 29
198 27
674 2
133 33
1391 25
458 63
708 5
1602 100
1260 8
684 54
99 31
171 47
1031 36
246 23
1082 37
1136 16
131 64
1153 15
1194 62
1012 100
1206 56
94 48
272 35
1354 58
958 8
1377 86
395 50
1371 64
1147 9
1437 23
524 84
76 39
650 39
862 3
216 84
400 45
898 10
1298 59
747 94
772 77
882 60
841 46
459 60
939 96
1243 85
1601 69
688 66
1185 7
199 37
1332 46
317 13
62 5
763 17
1599 100
1380 33
1119 2
673 65
1231 98
14 11
801 13
527 16
81 8
1164 93
1613 42
59 59
1138 61
840 25
16 100
1486 27
103 13
1327 85
126 72
1196 83
1547 12
1013 14
731 78
400 99
1435 83
68 51
1190 75
1530 23
1554 24
1388 63
1200 38
1623 55
1181 68
110 55
690 50
354 18
70 56
1289 73
926 57
996 20
401 80
1153 59
676 27
1013 46
1390 47
1411 34
1588 98
298 16
312 66
146 10
1173 29
337 7
421 63
1081 40
1253 46
1490 57
353 35
1001 89
926 63
1000 45
1429 52
523 68
1604 65
888 93
19 21
1005 60
1292 76
174 3
700 7
102 96
1434 54
262 80
1030 32
1297 94
1630 30
1463 34
888 70
1130 31
1428 81
191 15
204 31
1567 33
249 78
991 11
1264 15
923 34
1360 41
633 6
1154 91
1344 22
1303 98
134 96
844 55
1090 83
781 64
119 12
216 43
1592 91
433 26
864 1
285 21
541 59
1614 31
928 61
619 22
615 23
1015 56
271 3
1190 89
688 98
522 74
113 42
909 97
7 95
596 17
1385 46
1452 100
1366 95
1203 16
786 27
315 86
1544 83
671 36
396 23
1631 96
178 67
1141 28
665 86
941 14
703 99
713 4
122 7
380 39
1265 25
1356 63
558 76
340 75
289 54
392 70
509 45
1312 76
1547 90
597 58
68 74
67 9
1433 14
1174 41
1117 85
1299 62
1098 15
296 96
1462 8
504 75
618 37
791 34
426 59
1277 54
1203 2
1395 33
1467 38
1171 67
146 95
91 12
1580 28
1522 38
570 58
422 87
201 52
569 41
475 92
1274 61
548 22
104 53
928 38
161 45
760 84
1181 20
673 82
267 23
1529 64
1494 78
1238 13
631 75
1012 45
349 34
1096 21
1495 59
229 98
397 29
993 60
1236 60
284 47
994 26
466 75
536 75
1485 97
1001 21
855 68
777 71
1577 62
533 39
1438 40
1523 9
392 57
377 7
439 46
1093 87
309 60
864 61
498 27
345 47
59 100
1063 4
468 65
441 100
82 74
862 91
334 80
1480 3
1203 100
9 24
1468 41
1313 99
215 66
796 59
1473 88
1034 62
1350 24
333 7
329 61
609 43
278 20
324 38
1376 82
1143 88
260 68
1218 41
1535 29
955 11
1113 66
795 62
1053 25
1059 95
22 70
943 85
1186 59
1443 32
1526 58
955 74
449 66
259 84
1385 12
862 30
711 67
796 24
1496 75
166 99
678 93
335 17
534 88
1234 89
1474 25
315 16
1358 57
1051 39
1245 29
261 60
1576 95
746 65
940 46
212 15
702 17
960 32
375 81
583 41
1145 13
759 19
406 8
1127 66
590 26
951 56
411 11
834 27
321 59
400 59
1312 37
266 28
316 55
1010 49
683 21
544 84
641 13
290 58
1194 4
366 35
184 76
1549 32
714 10
556 59
838 14
705 66
1503 86
740 90
810 68
1200 31
1513 77
1598 22
305 22
951 32
539 90
781 71
712 8
807 94
1289 65
649 28
1517 70
1020 90
898 72
424 31
1396 58
954 88
1086 12
1618 82
787 12
842 47
56 62
1010 28
27 19
1276 47
251 77
1620 96
997 68
193 3
659 25
1536 27
1357 67
1576 39
382 24
997 42
1343 69
1018 71
1511 13
48 42
1074 29
1546 94
1478 31
516 35
1545 50
1625 58
887 17
744 87
93 23
1495 87
312 10
1235 80
82 1
1187 85
602 44
666 70
587 89
1373 45
964 40
609 92
1376 91
1072 51
701 31
97 25
1331 67
1548 39
892 63
1258 98
485 24
1518 90
1602 10
687 3
357 75
109 90
372 66
1029 40
588 16
1395 64
886 67
326 34
630 70
47 40
329 33
48 57
1586 75
1170 41
264 84
1010 14
248 28
1265 31
666 84
612 11
826 35
224 33
950 25
17 53
1536 55
714 18
1129 49
600 23
1088 92
1318 16
1428 8
1220 37
41 66
1066 28
104 78
206 72
439 89
594 15
531 61
1147 21
961 8
320 21
1073 22
1259 83
1336 44
373 86
204 62
795 46
1568 73
1385 9
340 30
470 90
1506 25
490 92
65 87
694 3
387 86
302 47
986 29
1146 63
834 76
102 58
1029 67
749 27
1542 66
1379 1
860 52
1313 16
1062 31
288 94
853 7
1470 11
1278 71
782 8
526 66
128 81
1495 29
925 16
422 53
1213 20
1502 29
1447 40
553 46
585 82
704 14
115 19
1454 45
1529 94
1515 54
251 6
1386 19
728 64
735 91
667 95
797 81
550 67
872 56
1050 22
1342 22
1297 29
143 20
1170 85
25 81
224 98
179 27
832 3
689 61
121 4
1008 83
1504 45
1385 32
656 70
671 56
610 74
1307 30
84 35
489 84
1564 1
1112 37
669 68
294 41
612 65
271 31
1036 75
1004 66
277 87
650 8
1235 83
792 91
964 98
494 65
305 85
1176 45
352 80
1289 61
1169 38
834 53
1543 65
215 17
1376 17
618 1
1307 73
1116 76
1263 22
1543 82
979 84
906 28
266 28
590 95
1370 80
1525 68
521 80
999 19
429 47
241 62
293 53
1014 63
1195 95
1319 17
1610 83
1189 24
391 68
854 72
1588 90
1081 21
1045 93
422 51
834 39
120 40
1377 11
1626 75
1579 90
370 25
564 61
13 48
506 4
867 22
68 81
876 86
426 42
625 2
478 85
372 2
22 15
780 24
1129 23
1250 99
347 46
475 26
1346 15
722 69
1450 68
985 25
1431 67
78 91
607 78
768 97
467 49
1309 80
46 67
584 66
429 81
1379 52
466 73
1096 67
357 14
478 15
472 39
1093 19
567 2
648 80
736 85
759 18
86 79
96 4
244 43
706 85
365 94
1484 82
196 50
1159 39
6 37
878 4
310 99
577 20
236 71
286 75
100 50
1198 8
702 54
343 6
991 14
684 1
370 29
532 17
1425 25
223 23
997 44
630 42
537 78
1135 30
1412 11
304 68
997 43
1015 24
1327 2
1308 19
1540 64
972 93
239 44
1560 31
102 33
421 70
592 91
1601 67
332 28
1551 7
409 82
1459 18
1452 43
1406 59
1449 60
1314 87
132 67
977 57
943 5
259 94
387 86
1390 58
1355 72
85 65
967 55
1314 45
365 72
1188 45
313 8
971 15
55 82
1498 74
666 84
501 4
1240 10
460 8
518 89
812 12
164 77
466 61
176 73
1488 59
873 19
100 56
597 31
1045 73
323 52
1090 99
1261 44
1172 56
553 35
880 63
884 92
320 27
976 3
80 65
1587 40
913 50
462 8
1493 8
354 50
1440 78
107 18
447 54
1093 55
265 22
72 58
564 92
1609 96
772 96
967 71
879 95
794 46
1567 36
505 30
753 79
1072 32
576 22
1294 73
915 20
286 77
786 81
870 4
351 59
1609 47
1214 80
429 68
202 86
1164 56
513 81
1232 49
961 56
196 9
1300 45
987 70
679 16
453 86
697 10
261 15
1514 72
762 40
775 29
1618 75
1006 19
477 41
473 34
345 18
1462 86
712 17
1573 87
334 41
617 65
1137 85
649 59
306 68
398 25
1290 74
18 48
390 26
1004 32
1112 91
774 57
826 58
1430 43
1393 32
205 45
800 30
501 66
223 86
459 6
667 80
839 22
1555 27
1619 57
735 98
853 32
841 3
1362 68
780 36
642 42
706 48
1106 28
1328 74
1332 95
347 89
727 3
492 98
1101 57
72 85
850 35
570 91
1496 32
1077 60
202 52
488 16
1572 32
1163 43
1435 79
793 96
1016 99
122 99
808 44
876 11
109 58
1411 68
1337 51
977 50
1009 29
1605 70
1422 63
1172 56
793 56
240 3
1432 78
863 73
55 38
555 80
1271 76
198 12
1631 62
603 66
485 24
1270 45
523 83
1133 60
544 75
54 12
1321 29
1114 50
677 98
1386 14
705 14
239 60
49 86
1460 69
95 99
463 100
591 50
238 58
1526 19
71 73
1503 65
318 9
718 84
211 70
1431 37
706 76
682 33
803 20
1593 80
911 56
671 12
577 42
881 18
770 93
393 41
498 97
1108 32
1585 24
120 41
1122 89
767 98
269 44
382 8
462 8
1456 35
13 84
504 24
1393 87
254 6
1060 41
637 32
185 56
1205 65
393 32
674 50
58 4
690 99
1576 29
351 66
1185 9
1477 85
931 31
1402 41
828 35
25 10
1022 16
574 69
1430 88
1358 80
1348 25
96 61
1501 77
554 45
450 88
492 78
1061 69
338 76
1609 11
453 91
656 100
429 91
489 76
1280 81
627 90
1310 78
256 82
935 96
173 19
310 35
1573 90
948 77
772 56
810 84
1062 19
498 14
1354 57
871 15
1528 53
1481 29
187 13
104 73
371 46
381 37
745 62
1367 42
217 66
1329 53
1051 13
608 60
694 45
624 44
1253 90
139 21
123 79
1245 55
411 16
464 95
672 48
1526 16
703 62
624 25
969 1
89 60
588 80
927 48
1622 46
25 12
1497 90
779 28
1110 57
1279 5
1238 13
104 71
415 63
708 67
693 78
1540 20
581 48
1325 58
374 23
11 47
86 9
292 76
1393 98
1260 86
1568 82
891 79
906 59
702 59
608 75
566 71
175 98
806 32
90 57
1207 56
890 61
1097 23
26 47
954 80
703 84
1265 38
218 95
1511 21
1633 13
330 55
51 1
717 60
1569 57
530 95
307 72
1622 5
1594 60
251 65
1620 1
850 8
419 57
1382 52
667 28
627 97
1171 34
1217 3
272 60
1351 45
912 91
848 37
1042 30
529 80
1455 97
870 69
674 63
114 14
1067 4
29 40
360 17
67 17
348 59
948 24
519 8
1401 2
909 26
1134 55
1613 5
400 25
16 37
554 20
292 32
71 66
235 47
509 89
705 40
463 66
1081 9
891 97
10 20
192 29
559 45
829 48
582 95
146 23
746 95
1118 98
352 92
75 43
1513 6
138 95
1041 45
926 77
694 64
1584 58
1620 80
1426 32
1429 92
1233 50
110 39
22 63
553 47
792 4
350 94
584 96
199 2
1628 51
1421 65
581 41
179 46
836 48
992 95
30 60
1206 67
80 81
1279 88
882 73
798 52
1489 40
1367 26
286 25
588 98
1004 26
587 38
1008 64
36 16
1143 32
1090 46
272 49
242 37
206 19
269 35
1019 16
252 62
1130 41
653 64
1218 6
1312 75
1430 82
927 53
1491 83
874 64
855 70
1077 10
1615 57
621 38
1471 81
966 40
284 73
121 32
597 63
342 13
360 54
821 88
300 84
1608 40
1067 9
138 99
872 60
1609 42
210 42
1262 66
722 6
1139 16
727 41
707 16
124 46
1418 6
882 73
1516 23
635 97
776 74
435 23
180 95
207 28
947 6
1441 58
749 21
1290 10
570 66
1457 8
847 74
478 87
568 9
1485 65
1522 74
372 9
53 65
419 64
1337 97
1243 6
1478 69
740 33
239 1
1131 31
19 47
1232 98
844 28
464 61
699 31
612 26
1083 38
674 89
833 66
1557 26
1198 18
728 52
1365 44
370 41
1253 86
250 99
1130 81
98 10
813 5
975 84
599 94
1488 83
754 14
1390 77
1045 85
63 57
214 94
1406 86
682 13
512 14
1216 24
488 70
358 51
1061 20
1626 75
761 38
1336 30
1044 41
275 39
632 16
1522 43
1311 52
1300 17
623 49
373 13
1469 7
652 50
466 76
146 33
1296 93
1419 39
1144 23
886 91
990 27
71 11
64 42
224 98
184 59
364 26
1186 94
203 94
499 79
1201 5
640 65
283 77
1325 88
1019 32
1296 71
690 96
1586 58
1175 70
349 51
1384 98
817 39
1630 35
813 49
1467 26
203 35
869 13
765 15
256 15
1579 91
495 71
468 1
1050 60
503 29
780 60
1143 23
1381 42
699 89
1379 29
476 87
580 58
163 58
1163 41
862 82
154 84
1300 32
408 54
394 52
787 65
223 94
684 43
955 56
1277 49
74 46
914 96
221 94
920 84
213 67
210 100
489 40
536 64
272 93
532 41
1324 54
787 26
353 31
272 65
522 49
849 93
243 94
57 26
761 22
1143 42
1390 23
1523 8
1611 8
401 10
618 75
1347 61
221 86
709 67
638 24
359 54
1019 73
281 20
875 24
500 63
302 79
1308 89
67 35
1564 70
77 58
1597 91
883 20
953 37
762 16
221 65
1333 23
644 83
707 48
833 77
579 48
17 11
1545 22
17 77
1562 49
571 19
1017 11
1494 19
525 81
128 65
971 69
1262 10
804 65
144 62
698 10
1432 75
668 66
630 10
176 41
294 62
1100 96
746 53
1114 51
526 70
1248 50
692 34
781 23
1469 69
1535 35
172 55
552 32
1031 31
932 16
1375 11
1398 68
769 83
256 31
149 10
1429 13
1371 50
336 16
1052 97
887 6
446 10
1533 50
1225 84
1137 11
1166 65
416 98
912 14
166 18
397 44
998 12
443 7
526 81
1085 54
94 52
1043 36
345 76
1499 27
718 64
1513 98
639 73
562 35
798 31
156 37
503 70
1402 15
1035 87
1055 12
676 34
1249 85
654 59
890 67
1496 42
256 47
1281 36
494 67
488 83
1398 33
750 79
404 50
1095 89
237 65
741 35
1128 79
1374 63
625 54
864 51
1512 90
1145 5
32 6
748 42
1022 5
375 75
1368 24
1055 53
774 94
1288 66
1225 54
1373 86
1617 94
135 93
1199 26
1206 29
1227 1
1350 36
393 77
1023 19
169 23
644 83
352 47
1234 70
260 42
4 49
399 52
1392 9
1037 19
322 46
1510 30
1501 50
1470 87
1300 14
366 46
32 85
1325 9
1108 14
1458 23
1411 8
704 59
1601 57
533 90
868 78
1013 53
755 87
1009 87
101 40
1449 50
302 64
547 17
464 91
175 38
422 84
134 92
609 40
649 65
890 28
1629 5
134 60
1587 66
734 51
1082 45
665 21
373 95
742 85
1326 99
1556 57
1094 65
1106 65
1128 67
683 48
1213 39
1365 41
714 94
261 89
661 92
708 80
249 64
1160 60
241 3
824 34
620 56
1047 63
1132 60
1047 89
542 89
344 34
882 97
1343 52
346 6
1319 5
1290 31
208 4
1577 53
1298 94
1032 27
1373 53
1371 31
672 57
989 45
894 99
406 85
1440 69
976 22
900 89
187 15
857 5
725 41
129 14
1403 28
828 7
4 77
1592 90
897 80
429 3
723 6
1504 37
298 59
686 34
718 4
1114 72
1369 20
358 2
1099 78
834 70
874 21
1289 68
494 42
548 84
880 14
289 5
1625 37
930 10
244 18
333 81
199 62
622 6
767 97
501 77
1384 46
1554 11
846 85
1062 74
107 1
1069 100
1337 16
1169 7
1578 54
75 19
1121 51
123 98
925 87
62 36
623 37
524 29
1228 41
1200 82
890 56
1045 56
1468 37
1450 41
1165 59
39 31
903 8
616 47
738 57
1244 86
934 46
159 27
120 26
380 21
918 99
466 84
544 4
1404 66
175 33
773 17
900 73
1452 60
278 1
604 76
57 57
1544 79
949 25
245 37
897 38
86 9
1068 75
381 89
324 45
400 69
1255 85
629 25
1154 86
455 16
740 98
975 86
37 76
328 69
540 37
752 10
1220 100
390 82
69 88
685 4
54 42
602 49
585 17
281 9
333 15
1231 27
984 87
748 16
1500 48
780 40
338 84
1095 42
692 98
728 61
388 1
93 12
800 50
1575 54
451 11
793 92
1373 44
844 93
1064 36
1518 70
595 25
833 72
748 14
936 29
534 47
924 20
1450 89
539 85
308 72
1631 29
578 3
1550 41
1354 9
1205 84
638 38
182 64
33 42
1468 10
594 39
1189 5
1439 88
801 97
966 48
510 4
413 98
55 87
1428 41
1307 28
1080 32
440 28
1468 23
864 1
1426 33
847 80
1375 59
699 2
929 87
1017 18
795 76
1080 51
644 2
565 7
1146 15
263 38
1350 1
88 66
606 8
1452 43
688 33
1117 57
1320 72
975 69
835 55
503 6
1336 87
1287 3
1067 99
443 2
1309 91
964 70
1319 34
151 70
1328 39
1581 87
1180 13
308 19
1099 58
434 81
714 46
1622 14
249 12
1526 76
83 68
1602 25
751 74
1132 59
1326 59
136 17
834 75
527 95
887 26
1112 97
1199 31
398 69
1500 69
107 16
1020 24
507 53
1627 30
1183 89
1092 76
25 42
196 6
878 43
1041 95
295 5
1390 38
227 69
1055 53
381 88
129 40
222 81
127 53
1385 32
598 53
914 24
1366 57
1042 15
1224 69
1273 90
538 16
236 20
1508 41
438 20
599 96
498 54
1502 25
733 35
734 10
1088 51
39 15
254 49
161 8
252 38
61 96
308 22
1055 73
724 72
886 98
401 62
758 36
1481 78
651 76
660 94
1386 34
378 98
1107 4
1164 5
1205 28
838 79
440 83
94 68
1066 100
163 38
338 13
1556 49
1309 93
317 59
1147 6
422 11
209 60
1416 50
1621 30
1172 18
1304 32
175 72
1004 28
1134 1
1462 8
819 77
988 31
394 97
1321 36
3 54
1435 15
1508 4
1598 69
1120 59
435 86
980 80
409 39
942 39
1573 62
1291 29
735 32
412 7
1165 46
509 22
1156 36
806 52
618 78
435 14
540 73
1097 13
1541 5
43 77
12 99
963 56
1283 93
541 43
777 17
936 87
252 2
250 30
179 17
436 42
108 17
668 47
816 71
342 78
112 50
575 31
902 42
1372 83
1117 14
531 36
40 57
991 54
1588 17
791 48
1599 70
273 37
1569 99
1356 1
512 2
1567 1
506 48
1253 3
1601 59
399 81
1454 52
1188 35
70 43
324 45
80 31
891 47
651 78
855 1
42 49
722 98
794 85
206 26
734 75
1627 1
1372 38
1025 96
1599 35
152 56
826 46
1429 86
689 63
103 85
217 75
1511 3
466 49
1223 81
388 33
823 32
18 49
1416 30
1100 56
254 69
1049 47
1606 3
998 60
1582 95
535 52
402 90
687 9
387 18
74 94
499 50
1557 32
263 40
950 36
1042 6
479 85
182 22
1345 100
681 76
484 56
238 86
792 65
1117 60
419 94
1257 75
713 11
1486 2
1320 59
348 54
1052 10
562 89
1010 85
1625 23
414 28
1440 21
912 90
1523 56
905 64
1289 81
1200 19
229 42
627 100
959 12
1212 40
351 13
14 72
359 45
1488 9
837 49
1576 74
834 82
171 26
588 52
1252 45
1080 49
578 2
790 1
1397 51
1248 95
685 90
