5709
1060 23
501 87
1078 40
316 48
603 60
124 89
102 9
771 99
381 22
997 60
452 88
1090 98
722 10
74 64
626 35
368 41
812 31
20 69
1123 43
1056 74
169 38
567 50
736 22
11 63
658 36
710 73
917 51
640 16
303 64
504 47
904 86
218 47
390 87
626 46
677 32
455 100
170 68
285 9
897 11
669 93
219 29
73 84
344 17
318 23
1079 44
1086 96
280 40
579 28
921 92
1006 24
586 33
83 77
281 45
183 84
571 23
310 20
526 59
47 61
767 45
710 69
67 69
1097 53
201 53
524 58
803 71
883 16
843 80
242 9
397 99
732 24
594 87
131 10
201 40
1005 99
494 78
733 56
543 19
320 85
6 90
673 54
721 86
703 4
1137 47
742 9
243 64
521 1
564 42
493 50
623 81
1085 34
674 39
477 18
937 24
789 75
533 60
486 2
271 72
555 80
247 29
599 19
794 65
383 43
563 4
193 3
267 30
151 23
537 13
764 87
1019 60
376 56
383 44
16 52
809 26
296 48
559 49
924 30
555 15
416 41
559 60
987 58
278 44
201 3
1008 63
81 58
212 75
958 96
613 60
450 88
260 35
960 3
879 17
312 1
436 64
569 4
499 76
685 62
925 79
496 13
359 90
891 85
334 99
213 8
173 6
955 82
729 56
7 40
419 45
840 81
157 76
452 20
147 34
492 59
276 27
1004 3
676 39
966 39
253 4
738 73
263 14
830 18
239 34
599 57
679 65
870 28
635 2
775 87
488 13
672 85
515 50
461 29
633 7
813 30
179 93
46 97
260 25
822 55
1007 18
818 30
547 39
932 18
37 3
1034 60
74 86
185 23
173 68
188 8
868 91
451 23
1 63
777 16
958 58
255 18
283 62
670 73
155 56
349 11
44 75
627 18
360 10
1019 27
67 49
272 86
1038 87
274 97
106 33
208 93
923 40
538 89
1074 54
256 3
1050 87
308 24
368 12
236 77
720 22
850 61
719 62
69 44
1051 82
767 9
884 54
901 79
727 33
155 37
63 49
294 66
399 25
1107 55
1074 82
90 18
969 25
43 73
822 63
711 20
831 6
785 13
314 82
415 4
1095 75
199 19
150 80
290 34
336 71
364 98
842 75
82 56
580 87
1096 70
923 20
9 98
857 47
877 19
828 50
1016 28
114 42
657 29
877 39
438 51
55 83
103 39
707 24
531 83
722 11
474 67
972 43
305 58
405 9
31 36
47 4
299 78
1046 67
60 50
1138 40
886 31
840 71
536 74
329 38
270 80
1002 58
886 30
933 10
365 41
177 58
486 74
82 68
833 86
665 23
519 14
659 97
1110 86
653 86
248 13
188 81
853 35
1042 19
806 11
832 60
961 45
906 15
205 8
92 33
901 55
1133 56
923 1
868 51
119 24
686 97
1014 10
468 98
45 67
1045 17
660 76
874 70
876 14
525 47
1087 44
253 49
778 94
662 32
86 41
873 54
246 3
184 92
832 37
289 46
641 10
318 56
1109 22
185 86
475 61
149 48
780 56
103 91
371 31
494 66
852 26
599 59
550 37
1139 66
18 87
299 34
361 84
155 46
219 2
338 25
26 21
128 14
916 84
341 72
598 80
821 26
545 100
870 89
1071 44
979 89
589 17
587 61
610 93
714 97
544 4
797 43
628 30
337 12
1118 70
956 36
1078 84
579 52
932 23
183 38
77 28
185 84
141 72
712 76
799 51
363 32
990 57
987 82
180 26
833 53
595 53
7 23
20 89
846 28
404 21
837 18
771 32
768 1
998 8
681 27
690 16
35 54
842 70
1133 30
543 8
831 79
1104 35
772 66
587 87
1078 13
890 100
1099 51
1019 69
991 8
823 33
635 94
347 56
685 10
737 76
1054 74
172 44
20 85
76 14
960 100
77 46
342 22
565 91
1136 25
277 79
135 42
541 19
175 26
687 88
430 98
658 49
233 73
849 98
181 4
740 84
735 91
887 22
1024 47
1017 89
56 21
509 87
1020 52
596 96
401 25
932 63
1054 92
1080 46
718 74
1104 42
876 15
96 14
228 26
78 22
692 14
240 34
387 17
1023 30
39 42
714 16
63 90
394 78
707 8
1036 71
1043 85
167 5
426 90
316 35
89 64
464 27
387 87
148 78
346 87
48 7
542 63
679 76
354 18
811 11
667 38
346 56
306 85
1030 6
923 69
1060 21
828 16
76 10
193 43
953 32
757 22
786 40
346 42
333 3
420 21
636 36
760 41
773 45
1085 78
118 46
181 34
937 82
50 29
963 97
775 33
1073 62
879 64
908 20
223 47
1136 56
868 4
16 74
784 48
984 28
210 8
380 50
100 87
243 5
630 51
1095 8
374 55
465 33
1085 61
917 1
772 66
410 66
405 58
427 8
882 25
1009 64
654 15
471 67
1044 88
1032 70
191 70
198 14
658 42
1084 19
576 81
403 30
243 48
648 5
633 58
136 12
702 6
908 2
114 44
1084 14
33 73
352 80
20 31
1015 83
1052 30
815 83
301 8
398 9
1065 96
1018 93
1131 52
168 67
896 80
958 17
288 65
436 28
829 22
934 66
357 21
283 41
252 66
1122 5
890 30
99 89
551 43
355 88
225 9
380 87
415 9
570 5
944 46
492 14
671 42
28 40
987 12
482 42
840 37
123 50
567 82
149 1
722 79
665 75
853 52
899 98
548 58
686 1
588 19
1077 38
1024 79
659 46
393 35
26 58
171 36
718 93
1134 62
1002 59
978 49
567 31
797 88
493 88
490 66
408 33
391 83
124 18
372 74
544 97
1020 58
98 100
86 14
524 72
66 54
704 56
545 16
827 5
829 67
734 51
623 28
1072 27
445 84
103 18
899 93
207 40
375 65
1000 29
31 88
192 84
600 45
392 62
843 60
459 59
1000 53
346 50
603 19
123 23
359 30
277 64
352 22
12 24
486 98
497 10
337 28
262 41
140 6
61 2
690 93
710 4
825 99
268 98
430 91
527 83
414 73
284 29
592 86
266 20
555 27
988 90
167 43
1006 100
299 33
362 1
1004 21
243 44
227 27
288 52
934 9
345 33
152 9
23 54
150 37
1071 34
745 55
492 14
1110 73
15 65
1029 51
1142 56
569 22
224 83
389 100
305 29
497 53
992 10
13 43
298 54
227 39
1108 93
260 57
892 31
634 44
271 28
776 75
1074 74
438 19
1007 26
20 15
468 87
518 28
391 58
563 95
933 23
1127 49
276 1
317 98
117 10
91 88
576 35
217 81
676 15
687 33
1083 70
104 40
306 98
482 100
849 45
298 14
731 56
354 9
375 87
747 17
991 17
365 49
642 33
243 87
811 8
294 84
844 30
602 12
73 70
102 68
41 36
259 86
141 39
503 67
999 41
625 24
778 36
433 25
807 58
489 31
251 38
253 100
449 80
202 99
74 60
41 85
686 50
204 38
188 96
745 86
530 15
790 84
512 68
155 90
386 7
77 29
199 42
199 17
298 12
765 96
670 99
893 73
696 65
971 15
306 13
503 51
512 93
413 99
165 25
994 29
974 20
1123 46
63 50
659 58
911 98
84 51
554 43
924 40
296 24
863 4
58 30
883 89
306 76
316 59
1072 100
940 61
713 18
1057 48
1008 86
220 4
604 58
372 42
396 12
900 33
235 3
226 49
58 68
5 96
444 47
327 84
440 98
1140 74
133 70
653 82
805 97
335 76
917 54
854 74
764 8
778 83
605 75
761 9
86 43
515 16
35 27
987 49
185 76
328 57
1110 9
117 22
1029 30
614 40
678 86
96 52
1137 4
640 11
154 3
484 16
1056 57
720 60
471 74
905 19
849 31
166 3
905 66
853 57
572 47
456 5
917 28
442 34
1142 78
653 7
425 12
346 26
89 43
155 77
101 36
251 44
689 53
568 11
1024 90
302 58
616 5
497 55
787 55
40 5
235 1
985 7
902 23
492 9
959 90
478 93
675 97
518 3
353 35
203 52
230 36
840 34
394 57
289 64
418 50
756 65
1043 69
882 85
343 64
1060 3
1087 91
73 49
638 15
337 9
937 19
548 26
1002 54
526 79
815 83
619 38
1009 61
792 63
564 78
736 54
122 64
230 44
716 26
537 76
858 36
807 42
605 100
375 20
88 52
1026 26
1046 29
890 8
552 68
86 97
742 86
61 46
245 55
915 15
556 26
447 57
327 75
874 74
1005 28
477 19
464 39
390 18
511 30
142 57
310 1
15 30
750 56
455 63
100 70
1066 5
296 10
17 98
223 45
480 49
1113 27
749 20
678 71
84 30
238 39
830 79
935 8
1135 34
882 73
354 58
156 88
447 62
506 9
537 29
675 2
666 80
554 6
217 90
418 23
283 7
1135 40
188 65
237 53
1013 24
855 8
925 95
241 34
905 11
959 20
641 20
583 71
181 39
99 22
281 64
860 58
236 81
149 33
556 80
909 26
291 100
1029 34
38 12
155 73
557 52
471 62
1026 31
332 47
168 42
400 77
746 23
486 83
913 11
978 10
599 16
1048 16
726 60
315 73
652 83
461 38
681 40
159 37
733 18
741 73
610 36
774 60
183 39
755 77
1133 64
67 95
13 91
578 59
629 46
1007 12
188 36
50 27
707 44
425 92
278 87
307 17
111 29
392 17
879 83
638 51
401 41
115 33
847 34
357 6
500 43
374 59
360 100
1035 34
817 28
581 19
687 37
612 40
666 24
204 56
552 10
290 1
1016 52
333 23
635 16
436 97
849 75
850 50
804 35
464 50
37 84
805 52
819 77
644 20
873 98
867 48
1073 63
304 10
221 94
868 95
36 78
19 52
462 3
595 7
345 77
877 81
1038 56
998 52
903 79
181 42
482 27
138 75
1028 44
224 100
495 6
984 26
139 34
900 32
230 32
158 15
254 36
1003 26
695 83
728 26
615 45
543 36
589 16
1039 43
78 74
115 59
545 99
870 67
882 97
177 62
131 95
1112 27
1051 25
547 66
542 28
919 67
420 75
114 42
757 42
468 14
658 50
379 7
1045 64
498 54
34 13
335 43
267 83
322 10
14 60
854 76
951 78
566 64
802 33
981 9
482 53
603 85
25 61
300 52
341 25
85 4
944 23
369 63
340 50
874 60
832 13
1076 51
88 82
224 42
790 93
208 67
323 26
705 5
1057 87
56 9
253 34
427 88
869 94
769 5
172 52
920 65
32 27
797 56
132 81
1110 45
401 55
27 56
799 10
812 87
569 67
1036 29
319 7
766 57
635 3
789 99
1037 42
337 22
631 40
263 20
403 10
1118 68
87 1
706 50
430 7
723 66
393 35
836 59
739 35
1027 37
587 67
280 33
988 17
583 50
741 78
1042 16
1020 15
1073 21
1010 38
899 99
342 35
119 73
751 75
149 66
976 20
278 32
534 57
108 16
221 58
1067 67
630 76
807 51
361 12
393 76
749 51
1139 22
543 44
1040 65
78 36
618 6
871 25
1017 28
379 3
1078 74
516 49
833 46
106 80
183 61
777 67
924 30
335 74
162 42
557 55
580 71
190 62
825 100
611 44
996 91
311 18
353 35
478 3
380 6
937 54
924 73
597 26
733 50
698 15
944 3
1117 46
933 18
495 87
12 3
165 65
178 98
190 31
761 29
296 18
842 88
284 38
622 38
1124 35
449 50
68 48
371 11
841 6
313 50
159 13
649 69
931 85
1028 47
882 67
1141 75
552 84
716 51
948 40
389 17
74 60
1037 17
92 96
324 92
470 25
533 8
998 53
42 1
15 50
838 9
314 12
190 1
671 40
1027 16
608 72
788 45
400 33
699 11
607 85
369 46
291 54
146 8
676 27
517 45
812 16
1040 27
261 87
456 30
367 34
305 78
286 63
1083 77
541 24
903 3
383 24
683 6
1044 19
88 37
499 33
265 43
901 100
163 81
843 58
635 31
448 46
13 17
318 57
827 6
735 12
266 36
253 18
823 32
844 96
446 54
41 73
231 2
1014 92
177 26
303 35
810 84
73 2
1078 85
703 22
605 48
49 73
1005 74
564 12
526 95
282 43
196 49
811 66
510 84
139 55
87 72
726 27
132 94
72 4
310 99
864 37
1081 91
731 88
297 96
842 57
120 5
551 28
307 100
274 31
548 45
315 41
823 2
489 5
36 57
274 76
51 95
856 16
71 20
684 20
29 47
1134 26
229 42
837 79
864 18
527 12
554 4
1006 19
293 33
1086 19
1088 50
1075 29
793 38
523 2
965 91
828 73
907 88
547 28
36 84
561 9
922 48
835 81
90 8
583 19
264 24
168 80
107 69
634 83
378 49
355 2
738 1
743 46
290 78
644 77
309 63
742 11
694 7
575 50
270 51
703 96
776 29
384 62
927 17
1135 7
1099 16
1016 92
54 81
604 83
630 67
172 20
922 43
636 48
8 63
853 2
382 14
626 89
193 43
111 66
657 89
530 87
618 55
981 80
818 53
639 88
605 76
852 84
980 26
5 23
1062 78
1113 19
249 93
1053 10
486 37
894 59
243 69
488 24
703 54
780 99
497 17
243 33
750 8
877 91
746 29
311 11
419 93
478 27
1034 24
1012 96
595 47
182 58
333 58
1132 79
140 69
234 58
841 43
587 54
104 73
1020 39
426 52
251 74
550 80
855 87
1111 25
263 11
123 90
1113 31
1056 97
411 65
547 55
150 85
283 49
876 10
886 14
205 76
1062 69
1105 13
725 9
466 26
7 62
518 37
298 75
317 52
151 91
1045 6
932 44
865 53
971 51
1118 13
1029 5
633 81
965 34
432 25
249 77
507 16
975 100
995 38
408 64
207 35
718 46
557 23
99 95
514 3
186 81
280 57
380 91
408 35
102 54
721 24
40 61
963 92
1126 13
423 89
949 29
131 48
1084 30
786 30
243 40
335 57
863 87
277 70
179 6
807 59
935 93
1079 17
92 9
504 81
224 30
577 73
783 85
822 75
592 54
433 42
50 18
40 43
1021 66
457 16
1056 80
271 2
1007 2
93 7
104 76
620 79
378 29
646 39
92 49
1058 80
836 35
586 15
749 10
263 1
82 9
976 10
735 95
1044 96
718 62
464 34
914 74
969 43
782 72
641 98
184 20
711 47
1058 73
830 1
1012 49
245 19
193 71
283 18
1137 45
1077 94
335 57
3 60
333 39
610 7
225 64
937 64
424 60
78 28
403 16
1054 56
718 73
448 13
779 65
562 58
163 61
272 41
841 88
587 14
1082 56
986 79
1080 96
509 47
901 52
419 43
246 44
965 54
297 87
214 91
742 65
762 99
232 15
1052 37
449 85
97 94
929 28
301 23
153 26
867 60
570 41
824 76
215 84
289 2
105 25
239 87
193 43
1130 34
175 76
587 74
562 21
724 58
508 26
291 16
756 82
511 11
441 38
193 77
410 70
488 94
202 96
1092 60
124 31
827 14
1074 21
987 75
1049 49
420 26
147 9
446 28
1139 31
155 21
930 9
869 43
164 59
875 94
401 93
328 66
497 14
2 50
1042 85
1057 60
633 72
1032 93
53 36
561 9
582 23
976 97
642 98
484 64
637 75
794 41
69 28
73 48
832 3
927 57
67 93
116 95
995 23
30 63
424 6
702 41
645 79
371 89
600 80
568 74
417 4
637 93
1098 97
235 19
544 75
695 40
912 58
108 20
1079 85
598 59
183 76
1034 55
591 47
39 90
130 33
487 21
98 78
217 68
462 58
778 52
201 22
475 30
306 95
394 37
483 73
524 84
425 26
383 45
562 88
924 2
496 86
62 49
653 66
1104 27
501 3
640 95
413 98
861 20
52 78
332 93
1010 69
868 90
711 94
261 41
848 36
589 73
65 40
14 38
1017 33
108 61
337 68
56 51
191 21
438 10
767 97
996 64
119 14
437 34
571 72
324 59
408 90
243 14
749 91
175 88
603 68
690 56
675 97
1038 6
1018 89
475 2
39 17
800 16
402 45
1034 5
508 73
564 92
675 33
313 53
37 30
1029 57
485 63
796 25
80 65
1014 82
853 11
770 65
588 63
774 25
384 10
948 60
303 72
809 51
563 81
981 26
546 73
432 5
152 83
1115 48
529 88
537 81
495 38
410 90
168 98
954 21
57 100
735 77
425 23
236 85
112 75
481 27
1057 54
668 26
442 54
408 82
671 69
589 70
208 11
703 19
255 88
554 31
164 23
235 14
1097 13
231 35
314 65
1065 94
797 91
673 10
929 90
941 72
821 97
230 17
277 10
838 28
777 71
604 49
676 64
975 8
1066 85
48 10
946 88
706 72
666 72
119 19
361 57
776 35
990 24
1038 18
896 46
40 43
610 8
362 40
135 89
888 90
1009 14
888 89
435 64
753 83
819 98
103 31
171 6
1075 11
286 70
1021 10
104 87
735 95
476 85
535 58
754 31
341 1
741 34
859 17
460 26
1084 47
1116 58
260 14
10 91
245 81
204 45
377 51
580 96
506 53
1002 99
631 31
836 25
223 94
1038 89
670 15
1104 30
175 31
543 43
656 87
894 87
164 70
1066 33
540 93
1021 22
408 25
639 28
210 73
950 23
838 88
991 34
346 94
29 27
104 38
606 22
719 49
789 96
638 22
543 56
716 59
215 84
193 71
1052 66
910 33
523 81
1016 64
521 84
681 27
324 65
532 83
164 32
559 23
288 25
667 70
186 82
549 25
1035 45
573 60
674 14
364 53
582 26
279 92
206 12
892 48
616 43
22 100
764 21
106 44
92 19
954 100
496 39
1126 15
776 55
6 1
20 39
994 14
683 80
803 20
288 77
665 43
886 43
650 26
782 74
362 40
202 55
108 47
643 49
1059 24
168 66
787 95
614 41
316 50
891 61
849 38
229 42
853 10
274 58
723 49
425 88
682 7
670 30
375 75
1054 91
857 38
842 92
500 73
109 75
431 100
141 31
513 15
221 72
290 84
725 90
336 81
633 51
994 50
870 29
878 62
469 5
611 26
2 97
154 1
117 59
1075 18
1083 4
285 91
749 34
782 20
893 28
835 43
943 32
1069 35
221 10
57 29
313 11
2 82
1100 66
447 43
1063 13
834 46
174 70
555 53
569 31
620 29
1050 24
590 50
644 38
432 39
291 14
718 37
187 30
62 72
267 95
1123 9
521 16
75 49
323 82
946 30
269 82
639 39
430 89
1060 68
439 21
155 62
1111 63
326 11
161 62
586 98
207 98
216 19
159 51
392 91
838 10
372 57
281 33
335 97
941 88
982 76
842 87
360 81
710 10
488 92
830 42
68 40
490 71
1101 25
275 99
920 63
1033 71
412 77
131 1
925 90
7 24
745 56
285 89
965 70
557 70
596 70
721 43
861 14
1081 79
866 82
472 100
890 52
505 42
516 44
878 93
404 5
904 20
292 54
945 89
905 94
200 94
93 53
1104 90
522 86
584 89
744 80
1098 36
879 24
936 56
367 70
700 16
581 49
437 87
102 20
301 44
767 25
670 98
221 18
405 56
1065 25
833 21
691 30
599 86
104 70
380 31
114 51
1037 34
1010 12
609 28
884 93
1088 50
1096 43
953 53
1124 52
141 45
873 85
455 90
433 100
81 50
653 75
958 96
307 12
880 90
976 40
257 89
822 51
798 34
459 82
631 3
491 21
954 99
975 74
300 70
66 30
714 64
1133 90
450 91
222 79
555 86
1089 12
282 9
515 13
715 10
435 63
1109 42
375 67
1089 97
908 44
152 86
1051 7
132 94
145 88
829 79
501 19
353 97
91 54
217 21
1100 73
973 55
703 19
354 36
146 62
717 68
253 13
935 35
81 59
44 12
793 85
890 5
296 100
236 96
918 89
129 15
671 97
420 16
1032 84
907 35
874 20
791 40
856 81
54 11
954 1
281 54
981 44
110 46
1098 68
49 86
421 27
1131 98
878 53
390 82
16 85
529 44
70 47
45 52
925 31
384 7
309 72
204 26
371 59
469 99
654 53
275 38
89 26
728 68
753 8
1112 32
1002 22
1114 27
669 43
841 75
737 88
43 33
396 49
968 67
507 22
250 70
785 97
168 75
850 28
291 56
478 61
770 56
160 86
52 79
961 95
563 100
38 40
1010 89
236 64
512 37
585 77
913 39
1104 4
437 64
1012 5
8 85
888 66
531 53
22 99
98 25
456 11
1049 91
969 42
319 5
