2910
474 87
557 24
560 71
425 59
299 53
553 33
363 6
496 50
381 98
530 43
84 12
521 52
261 36
232 95
515 22
564 76
474 24
284 27
368 17
84 34
160 26
279 79
558 29
285 21
577 95
264 6
29 20
230 27
560 31
514 99
318 22
532 40
20 47
367 54
374 20
191 59
41 26
560 2
249 63
322 97
269 97
557 24
335 5
376 49
510 33
296 10
454 17
252 89
181 32
475 64
247 6
240 69
353 3
382 51
96 55
101 99
504 87
206 76
582 52
476 15
287 40
529 58
109 40
91 71
66 4
229 47
184 98
159 74
341 75
357 99
186 6
360 67
155 95
92 76
315 90
536 37
211 63
364 76
507 32
198 63
13 87
425 31
289 43
462 10
413 16
475 6
320 12
515 47
53 38
24 41
204 70
124 26
212 40
135 83
82 75
525 3
53 92
489 28
228 79
528 85
113 53
298 61
476 59
184 68
22 93
416 66
512 56
558 5
448 98
460 70
399 20
303 78
32 45
225 87
303 79
327 88
419 78
35 6
457 88
188 1
218 3
510 64
284 62
232 61
528 62
231 30
119 65
55 52
53 47
372 20
26 6
158 76
508 1
155 82
378 93
572 70
301 71
352 68
111 28
344 72
454 24
379 54
570 50
42 23
17 16
582 43
352 60
272 57
8 70
323 79
350 11
547 49
562 13
62 42
360 32
283 19
455 48
283 10
103 17
8 57
302 68
118 89
53 31
129 63
207 37
302 4
254 83
312 39
464 67
116 44
366 3
40 58
282 62
290 13
294 67
242 70
200 96
105 32
34 61
21 40
537 80
502 24
166 35
221 78
576 12
255 96
543 22
187 14
24 28
367 2
520 2
504 74
514 97
460 51
252 38
179 3
548 90
199 9
56 45
314 75
45 26
520 29
162 54
422 51
113 69
115 81
106 97
42 90
157 49
278 69
287 61
544 71
7 87
519 35
298 91
150 44
251 55
301 14
307 12
249 13
2 84
90 22
280 53
503 64
42 95
490 65
280 5
48 99
103 27
494 3
570 7
351 84
69 88
206 53
349 62
507 40
16 57
35 86
447 46
564 84
116 34
3 92
497 4
577 77
212 18
447 7
443 45
231 17
69 38
575 92
524 99
537 44
226 55
246 75
462 29
442 81
74 49
348 41
469 41
437 59
540 69
488 1
272 50
133 35
199 38
89 46
201 3
292 100
423 86
414 40
152 77
161 35
7 73
149 70
396 16
218 30
114 39
197 45
187 43
116 30
102 100
556 72
14 96
532 76
308 73
477 49
240 92
217 85
292 28
543 89
427 59
409 38
296 11
510 79
167 96
537 18
391 47
389 5
145 2
500 39
516 70
27 14
237 64
129 71
145 1
39 90
528 23
204 41
497 75
187 32
316 42
154 16
406 48
99 53
537 69
33 14
404 31
544 74
463 16
462 85
276 28
563 12
498 13
327 78
351 29
453 14
236 44
192 55
105 68
451 77
368 22
27 85
91 18
187 45
112 75
164 47
379 91
462 40
458 51
461 14
186 49
554 35
192 53
582 36
110 64
530 25
93 14
389 73
291 44
257 59
513 69
297 98
158 13
499 96
212 66
83 56
419 90
532 92
371 30
356 70
298 83
342 96
577 56
315 43
320 60
138 76
582 96
523 3
376 71
572 72
60 5
493 30
192 48
216 46
522 67
261 30
579 3
135 48
538 45
289 24
563 79
90 72
258 7
380 55
65 12
61 37
428 13
243 8
331 51
49 2
266 82
500 78
573 17
184 85
335 63
318 94
169 71
21 83
471 33
342 28
437 92
399 10
565 99
556 46
291 93
450 12
538 52
227 92
36 69
290 95
341 83
322 53
324 43
353 51
91 38
391 99
377 85
378 3
427 93
257 37
376 90
557 45
333 76
439 70
416 94
480 56
273 49
518 86
173 23
82 74
422 54
513 10
578 76
139 56
216 94
420 25
435 3
423 100
89 6
234 23
60 65
42 41
492 78
456 85
125 89
324 18
307 19
456 39
125 59
544 76
536 33
379 24
411 98
338 60
35 74
428 65
246 18
507 81
553 7
473 57
514 16
375 5
538 41
317 94
262 47
475 17
216 79
362 70
187 12
285 46
293 75
562 31
404 91
358 60
294 7
224 93
198 39
162 11
404 90
312 76
257 29
178 85
140 97
308 92
366 96
202 97
217 34
108 37
526 83
561 54
280 72
319 67
306 76
330 28
189 97
411 13
235 32
22 86
395 89
216 28
289 94
366 28
185 40
428 7
275 44
530 86
209 65
531 86
39 50
17 93
233 5
134 46
79 23
398 23
507 97
309 75
280 56
300 58
465 93
437 10
561 8
503 34
149 43
239 28
303 82
87 57
326 5
68 85
43 94
65 99
280 10
79 1
297 89
282 80
370 38
64 86
63 82
91 90
474 98
493 37
403 77
105 15
539 47
540 93
574 77
205 66
190 31
232 33
573 59
151 3
487 35
259 34
218 60
571 86
403 92
69 25
542 7
191 60
5 72
154 34
138 53
480 97
212 49
165 72
346 71
169 50
286 52
533 22
482 87
251 72
561 83
405 7
207 10
131 68
399 9
445 11
491 54
20 55
256 42
118 86
120 36
167 48
58 100
116 46
138 45
175 86
27 43
199 57
171 84
436 32
219 92
102 100
252 30
97 73
55 53
255 80
57 30
236 93
294 74
255 12
203 83
249 93
497 40
100 15
287 35
182 38
334 38
51 85
450 72
531 22
440 9
325 79
437 26
545 25
574 73
306 2
254 47
545 2
446 20
372 33
431 6
2 47
240 62
126 63
155 29
294 26
461 87
526 5
57 34
255 57
128 10
201 51
462 1
296 42
114 69
567 22
400 35
443 3
263 85
257 17
321 2
231 50
300 43
212 40
341 72
489 62
314 21
165 83
503 99
289 81
537 12
1 8
363 39
427 66
128 1
445 9
257 72
187 99
57 91
146 89
334 67
419 79
147 51
383 98
207 24
246 87
294 61
300 61
256 54
470 60
292 67
245 72
221 13
177 53
203 63
121 37
182 99
475 76
344 73
239 63
132 81
463 24
412 74
213 20
258 12
454 78
18 35
259 89
431 50
56 7
343 72
45 99
80 79
31 46
454 67
160 60
529 49
136 65
274 62
447 73
507 49
503 53
274 23
489 28
438 38
44 67
143 55
446 3
209 24
582 88
356 54
529 2
152 90
514 34
133 29
180 82
276 90
176 81
473 7
496 46
355 80
111 23
580 68
88 68
549 57
227 94
481 55
502 86
459 7
503 20
80 7
312 11
8 52
559 59
131 98
514 41
516 61
237 73
265 38
118 61
414 24
75 28
392 68
356 90
325 10
151 60
21 72
129 21
353 1
366 53
481 62
385 35
75 34
481 47
177 47
455 49
362 23
451 35
165 15
394 63
319 31
438 73
59 98
74 83
173 34
55 38
515 3
276 10
417 73
544 86
407 18
219 50
287 66
410 89
553 6
434 62
431 82
36 85
16 32
80 43
324 77
554 22
52 63
48 83
558 46
480 99
498 80
197 2
489 65
416 24
556 63
238 83
329 70
228 20
87 79
54 64
217 71
550 13
156 17
312 84
124 80
382 32
345 49
237 68
548 9
260 35
453 83
155 29
248 17
79 4
506 65
387 50
193 25
100 65
139 9
466 84
179 90
551 36
325 60
16 48
530 14
123 42
440 12
397 64
463 63
572 100
405 33
137 74
474 88
103 38
527 30
6 72
446 85
124 9
35 74
218 72
347 70
483 3
301 42
496 5
581 39
559 22
200 85
133 90
483 62
570 51
563 77
136 7
238 36
326 2
530 62
478 15
62 60
307 71
50 84
349 14
461 59
71 86
212 74
346 74
102 87
147 13
364 34
125 62
578 20
353 74
171 34
271 50
191 45
540 12
68 26
225 34
419 1
153 94
432 8
280 12
406 76
2 31
54 18
315 80
442 59
558 5
61 18
345 98
459 74
541 45
150 47
504 94
192 30
250 75
219 66
83 59
433 89
35 21
183 89
571 93
453 52
213 12
301 32
455 78
159 50
573 96
552 14
524 86
100 41
542 75
113 80
440 20
28 85
331 98
333 13
504 74
82 40
474 10
353 20
457 24
29 47
326 54
140 52
344 27
494 20
212 86
126 88
516 55
288 43
361 96
563 37
129 59
100 62
142 27
231 94
248 74
300 7
113 88
436 46
174 29
574 63
497 62
454 12
229 38
369 14
391 49
376 69
203 99
461 5
412 83
24 83
66 99
385 91
419 36
426 61
109 56
308 96
129 92
237 16
34 52
69 97
241 18
63 63
485 95
282 3
9 28
74 44
382 70
310 40
473 41
177 7
482 99
509 96
103 51
475 41
88 60
337 91
253 48
70 38
22 21
77 40
475 1
319 12
569 48
452 22
434 96
249 59
429 36
370 58
456 22
65 40
87 42
109 28
544 70
173 37
38 98
386 17
513 69
303 41
517 68
501 39
509 42
274 40
489 91
309 28
98 83
186 47
67 28
279 23
307 75
398 29
306 97
343 98
101 66
539 48
137 55
167 36
110 21
573 24
495 71
301 22
38 19
422 13
2 92
140 50
569 14
103 33
558 8
412 8
577 45
410 56
172 26
7 96
426 75
392 70
176 56
137 8
190 61
18 86
227 79
118 2
163 3
295 80
51 39
571 25
351 51
300 76
157 68
11 16
375 68
464 21
79 7
530 81
489 41
485 73
131 47
558 15
396 48
57 70
554 27
381 67
26 47
194 53
78 16
367 87
31 75
4 16
181 100
357 37
282 68
10 86
568 48
309 47
6 90
271 80
223 33
322 98
303 69
568 56
499 25
222 58
543 93
438 93
405 45
198 59
12 2
572 90
511 70
185 89
219 55
210 66
105 82
506 62
489 69
54 79
482 45
285 85
42 38
546 95
548 39
370 15
268 26
127 4
105 9
201 52
231 55
400 100
154 1
267 7
563 71
7 75
193 15
34 42
575 95
141 58
359 96
288 63
410 78
501 49
223 94
345 71
150 75
126 9
432 39
405 35
528 42
540 63
380 88
277 64
398 31
393 27
49 96
88 27
116 6
250 7
343 83
88 30
277 69
536 72
426 69
420 3
62 49
6 26
220 24
423 32
434 73
102 19
57 19
95 81
215 5
44 21
570 94
45 50
415 95
165 85
18 47
146 41
7 61
582 15
118 88
456 43
341 74
445 97
436 99
104 65
503 25
383 21
315 84
413 82
407 71
492 95
290 54
244 73
256 35
82 88
298 2
269 58
285 38
18 80
50 18
302 70
279 75
196 65
154 26
371 50
137 52
293 34
324 84
427 14
73 92
246 85
535 12
311 80
514 36
131 100
539 74
392 58
350 83
376 88
48 82
141 72
382 37
531 83
17 91
445 38
123 95
181 76
273 84
492 38
152 49
144 60
137 98
49 67
260 69
235 49
194 47
326 24
501 28
546 36
498 68
347 15
88 63
319 82
448 86
210 88
146 92
536 40
462 49
173 99
254 59
120 7
502 28
151 9
326 94
502 36
79 55
244 22
540 62
419 26
212 60
298 52
64 80
378 53
166 37
557 100
165 93
47 88
467 34
415 61
112 1
478 60
172 63
386 96
9 18
325 91
269 32
44 46
148 61
468 92
127 22
480 45
36 73
557 71
374 97
36 100
62 68
324 100
4 68
117 96
203 67
139 31
397 58
48 61
544 61
344 47
82 65
475 81
458 5
506 7
539 79
225 34
126 45
326 99
402 11
33 7
7 61
131 94
466 7
267 4
288 86
304 17
247 30
488 7
175 31
440 35
477 42
147 68
212 90
263 68
311 10
340 25
255 84
47 11
313 32
411 68
343 73
579 53
450 95
318 51
355 19
552 3
427 40
242 84
116 9
263 55
178 24
23 10
559 75
577 34
59 60
273 76
5 8
477 91
126 4
127 34
581 77
520 62
473 62
562 74
251 64
184 61
212 19
413 41
241 73
501 19
546 2
564 29
490 16
173 69
119 20
515 71
490 67
544 92
441 57
78 22
31 90
236 54
382 40
414 59
39 63
491 5
323 84
418 99
121 63
140 4
524 14
478 75
537 62
87 40
381 60
105 82
304 20
355 23
422 15
535 88
403 84
95 32
509 52
220 77
226 54
130 12
202 27
316 34
433 28
350 59
136 84
538 22
95 57
331 63
35 31
88 54
405 60
172 82
325 88
408 29
269 39
59 28
273 3
532 48
450 15
462 24
184 1
456 93
244 40
122 20
68 48
501 90
485 78
355 47
450 48
518 66
338 21
459 43
565 68
579 93
283 24
330 91
340 29
44 27
334 97
208 6
560 32
28 43
179 59
37 60
432 71
71 74
242 25
333 83
522 9
581 90
333 51
79 31
118 95
63 32
210 29
136 37
425 82
296 34
469 42
462 82
565 22
508 17
75 80
42 85
452 85
350 7
83 1
196 19
429 96
143 96
141 45
316 14
246 43
253 97
420 24
26 7
119 91
217 79
466 39
296 17
430 8
255 30
471 28
207 6
45 68
260 3
395 47
489 67
50 75
225 40
198 2
116 11
176 51
184 68
525 30
367 67
364 3
11 5
375 37
168 11
91 91
325 34
226 47
143 86
485 1
550 87
234 15
162 70
217 48
110 79
311 87
309 78
455 71
183 81
220 21
287 49
464 74
573 40
273 13
308 51
127 60
331 77
423 23
441 78
70 17
541 56
208 78
478 13
3 30
207 59
545 9
295 73
132 14
214 45
74 16
544 76
80 7
50 42
93 37
513 95
197 17
423 71
419 80
51 77
297 68
306 90
121 16
182 48
349 78
46 33
410 12
104 34
88 72
105 41
38 46
202 42
278 47
148 75
570 45
204 59
207 41
90 41
405 86
174 72
360 63
437 28
74 69
455 97
87 76
306 56
281 75
531 24
255 35
128 99
365 28
347 40
480 9
98 62
484 29
529 62
552 3
434 46
418 17
499 3
54 60
516 56
214 3
286 30
295 32
582 93
297 50
559 66
375 35
189 55
453 80
70 94
492 62
582 8
420 76
72 74
461 91
27 66
309 76
467 88
201 21
354 34
383 15
492 5
95 32
443 2
83 63
547 1
449 10
154 72
113 3
557 14
181 78
445 69
440 60
542 75
262 33
453 78
211 89
442 33
488 9
563 79
499 73
358 43
241 59
61 82
285 67
437 41
568 83
360 63
409 23
119 22
418 20
189 83
63 44
19 78
281 38
117 53
160 61
448 20
386 49
462 40
477 36
121 6
2 43
283 11
167 7
373 32
360 22
551 62
72 56
290 8
172 8
394 93
464 14
550 66
321 47
259 54
548 22
341 84
331 97
5 20
568 81
250 11
526 26
344 76
59 16
286 8
215 98
130 2
480 40
513 60
283 13
548 57
134 1
17 61
25 30
211 48
234 65
140 19
497 69
85 1
525 65
189 36
542 11
116 11
388 6
128 9
286 95
505 54
154 82
244 46
129 9
250 16
436 36
104 86
301 93
314 1
382 1
342 38
210 7
98 46
293 90
473 62
414 84
136 73
98 88
399 98
166 72
101 6
313 12
260 51
519 26
403 31
39 78
305 97
367 84
187 89
254 77
139 35
581 67
497 55
53 37
262 21
429 73
139 57
531 54
331 32
50 15
231 50
97 90
482 51
70 11
143 43
188 8
63 64
526 34
23 93
471 13
540 91
347 18
144 15
216 92
390 44
50 41
34 67
304 24
429 84
356 32
378 91
345 100
401 36
48 18
207 76
320 2
497 33
267 46
58 33
386 48
273 4
121 93
444 10
250 48
165 74
58 58
541 31
553 71
311 40
43 91
255 90
197 46
567 84
244 87
519 22
495 73
312 52
176 6
245 61
42 89
168 85
176 33
296 32
265 8
12 24
123 87
431 58
256 15
563 39
246 94
310 68
189 26
55 46
181 4
510 10
11 74
473 75
396 53
123 10
523 77
313 18
559 49
138 17
123 96
352 45
34 57
308 62
532 26
313 15
503 39
97 42
227 85
49 63
220 86
325 38
463 71
425 34
173 31
563 99
255 58
190 78
344 2
266 43
578 25
381 65
532 66
89 73
186 47
568 15
269 88
2 63
200 55
301 56
539 12
388 9
274 9
388 90
376 93
525 75
11 67
114 28
475 14
551 49
212 37
102 87
162 59
159 44
477 20
81 85
5 13
237 45
450 58
498 43
327 35
296 44
32 82
287 45
277 99
132 72
246 72
494 13
188 53
182 15
161 30
439 65
440 34
104 100
124 50
416 72
222 54
440 88
502 34
158 75
325 72
523 77
415 42
243 86
350 27
288 30
447 98
244 29
417 34
175 28
96 13
149 43
176 64
244 82
104 94
204 68
91 55
357 2
533 77
465 45
476 22
493 55
289 57
385 96
77 36
492 17
248 20
198 37
502 19
260 63
498 79
424 83
265 14
422 20
219 45
546 89
517 64
292 34
578 39
409 54
332 91
330 46
208 99
524 68
112 93
152 86
304 29
55 16
456 80
501 27
470 19
248 81
573 17
487 14
458 26
109 53
97 37
223 88
316 91
46 39
514 85
465 46
425 74
485 16
459 81
319 19
303 17
199 64
323 42
161 44
17 98
570 87
300 49
438 10
516 2
70 100
413 80
277 21
202 69
389 84
3 46
424 62
565 64
549 19
242 48
447 57
50 6
396 61
303 62
517 45
384 83
552 30
552 73
511 17
578 82
290 43
64 15
145 86
241 1
424 40
369 37
334 41
311 3
535 66
81 28
67 39
67 72
357 13
431 12
171 95
577 55
121 60
252 18
345 95
104 15
167 31
487 15
283 10
145 9
329 67
402 4
322 32
420 77
210 16
462 100
78 10
101 25
231 24
570 20
351 42
164 32
400 55
400 12
43 31
241 52
452 3
87 89
19 43
502 22
536 69
339 54
409 13
534 50
308 82
231 15
265 80
373 7
48 38
126 11
446 19
545 70
384 68
377 86
206 97
223 55
457 87
170 69
387 92
135 68
192 59
88 29
91 37
42 59
560 41
110 11
204 48
313 86
24 6
347 60
383 28
90 15
34 90
363 80
499 62
293 43
406 25
443 4
144 65
202 74
377 77
245 29
87 96
316 16
248 34
187 88
170 76
256 38
475 2
199 98
403 96
434 100
267 94
419 97
433 80
5 64
515 44
412 12
183 90
437 7
515 89
318 96
190 44
371 19
210 18
500 65
417 26
208 75
255 68
575 35
164 58
227 29
506 4
59 51
496 85
472 82
253 26
147 6
79 63
425 95
509 90
275 18
400 56
146 14
200 42
548 16
145 25
537 58
124 87
434 65
173 10
494 1
562 18
41 99
356 53
550 40
252 20
304 34
134 64
564 58
103 73
25 38
481 18
488 38
294 67
221 93
391 40
519 25
236 48
458 44
480 91
462 6
84 93
51 94
533 48
291 65
198 8
411 66
195 97
284 76
151 70
571 39
508 58
435 87
163 73
497 46
283 63
391 23
442 59
82 84
81 45
365 2
210 57
176 15
457 58
467 36
313 72
231 48
39 20
248 63
85 16
56 57
482 68
490 52
499 97
428 73
238 80
369 88
453 90
4 7
384 85
559 96
215 77
180 63
445 28
577 91
524 30
202 51
135 30
216 30
406 81
387 90
438 74
176 55
419 49
550 83
192 7
476 94
55 21
382 43
91 21
338 92
281 32
409 73
92 16
447 71
299 10
479 30
496 28
10 52
14 7
306 60
97 41
434 23
7 77
288 42
481 35
410 3
14 40
45 21
340 77
217 71
42 35
565 69
483 16
520 90
54 47
520 39
379 32
392 33
303 95
427 90
214 77
165 42
11 5
532 68
464 39
287 11
432 96
571 34
324 40
348 36
199 46
321 90
373 71
550 76
244 50
341 45
574 10
487 26
70 71
24 3
233 100
539 81
77 58
575 3
223 29
344 16
