333
36 24
1 9
63 60
48 36
3 37
5 23
15 75
20 65
47 60
2 32
42 79
37 15
45 10
36 62
29 41
6 61
65 77
6 88
37 79
59 34
28 35
63 21
9 95
3 41
52 26
61 24
11 67
62 100
14 88
31 7
36 39
34 37
53 9
30 19
37 11
46 73
6 62
4 3
23 20
17 21
15 64
20 96
55 14
4 93
56 51
66 81
13 57
63 48
17 30
61 50
29 78
1 10
50 9
41 61
35 37
22 72
21 52
40 26
51 24
31 7
23 79
64 69
12 82
62 78
64 11
55 29
40 78
65 65
55 37
23 32
10 10
15 82
59 77
64 52
56 53
23 46
2 56
59 46
56 93
14 38
18 68
23 81
5 77
51 93
8 75
64 80
27 64
12 22
54 33
19 58
38 67
49 13
46 28
64 60
56 41
2 12
42 23
2 21
16 96
14 73
41 52
67 92
48 25
2 28
19 67
34 15
30 93
22 56
48 50
53 42
49 93
66 3
29 6
30 95
37 83
33 17
58 2
67 48
5 6
59 63
19 53
67 51
45 57
11 66
66 33
3 76
39 69
51 72
21 54
61 59
24 33
31 58
13 42
66 20
60 19
33 37
48 43
45 91
57 13
3 41
2 75
31 14
11 18
52 10
20 12
56 65
64 45
5 54
11 97
51 38
35 68
17 33
53 99
62 65
7 90
11 76
35 77
14 28
40 84
26 81
34 17
23 31
25 85
60 22
27 51
16 8
8 81
61 83
66 27
61 52
63 54
15 34
52 11
46 36
19 78
62 20
52 65
12 96
18 63
14 12
22 21
56 14
1 17
26 19
10 4
43 91
18 50
21 7
42 11
63 69
12 60
66 79
14 77
50 59
14 33
64 97
15 72
25 90
56 11
46 31
36 88
24 8
28 48
18 68
65 81
56 14
55 23
34 3
54 89
45 19
43 72
28 93
15 31
42 42
63 22
7 30
34 60
44 60
48 42
66 96
27 39
39 46
1 2
30 80
19 19
4 31
54 29
11 97
39 27
19 92
30 61
11 56
32 65
64 14
22 81
25 9
23 75
47 35
28 1
51 76
42 40
44 9
22 12
36 67
24 6
63 82
24 44
40 62
12 94
64 23
48 9
1 68
47 61
18 65
20 94
53 20
15 12
18 10
34 82
55 80
62 78
27 50
13 10
59 53
58 84
41 9
47 61
54 57
44 100
40 38
19 87
13 81
1 96
36 52
3 91
41 4
15 4
34 69
54 41
30 90
22 8
59 18
15 38
4 42
22 44
19 42
54 76
61 54
36 35
29 47
54 22
5 60
65 60
66 9
64 72
42 69
31 33
39 27
38 97
64 85
27 37
64 88
14 17
62 61
59 72
52 88
9 86
32 83
29 5
3 13
5 55
19 63
11 29
22 28
56 64
30 44
13 65
14 16
63 86
23 54
44 72
61 88
55 66
39 16
43 50
67 94
41 73
2 37
32 37
55 70
45 18
59 70
45 88
40 82
27 7
53 88
1 55
26 88
25 60
10 36
34 19
28 24
39 55
38 35
30 6
60 59
26 35
45 32
38 26
59 72
11 35
29 35
22 45
17 77
48 90
13 36
8 73
65 95
47 70
4 54
44 74
59 59
1 43
2 30
14 17
53 59
22 11
25 85
53 70
57 41
31 87
6 17
12 20
5 86
9 59
41 70
36 93
48 35
10 71
29 79
7 1
29 90
17 76
27 63
39 45
7 97
49 49
7 1
42 65
7 6
29 95
56 62
12 46
64 53
16 74
44 22
62 60
27 21
25 63
58 72
29 16
36 23
31 64
55 84
46 69
7 18
7 53
41 1
16 48
14 4
24 34
15 87
14 53
6 24
11 63
37 24
61 60
46 94
27 74
30 84
29 69
41 15
60 73
56 88
63 45
8 3
52 45
66 15
37 63
58 38
65 89
4 48
58 56
31 15
6 33
44 72
12 44
24 10
27 67
30 56
28 22
22 65
31 23
3 2
38 83
50 85
51 45
52 8
15 34
47 2
32 6
5 91
5 7
2 93
2 90
63 55
24 88
42 7
65 93
50 93
32 76
59 28
24 5
13 29
46 69
12 17
16 17
11 25
58 38
12 83
3 83
37 58
67 60
57 9
24 21
41 52
62 59
36 73
22 2
33 13
67 74
11 63
52 93
48 69
28 92
65 97
53 14
53 44
5 2
3 22
42 14
46 81
64 55
49 51
60 58
45 18
32 72
45 71
3 92
20 44
42 6
22 59
10 46
46 95
28 45
19 75
27 45
53 43
13 8
20 96
43 60
24 69
25 49
15 25
11 51
66 1
59 57
42 19
44 90
32 83
34 76
25 51
2 7
25 64
43 4
8 14
20 81
48 57
40 90
31 19
23 50
48 32
65 2
57 11
34 8
3 22
16 36
31 57
49 13
4 38
54 59
52 96
2 60
15 67
10 24
11 42
14 56
3 82
57 6
34 4
56 35
54 44
54 95
32 46
38 84
46 25
8 62
47 53
60 4
27 90
53 1
12 83
9 81
8 98
14 32
2 80
62 81
5 64
55 53
62 67
65 57
33 85
32 79
39 99
59 89
45 2
35 29
30 37
4 95
60 53
2 69
67 41
37 7
47 71
57 67
22 8
28 7
15 32
23 47
10 8
7 70
67 65
29 69
10 87
64 55
34 83
37 39
8 76
44 16
39 45
34 13
43 97
58 75
51 95
46 67
55 6
55 61
43 98
54 15
61 57
3 90
13 97
44 62
10 29
16 30
59 34
29 100
34 62
31 69
33 51
60 82
7 88
13 73
53 88
66 19
1 79
1 27
65 45
37 41
37 61
1 55
60 30
60 2
41 18
65 81
60 48
9 28
49 59
20 29
26 24
15 52
1 80
39 89
28 13
5 19
43 78
56 71
59 5
66 50
55 82
54 62
41 97
35 91
67 27
12 30
38 80
21 28
37 55
27 85
50 27
39 61
3 38
8 55
59 39
43 59
3 27
60 51
15 58
20 16
38 43
8 57
19 98
4 90
48 33
33 15
61 64
28 15
47 69
27 31
6 61
9 71
21 27
59 5
39 20
65 59
22 9
40 65
46 28
49 85
48 21
42 75
10 70
3 95
52 16
65 27
23 94
37 54
63 99
54 9
55 86
31 52
60 50
49 36
43 44
63 33
18 87
3 96
35 95
16 82
35 3
22 99
18 45
25 20
27 53
38 24
26 22
37 64
48 85
6 82
59 60
15 58
10 73
10 46
17 83
9 83
54 61
40 93
41 57
11 53
15 37
6 80
13 48
67 38
22 35
59 91
24 51
50 47
1 14
50 95
55 53
39 96
15 13
10 98
54 53
2 96
49 2
34 98
13 32
59 85
63 9
64 99
7 42
29 39
27 40
22 9
35 32
35 32
14 64
53 56
18 29
8 15
62 72
1 69
34 25
49 70
63 6
34 40
28 28
66 46
22 30
28 88
36 40
13 100
10 70
33 53
22 3
14 52
18 58
31 72
3 51
25 100
61 81
41 2
16 25
39 42
4 58
61 28
63 8
6 68
50 21
64 40
30 9
16 5
45 73
59 29
61 49
53 17
57 57
15 43
31 96
48 47
21 97
18 95
61 27
18 97
23 43
44 79
26 68
37 5
51 64
35 20
30 7
26 91
1 23
10 47
8 65
65 75
34 51
35 10
22 40
38 1
1 64
62 23
33 6
32 65
37 26
1 8
58 22
5 75
11 64
22 56
11 73
41 48
20 76
40 82
23 23
60 95
15 81
55 60
19 13
5 36
48 41
12 69
35 100
46 65
60 43
2 85
11 11
61 19
6 21
64 87
23 59
11 45
7 48
7 89
21 23
61 62
61 66
23 85
6 33
8 68
57 1
26 74
48 32
19 94
51 75
43 65
41 70
52 74
16 40
45 11
45 98
28 100
11 75
26 92
59 88
9 25
10 58
66 36
55 5
34 100
64 21
54 89
53 9
3 40
21 50
60 59
54 48
59 51
62 17
58 21
29 83
14 42
63 26
22 33
9 12
31 60
50 60
36 51
49 1
25 24
56 25
15 24
48 92
20 61
61 53
41 34
6 40
61 79
67 22
19 87
42 11
35 49
53 35
29 93
8 48
67 18
27 26
55 22
54 45
48 56
27 5
24 17
29 14
10 70
4 98
23 20
33 88
17 52
18 8
33 30
52 74
49 94
56 12
9 26
13 59
52 13
5 7
21 50
1 5
48 82
22 84
52 2
1 56
49 82
59 71
37 20
45 47
6 89
14 95
57 5
39 1
35 21
49 64
17 92
6 21
19 25
65 58
23 77
26 99
10 56
26 62
56 6
63 3
42 74
33 29
46 20
53 59
4 86
33 73
57 51
41 80
37 85
23 10
6 74
33 6
11 22
26 69
28 14
27 90
41 89
6 2
8 59
37 92
11 8
46 94
35 72
46 91
61 35
61 63
28 26
52 34
39 40
56 5
12 82
62 98
40 94
6 65
61 9
7 85
28 11
40 24
32 69
35 31
27 52
30 66
34 51
51 2
10 64
6 24
4 94
14 68
7 87
45 29
64 99
2 16
67 7
30 31
60 67
64 85
21 24
44 65
27 29
36 30
21 32
67 9
43 28
2 2
45 64
63 10
7 48
51 66
36 49
47 55
8 44
11 92
17 19
67 30
48 43
62 48
36 53
31 61
12 35
36 87
67 93
54 90
42 55
19 52
26 37
6 39
23 49
47 49
48 49
34 60
50 36
66 29
53 76
49 100
36 33
63 75
35 90
39 68
18 78
1 53
45 12
41 17
14 10
67 17
42 90
41 18
28 8
19 37
59 56
18 89
63 50
64 83
1 1
51 90
50 37
5 23
5 33
56 80
50 98
67 60
29 2
40 3
6 38
17 21
37 94
25 93
64 32
3 21
11 68
39 99
58 24
40 93
61 33
11 46
28 98
36 93
18 67
60 69
7 29
18 70
42 58
64 98
25 82
41 71
29 76
35 25
17 67
43 74
21 4
64 54
14 31
56 8
8 60
32 58
8 93
41 27
24 34
28 23
62 48
37 83
12 27
26 89
18 57
4 65
30 44
47 53
1 48
23 65
46 88
31 94
19 78
48 62
52 44
29 92
64 62
41 96
9 15
15 86
61 78
21 13
57 93
43 79
14 77
63 42
13 40
44 59
47 29
43 55
39 99
59 6
61 98
65 81
22 78
18 74
47 50
18 85
31 6
58 75
51 27
38 22
55 99
55 41
39 2
20 59
65 61
23 65
4 64
38 35
15 60
35 61
56 84
16 28
48 19
48 1
9 25
50 20
55 37
54 89
41 47
58 99
12 30
20 90
40 60
21 1
49 94
43 80
16 25
52 49
27 15
50 54
36 71
34 46
46 94
62 91
39 51
8 52
41 45
14 61
44 44
62 25
67 70
30 36
7 11
28 54
58 2
28 72
39 28
11 33
38 8
4 100
19 97
23 58
64 88
61 89
16 22
62 89
63 74
11 30
2 61
40 46
27 78
61 95
29 90
67 45
48 57
5 75
52 53
62 5
61 65
56 88
17 88
33 23
51 62
33 6
25 18
57 25
12 39
67 93
51 90
28 31
15 75
31 9
27 92
16 34
43 87
47 43
14 53
39 90
9 48
62 9
58 21
34 97
56 96
33 54
28 82
45 9
67 34
56 52
14 61
27 61
24 56
11 17
46 74
19 26
17 47
41 99
43 72
60 98
43 57
29 40
38 9
49 53
7 93
22 38
40 100
43 15
35 15
11 29
30 41
17 58
34 100
18 100
63 31
45 40
62 86
38 3
13 84
59 39
37 14
65 77
13 66
45 52
16 73
40 3
2 19
43 77
18 95
40 43
65 46
30 88
22 39
66 84
13 73
26 34
37 36
11 85
3 18
11 61
12 66
7 83
56 59
41 60
4 70
25 12
16 36
34 90
7 1
26 68
12 80
67 81
10 24
30 85
58 62
10 84
21 53
14 28
13 7
6 49
60 18
38 58
10 98
41 61
34 86
56 30
14 84
23 23
61 47
33 38
55 36
37 43
62 59
22 4
44 59
56 38
31 36
65 34
18 45
47 77
18 42
63 28
2 22
28 30
19 86
36 58
12 69
62 71
44 4
38 73
48 15
55 97
23 90
35 21
7 45
18 28
11 76
56 22
3 35
53 5
28 13
12 93
10 55
34 97
47 13
55 45
15 98
44 4
20 100
51 30
37 9
55 20
12 79
10 38
55 22
61 98
55 77
38 34
38 60
62 65
39 93
26 52
29 69
1 71
4 3
60 16
33 46
2 1
13 11
13 58
46 73
31 97
27 21
52 2
31 66
20 45
58 25
53 41
14 16
29 64
34 5
2 79
39 5
51 8
11 65
57 65
33 21
55 37
10 56
56 80
38 16
12 27
49 57
18 40
46 85
4 33
16 29
63 90
43 49
6 14
64 40
67 53
28 93
45 71
64 76
8 22
53 95
5 99
38 60
23 12
26 60
48 41
49 97
9 24
29 31
27 63
10 28
26 29
56 57
7 81
55 53
57 96
18 40
16 4
55 84
65 52
20 100
11 49
3 38
12 15
55 37
42 73
33 99
58 39
3 99
8 72
35 70
31 37
31 24
20 14
39 60
6 24
65 49
15 28
64 97
25 49
3 64
20 36
1 89
62 19
29 72
4 34
65 34
37 8
19 97
48 62
58 1
65 20
14 24
53 27
43 44
31 94
24 54
39 24
48 7
25 14
49 54
9 17
17 93
28 98
7 94
33 76
21 25
59 75
13 99
34 100
50 6
15 42
63 75
18 19
60 11
20 76
38 8
3 56
9 21
39 96
58 76
25 39
62 43
34 97
24 77
46 76
27 70
66 68
12 32
34 1
49 59
20 95
5 9
56 73
47 13
7 96
13 85
64 77
19 84
42 76
25 89
54 52
1 55
64 32
21 12
59 20
25 74
17 86
25 62
52 14
7 90
6 64
15 70
41 61
12 66
33 81
61 2
53 49
65 52
25 93
25 17
60 7
57 3
65 74
59 90
39 77
61 64
57 19
9 6
26 86
20 42
52 2
54 21
61 9
11 89
6 53
43 35
34 52
49 5
58 1
27 38
56 37
20 81
63 3
9 72
8 58
53 84
25 65
20 24
10 11
43 23
10 43
41 20
30 68
38 54
49 52
43 15
29 26
9 94
52 26
37 37
31 25
2 12
67 73
24 63
2 84
56 75
40 81
64 44
7 48
40 58
26 51
23 17
32 58
26 50
28 44
37 70
41 97
39 25
7 26
8 77
25 59
66 85
37 41
1 33
14 52
9 93
51 73
52 7
56 56
3 48
11 86
30 62
25 80
26 10
26 76
17 34
19 51
48 23
66 87
62 56
20 74
32 21
17 80
17 91
10 48
14 93
22 62
1 29
23 87
10 3
66 49
41 48
43 6
13 74
26 57
23 32
24 100
42 38
5 26
47 40
42 79
15 57
19 72
65 38
58 70
54 88
5 23
39 97
5 29
17 17
55 42
8 8
16 18
61 37
24 56
4 81
12 25
51 37
22 83
42 12
33 93
64 68
39 100
10 43
66 41
63 63
58 38
29 76
27 35
33 4
2 20
14 86
2 22
21 17
8 43
5 94
12 66
23 54
34 36
67 50
45 65
18 31
29 31
2 98
27 5
11 67
61 59
10 27
12 35
63 70
66 95
32 44
30 96
35 47
63 94
67 45
56 96
57 7
64 19
4 44
65 56
40 15
58 67
49 28
9 69
30 12
24 3
3 35
52 97
47 14
37 75
44 99
38 24
7 34
15 48
46 49
33 70
26 99
18 95
37 23
21 28
9 56
47 68
9 51
26 40
15 46
67 16
31 62
41 11
37 56
51 75
22 62
48 65
16 80
59 6
53 63
23 75
60 5
56 20
27 12
56 4
28 25
66 81
63 38
61 80
28 75
62 80
11 60
8 96
43 69
21 95
32 8
60 48
61 1
23 5
9 55
40 67
50 70
61 87
57 81
26 18
56 56
27 52
8 76
38 87
43 15
48 16
60 3
21 34
20 62
41 97
37 80
54 66
31 42
48 36
52 42
14 58
30 95
58 29
57 12
5 2
40 56
63 71
53 40
5 50
43 79
29 91
50 90
31 91
43 82
64 40
67 1
8 50
62 87
59 88
6 4
3 68
25 28
19 38
18 66
27 17
11 92
31 73
52 83
58 94
39 54
60 45
39 12
55 7
49 34
53 32
50 93
5 52
26 57
54 47
31 45
30 94
24 99
18 5
9 43
41 74
63 12
22 97
6 66
18 43
56 1
18 96
11 84
9 84
56 84
49 93
23 31
27 72
53 97
54 66
64 26
27 86
17 73
62 15
21 92
35 7
67 8
65 97
22 22
21 15
33 60
38 55
45 54
39 52
37 36
65 1
61 55
11 82
20 25
65 81
49 36
51 49
62 76
23 59
4 62
38 79
43 25
37 76
31 62
48 92
18 76
51 35
55 25
64 21
44 65
43 100
46 66
19 58
55 82
38 91
42 45
50 92
23 38
23 7
1 91
56 63
54 13
53 96
60 87
7 20
35 38
25 79
13 43
18 59
33 55
23 62
9 63
9 22
29 9
56 23
24 23
23 51
46 44
25 88
33 59
10 28
5 17
1 87
14 2
38 5
49 27
10 84
53 67
38 24
25 63
42 16
18 31
37 12
8 28
64 43
47 3
32 2
16 35
1 7
7 65
48 84
28 50
67 92
5 74
67 57
9 45
36 35
44 31
4 86
30 10
30 24
61 68
55 10
52 7
60 45
43 63
67 78
15 58
65 43
26 67
61 91
42 24
66 70
10 32
36 19
1 51
16 69
10 61
3 79
19 84
28 9
67 58
11 28
48 1
30 55
21 77
66 33
30 17
20 90
34 78
61 66
48 32
45 8
41 54
34 1
28 88
59 7
16 86
65 27
22 52
32 54
66 98
31 13
42 4
31 30
3 67
6 8
10 47
56 40
24 8
45 69
17 59
43 32
56 8
53 52
20 77
17 15
16 70
56 29
25 63
44 33
5 63
25 95
14 95
44 10
67 79
20 52
59 70
36 66
36 95
18 4
23 42
15 13
64 39
25 13
66 88
41 30
55 1
11 69
46 59
42 77
57 47
41 73
32 6
38 17
10 31
12 99
26 12
4 22
25 65
2 69
43 11
57 73
66 17
56 17
6 45
14 28
1 9
51 41
26 3
65 6
52 11
40 31
62 21
39 84
13 45
1 75
28 34
26 7
26 30
37 16
10 14
67 47
61 53
26 42
34 98
62 56
48 1
49 79
27 23
46 57
48 63
62 13
32 88
23 40
12 97
41 92
6 37
65 51
15 93
22 90
25 90
10 18
60 36
67 21
7 13
47 6
57 83
3 40
22 17
1 17
41 48
47 27
20 21
28 41
62 47
29 34
19 97
45 42
56 43
4 48
42 61
13 34
49 84
11 65
31 78
34 77
27 68
36 49
38 96
25 92
20 64
60 50
25 21
15 40
14 48
12 28
36 45
36 31
22 45
19 52
61 34
38 4
49 9
54 26
5 42
32 26
15 18
65 33
8 25
8 61
63 19
7 83
11 41
56 58
53 72
8 5
50 1
57 99
30 16
51 35
38 16
12 4
8 59
22 49
7 58
61 36
6 83
52 75
29 57
66 81
62 50
12 60
55 10
23 71
55 30
48 50
19 69
34 33
37 55
19 95
44 22
1 41
42 66
56 77
67 11
4 33
12 37
56 82
61 13
31 89
9 75
40 28
58 88
17 16
34 14
57 84
31 31
5 65
57 50
18 26
67 70
1 64
36 82
38 34
6 80
51 38
61 7
43 32
29 40
24 88
28 1
55 52
19 87
32 60
35 78
18 20
10 26
26 57
1 13
35 82
3 49
57 41
39 94
45 12
49 80
43 82
15 27
12 85
49 4
64 80
14 67
8 19
26 31
8 55
30 33
54 57
21 33
26 18
15 62
10 15
