6657
275 85
361 15
1178 63
679 83
594 66
159 74
467 45
507 58
1228 16
1185 59
568 87
518 52
1138 40
272 74
28 36
670 25
416 50
751 33
401 25
755 5
1287 80
847 78
933 66
322 2
681 95
812 97
1033 69
953 4
176 69
1196 71
76 18
1198 32
927 47
187 62
900 99
547 52
292 24
218 28
903 92
724 94
1057 82
770 69
337 18
469 31
1282 16
524 8
759 70
707 51
78 24
1036 67
714 93
290 3
1309 84
699 49
685 47
788 52
904 70
693 15
438 52
63 59
492 69
102 55
597 8
606 70
159 13
311 88
829 26
1136 42
930 26
1161 45
1293 12
416 53
912 34
495 75
98 12
31 44
908 15
953 67
164 62
1064 62
651 99
641 37
1145 62
229 74
780 49
878 14
1210 66
898 61
270 13
73 84
26 90
570 66
1295 65
1083 19
357 37
868 42
995 49
1289 55
132 61
541 12
338 86
556 85
782 32
400 98
1093 19
383 72
667 74
1182 32
1023 28
26 2
987 29
1217 95
1200 2
885 16
170 73
278 39
1186 56
50 57
390 35
674 73
881 89
536 21
986 6
460 96
788 22
234 31
1253 37
1198 87
781 82
1246 52
181 52
1036 47
582 44
152 23
332 2
44 66
713 8
999 46
319 70
530 82
146 84
1012 64
679 20
738 60
480 25
1278 23
1025 5
6 40
1307 37
1226 51
243 76
49 51
1103 93
569 94
361 51
154 65
694 91
32 14
611 47
917 54
874 34
872 96
1301 67
414 81
1039 79
238 8
937 68
132 85
1015 20
199 87
698 34
663 24
25 71
1157 6
644 51
322 29
718 27
615 85
996 92
92 91
635 22
1004 62
559 44
1125 49
159 73
1062 52
154 67
402 4
252 96
135 3
128 36
434 27
501 8
549 42
102 71
484 24
1106 29
1325 94
848 27
113 99
237 25
1070 64
153 45
333 42
317 74
646 75
829 66
1243 6
77 82
114 17
831 3
1216 85
1110 21
415 96
882 26
175 82
400 10
284 8
806 54
800 21
1081 53
705 68
446 27
275 72
257 97
1211 28
486 67
588 28
1273 47
552 64
1195 41
929 99
1151 95
755 15
1176 30
551 19
372 70
303 96
830 75
1318 78
306 26
1002 54
696 90
799 34
985 64
851 94
856 19
1001 74
995 31
1147 57
261 53
478 5
289 97
285 40
179 36
481 69
826 64
345 28
1138 19
862 88
1212 58
1261 98
452 43
554 83
227 99
66 31
607 46
291 45
1029 11
608 68
792 96
1038 76
83 3
1171 34
511 59
154 5
239 31
440 38
549 77
354 68
694 52
326 97
207 97
1102 28
975 31
197 51
268 12
1072 67
874 93
598 41
646 25
528 96
27 43
533 47
416 78
704 16
992 40
242 51
887 91
1194 16
284 12
800 71
575 83
547 17
438 60
665 88
577 77
396 76
372 26
188 43
296 9
658 23
182 78
258 48
83 79
1021 32
1195 37
916 91
196 38
446 77
926 59
1162 88
444 85
788 37
217 95
37 84
552 27
1302 72
953 41
850 70
982 65
908 59
1003 32
1179 91
518 12
496 42
1269 38
509 5
737 31
212 41
547 30
19 10
1216 6
493 34
167 77
346 43
1107 20
1120 73
1316 26
1291 87
41 21
150 59
161 50
274 60
1170 49
932 48
235 35
726 7
355 55
411 15
1250 32
1238 83
1293 22
1110 1
1145 23
708 5
304 56
1295 34
290 12
13 63
630 64
872 63
1305 30
879 91
1094 52
583 21
430 90
735 23
493 3
942 47
1180 9
25 74
515 77
32 13
817 15
1226 90
813 82
405 37
1058 87
709 30
602 98
481 3
326 65
1312 96
1314 75
1296 53
817 21
788 28
1253 79
868 52
1170 21
463 83
889 13
1143 75
413 18
1214 85
828 31
230 75
39 89
929 86
130 42
478 47
1252 12
474 28
1008 43
731 32
609 23
976 34
569 100
985 91
845 100
876 11
1198 70
407 84
532 49
639 30
58 79
412 85
90 38
1170 3
700 86
222 91
902 53
1258 45
819 58
502 59
1131 17
331 75
838 26
519 81
87 51
348 26
206 17
1310 78
1113 74
180 85
1051 55
1276 42
45 31
515 49
754 7
611 48
821 13
96 27
250 39
112 7
1278 96
132 79
1163 67
993 44
286 1
1238 89
782 53
1054 8
1294 95
1280 80
798 100
916 42
44 34
496 53
814 35
598 16
1314 82
749 27
791 27
976 15
1147 4
1296 54
1232 94
523 23
288 57
40 67
472 39
336 82
548 62
409 85
895 49
820 72
1293 86
746 57
469 65
141 45
613 82
382 35
1258 77
675 46
448 6
318 30
1183 58
680 67
981 86
845 7
486 57
870 38
897 44
81 6
668 91
664 99
228 5
418 88
383 42
447 72
529 36
14 75
213 66
48 10
590 35
1091 65
1264 89
562 46
1195 93
853 33
669 89
235 48
1132 36
763 3
200 48
651 85
355 84
199 69
1070 19
637 26
1179 62
727 43
21 53
70 21
893 60
643 19
268 13
822 45
348 30
535 24
498 84
58 37
1091 19
1169 18
490 70
655 74
1204 85
266 69
617 85
350 26
1298 86
2 37
93 61
129 30
36 81
1115 19
660 82
1012 65
698 10
1071 91
826 80
1056 92
3 27
566 60
621 86
454 36
558 89
863 61
952 12
234 3
456 66
1244 96
529 87
110 15
1314 4
630 87
833 53
1011 41
9 7
1033 10
558 33
115 93
143 63
513 17
436 100
879 16
144 82
52 32
329 65
304 2
605 51
955 59
781 11
1161 34
371 95
18 25
310 24
109 23
494 88
743 51
381 24
1207 7
785 97
910 66
1240 14
990 82
1007 15
942 20
1269 41
389 32
433 6
578 22
489 36
1144 53
1220 13
377 10
1016 27
795 19
979 97
199 99
709 56
1055 60
641 38
65 54
215 38
1008 34
690 76
427 64
140 61
930 100
635 5
639 73
562 80
1277 24
1091 12
1034 20
537 79
465 76
965 63
270 39
17 62
422 20
226 17
1119 25
344 67
481 88
626 22
86 16
1059 77
758 70
731 65
980 99
698 21
327 76
917 1
25 95
880 81
75 33
211 19
529 46
771 78
1111 64
1308 48
54 88
580 15
354 61
906 96
411 15
388 87
904 74
272 75
626 81
602 49
230 39
928 55
706 78
364 92
1268 4
139 18
1097 86
1218 96
417 94
176 24
677 60
669 14
386 79
919 44
578 51
978 13
203 75
880 95
233 68
538 60
5 94
793 71
512 90
392 64
293 22
1326 67
480 72
237 88
673 18
598 69
1249 10
90 77
1288 84
427 6
354 7
157 17
1313 31
254 7
642 42
1039 50
678 22
415 72
316 12
665 9
746 48
222 40
107 16
766 53
404 20
630 89
1225 49
784 95
507 4
353 93
163 7
243 87
165 12
1209 14
1306 92
154 58
230 26
710 45
1292 45
322 97
817 2
247 27
1022 95
1008 72
252 52
1278 23
488 44
889 88
577 87
306 66
230 9
921 14
33 79
789 20
301 92
227 90
1107 47
744 4
341 22
1234 100
1056 39
252 88
395 87
714 46
327 47
488 99
202 67
304 28
1257 42
1136 93
826 23
908 43
1317 90
566 38
507 7
556 4
795 73
769 47
58 25
623 45
840 20
434 7
719 35
26 4
40 79
319 23
16 7
776 4
183 74
1210 21
674 89
224 51
872 82
130 53
1133 19
342 58
693 16
851 76
750 55
786 75
406 16
1204 84
620 88
1150 49
130 32
212 87
452 68
791 3
132 3
654 62
1314 15
90 83
241 85
1318 28
778 43
663 30
477 14
277 68
170 99
1176 38
533 22
16 89
722 100
1225 68
15 23
984 53
19 7
300 6
71 20
737 38
656 38
1294 75
84 98
703 69
515 50
648 51
652 75
374 56
139 68
812 74
1061 51
659 89
184 100
192 42
634 1
137 3
1024 31
803 3
197 59
609 11
174 31
840 23
697 6
1087 12
902 6
114 15
1290 44
102 62
848 73
591 5
1016 92
384 4
894 67
399 66
331 77
927 82
353 80
329 54
907 3
854 7
762 45
893 54
163 2
179 87
169 67
151 36
643 33
370 36
524 26
1107 32
703 6
817 53
874 25
450 49
191 13
797 91
981 6
701 92
52 49
226 50
546 35
832 34
779 63
900 27
1325 90
253 1
1012 24
881 67
1192 15
1059 80
939 22
807 51
809 82
790 38
572 27
274 96
39 34
946 18
1154 1
253 9
226 3
155 15
216 78
204 100
427 42
660 40
733 50
914 13
301 96
870 38
1166 66
1002 60
627 54
846 95
815 54
13 67
1067 11
167 76
754 53
267 79
457 52
1125 40
120 76
58 73
1169 67
324 88
588 12
8 79
155 37
452 76
156 98
1317 16
1216 95
1047 52
189 63
28 7
1241 80
1036 15
837 62
843 78
333 67
943 31
258 50
568 17
559 16
700 87
191 60
993 100
632 95
237 34
746 59
1121 97
200 29
1245 53
883 79
1122 2
75 50
528 56
131 53
688 41
1305 67
772 20
991 72
804 17
1058 77
937 45
8 1
1227 79
124 21
384 71
184 15
61 69
809 62
797 52
1061 31
984 81
499 100
462 16
1242 30
1144 35
558 75
18 95
172 49
1314 66
1321 73
1020 12
284 37
770 67
305 14
860 13
146 41
459 45
325 19
875 32
19 12
912 31
915 64
868 13
1299 95
1221 70
235 12
1246 89
126 16
15 40
1105 65
447 85
874 80
1325 94
982 94
1013 5
520 75
487 39
815 18
983 5
1300 23
422 43
984 77
1169 89
983 40
230 50
247 8
1148 84
560 48
879 42
391 62
313 18
609 20
1075 20
203 14
995 42
590 41
114 83
1274 44
420 53
398 46
273 55
14 73
740 76
112 66
80 74
462 17
726 10
673 34
82 3
182 70
263 73
448 39
200 83
1185 77
567 87
1195 46
516 18
485 41
619 21
63 38
613 26
201 4
53 87
610 82
706 17
162 60
1234 68
629 47
443 88
474 78
1187 66
731 98
548 93
338 3
768 90
227 34
545 13
1153 13
917 40
1206 61
139 40
1099 54
652 19
735 25
510 7
1137 32
515 54
1311 31
1247 13
754 26
80 74
720 62
300 71
169 73
1205 75
731 19
302 57
666 78
1226 44
794 92
86 8
496 16
421 45
394 81
803 32
345 19
575 93
650 2
709 96
385 99
120 37
631 11
61 27
573 63
546 56
1103 21
64 33
630 9
393 42
485 17
982 18
820 43
1124 1
407 12
786 77
188 45
52 81
1276 61
27 76
395 11
102 76
472 57
979 87
399 10
297 43
329 40
509 61
998 43
72 81
772 91
1032 40
702 84
925 52
820 48
407 42
955 47
164 75
805 28
750 71
1281 56
787 39
801 6
566 60
854 57
721 79
955 11
318 41
282 86
1266 51
744 25
1267 29
372 43
491 15
356 79
949 75
954 73
859 77
911 1
538 42
12 62
297 76
615 70
471 34
816 94
719 40
170 74
30 70
1021 93
1221 79
121 83
950 37
974 61
634 88
342 89
31 70
703 23
718 14
1025 25
784 85
555 46
458 28
503 14
34 57
16 44
888 21
163 44
132 58
942 86
575 2
382 75
1163 74
151 61
599 3
1273 2
868 100
792 26
583 84
1310 23
752 15
586 48
879 9
1204 79
356 66
1012 100
531 69
316 51
419 48
1215 71
877 26
837 73
1134 4
656 59
230 50
877 62
389 100
221 16
376 83
91 62
806 74
727 43
379 1
1265 28
1124 89
25 74
34 22
158 78
571 2
191 17
1197 86
42 58
1112 64
551 77
1049 52
1279 29
309 33
107 39
1142 37
349 40
513 96
263 84
116 85
1330 30
1234 24
981 85
1296 14
178 3
979 73
208 17
611 52
11 14
1193 27
835 85
877 67
832 82
1096 50
349 74
911 10
1214 88
1240 15
1259 72
444 62
1206 55
598 18
816 55
833 83
504 2
944 67
177 52
1126 34
1172 44
830 95
161 33
385 78
358 23
44 33
359 24
812 9
274 39
1253 30
945 37
901 64
365 6
943 34
698 55
5 100
673 85
878 97
372 34
1023 27
1091 92
438 75
888 98
790 1
518 33
1084 46
1241 19
122 84
1327 49
1119 60
94 31
629 36
919 62
276 91
925 95
578 100
1290 75
1282 77
241 88
320 56
118 32
1016 23
997 96
470 42
952 50
851 32
707 92
1062 50
78 33
891 98
695 7
819 46
586 17
315 98
676 75
929 42
956 95
1141 71
700 62
277 29
1204 51
1311 99
785 98
105 53
408 100
558 37
602 71
128 64
353 83
1223 48
884 53
316 57
920 69
751 75
647 16
336 5
455 41
1272 97
746 26
808 61
467 14
1271 59
920 73
1239 77
70 60
226 28
616 50
1194 47
1116 40
137 43
285 32
277 60
412 98
879 50
612 46
900 58
463 19
1028 86
874 29
1248 25
613 88
523 3
212 86
1042 94
436 24
144 37
709 99
925 76
40 55
932 12
1171 80
285 6
39 49
107 32
722 81
1242 69
674 24
1104 9
518 79
1304 48
1166 53
398 31
142 85
381 60
693 93
112 17
101 62
130 28
895 7
1212 17
1202 54
290 3
1104 95
1043 9
1132 4
982 20
537 89
124 91
936 54
1286 72
232 36
264 51
915 26
386 17
681 98
857 100
144 84
1198 31
935 18
850 25
12 92
1301 94
1189 50
472 44
1124 93
164 82
815 24
680 4
217 70
1020 62
610 54
1040 39
121 24
145 76
1185 25
550 85
876 90
1149 27
538 24
1148 90
1085 37
909 64
1272 22
722 31
113 42
11 69
122 20
44 88
138 56
607 65
791 19
2 23
985 47
943 9
1268 77
278 6
753 62
1220 55
902 60
207 94
407 70
717 76
1101 18
92 94
461 90
240 16
1059 15
1108 38
673 37
713 12
314 61
590 14
629 58
217 36
177 92
1216 60
1303 4
404 14
256 83
1092 23
391 66
303 14
966 46
416 8
965 17
1111 40
261 96
1035 84
837 15
897 35
960 67
197 73
291 51
261 33
1054 100
744 86
549 7
270 28
536 42
904 73
1287 83
84 37
813 47
392 28
537 70
455 82
918 74
203 43
911 21
545 98
1260 54
878 36
640 90
357 38
627 56
195 98
614 62
217 41
84 76
1259 54
1151 24
145 21
549 30
1212 95
927 20
173 92
1217 21
1269 32
592 68
699 95
324 97
239 4
44 26
894 78
704 25
416 69
206 14
1224 37
813 100
1277 88
768 44
304 61
304 52
352 95
182 24
402 42
802 37
525 88
658 1
808 73
32 67
878 90
513 74
517 85
568 7
867 5
633 96
110 86
25 67
842 77
517 84
321 87
56 60
994 32
1206 27
363 2
868 22
180 67
478 34
1325 23
342 8
1027 55
47 19
957 32
458 11
458 25
701 32
40 96
833 50
792 52
170 94
478 66
845 3
447 7
245 96
469 94
92 84
1192 36
962 26
1021 96
768 26
130 5
459 28
78 93
1042 24
1252 44
175 71
729 67
568 64
234 34
831 80
731 42
51 65
824 97
558 36
231 45
54 84
183 76
430 77
733 55
124 30
1048 19
533 6
654 4
565 33
507 91
851 41
856 75
117 86
630 50
1279 34
1261 30
771 4
194 22
699 4
531 3
1258 17
22 12
993 38
1150 44
205 88
120 2
1223 73
289 58
185 21
1229 43
623 35
1188 65
548 57
35 16
1191 54
1162 66
1205 88
985 57
508 14
135 75
691 26
519 35
1298 11
265 65
697 29
656 2
1096 55
227 56
1317 5
856 67
650 87
1105 90
816 58
94 97
1057 97
119 53
680 33
1221 44
1081 40
64 93
1265 88
485 94
22 65
619 13
66 10
89 60
478 99
388 66
1295 14
1207 3
800 31
712 60
1234 85
1123 32
1053 73
87 71
391 36
311 90
211 46
1157 70
949 83
520 92
1069 68
1295 97
623 36
179 29
1262 98
320 88
1300 91
579 45
5 3
808 55
706 2
1247 65
32 68
200 40
619 33
1308 43
1325 10
1318 78
376 78
275 16
29 27
402 71
916 47
1035 36
400 56
766 8
636 86
1247 43
164 64
317 82
657 24
1228 93
545 19
241 48
752 1
292 97
715 70
793 99
1029 86
977 53
512 36
993 75
682 98
965 15
1020 83
3 62
193 97
410 58
977 6
278 28
782 18
455 43
685 52
1325 72
450 63
1085 4
368 71
121 15
1049 28
741 67
114 18
247 57
1107 3
1025 86
1072 41
1288 15
154 79
1062 87
1252 79
767 68
875 42
589 91
938 42
256 59
705 7
65 56
1288 70
130 24
708 46
470 60
1229 82
627 78
1081 93
1190 18
673 94
1212 49
464 17
1171 69
792 33
248 34
8 74
1019 47
291 90
1316 4
1127 36
56 89
1292 86
271 49
593 3
566 23
24 27
603 34
1300 12
1215 41
4 1
394 93
459 6
455 4
1301 20
140 11
48 36
1148 98
197 87
110 30
532 64
785 37
574 95
518 37
1017 56
1204 93
853 22
1308 12
811 76
1223 77
411 81
144 14
1101 19
207 22
1178 99
787 39
1134 98
549 15
1276 16
1301 6
1173 2
480 26
545 11
348 41
157 45
448 87
1204 38
260 60
118 82
313 57
1032 49
46 71
368 36
769 62
595 56
859 6
178 11
421 45
82 11
699 13
153 53
809 65
571 34
492 1
426 26
1244 52
1156 55
1001 83
552 64
59 52
19 86
1212 64
690 56
858 76
302 46
860 18
852 19
1018 57
1021 54
576 17
1140 57
756 41
791 62
420 17
948 24
979 39
912 85
1300 50
737 100
538 32
1048 72
1267 45
616 41
1235 85
995 98
165 20
430 28
520 15
1010 37
173 33
1261 41
365 100
898 19
389 75
982 91
206 28
173 21
1240 46
878 62
504 65
166 89
700 66
1206 52
582 31
1224 84
572 8
601 51
1 54
2 85
947 54
929 50
1084 74
1077 93
125 75
1181 77
267 4
69 65
1093 41
31 86
833 6
454 30
624 35
957 69
1054 2
574 91
1285 90
273 85
602 37
608 70
577 60
610 86
100 23
459 60
554 26
1180 73
631 86
346 45
942 70
872 87
253 55
400 15
743 60
1050 84
1274 97
364 58
1212 6
760 31
868 11
1216 58
575 100
426 10
778 94
146 69
1105 76
158 77
188 79
1153 55
275 10
1020 82
934 90
40 27
193 13
80 81
383 83
13 84
736 50
1030 76
1328 23
1100 49
371 54
1228 85
582 33
269 33
949 20
198 54
336 54
207 9
1259 29
859 5
390 16
627 69
1156 16
877 10
92 45
792 70
783 97
974 65
640 65
347 23
997 23
1138 4
1323 95
1084 29
434 84
914 35
876 54
829 88
756 49
262 62
1243 11
1062 35
1112 47
799 66
1292 16
1166 70
756 85
988 39
853 5
41 58
1321 38
1034 78
1099 11
347 1
1143 88
469 93
643 71
851 86
20 38
641 65
1136 90
37 89
1069 42
904 60
705 93
103 28
436 17
136 25
306 5
542 34
677 33
741 25
141 20
157 56
143 76
1285 1
826 44
1184 32
474 8
1234 4
1027 7
690 21
1042 66
500 87
196 5
529 6
304 34
1324 54
708 74
993 49
1051 12
277 29
781 40
434 69
260 31
438 69
353 65
473 30
367 99
964 79
515 76
1062 95
481 68
1181 52
441 2
785 99
348 53
1282 92
234 3
470 55
40 24
926 18
432 30
861 27
1030 79
898 60
75 39
40 33
689 92
985 30
1113 48
730 51
568 57
1005 1
328 34
1063 9
1052 33
952 10
50 74
897 51
655 55
1223 53
744 87
909 68
829 44
376 19
597 88
689 6
278 88
316 42
948 77
596 6
671 74
23 15
1051 11
839 80
1170 61
1103 42
984 23
945 41
821 9
417 43
203 81
195 44
1001 4
182 84
521 56
760 29
899 88
621 92
1309 58
699 18
1189 96
316 79
486 33
1040 79
308 25
308 71
901 85
608 20
170 25
543 24
642 10
328 69
596 45
784 59
237 48
1087 57
183 84
90 91
593 40
1263 72
596 100
299 7
373 19
1134 28
255 69
1286 46
292 31
452 67
46 16
529 98
1223 28
1249 7
351 35
1299 78
185 90
936 79
673 46
105 46
1322 12
300 87
322 43
585 11
475 78
866 95
221 49
1239 57
1023 19
22 92
718 82
1203 46
214 68
830 10
611 28
1149 75
986 73
329 95
579 73
195 58
541 23
1035 44
462 13
646 55
571 77
68 60
631 28
1301 47
133 61
207 48
643 64
1152 19
327 94
603 55
286 81
317 92
385 68
978 100
285 81
1134 96
86 61
696 6
162 8
1003 84
1154 72
879 27
569 62
909 56
629 18
1100 33
1306 37
312 41
1308 15
697 89
548 7
1206 25
580 92
325 55
115 9
1140 24
25 69
1128 2
674 44
1099 91
144 50
539 96
