380
74 35
61 16
45 1
46 18
40 55
75 30
17 60
30 35
49 69
74 36
38 23
40 7
55 37
38 18
64 84
4 30
32 80
56 31
3 67
44 7
52 11
49 55
30 98
9 64
51 3
76 17
37 70
26 5
75 94
2 24
16 94
30 71
23 74
70 96
64 30
33 50
39 16
74 5
8 91
25 47
21 72
5 31
71 94
71 17
4 41
1 15
8 18
65 12
38 43
58 93
63 7
8 45
37 89
19 75
39 47
59 49
12 90
25 21
64 53
50 89
1 97
37 80
45 5
57 42
48 35
44 2
73 91
63 74
15 33
7 13
64 23
55 78
35 16
47 60
71 100
71 2
32 91
4 77
31 20
5 3
10 25
7 53
47 50
44 73
28 57
40 60
52 54
48 98
25 97
51 71
57 59
59 72
63 57
36 4
69 90
50 37
53 46
20 72
59 24
36 59
30 32
24 15
12 87
51 80
57 8
63 56
21 19
44 44
76 54
46 63
18 11
29 51
75 92
27 57
56 68
2 23
65 58
72 70
47 6
10 52
63 45
23 34
24 41
5 17
58 60
16 68
73 82
13 76
17 55
17 86
9 16
67 20
53 84
19 35
72 37
60 46
64 97
31 15
52 53
19 8
76 40
39 50
5 57
12 46
48 82
54 38
34 27
73 45
39 29
58 72
72 22
48 34
75 54
18 60
17 19
70 32
45 14
9 85
33 92
16 79
7 93
19 92
29 25
18 30
26 76
65 44
3 11
66 12
18 1
66 28
67 93
31 72
22 2
48 26
65 96
7 22
1 55
30 61
8 31
56 69
6 20
69 45
6 78
22 85
64 8
71 6
71 46
37 54
18 36
70 36
66 75
76 99
53 95
25 100
48 24
55 28
48 77
61 33
39 38
74 36
23 56
26 84
58 7
35 10
34 85
8 79
5 61
1 53
6 23
46 92
33 20
70 5
19 95
20 74
73 3
16 77
62 33
67 2
46 7
14 100
12 80
27 3
45 32
19 12
57 53
12 100
49 58
7 66
15 66
6 2
65 35
75 22
2 94
3 69
37 30
44 86
20 24
15 13
34 58
36 44
63 83
62 77
63 86
70 23
52 2
9 20
74 30
36 63
68 8
1 90
73 64
51 18
3 39
8 46
60 14
4 65
38 62
70 31
55 49
67 99
20 88
22 42
39 2
5 53
60 5
51 51
20 55
42 32
22 38
19 43
71 82
3 84
4 26
65 94
54 54
73 95
30 90
45 24
57 84
73 19
35 85
14 42
48 13
26 88
12 59
48 77
20 42
16 62
28 55
54 82
20 79
47 14
29 33
63 53
62 33
17 81
34 33
21 80
47 42
10 63
9 47
13 23
38 34
45 2
69 18
28 1
4 24
71 67
2 46
24 51
74 21
37 25
74 55
71 80
74 14
70 75
18 44
71 4
43 41
12 91
76 70
22 60
47 54
20 1
16 36
71 81
5 22
18 51
51 58
13 77
68 74
44 89
74 18
68 26
57 41
66 22
3 87
65 27
58 84
1 78
35 10
75 66
26 100
5 93
11 9
74 90
22 90
19 80
48 42
72 37
32 4
14 65
18 59
37 23
18 94
53 85
38 65
61 25
4 16
15 43
24 24
74 52
44 50
67 38
65 44
62 28
38 99
69 22
53 59
50 62
31 63
32 57
33 5
55 20
60 20
50 37
9 8
59 97
68 37
49 48
74 23
60 99
35 11
62 9
5 50
46 51
54 55
15 67
60 72
35 52
22 28
64 40
66 97
21 85
74 63
37 68
59 31
60 22
69 90
42 83
63 47
18 27
10 26
39 42
11 71
4 29
56 15
24 11
74 54
19 83
37 55
5 22
29 71
12 23
34 71
20 61
12 5
20 71
62 32
62 49
38 22
73 58
27 88
15 54
48 74
16 18
45 80
33 24
43 46
12 65
37 60
42 65
54 7
13 36
74 50
70 34
15 22
3 35
72 61
23 76
23 29
16 46
58 59
16 42
49 53
22 73
62 94
56 17
5 5
26 58
54 58
10 5
27 56
7 90
43 54
1 93
9 67
44 59
53 46
21 56
37 71
53 8
58 12
2 96
50 29
69 26
5 3
34 83
6 92
33 92
65 80
63 45
36 90
37 28
75 5
46 93
18 54
70 9
4 15
5 10
32 14
20 3
58 35
58 67
51 10
76 40
18 73
35 80
75 92
59 63
75 49
54 84
63 90
5 72
67 80
15 48
2 81
39 49
28 26
50 32
5 25
45 82
2 1
33 29
27 73
50 95
47 81
31 62
59 74
68 62
28 38
35 86
59 80
70 61
76 46
17 71
47 84
8 71
3 21
58 28
41 74
55 29
71 35
51 43
53 31
29 97
72 56
44 32
60 13
2 87
44 20
22 97
5 45
7 69
50 95
53 90
30 32
4 21
1 85
5 56
20 11
19 26
75 11
66 6
8 44
33 33
2 5
66 88
55 73
31 41
12 63
3 53
15 82
9 10
24 79
33 22
30 53
51 89
55 94
67 52
6 36
43 28
22 44
71 64
61 22
32 26
46 87
11 82
40 38
11 93
10 15
38 19
30 78
39 58
6 21
6 43
6 67
34 85
44 76
68 34
44 50
73 58
40 44
1 20
4 83
70 11
61 46
22 46
27 60
20 32
63 19
32 100
67 47
51 98
48 16
29 89
19 45
2 99
39 38
9 17
68 22
11 74
49 61
48 16
35 14
39 82
76 67
65 6
34 93
46 18
62 98
70 64
22 67
21 81
67 30
56 48
51 6
27 12
49 50
49 55
65 94
34 75
69 22
29 63
55 21
67 4
75 86
5 53
57 11
34 33
68 83
60 67
43 36
68 33
62 61
75 20
31 43
55 32
56 67
40 72
5 7
39 73
1 4
42 26
59 31
40 60
16 34
54 100
24 67
64 3
68 100
35 13
5 66
14 62
42 24
65 73
72 27
20 64
1 17
7 61
45 71
70 86
5 66
4 53
13 23
17 24
53 35
33 9
54 29
52 57
18 54
56 71
14 98
44 81
62 86
5 30
34 57
17 45
65 10
67 78
41 85
70 77
74 89
13 64
10 16
67 6
76 89
61 26
27 41
51 66
32 63
24 35
15 17
37 67
2 7
49 72
29 32
26 47
45 77
25 58
48 6
9 18
54 90
68 58
59 16
51 53
21 10
3 98
30 77
24 96
38 72
42 83
35 8
3 87
51 82
55 35
49 29
18 32
62 53
51 54
34 68
60 76
26 4
11 43
50 27
41 50
19 93
61 49
23 58
40 72
59 15
31 19
20 6
2 41
50 70
46 93
32 45
75 36
76 91
55 45
39 57
75 60
28 12
71 13
43 47
9 55
43 87
10 46
42 31
68 41
71 65
60 54
9 71
33 69
42 73
45 1
5 8
69 58
44 30
52 56
74 22
67 72
15 61
1 90
1 34
23 34
3 52
74 91
70 46
2 33
8 76
47 98
60 58
14 29
5 58
57 37
30 69
42 28
23 49
18 92
4 83
19 54
68 45
45 5
46 82
69 74
43 3
34 64
57 37
40 78
36 16
76 41
19 75
71 58
22 49
34 18
44 18
75 57
24 30
42 73
61 59
48 88
62 69
15 52
56 95
15 8
31 26
31 81
52 84
7 45
36 45
38 3
36 57
58 63
41 20
55 36
69 77
15 18
40 26
53 46
66 30
13 18
17 54
68 4
30 92
72 73
45 53
10 61
58 20
65 37
46 33
51 75
62 10
74 90
11 10
13 80
25 87
18 70
11 7
20 7
33 63
56 54
49 5
56 93
23 88
2 57
27 6
22 75
33 12
75 51
54 43
64 23
56 98
63 7
25 7
44 13
45 91
31 59
75 11
71 46
11 18
60 72
42 51
36 78
63 34
35 13
1 53
26 41
61 91
39 38
53 46
73 22
56 78
76 21
45 18
53 81
33 88
76 66
59 27
64 28
5 38
22 70
65 40
63 47
44 68
28 69
31 68
28 36
74 100
14 8
69 86
33 91
72 88
62 45
2 76
65 50
15 13
20 1
62 76
43 91
54 65
47 75
37 46
9 43
22 78
25 46
71 93
73 56
9 33
45 11
68 87
4 95
67 36
43 29
2 55
8 25
70 84
51 31
29 82
13 31
27 69
24 11
24 69
46 15
27 55
14 45
40 82
44 7
37 7
65 53
50 5
60 89
62 39
54 45
35 3
44 57
51 4
29 98
57 35
36 80
62 41
66 95
34 75
50 51
16 43
38 60
52 2
2 10
24 52
61 9
6 60
27 71
26 95
14 61
67 40
12 50
54 71
9 21
2 80
6 64
29 56
51 95
70 2
26 38
6 63
16 100
44 57
22 66
42 86
36 91
16 2
68 51
19 59
68 19
19 37
6 54
30 94
71 32
49 64
33 3
60 83
59 76
39 24
18 88
35 94
13 18
70 12
60 39
50 19
7 70
35 70
4 30
52 33
22 61
58 38
5 73
42 26
30 22
43 50
28 80
36 54
38 18
69 24
68 84
18 10
76 47
45 66
61 48
50 64
12 80
18 87
64 67
8 66
54 3
73 57
69 99
36 11
50 65
76 4
25 9
52 93
40 100
35 44
29 69
48 27
72 49
4 21
48 19
10 82
45 90
72 91
74 3
17 30
6 99
53 73
22 33
28 50
72 95
10 53
4 29
2 1
60 77
58 54
13 35
56 26
23 42
68 37
5 29
27 76
31 100
16 53
23 3
63 38
42 63
28 44
61 92
47 2
63 48
28 86
59 10
58 100
62 58
8 88
37 34
76 99
14 11
65 42
54 2
71 64
45 36
30 23
67 35
57 9
16 49
3 33
27 89
33 43
14 3
55 95
13 86
42 72
21 84
17 81
42 42
5 63
73 23
36 95
1 79
54 62
38 35
44 83
75 100
5 38
74 64
75 66
27 56
55 55
28 71
42 84
53 48
61 5
6 30
14 47
63 70
55 98
69 91
49 46
52 30
62 29
25 58
8 47
6 9
66 54
11 74
61 93
39 8
68 11
57 43
49 57
5 76
2 51
3 85
65 18
32 68
47 70
50 79
20 48
39 45
65 83
59 58
63 25
40 34
67 14
66 30
73 2
11 14
64 98
15 50
33 17
57 45
63 45
58 96
25 63
71 6
46 72
3 53
51 2
58 5
4 42
9 41
35 56
44 38
66 5
62 90
17 17
48 90
24 7
39 76
46 59
62 34
54 18
21 42
76 48
35 54
45 47
53 27
73 29
60 81
32 50
8 92
60 68
33 68
25 9
22 13
59 3
20 53
4 95
18 43
55 44
39 94
11 44
7 67
57 38
5 85
52 65
23 8
28 25
49 35
21 73
27 23
63 63
13 54
67 73
20 33
14 33
60 94
53 3
16 29
16 31
18 23
62 58
31 71
14 92
1 67
10 89
34 9
62 96
8 95
28 52
73 65
11 21
58 36
45 1
39 25
44 19
47 62
56 62
19 85
26 79
1 76
55 58
55 74
56 84
73 80
69 22
59 14
39 91
6 21
58 46
70 55
41 75
67 100
55 97
58 15
51 2
39 26
2 53
46 98
23 34
69 31
19 41
54 59
43 49
33 14
7 15
38 60
54 34
36 97
50 55
42 82
6 90
18 69
38 43
60 72
56 84
2 21
50 2
9 64
12 60
6 26
2 8
4 76
23 87
41 91
66 92
11 24
56 97
14 67
22 70
70 95
4 52
50 11
16 2
6 96
1 66
75 60
13 56
28 57
8 88
16 45
53 32
32 57
57 41
68 54
70 86
61 7
68 55
33 35
38 93
69 78
71 53
1 91
24 37
39 33
47 3
14 34
69 34
41 52
59 53
29 86
49 34
41 10
43 10
38 22
36 49
52 83
63 78
61 58
18 3
57 76
65 35
11 13
71 52
73 59
57 30
54 25
71 15
44 11
43 53
8 18
5 92
72 36
50 8
46 42
19 21
4 66
60 5
74 74
42 51
16 44
50 63
10 16
9 6
27 95
64 90
65 80
42 29
75 80
43 39
18 42
13 82
55 84
6 27
49 6
1 94
32 5
28 22
64 54
62 46
30 92
47 24
47 31
11 74
32 99
13 38
38 1
4 89
10 6
31 25
5 79
32 80
3 95
18 75
32 88
25 83
37 99
35 6
55 100
65 10
1 23
49 48
74 68
4 22
68 63
53 50
41 86
60 46
14 98
53 38
52 97
44 10
38 50
58 52
49 34
13 51
63 32
23 41
2 95
24 83
32 89
49 17
17 85
27 45
15 98
22 31
37 83
1 74
58 85
7 33
5 96
25 40
22 7
2 65
20 30
65 2
11 37
49 15
70 64
42 73
5 13
42 4
34 6
21 36
9 94
58 58
34 86
55 67
9 12
13 35
47 54
6 28
53 27
12 17
30 28
9 95
32 21
13 63
63 24
10 86
10 65
32 2
23 64
31 47
21 93
37 72
75 100
65 33
20 96
74 9
35 82
24 68
56 52
18 94
66 55
26 81
66 10
40 61
7 64
15 45
59 26
70 94
47 20
56 9
30 62
7 70
52 40
75 63
69 83
74 5
33 62
56 72
5 75
15 19
53 66
33 81
28 79
8 71
19 43
64 29
53 90
2 89
72 60
50 40
75 76
66 46
47 3
23 78
38 9
70 57
3 60
3 45
38 37
15 78
26 28
60 48
25 4
8 45
9 12
65 33
62 13
5 6
46 58
17 3
64 78
23 26
50 44
38 95
7 39
60 80
59 43
15 63
32 90
58 67
66 14
10 43
72 96
43 68
70 13
25 4
24 100
28 95
65 95
8 3
35 19
74 90
16 85
36 26
14 84
36 67
11 85
56 31
15 48
1 56
25 46
64 32
3 34
15 90
72 14
58 56
38 17
53 84
26 52
1 89
43 88
51 80
51 71
18 77
66 8
47 11
16 70
4 97
39 84
25 5
52 56
22 40
7 96
3 3
13 25
29 57
26 85
70 12
33 73
52 30
72 8
76 89
68 70
74 44
40 77
7 97
21 70
18 2
41 45
51 27
62 84
24 68
74 52
17 63
8 73
20 77
50 28
58 2
36 9
38 79
30 86
69 16
29 92
13 87
31 37
29 35
70 57
67 58
74 51
54 79
37 46
43 5
62 50
17 28
14 27
72 97
52 3
54 74
49 53
23 5
45 12
23 39
11 37
64 26
4 37
43 26
55 40
2 27
10 79
41 36
64 84
5 50
12 80
35 25
19 27
46 99
53 89
32 94
52 21
25 2
18 3
35 15
15 64
58 52
35 44
55 81
19 17
15 11
28 25
40 59
35 93
47 57
76 19
56 83
8 84
12 60
36 45
41 91
76 90
64 62
60 29
27 59
28 85
46 62
60 45
75 65
53 15
3 19
71 58
62 19
71 44
24 16
26 39
37 82
21 19
69 84
47 12
15 19
68 76
43 25
59 98
18 53
46 95
35 62
6 100
10 50
11 20
67 43
16 97
20 59
65 24
30 83
7 51
65 44
25 44
27 83
70 24
35 77
70 49
71 21
15 53
76 91
5 50
55 14
29 6
62 74
62 58
9 100
3 16
70 11
73 65
71 53
76 71
73 72
68 40
22 44
34 94
3 56
48 81
67 95
58 50
62 84
62 12
36 30
44 56
2 17
10 52
36 70
67 57
4 38
61 81
42 5
31 90
13 29
51 59
61 2
11 46
42 11
15 72
56 17
56 50
12 56
1 31
54 55
55 85
56 45
32 95
34 24
20 69
8 18
70 60
53 36
3 58
12 52
9 71
16 56
33 59
69 75
61 3
61 98
59 55
3 66
22 95
4 70
4 69
74 16
21 45
4 84
43 78
19 80
16 81
54 42
53 89
33 64
76 14
66 30
36 83
76 76
74 51
15 48
59 43
5 50
11 20
36 9
46 82
12 33
51 66
29 15
36 38
64 98
5 92
25 19
66 20
61 86
62 95
73 52
24 52
56 53
69 17
31 31
9 79
64 70
46 51
32 27
31 95
6 42
27 25
39 51
5 77
37 65
48 100
9 25
32 50
24 4
75 74
7 92
46 49
24 17
55 3
48 73
73 36
1 37
20 35
36 5
72 45
60 87
65 54
7 50
8 51
15 1
52 88
32 94
58 33
50 6
43 20
49 93
38 33
42 19
7 10
56 58
29 16
69 56
28 93
28 60
5 45
26 47
39 78
4 71
41 65
44 46
19 63
1 86
21 89
49 30
14 48
40 96
18 99
12 75
76 60
73 78
67 34
30 92
55 60
8 98
30 79
55 67
1 26
29 74
61 54
38 38
27 18
5 38
22 96
61 15
10 44
9 68
68 59
43 2
42 88
38 55
4 50
20 3
44 54
8 92
40 13
49 37
41 75
40 54
76 51
43 75
39 68
20 53
14 100
42 32
66 66
40 74
3 9
17 8
42 46
20 42
43 15
26 9
44 51
30 19
71 97
14 16
45 55
74 7
36 79
51 40
75 90
8 89
76 85
9 50
36 47
73 54
28 45
69 84
69 34
51 74
63 92
49 13
63 90
59 14
14 38
40 72
22 15
19 97
48 77
59 55
75 47
32 85
73 84
69 65
65 84
72 96
70 20
49 18
41 18
15 58
9 36
43 88
31 77
58 66
3 22
58 66
45 75
49 28
46 99
66 32
28 65
29 39
18 51
40 89
73 37
14 13
43 27
19 11
20 38
54 80
54 15
49 78
31 2
9 55
52 35
64 1
64 45
26 74
21 80
48 38
23 1
46 27
72 13
39 48
46 56
55 23
55 61
26 95
31 12
31 54
56 32
51 87
50 96
55 66
21 42
59 31
16 41
69 83
68 78
60 79
76 5
73 5
41 10
1 4
70 79
47 48
64 4
72 55
56 41
17 78
9 72
76 99
76 52
20 15
33 44
45 66
11 30
72 96
8 12
45 34
41 1
43 81
67 93
37 40
19 56
76 28
21 2
68 80
14 29
41 68
34 69
5 95
48 6
27 36
22 41
45 3
8 21
55 23
63 39
35 34
50 53
72 30
39 63
52 81
51 26
32 14
30 100
70 49
21 76
26 62
42 66
70 87
41 17
28 61
68 2
70 97
32 30
44 46
14 86
66 99
45 83
60 13
62 16
43 62
24 10
51 43
46 19
41 12
56 45
30 26
72 55
27 89
8 19
70 3
45 88
75 57
71 4
66 71
33 42
67 22
8 14
36 26
36 57
29 84
9 83
56 47
71 20
26 91
31 18
25 42
36 63
36 90
75 33
41 98
6 7
73 19
1 40
64 59
61 32
53 45
74 59
8 35
61 53
38 40
69 41
13 86
14 47
15 65
12 71
11 100
49 41
20 28
71 48
19 57
10 36
76 26
27 100
51 78
53 10
38 13
73 31
34 83
27 62
60 53
32 78
50 46
8 66
35 70
57 1
45 40
30 76
71 61
9 14
22 1
21 52
75 81
64 5
46 35
62 16
15 3
6 100
75 55
41 90
44 16
9 49
46 51
25 5
7 28
2 7
30 77
25 38
17 82
70 10
6 53
54 85
61 57
59 33
76 26
4 60
67 1
49 10
35 55
7 92
67 11
40 11
2 17
47 20
28 90
29 19
7 73
6 8
14 67
19 46
70 59
45 46
35 54
11 70
75 96
44 70
19 10
31 93
38 35
3 78
74 63
72 24
74 59
20 15
38 1
25 81
43 58
25 54
44 13
56 29
2 47
62 74
41 27
23 26
20 55
29 1
75 89
19 70
47 2
2 6
35 83
10 7
51 99
17 38
38 97
50 44
50 23
14 9
57 57
45 15
45 57
62 3
50 89
63 76
1 30
71 79
34 41
50 45
64 74
4 53
11 11
52 14
45 20
45 67
66 49
73 82
48 80
5 39
1 46
23 97
4 35
41 62
41 53
64 70
75 95
48 88
28 34
12 99
51 6
47 86
7 65
3 46
7 75
76 93
54 21
71 77
59 31
22 61
19 81
4 72
75 58
20 96
14 42
7 62
63 62
26 86
48 70
38 1
37 98
13 41
71 85
46 67
10 5
72 67
2 92
15 77
40 28
70 39
27 43
3 8
8 27
9 30
76 25
15 98
