2910
529 32
204 47
340 49
295 93
411 31
513 81
560 89
202 29
336 99
124 24
365 95
318 86
34 76
26 45
410 18
246 30
77 44
78 99
400 17
461 55
426 81
241 99
217 22
181 15
458 1
169 12
193 57
308 57
135 99
271 48
39 47
499 63
384 46
568 73
184 100
43 8
120 7
252 57
61 66
301 51
540 10
519 41
76 95
493 58
465 51
137 10
487 31
504 36
264 7
529 20
363 11
37 5
172 98
439 9
205 53
61 62
459 80
211 26
51 50
527 32
229 5
290 44
410 43
63 70
77 34
241 54
20 8
430 22
91 22
32 78
60 90
51 50
327 47
185 95
515 90
492 62
6 45
387 96
35 4
225 12
157 46
327 4
23 23
425 25
187 83
430 43
445 57
215 48
162 33
35 4
551 61
462 19
154 57
155 14
210 25
564 55
370 70
337 23
100 2
200 30
216 61
528 56
181 91
302 36
12 60
393 73
507 8
3 69
318 20
214 47
7 43
228 94
434 53
390 32
529 45
394 40
342 92
425 35
505 89
541 80
194 9
46 9
392 90
386 35
375 25
158 5
386 62
272 77
468 83
254 74
340 40
155 94
325 7
6 60
385 45
406 74
19 49
86 43
284 48
211 28
555 53
230 68
480 38
356 100
112 12
9 45
484 62
199 56
166 28
78 6
556 19
550 30
320 17
463 31
398 51
265 26
535 8
88 59
247 7
74 35
430 11
159 78
562 8
339 38
204 48
107 22
198 75
360 36
213 6
299 71
361 21
547 66
136 67
571 5
520 33
501 3
3 25
22 26
98 65
374 4
576 29
81 57
391 2
223 64
418 5
455 51
228 51
182 67
327 25
131 94
419 96
501 26
188 85
352 49
62 65
252 12
48 87
65 89
12 56
494 74
440 47
281 84
53 32
495 57
142 49
76 78
474 18
22 25
242 80
446 46
120 96
173 79
496 31
367 28
314 17
90 14
322 84
562 35
361 100
225 93
265 63
272 57
315 96
68 30
300 27
39 10
444 34
331 77
461 73
486 78
97 83
544 34
99 31
506 30
458 30
315 59
545 6
83 86
295 33
292 76
375 61
508 61
555 4
546 69
60 12
27 76
540 59
472 14
142 51
465 94
553 23
397 4
263 58
240 6
421 98
128 95
246 92
20 27
152 50
85 79
361 26
472 71
505 58
371 6
523 9
67 37
546 72
20 27
380 100
247 37
34 67
55 81
53 35
124 9
465 81
280 92
572 85
321 3
239 4
483 88
422 64
274 86
323 84
281 50
429 13
30 25
65 23
17 100
153 36
527 48
365 24
403 2
133 47
566 3
475 84
18 64
331 60
30 13
383 6
392 91
216 78
31 9
569 8
355 57
174 55
132 62
366 3
382 56
54 52
198 80
122 42
165 77
7 94
305 2
236 30
261 77
382 93
424 28
490 52
60 79
334 44
5 33
343 43
53 56
25 27
507 92
582 47
166 98
104 1
79 95
513 76
70 9
414 75
296 53
222 51
307 58
481 51
234 53
578 92
529 58
553 74
154 37
574 41
429 63
112 60
567 41
580 67
299 35
334 11
87 43
13 14
566 96
523 59
497 19
158 93
217 25
93 33
423 23
499 72
253 29
421 52
170 60
33 17
549 10
277 33
457 46
417 55
100 49
166 5
533 8
54 84
295 93
437 70
142 68
68 4
29 37
77 17
278 91
84 37
183 97
500 69
93 32
145 25
247 5
51 77
16 88
95 53
551 55
428 74
428 71
158 7
81 94
403 39
430 85
168 87
491 5
163 12
113 2
309 7
76 55
126 6
56 5
328 40
156 69
1 62
151 16
518 51
305 93
576 39
312 39
19 34
507 84
532 87
522 51
435 7
232 13
276 61
210 9
4 15
78 30
301 72
86 18
424 2
415 45
229 83
250 21
396 22
279 1
478 63
140 92
299 80
55 77
116 89
103 54
470 43
525 41
313 26
525 1
202 94
540 11
282 26
578 72
221 27
157 12
255 45
527 57
454 12
43 30
362 24
419 65
45 12
455 58
530 45
489 45
472 12
267 78
473 54
3 30
156 38
240 24
220 61
223 52
357 88
450 70
516 25
365 97
371 51
301 39
31 82
47 98
213 56
1 32
231 81
338 24
237 41
223 52
254 14
318 67
424 59
504 36
241 15
254 19
394 22
310 33
202 42
383 96
496 15
529 34
128 20
541 64
74 19
290 14
461 54
449 99
310 23
70 47
436 24
242 69
436 78
316 62
74 70
558 74
252 19
458 86
435 1
393 37
111 62
370 48
545 91
492 19
49 93
387 75
429 97
520 10
20 99
423 17
66 15
165 24
565 26
478 19
305 97
503 87
181 62
375 18
408 20
35 91
77 74
40 54
290 93
408 8
252 19
302 51
354 66
532 93
139 95
9 87
322 68
577 81
276 90
327 48
206 76
152 40
39 10
284 61
536 97
10 16
519 84
294 39
349 4
358 87
483 25
89 90
451 95
564 95
16 95
306 47
527 57
107 17
338 4
401 39
555 5
339 84
283 33
267 95
65 38
287 18
276 32
408 35
109 34
206 5
212 23
57 60
376 100
251 34
348 30
541 76
44 18
411 34
278 42
345 71
102 16
501 53
118 23
481 69
115 77
471 79
7 16
190 30
39 48
388 52
486 31
18 18
318 99
298 94
451 1
469 36
459 1
157 84
386 29
184 40
78 4
231 82
119 11
287 33
326 39
245 32
565 38
328 15
480 8
443 72
569 87
241 2
124 62
103 82
216 41
277 78
127 44
154 99
128 11
328 30
201 46
321 60
63 60
194 57
171 62
24 14
270 81
77 33
559 61
196 8
15 46
579 55
412 70
94 99
130 5
31 14
524 60
325 62
252 91
541 67
413 99
32 91
48 60
38 51
199 93
83 13
407 11
131 49
529 49
63 41
486 34
343 95
370 76
98 90
454 52
576 7
75 45
142 85
362 6
325 8
569 44
8 74
461 70
560 22
291 58
204 13
258 80
482 32
194 48
531 62
374 55
555 33
471 13
460 70
113 78
141 58
560 83
6 19
277 24
575 73
96 21
464 40
562 71
379 4
80 93
282 9
36 50
425 78
152 55
418 38
9 7
232 92
42 96
56 92
369 23
135 29
477 22
555 68
567 99
265 88
579 34
387 87
158 91
268 69
239 45
209 20
146 2
303 50
474 7
227 71
333 7
230 10
37 70
146 49
576 61
75 15
244 2
219 61
510 21
399 45
31 74
310 29
394 46
522 1
244 97
343 89
539 79
369 30
35 24
295 70
43 11
483 75
181 65
271 27
314 58
305 85
423 86
117 47
30 90
143 43
491 12
422 26
398 33
55 63
483 23
47 37
445 42
13 51
174 87
480 15
191 67
474 45
349 3
392 58
575 22
559 26
185 36
436 64
556 80
159 14
150 65
563 51
462 66
571 76
33 45
90 16
29 11
51 22
26 85
152 32
512 85
7 78
321 82
18 96
69 14
17 79
404 22
489 30
309 27
296 71
427 100
139 54
172 45
291 11
351 29
535 58
41 39
19 25
10 48
292 100
392 81
276 36
319 69
238 43
162 44
447 94
127 55
104 20
158 99
471 48
63 96
49 59
514 42
322 30
171 30
461 94
346 35
534 74
242 54
338 71
269 85
468 52
305 24
23 93
565 78
189 94
6 58
498 54
30 76
154 99
460 34
380 99
142 80
413 78
229 70
455 24
37 11
411 50
67 33
365 69
457 72
482 7
42 15
120 83
376 4
29 20
19 17
302 59
107 96
502 45
9 91
568 15
67 32
288 24
345 90
215 35
470 55
63 92
413 58
191 48
132 71
223 42
189 14
397 100
197 53
406 71
337 83
113 5
571 56
341 94
265 31
413 94
13 10
556 3
452 26
501 20
285 22
238 4
529 78
58 63
560 6
32 14
465 78
165 1
518 31
257 48
342 63
438 4
560 39
90 8
118 17
401 59
360 83
551 100
550 58
120 26
364 8
181 21
202 55
412 52
366 16
510 27
527 10
394 76
50 7
351 65
314 33
406 80
492 36
432 53
270 30
269 22
338 98
46 52
348 94
33 71
14 5
360 26
44 34
267 76
286 58
108 39
370 69
487 19
169 32
306 34
528 69
529 39
380 27
480 11
296 80
394 19
228 88
369 42
216 39
372 16
263 80
298 1
420 65
475 6
284 35
73 55
361 36
403 98
88 3
223 3
19 76
74 75
171 53
535 4
70 8
68 51
564 13
290 1
178 24
84 87
45 54
352 79
107 82
239 2
281 79
38 76
486 11
293 31
383 71
78 61
373 46
21 64
194 53
529 91
95 4
571 55
290 33
136 98
194 28
90 74
325 11
26 61
304 78
358 28
25 76
54 69
565 19
403 6
434 25
523 23
133 21
237 80
548 89
246 58
258 52
42 83
501 9
443 25
520 87
133 22
387 11
392 87
452 28
446 12
254 22
256 89
166 40
385 3
350 15
283 71
69 34
184 68
311 20
123 82
394 77
74 79
392 68
308 21
332 80
425 72
371 48
371 87
447 7
99 29
156 91
107 17
335 87
171 17
520 29
141 91
83 43
251 76
203 4
269 70
114 8
443 38
9 40
509 39
5 99
578 15
121 28
451 34
361 62
15 89
72 1
530 83
495 34
411 77
398 30
135 21
519 89
454 31
328 32
351 37
150 98
251 19
495 21
246 22
271 99
26 35
434 35
509 52
456 24
477 72
565 40
344 15
253 60
349 66
296 93
326 92
405 74
579 13
365 80
198 25
503 2
257 69
106 98
379 13
281 87
573 62
221 18
208 48
142 11
429 8
347 26
219 78
424 85
501 41
140 68
432 98
395 30
519 34
420 6
161 88
198 4
71 57
373 58
296 6
444 36
374 67
329 91
147 56
201 52
2 12
254 52
514 67
539 31
145 76
44 4
43 28
230 37
520 48
568 36
307 84
581 29
430 14
211 31
422 65
127 41
472 42
417 59
382 33
290 50
207 69
400 41
83 87
209 19
92 23
151 28
56 76
459 86
160 13
38 66
407 45
376 75
537 37
420 48
84 68
388 76
269 42
72 70
273 14
506 90
394 92
565 10
253 5
529 20
22 31
444 26
164 30
559 31
351 43
572 7
572 7
210 95
81 6
297 70
226 39
455 66
53 83
53 32
532 98
109 41
65 23
124 18
500 46
342 54
421 12
272 49
376 74
268 96
577 64
373 76
34 75
537 5
318 72
37 5
113 70
4 76
122 12
303 4
146 56
530 75
256 89
30 8
579 99
485 12
34 74
232 100
432 97
352 67
132 86
267 68
160 44
535 83
556 90
215 8
35 97
444 81
73 17
315 44
313 16
302 56
430 90
360 53
439 7
55 60
195 20
213 9
365 64
249 68
373 16
105 15
402 31
342 70
482 18
322 18
57 31
323 71
303 16
151 31
228 54
376 30
12 8
491 86
471 85
559 29
38 21
6 96
267 62
541 48
390 64
273 8
94 57
509 84
393 37
148 47
218 45
58 79
341 58
507 99
546 93
85 27
181 3
315 95
16 63
423 58
199 78
88 64
241 60
159 78
310 46
105 24
567 92
528 14
234 56
372 68
279 41
92 50
188 66
192 19
144 71
541 91
238 61
438 99
181 98
542 68
85 27
118 96
94 58
440 86
431 36
103 21
473 75
202 10
582 42
419 60
7 72
227 22
355 82
449 60
152 16
99 29
145 64
163 31
367 72
1 15
372 53
251 30
276 11
490 38
465 64
379 76
378 43
449 80
240 9
528 99
453 20
205 10
9 54
502 85
329 23
563 45
382 88
388 73
67 36
503 57
450 50
396 18
106 51
554 95
38 91
438 12
375 69
410 6
348 51
242 90
271 23
172 15
125 65
98 72
222 93
38 20
178 39
513 3
573 96
131 14
161 5
521 57
98 58
549 83
66 33
59 88
136 64
541 7
292 29
10 30
255 51
195 31
147 95
66 63
397 40
305 76
183 98
193 97
57 79
33 15
511 2
151 1
458 29
14 43
482 73
103 88
479 11
59 88
347 29
553 1
551 46
42 21
44 58
352 90
500 84
195 80
227 1
566 97
530 94
387 32
467 42
144 63
266 95
238 11
547 59
499 42
481 25
317 20
229 45
67 43
285 89
424 31
402 44
299 66
293 64
359 5
325 34
19 80
221 5
56 47
511 1
517 74
345 94
130 99
417 49
228 49
482 60
73 81
182 21
97 65
127 22
310 59
37 8
569 69
198 9
282 84
383 51
1 97
553 36
254 52
36 33
177 6
283 90
335 38
50 50
64 94
419 18
125 47
497 92
494 32
52 12
439 15
542 37
363 71
532 24
493 88
151 40
37 13
275 19
545 83
325 45
251 96
387 67
214 61
83 41
352 73
388 54
366 18
139 51
103 29
479 82
48 99
378 95
558 59
19 17
150 58
489 82
526 11
452 42
458 13
536 92
298 80
4 31
73 23
574 26
438 99
250 1
180 20
451 100
86 61
394 40
346 78
299 60
252 48
264 78
372 77
158 88
14 46
141 36
558 42
255 6
339 73
242 71
270 91
120 7
350 92
277 13
201 36
146 57
477 87
441 9
512 68
204 24
198 75
80 78
520 15
187 51
527 48
290 46
124 84
430 54
14 28
420 71
8 17
491 83
172 94
514 89
509 42
450 80
395 39
526 81
305 81
245 1
398 20
113 38
441 57
293 69
505 38
439 98
191 40
394 3
561 98
383 89
70 97
546 12
208 94
388 74
106 89
239 13
408 47
17 7
395 81
144 83
161 25
158 30
196 9
422 11
150 21
318 68
371 93
381 12
112 59
66 50
88 53
218 24
245 53
78 34
235 60
163 14
344 56
578 6
198 95
492 92
565 14
582 41
102 44
210 31
363 40
338 52
88 24
580 90
324 5
328 77
21 5
328 69
62 31
168 12
550 41
547 97
440 52
417 4
298 6
249 39
299 27
132 2
209 21
519 86
308 61
152 92
210 84
381 19
332 26
527 26
173 54
52 32
276 45
398 32
378 13
18 61
213 19
562 28
430 4
487 84
158 30
267 7
364 94
332 47
126 66
354 27
182 45
149 62
143 25
204 33
134 39
198 43
284 33
573 94
165 85
75 15
181 45
216 70
563 68
287 16
300 84
304 1
301 46
385 46
47 87
254 45
498 88
403 71
150 53
216 21
184 68
555 76
62 9
89 53
324 17
181 26
38 42
26 5
240 100
327 89
175 15
84 46
469 92
297 84
234 81
275 43
575 13
33 35
144 43
321 46
405 35
363 55
442 33
249 85
422 79
350 50
376 66
487 87
388 43
210 60
388 98
70 38
33 80
307 30
97 9
265 16
473 78
107 10
292 28
380 95
360 14
367 74
360 100
547 25
396 42
102 54
264 68
125 78
550 11
118 53
67 28
223 82
521 82
545 54
539 75
78 6
84 88
324 92
541 99
501 79
530 4
180 64
189 22
403 83
229 81
67 17
50 73
222 79
566 94
163 53
157 1
58 91
230 63
54 98
563 15
27 54
143 98
117 97
511 68
331 34
189 64
441 96
532 20
487 53
113 64
383 6
190 5
344 54
223 92
258 32
326 92
431 59
451 93
169 15
297 35
99 80
97 60
60 30
144 13
570 55
95 24
29 93
82 66
290 72
518 2
130 38
516 47
573 46
448 90
173 9
461 10
29 87
178 36
398 54
416 13
388 2
99 2
108 9
24 39
507 57
42 17
133 16
69 38
265 29
163 59
145 98
72 84
306 23
382 20
98 59
203 70
272 99
511 98
237 19
457 85
418 87
577 26
176 52
196 23
332 68
283 29
10 23
179 37
306 53
329 36
572 98
44 58
379 49
332 84
140 62
256 84
571 84
580 90
17 60
344 100
417 43
400 28
119 92
53 11
144 62
68 19
527 39
417 60
217 31
157 44
1 75
502 81
395 75
441 18
84 31
481 20
281 50
312 47
328 100
533 3
41 45
516 62
192 35
491 81
181 76
538 80
416 61
187 32
4 98
7 94
166 9
285 76
263 13
380 94
338 94
445 57
240 12
433 44
51 26
345 66
335 65
428 64
125 5
359 59
331 74
213 20
36 80
519 54
227 67
385 39
243 48
223 98
541 83
119 42
451 46
142 80
506 67
469 5
148 96
258 42
155 51
243 46
122 68
224 27
402 100
367 67
432 7
578 86
434 9
574 15
148 59
386 20
527 65
449 66
173 64
45 63
369 48
248 78
250 1
50 28
509 21
456 15
14 99
55 44
408 37
361 2
107 6
552 19
151 10
463 82
412 61
264 5
231 94
20 2
146 42
424 41
30 42
493 31
568 94
374 51
182 18
63 66
540 23
80 49
529 76
292 52
194 57
315 11
455 97
522 71
451 70
337 66
538 18
490 67
128 31
495 78
300 18
277 5
131 40
1 17
548 94
43 13
332 79
237 66
13 77
133 14
391 23
271 74
320 8
236 88
531 95
48 37
141 24
376 61
42 63
497 85
304 32
180 46
413 80
211 59
337 59
216 9
497 81
81 31
190 83
161 100
400 32
509 8
533 6
203 34
1 36
518 62
405 2
95 80
351 77
158 67
541 5
288 49
257 13
343 10
391 22
62 71
57 55
282 85
43 19
378 27
482 15
464 20
458 61
397 47
398 88
111 4
360 86
330 87
284 53
579 4
116 99
496 11
572 91
323 15
70 63
10 37
515 5
335 37
358 39
130 31
229 77
173 72
311 67
451 68
183 14
42 7
334 47
143 61
273 34
74 70
91 2
55 62
75 61
124 42
562 28
76 78
490 19
184 54
262 79
341 41
424 67
429 70
172 54
558 19
289 76
325 69
533 76
380 10
38 30
226 84
416 86
173 33
332 49
1 41
473 38
277 35
273 90
77 37
331 61
212 100
170 36
173 39
61 8
410 43
529 79
403 27
122 11
368 6
571 52
219 41
79 87
177 6
2 27
124 30
126 19
562 50
433 90
217 39
27 24
166 26
399 26
119 16
125 75
525 70
474 24
572 86
85 40
141 93
280 34
228 9
124 9
108 75
238 11
128 78
113 73
414 31
424 90
130 82
467 28
122 73
412 61
213 48
226 85
233 4
341 100
143 30
328 39
329 93
250 5
419 58
404 78
362 41
259 54
497 57
508 32
328 25
272 10
511 6
244 55
117 5
12 54
460 39
49 35
424 7
64 39
279 61
99 15
501 44
38 51
97 63
166 96
464 84
499 11
486 36
51 66
512 77
325 8
190 14
125 20
179 49
360 5
459 77
403 11
353 90
473 30
308 67
209 34
408 19
219 6
357 32
269 79
497 75
463 45
533 59
372 16
542 16
196 37
75 69
261 28
358 77
215 17
239 79
573 67
277 23
83 13
489 90
307 89
433 79
314 53
535 92
511 5
240 27
223 31
432 94
188 61
302 84
304 100
516 99
540 11
515 94
251 80
280 48
50 10
277 27
418 82
447 3
493 73
133 43
526 75
121 48
176 99
392 28
571 80
136 39
261 18
117 3
419 3
362 99
45 71
558 19
482 68
14 25
495 52
549 6
213 17
471 82
262 12
55 82
16 26
251 98
128 18
502 42
377 52
495 69
326 87
266 28
400 13
124 5
114 47
234 27
156 21
42 10
226 13
424 74
474 99
248 79
29 18
306 44
252 34
582 13
350 56
238 32
540 56
84 64
124 60
351 50
24 66
464 3
303 27
571 68
141 38
22 43
537 24
30 88
239 38
356 57
351 5
197 62
288 93
417 99
282 42
23 34
511 7
535 54
290 46
52 75
516 6
126 68
496 38
362 51
405 41
280 1
52 2
65 95
161 2
364 36
279 40
280 44
552 40
53 87
501 93
544 18
294 14
504 83
460 60
480 24
370 81
31 79
316 53
146 31
358 84
388 55
83 82
526 27
219 100
491 28
267 88
500 70
120 95
555 33
533 40
41 45
36 28
100 68
516 60
183 73
533 83
285 60
123 52
264 44
342 88
101 64
533 53
37 10
218 67
538 60
398 26
540 99
159 63
489 17
475 15
281 36
303 24
31 58
502 66
278 57
340 12
357 32
337 69
296 76
58 22
494 14
227 53
224 15
172 2
315 73
479 30
33 92
12 47
321 98
94 2
172 21
54 44
573 35
464 93
227 38
151 25
325 15
430 6
32 79
74 88
189 7
142 62
