2087
411 61
155 62
370 87
227 5
206 84
389 35
390 39
367 93
105 80
403 83
51 73
315 2
370 93
289 84
333 36
16 29
290 51
324 38
338 69
256 75
232 70
151 95
372 39
80 56
413 99
181 41
309 60
413 22
101 42
64 95
33 10
319 59
410 85
61 19
162 21
40 66
351 92
259 93
242 36
59 72
185 57
311 73
233 46
151 43
335 3
340 23
287 80
318 67
123 57
90 50
20 96
290 30
382 3
416 33
293 14
43 89
190 35
86 14
365 47
248 62
59 94
96 96
8 56
361 4
318 70
362 94
107 7
329 48
319 6
195 89
146 11
171 48
223 95
306 36
1 45
164 57
322 65
209 83
114 87
86 28
182 49
42 78
56 16
48 14
307 3
331 37
206 83
394 68
170 66
94 89
208 67
48 11
35 13
103 10
202 15
210 46
193 95
107 47
177 80
63 13
109 57
255 33
280 14
99 86
226 60
128 67
263 64
347 30
324 66
264 59
191 72
59 58
169 88
163 10
94 63
313 37
321 43
205 81
308 95
338 61
125 45
41 28
352 70
3 42
54 99
413 97
45 80
58 74
118 40
30 1
213 96
23 51
381 5
76 50
195 47
102 58
203 71
271 32
132 67
280 1
288 29
182 66
302 6
380 62
42 82
295 35
413 55
39 16
152 67
417 73
406 92
112 78
224 70
115 4
234 71
286 51
200 66
106 57
335 74
312 85
2 37
251 5
166 76
381 5
72 3
178 67
388 87
411 93
263 2
130 33
416 14
360 58
386 57
288 31
171 98
364 15
62 28
62 48
410 43
3 18
161 16
179 65
150 52
379 85
224 1
293 99
240 46
206 31
286 68
64 68
407 86
160 21
255 4
233 71
341 89
151 3
330 48
119 52
73 34
234 24
177 91
280 74
39 11
329 89
203 45
269 44
339 19
220 48
20 92
194 80
137 68
251 59
206 18
82 92
256 44
283 99
233 36
347 6
241 32
333 81
388 47
181 21
360 53
57 15
53 8
325 97
140 59
247 96
20 76
34 61
407 28
393 98
368 76
221 67
313 17
205 69
199 43
195 79
367 58
280 53
210 63
391 63
67 63
325 48
241 31
136 35
274 50
413 75
345 6
302 63
97 62
290 6
111 73
57 75
347 37
118 43
44 37
170 18
15 18
121 50
316 95
59 38
31 87
61 83
139 62
71 13
177 72
397 75
72 50
8 60
354 72
329 48
287 10
2 60
213 77
171 41
181 96
126 4
177 30
355 22
41 38
153 74
252 41
240 47
177 34
307 30
206 39
83 78
382 15
131 82
286 12
119 52
82 7
381 10
37 29
19 90
149 2
320 31
117 7
185 51
135 11
295 95
158 65
309 34
393 51
394 29
410 100
382 92
336 78
318 26
249 19
124 70
24 75
343 75
322 98
4 67
172 9
191 84
37 58
365 61
132 73
317 40
135 49
200 60
335 93
326 14
285 52
300 36
207 91
33 30
395 85
218 84
164 64
70 8
219 79
58 32
250 72
205 58
240 66
110 83
124 38
285 32
312 92
10 49
283 3
42 44
164 31
216 68
303 35
357 44
12 99
222 20
140 86
233 62
338 87
307 69
342 42
224 55
158 45
350 25
225 9
321 92
314 95
285 95
47 36
386 43
373 57
416 64
141 71
121 93
181 78
14 59
103 86
402 6
377 54
148 97
206 9
294 52
232 53
40 69
180 77
369 70
405 95
199 98
29 95
374 28
315 98
86 15
48 100
327 3
267 42
123 36
338 9
290 96
134 5
210 88
157 24
278 80
232 42
39 61
245 12
282 36
309 33
201 98
32 52
10 84
96 76
62 27
277 63
122 12
47 95
177 85
343 75
323 48
288 31
56 83
408 4
176 80
68 58
214 49
375 85
87 89
10 7
313 76
169 73
402 37
405 67
132 12
353 26
309 23
89 61
238 29
353 25
267 58
265 13
362 22
113 52
48 72
116 97
298 3
239 10
187 48
350 76
326 62
136 45
160 34
411 77
368 36
302 56
311 38
330 66
60 85
123 69
83 63
383 86
48 90
125 59
131 54
308 18
210 56
320 38
72 65
341 37
382 77
138 5
309 42
139 76
386 29
361 54
10 31
109 46
5 99
56 75
115 56
46 4
131 54
34 1
288 23
318 70
15 62
277 61
96 87
124 22
38 22
343 50
120 66
68 87
288 40
413 71
145 97
331 27
62 31
404 33
291 76
399 92
51 32
348 81
82 55
1 90
341 15
247 13
240 11
20 8
85 82
311 76
42 3
336 22
63 84
249 20
391 91
346 96
78 86
116 89
295 59
154 4
352 92
35 18
272 64
162 92
263 29
260 78
364 14
241 70
373 54
139 79
266 78
251 57
394 42
359 48
261 39
328 63
376 28
8 27
328 9
239 3
330 46
92 39
188 23
78 20
195 18
70 56
370 58
231 26
415 30
155 31
348 42
330 40
133 30
171 8
239 63
117 48
401 15
399 58
197 33
344 42
207 74
120 22
49 51
211 87
332 76
191 22
172 67
85 25
76 62
44 6
103 15
289 94
177 70
48 73
154 75
44 34
416 88
224 66
219 91
43 10
51 7
200 11
154 41
330 10
209 47
407 71
22 73
165 23
70 97
225 35
148 40
10 10
299 38
64 57
269 12
336 64
125 78
90 13
19 85
372 28
171 39
297 78
2 43
97 84
25 27
150 18
332 44
173 48
380 17
25 89
236 56
8 79
103 50
183 87
319 44
66 67
204 62
231 38
347 36
357 76
254 49
318 45
362 43
250 30
44 66
260 94
30 93
398 90
123 82
236 3
276 65
369 45
124 84
330 58
338 44
362 85
370 60
199 54
256 100
215 1
291 78
252 99
246 58
138 33
194 66
221 44
31 63
4 58
370 28
211 87
406 98
120 52
22 19
311 24
110 97
214 40
407 23
132 42
351 93
84 51
57 76
380 21
81 52
229 99
394 87
86 51
103 82
57 73
88 32
129 30
243 92
155 83
372 85
287 82
150 60
12 1
3 5
282 44
205 27
219 94
231 91
42 74
194 5
27 23
14 53
184 61
211 10
251 100
405 39
269 50
37 49
412 17
71 71
323 70
286 75
214 8
332 95
269 94
189 15
305 60
120 45
335 19
102 87
46 32
347 35
111 1
71 39
357 1
226 14
169 23
121 85
412 21
101 57
207 84
79 42
5 33
52 48
161 76
45 51
305 88
230 20
174 71
40 3
150 35
346 47
287 82
37 49
165 29
277 33
220 89
188 95
405 6
360 5
278 19
62 9
366 3
281 44
346 35
152 11
270 75
248 40
285 52
345 2
110 3
38 70
389 45
114 19
346 20
104 2
46 27
77 75
385 13
212 48
190 74
208 55
122 94
306 27
242 48
15 23
218 22
313 8
44 67
76 88
400 27
94 98
388 64
373 43
195 90
1 14
390 92
261 42
161 70
113 30
396 43
93 49
13 9
149 12
321 66
362 38
417 100
297 51
136 84
57 52
26 29
168 20
99 17
142 50
15 92
277 4
76 27
72 11
16 62
302 27
388 82
32 87
51 63
321 93
99 83
48 39
307 76
175 31
350 28
389 29
83 31
277 23
255 93
403 47
374 56
6 40
410 15
171 31
102 77
221 13
57 83
134 42
2 70
209 93
1 98
302 61
266 63
292 39
207 85
145 79
84 80
384 13
297 68
188 57
120 5
262 38
117 21
379 80
37 26
401 31
189 48
168 76
205 64
314 94
41 5
243 9
69 27
150 47
131 47
25 69
14 30
234 20
209 16
319 84
2 79
222 74
356 23
111 72
413 71
83 100
345 66
339 90
379 57
243 99
74 85
86 3
121 48
300 52
212 83
225 7
132 55
96 9
14 37
40 67
310 96
260 51
88 3
286 96
167 20
277 11
83 53
118 52
227 97
81 32
222 65
74 94
160 1
402 22
389 76
48 88
183 74
346 28
200 33
146 16
128 44
339 77
380 32
197 40
193 1
328 82
301 50
257 60
65 29
323 39
279 82
358 27
283 64
86 64
191 82
318 39
305 93
258 29
380 3
148 65
146 69
402 94
347 79
365 49
110 6
113 32
417 42
158 26
382 51
378 76
250 27
240 83
235 95
383 63
387 26
269 89
212 6
186 75
402 43
345 93
287 21
257 86
28 9
226 95
18 16
172 67
283 70
305 62
158 91
193 68
413 95
239 66
261 91
174 9
387 95
238 89
371 59
45 12
365 10
201 13
285 16
258 92
280 62
70 73
139 42
104 33
144 76
315 77
259 59
377 1
361 92
270 45
178 81
332 5
249 73
165 61
283 29
306 34
242 36
342 50
212 60
99 45
66 12
146 74
352 97
225 40
316 53
140 35
111 68
114 86
278 52
391 66
401 37
209 95
86 41
253 85
188 7
194 6
260 50
248 71
267 24
232 57
42 23
237 58
87 92
41 90
309 20
166 32
95 4
295 20
124 79
257 10
60 17
149 60
398 2
162 52
265 19
256 52
364 19
329 97
394 26
128 82
40 58
338 50
214 63
344 86
330 65
290 52
222 98
327 74
214 35
110 19
161 72
210 98
365 2
260 26
202 91
140 65
40 90
189 100
259 98
280 3
37 11
393 47
137 33
271 13
338 28
133 49
118 85
377 97
303 65
106 96
304 1
281 90
152 20
356 91
332 62
363 56
132 86
374 68
297 16
255 68
380 10
222 2
118 47
299 57
325 9
150 31
39 44
37 30
330 43
49 61
218 92
208 49
104 33
265 55
172 12
183 69
270 62
254 76
66 84
76 35
93 91
203 76
26 30
346 56
11 42
90 73
33 25
106 53
392 53
285 74
243 18
148 97
328 52
161 97
16 66
337 18
84 9
48 22
268 74
291 8
143 92
343 47
42 16
369 25
206 70
323 88
362 15
2 34
413 19
78 31
270 81
408 18
238 89
227 45
398 56
134 43
218 46
396 69
43 87
269 75
315 70
222 1
318 56
245 84
293 51
211 91
363 68
194 28
190 50
86 69
397 30
25 60
73 7
198 82
42 71
246 57
366 59
335 47
371 74
359 39
60 75
113 97
140 2
237 2
259 78
387 90
20 56
319 18
181 1
54 28
58 30
260 44
221 66
158 89
53 58
236 70
369 35
246 69
169 47
300 93
34 31
362 37
90 78
238 62
299 28
249 18
275 97
37 49
211 49
99 82
49 100
77 96
410 84
248 67
26 24
397 76
98 83
270 33
263 54
145 81
190 65
407 98
149 7
121 14
150 98
263 86
109 64
350 92
354 57
40 90
195 5
311 31
96 68
6 26
392 64
417 83
350 90
197 92
393 84
30 1
174 9
238 68
284 6
12 42
98 41
154 22
184 92
5 92
64 44
209 80
308 96
17 92
266 84
32 3
252 49
155 58
320 100
262 79
406 69
89 10
134 6
302 68
369 36
344 26
73 21
62 29
336 56
268 52
281 6
342 64
384 12
98 2
183 22
406 8
77 63
202 95
58 15
356 84
246 1
164 98
142 48
36 82
280 81
115 95
328 82
18 34
208 17
303 69
163 20
279 61
110 26
206 15
114 50
122 75
278 94
410 64
254 87
167 94
79 53
73 48
280 59
325 15
251 19
270 36
380 50
20 1
173 17
213 56
129 97
134 84
395 88
242 90
319 61
285 10
165 47
403 66
133 48
11 10
285 22
351 55
374 22
54 46
267 66
8 37
159 95
69 39
244 44
380 72
275 25
114 20
409 26
171 73
303 36
271 7
12 22
277 3
323 25
2 90
76 77
239 14
170 61
334 51
195 66
405 66
195 46
357 15
221 34
84 39
98 22
246 14
325 75
33 40
372 42
417 74
370 29
307 18
160 83
44 30
347 29
94 68
29 19
268 95
190 37
354 11
7 13
380 98
68 79
100 26
222 2
51 64
229 69
397 92
375 89
356 49
393 86
276 77
238 84
224 21
353 78
233 70
333 31
332 31
151 73
146 16
412 31
295 25
391 47
356 47
161 29
197 92
336 61
225 58
169 62
135 69
137 36
181 4
84 85
81 83
19 57
359 75
61 99
313 47
157 11
338 21
349 17
264 73
100 67
35 73
309 11
67 100
151 69
263 84
169 99
149 48
187 30
286 66
114 30
190 58
390 89
257 65
417 28
328 8
355 31
232 27
409 27
257 35
20 35
80 22
101 17
212 65
243 46
327 27
356 9
391 72
192 91
24 99
317 71
291 70
403 66
252 67
385 58
363 38
136 98
366 99
183 5
71 90
342 17
317 68
89 42
213 28
74 62
185 38
218 44
199 56
280 33
113 78
90 26
101 27
386 49
185 40
125 20
94 37
373 73
327 21
241 59
163 37
341 13
253 47
341 91
356 72
75 88
36 40
331 43
144 64
55 47
378 12
185 92
313 80
285 73
30 10
171 98
194 62
48 81
354 70
364 51
21 31
82 42
263 83
392 61
393 11
152 46
253 76
86 86
337 27
325 1
364 25
208 29
57 34
29 51
5 99
201 15
191 72
319 78
14 75
316 58
360 77
299 77
52 82
16 8
54 78
382 55
16 59
263 26
344 12
255 62
116 5
157 46
234 92
416 12
383 85
90 9
255 13
157 5
124 58
124 80
122 59
401 52
223 82
14 55
11 86
206 17
227 17
56 35
265 14
22 97
48 53
152 17
266 81
116 79
329 78
86 77
255 15
102 40
200 78
15 71
118 51
246 86
276 60
46 57
363 34
63 84
229 3
88 9
359 9
107 72
366 71
233 18
257 12
244 17
295 45
308 34
306 46
168 99
110 46
203 19
253 1
4 82
186 73
165 12
396 97
377 69
234 17
349 32
136 1
200 37
135 99
343 51
385 53
301 46
325 20
32 84
145 57
281 96
239 12
200 72
383 77
251 70
121 95
64 58
363 73
77 58
75 2
60 99
370 28
113 2
289 35
221 25
417 57
79 17
294 33
75 14
416 41
87 46
27 83
99 50
362 34
153 83
390 61
20 23
220 25
167 18
180 60
165 10
349 75
376 66
375 69
230 43
261 21
278 80
125 80
115 33
139 70
365 87
39 53
317 50
317 26
202 67
58 17
98 94
308 100
252 90
232 13
243 58
30 99
152 92
300 21
380 15
198 6
144 59
308 29
88 36
165 84
111 41
151 24
20 45
279 35
280 62
218 72
349 56
5 33
405 8
411 76
156 46
367 64
329 27
26 54
218 61
189 52
276 46
105 55
316 48
239 4
229 62
291 37
208 34
263 66
229 47
417 100
380 5
77 35
379 35
183 98
248 99
263 97
247 85
152 38
104 81
338 81
273 74
386 71
275 68
390 47
43 3
148 67
307 21
299 43
156 15
405 98
342 56
175 62
257 99
263 50
333 76
86 41
412 98
300 50
116 20
346 73
122 32
287 80
52 61
8 17
92 96
78 2
341 9
376 22
47 81
148 56
406 88
55 7
144 79
139 74
58 93
45 21
373 49
403 62
409 19
168 33
134 48
8 66
34 69
24 58
230 95
416 52
46 65
399 66
210 43
82 41
362 82
139 5
413 97
338 43
55 58
251 79
198 23
82 80
274 31
169 75
361 89
205 4
308 52
352 4
151 13
286 99
315 6
74 98
131 13
97 74
340 5
182 93
248 13
203 82
270 83
272 40
217 69
236 8
247 41
75 83
242 3
235 26
311 44
343 84
354 7
360 80
223 90
177 42
227 52
243 17
295 75
292 2
373 19
393 35
38 84
336 5
210 40
158 51
114 51
253 98
246 52
106 70
220 23
178 1
45 100
126 23
308 21
130 61
395 61
311 86
192 88
339 34
176 26
406 74
126 83
152 51
318 88
117 95
201 45
19 92
75 81
241 17
45 1
1 29
75 70
161 5
369 91
112 16
321 69
401 47
375 76
82 7
252 53
398 75
188 14
262 20
270 65
4 16
326 39
35 5
349 15
311 89
100 97
123 71
164 58
198 30
303 71
48 54
38 55
121 81
85 67
379 75
87 44
208 22
416 82
91 71
123 3
339 43
133 24
362 9
86 100
390 85
288 1
161 43
353 89
11 46
3 29
114 67
236 51
55 7
90 55
56 1
345 26
354 81
44 3
376 84
179 100
37 18
414 41
330 9
308 63
68 63
91 46
285 83
125 24
285 16
105 27
405 94
357 38
321 55
46 98
127 16
293 81
343 65
57 97
384 51
186 87
373 55
382 40
331 4
359 47
242 22
341 46
2 31
50 65
78 58
371 38
388 65
307 31
54 80
287 20
63 26
389 25
59 72
274 88
91 60
37 75
118 83
150 45
177 21
138 23
343 77
264 98
397 45
175 55
85 92
380 13
230 96
202 91
415 12
217 64
117 51
320 91
61 59
221 88
399 39
167 54
61 41
53 53
116 13
349 21
163 83
218 35
306 36
408 72
114 60
87 2
397 31
230 36
172 99
33 65
293 52
202 82
70 1
347 9
264 90
345 16
143 71
139 85
15 58
51 9
60 52
363 45
370 50
241 30
5 48
372 20
104 12
321 68
40 77
317 10
103 59
198 6
293 19
141 36
325 87
379 19
124 64
241 23
335 71
415 14
244 90
95 16
128 91
15 95
397 38
175 21
53 70
184 51
372 64
123 22
67 43
417 88
310 59
211 95
342 22
377 76
140 3
315 76
188 79
409 15
35 81
364 13
144 65
184 14
157 65
322 41
100 50
92 34
161 47
254 87
127 87
172 4
343 57
353 38
36 2
327 46
361 21
195 79
131 37
42 16
103 30
226 55
302 60
338 44
182 86
13 58
220 14
388 30
27 78
117 76
407 61
331 58
374 50
169 78
258 24
138 93
274 45
73 43
382 62
254 75
400 8
258 1
221 89
309 9
136 17
117 17
227 43
249 99
116 67
9 64
130 33
416 99
365 65
229 20
219 1
241 39
366 21
55 61
384 51
144 36
85 4
249 96
193 32
365 52
197 95
24 44
397 93
103 99
250 7
413 99
144 23
34 51
263 70
228 88
394 26
138 42
64 47
105 25
123 48
368 70
198 78
240 7
36 28
294 82
312 82
154 93
204 22
303 74
373 40
166 32
195 22
413 71
26 9
183 38
214 43
264 51
191 66
167 80
163 23
220 5
107 12
216 75
153 14
73 99
258 51
212 45
227 28
152 56
399 59
223 95
84 5
62 49
173 48
242 81
68 3
64 73
130 84
304 57
352 56
348 75
56 62
162 20
400 59
206 33
366 46
367 60
9 12
336 90
83 36
269 25
168 11
121 51
12 19
347 55
329 94
233 25
90 35
210 17
131 39
26 53
130 84
203 30
236 56
116 90
131 64
28 36
330 33
395 49
203 65
93 5
115 12
234 97
301 75
61 63
234 29
46 37
333 17
121 60
85 44
127 79
256 62
163 17
76 47
222 69
361 8
134 13
157 49
408 96
250 15
168 54
200 47
333 49
193 7
170 65
187 17
19 27
211 70
299 97
247 91
345 14
315 1
288 25
174 27
342 32
317 7
189 40
61 80
176 78
225 38
8 5
288 14
248 17
193 24
264 77
212 38
310 12
378 99
374 80
238 41
96 99
260 68
2 30
253 39
375 2
102 62
305 90
258 89
297 41
204 51
180 2
244 36
83 54
16 19
168 84
185 19
282 92
275 37
140 26
137 75
405 62
20 1
258 88
171 52
50 6
312 71
49 85
167 11
332 15
353 25
65 58
336 35
43 80
47 48
11 78
326 14
374 32
201 66
5 46
346 12
209 9
194 62
21 80
71 95
138 79
206 48
269 80
175 75
87 60
62 69
253 33
313 13
417 24
298 30
154 49
325 5
367 80
357 82
207 55
145 100
112 57
196 5
347 58
208 89
25 55
202 54
137 85
102 54
296 33
326 43
81 45
273 49
192 83
235 22
229 22
360 24
119 89
313 16
334 99
143 51
295 74
219 2
368 20
99 71
97 69
239 60
151 73
130 97
320 71
291 80
297 65
147 21
37 24
268 87
402 75
404 41
252 55
216 57
43 73
181 17
258 88
346 45
245 17
386 68
415 26
77 50
179 21
414 83
397 74
250 73
190 36
414 35
340 44
122 37
261 31
77 22
45 48
135 67
159 33
347 38
288 22
166 91
323 40
32 91
129 38
243 70
169 79
384 56
206 74
272 36
285 82
83 19
391 55
147 73
384 33
135 50
131 49
341 32
83 53
323 11
362 60
10 49
39 44
56 49
358 27
90 17
252 67
187 83
