9561
729 17
880 84
1110 90
1588 14
260 41
284 82
1466 76
872 51
709 4
762 98
279 73
93 13
993 96
925 13
1026 88
282 64
1485 47
1376 27
109 62
413 23
430 12
596 8
162 70
1190 37
1115 85
557 74
1397 13
732 42
1051 83
1129 36
981 60
1120 33
1177 79
338 92
222 82
648 16
1371 93
368 58
610 63
638 15
1594 17
22 39
637 11
773 36
161 20
255 65
789 28
621 24
726 98
580 44
239 79
1224 58
445 49
578 86
965 37
348 96
127 13
1836 78
805 48
1653 9
488 69
927 62
1210 83
1494 6
580 68
1621 40
684 70
1803 49
1595 83
23 48
754 52
1389 83
1701 6
1840 77
1075 18
1088 61
88 73
484 5
1650 72
1808 26
1496 58
841 83
514 15
1370 43
48 25
136 17
1360 81
40 78
264 44
607 11
1877 95
7 28
1316 29
671 34
231 93
478 81
1407 24
114 53
1860 86
375 57
1702 91
1688 69
6 12
1320 42
832 52
226 34
953 98
195 51
739 11
427 56
1116 42
122 22
217 76
1131 95
1583 94
918 27
1516 6
1100 70
592 14
141 75
1283 1
170 5
1332 2
676 61
121 31
632 61
1702 29
847 63
1385 9
1545 45
1372 49
1806 37
1483 39
156 31
1745 15
1476 17
17 7
943 56
1887 48
13 64
232 75
885 45
25 98
1087 53
788 92
57 67
517 100
1676 30
80 71
699 34
1339 56
579 56
1136 18
1458 82
246 53
1273 42
882 77
1815 35
436 77
1810 39
1406 47
985 23
782 19
364 11
1665 19
912 47
109 48
427 94
1281 16
1817 60
1294 64
240 79
1679 84
333 29
1182 92
429 88
796 15
1301 85
289 42
1035 54
1526 21
880 3
1514 59
1412 21
1135 61
591 68
673 31
317 89
1402 37
1162 79
1783 91
809 88
1142 81
1602 20
1379 41
1598 81
1794 89
715 42
1590 9
1850 9
737 82
358 19
77 24
885 48
982 98
1801 42
698 55
1718 20
179 79
805 40
1565 83
1507 21
1778 56
724 11
175 98
1266 70
1759 30
1460 52
1127 12
1568 95
1770 100
680 54
1027 55
349 49
1476 58
3 93
1336 97
1699 68
1231 19
477 67
1518 2
1588 69
619 96
1828 67
625 13
579 60
539 96
1604 13
151 59
1363 16
529 24
694 8
1621 91
484 95
1822 26
788 3
1279 64
1444 89
561 40
1003 3
1633 28
1 80
1770 28
373 63
1865 55
1576 62
892 85
1844 36
442 43
1403 48
140 66
962 75
522 58
498 57
686 65
1112 42
134 92
1401 73
884 3
46 71
506 36
1748 28
1714 63
1242 84
684 67
661 88
846 79
634 99
545 80
850 67
970 80
558 58
1001 74
223 11
1428 13
1741 33
164 56
7 98
1497 3
20 80
1209 6
1591 66
589 13
1443 40
492 50
1197 38
1112 56
374 89
36 27
1616 54
10 53
1277 57
1390 29
933 89
633 11
1168 100
1609 15
1497 89
687 53
1750 18
1389 78
1182 40
1604 46
703 70
766 12
1450 21
234 44
281 36
1448 53
297 96
1740 1
1246 91
664 49
1540 1
707 69
1479 87
1471 7
1292 80
1087 52
885 89
1158 15
237 54
447 78
1505 12
1197 41
381 59
1905 28
445 84
1787 16
215 24
923 38
986 60
983 20
74 62
674 70
1857 18
1353 82
1455 43
58 45
267 28
1507 12
980 42
559 40
1618 22
1169 67
1780 28
228 30
1173 7
1164 37
369 17
940 98
1609 66
1728 18
1749 2
31 96
697 66
248 64
131 8
1735 49
937 73
1780 53
1840 50
1446 78
351 43
1910 64
1038 25
78 37
1089 67
866 27
80 11
495 91
835 69
608 43
402 43
1812 47
254 71
1172 61
647 65
756 48
1660 80
1107 80
1683 86
1294 87
1862 26
756 5
251 19
982 47
402 26
723 21
326 8
1888 79
66 94
1712 70
1701 76
241 53
1070 93
1747 20
348 94
99 55
880 29
836 6
1727 17
37 25
1310 93
145 71
1473 66
1029 51
1118 53
916 96
116 54
344 3
459 43
1541 43
559 49
976 95
766 97
1175 6
1612 77
454 79
1886 11
1583 87
491 73
1709 84
1136 38
1768 68
511 6
407 60
707 11
170 76
467 2
700 55
165 92
434 71
747 27
358 24
1259 59
1764 80
77 95
222 29
991 36
1150 63
355 28
86 12
1152 40
161 4
449 23
445 51
1587 13
941 52
142 26
468 45
709 68
187 20
1506 12
80 6
1209 84
1184 27
159 40
1584 37
965 46
443 79
1909 69
1608 55
1547 26
1604 92
1534 9
1877 41
1544 33
1015 63
1582 44
691 78
791 63
1360 53
253 38
1132 47
615 85
1399 36
1361 89
1745 17
1568 16
1651 58
570 55
1483 67
1505 71
1628 38
939 16
670 61
1179 97
510 55
414 61
1869 37
549 97
1462 34
1028 42
1787 3
409 66
1320 38
1674 37
1742 12
1477 79
410 28
640 85
428 43
97 74
233 11
596 52
720 36
1439 50
267 57
1220 39
1013 68
1259 95
1336 18
1435 49
290 35
492 45
1186 44
1013 38
883 34
555 99
1709 82
208 20
554 93
750 98
1759 59
145 68
888 69
1736 9
1302 33
937 52
912 34
789 8
118 41
206 99
353 46
1390 50
237 23
784 68
1862 92
279 29
650 35
33 4
1451 15
1822 23
1320 68
1359 79
1301 13
314 18
1212 20
1413 63
1333 82
304 100
274 11
1152 47
424 16
811 55
87 13
306 51
144 2
1896 29
776 42
1344 55
334 13
817 24
930 46
358 75
748 96
1895 77
456 31
677 10
195 89
436 18
1238 60
1615 65
1463 44
1213 5
180 44
856 34
1363 28
770 60
1138 84
80 21
1350 18
1832 85
824 30
1881 7
1632 44
1294 49
1614 53
18 33
1636 86
441 25
776 58
1017 52
1465 29
993 84
963 66
702 99
1630 90
1332 88
924 8
1688 21
1632 89
709 34
1410 38
90 59
322 27
716 38
1139 9
1364 73
1352 46
1652 81
1621 100
36 11
145 60
406 14
105 27
197 19
757 95
1450 41
845 42
937 64
406 58
1615 58
279 2
1691 23
157 23
1401 42
119 91
1276 18
1368 97
266 44
1744 72
489 31
828 61
655 2
542 3
1749 99
1328 96
1645 57
1707 29
706 29
364 86
1567 63
694 20
84 52
1675 44
1801 48
1554 81
540 5
420 77
1801 45
731 52
35 82
1283 88
1139 81
647 59
1478 100
1276 33
1898 58
987 10
1743 5
1398 70
580 11
841 89
432 62
1707 70
982 9
855 28
59 88
1761 73
1036 8
871 37
1041 67
613 99
367 96
323 15
1045 40
1303 43
1562 100
1730 82
1581 22
664 3
408 2
901 77
1208 25
1209 89
125 2
265 70
905 89
1222 25
673 40
1611 90
1393 9
1911 62
553 41
1519 36
1501 30
1753 97
1044 56
1152 33
394 62
215 80
1789 88
1253 19
1343 22
755 7
982 43
306 27
467 45
1609 68
176 7
1392 30
1327 84
1792 11
943 88
1850 57
979 39
181 12
5 52
367 71
1116 82
1324 83
469 13
967 65
1321 74
1088 52
1134 42
1683 89
1069 9
719 29
1741 12
451 65
1555 40
785 4
805 81
1647 32
1629 80
1896 90
280 38
1698 92
857 19
1183 42
387 59
149 50
786 62
1690 99
1260 48
1853 67
1049 7
1240 14
961 79
664 95
1890 70
422 18
1875 15
1819 33
304 42
1090 37
1394 5
5 38
1639 28
942 61
608 70
1071 34
606 7
876 72
1719 82
1891 31
1785 18
754 37
286 100
1457 15
609 39
877 82
1479 72
493 74
1842 94
142 69
166 59
486 68
1903 88
1628 80
1500 68
1256 3
1160 90
398 14
549 79
555 63
513 50
1653 84
1411 20
1328 54
1018 57
1691 64
1799 97
618 36
1733 20
1515 73
1298 62
1830 57
1584 64
1487 52
1911 60
1877 88
738 53
356 76
854 37
292 99
267 22
389 37
1727 58
213 42
613 84
64 61
273 83
1539 59
1143 87
731 84
220 87
1680 72
863 11
795 42
1122 60
818 33
654 59
1665 6
568 83
1393 25
877 33
246 62
534 18
361 90
137 48
1748 74
844 80
1832 89
1012 39
1352 14
1116 97
1289 28
318 90
1813 7
1310 20
1127 41
1162 38
870 6
708 35
559 5
1667 5
148 22
1232 100
697 44
1605 41
583 53
223 87
474 69
1785 32
1393 95
308 56
1908 92
1428 83
1458 23
1735 62
1505 98
497 97
1912 79
1310 12
644 86
1002 45
802 11
1671 95
1173 49
1109 20
196 87
186 85
375 64
343 28
125 24
22 53
1466 35
40 10
1164 50
1123 63
412 100
1411 14
944 11
515 74
803 20
991 10
1404 85
1819 2
1372 54
1759 68
1212 35
136 89
750 92
1900 14
388 2
329 69
67 56
56 37
1161 58
390 49
1533 13
382 46
1036 90
1424 42
1215 71
628 19
115 90
181 74
241 98
1238 86
1780 1
927 17
1063 81
23 44
103 13
36 63
1876 86
1189 72
1402 73
860 58
70 95
599 64
1567 48
1201 61
1410 5
556 95
1044 7
96 8
934 95
1699 63
305 60
1271 8
1496 12
490 79
592 3
564 43
811 64
205 22
37 29
826 70
1092 7
853 93
1609 61
1217 21
907 97
1710 12
500 57
1436 1
1353 93
1175 87
1046 1
1739 4
316 85
331 3
1209 47
243 90
795 90
647 54
1255 62
1157 2
807 55
1230 100
629 57
1408 33
1236 88
1737 28
1214 24
1829 20
1372 56
593 41
92 31
503 52
1409 5
1013 50
303 87
900 82
775 29
1167 73
1378 9
1903 42
1004 69
1050 27
595 38
1204 89
47 94
1472 41
1666 71
1354 32
386 7
1166 63
339 5
519 40
1115 55
1216 51
286 48
404 54
1838 50
1145 80
563 82
975 92
340 15
1233 77
1155 9
1269 95
566 32
1566 44
611 42
982 24
226 66
845 7
1084 61
610 38
1555 97
1680 88
418 19
213 86
719 8
1686 57
1433 20
10 34
83 66
175 45
1063 68
1613 65
909 14
40 71
631 47
1592 46
135 81
11 71
1532 35
1560 15
263 30
568 8
585 63
1885 66
1150 10
1544 12
1626 72
727 65
328 26
809 30
651 87
685 16
1348 88
1457 86
966 68
745 29
1691 11
1512 31
1303 22
631 88
106 12
267 74
895 38
1675 2
142 81
85 14
1586 39
186 5
1853 61
124 96
1703 76
798 43
654 26
1721 69
1402 30
995 56
262 30
1537 88
1492 74
642 88
289 68
109 63
977 7
1667 30
1140 76
948 51
400 35
109 92
1545 5
1784 32
1807 100
708 3
702 87
759 59
57 19
1700 68
1185 21
1064 100
1732 64
77 86
409 63
1097 28
193 68
1659 19
1419 94
1674 56
1648 38
1406 73
779 13
907 38
572 31
635 38
1496 87
167 38
1423 97
1908 68
1657 39
387 43
1381 97
1496 42
105 50
1313 32
103 55
586 96
964 15
164 57
1768 24
1686 10
1902 92
339 30
1544 82
1824 20
401 24
848 47
921 29
502 38
241 58
535 23
1135 66
732 67
506 28
702 10
26 60
1874 97
1061 84
289 56
370 20
1594 65
1113 6
1586 45
268 98
1595 54
621 51
606 67
180 18
1371 59
1084 81
691 83
1221 45
1703 85
1670 20
721 49
1486 28
122 87
196 82
844 36
654 64
1020 75
77 34
1856 95
1355 51
1062 16
697 23
1614 46
783 93
537 46
1197 66
573 39
1308 53
502 96
1805 87
989 68
850 1
1466 80
214 53
245 47
1410 48
1807 35
328 57
1897 82
1563 82
1052 85
428 41
654 55
190 52
774 77
1617 76
1511 46
108 5
992 19
642 61
1857 69
433 77
1453 58
1804 15
1314 47
1717 82
1460 89
788 86
98 91
484 11
1630 7
752 34
1237 7
1019 31
421 85
718 2
445 65
453 22
906 54
1678 18
1375 38
930 50
937 22
1798 33
1027 76
874 76
1593 96
89 56
1849 67
1288 2
1452 41
1672 35
1620 66
1794 6
160 25
70 30
721 65
1825 36
446 90
1566 8
601 12
1538 93
135 87
1053 15
1039 38
1706 45
1224 39
698 50
1869 50
242 12
1247 63
1409 42
1711 50
155 26
1095 51
1842 18
285 20
1889 28
1688 38
672 98
1660 83
856 28
1884 42
494 11
205 39
553 14
280 80
598 63
6 29
1839 55
1329 29
921 34
1617 23
1653 26
1362 17
130 29
346 65
1316 39
1710 26
1902 85
271 89
897 83
1828 18
1299 37
734 5
808 65
584 33
1515 71
960 31
324 62
1784 13
1815 81
252 9
1061 14
1752 28
1055 75
876 66
1884 35
159 40
1700 70
1016 8
1786 69
1312 10
1742 1
426 87
584 20
1837 74
384 44
404 36
1176 9
1034 90
1251 41
588 25
748 34
1213 27
1841 95
1531 20
1686 71
1511 26
1807 85
900 16
1078 21
1739 67
1555 79
20 5
1861 52
1434 4
1830 78
1906 94
405 57
611 87
622 74
1124 86
56 23
1252 89
1122 53
978 45
554 23
615 24
365 91
281 44
510 42
1212 54
541 28
1856 56
342 64
651 43
319 90
1720 59
97 68
1070 33
166 44
1880 87
1203 66
1752 32
961 56
1061 75
1182 42
1542 30
304 57
1273 49
1712 41
697 39
1435 6
1870 35
1312 25
764 60
388 73
1597 72
627 67
1798 90
1560 47
1092 27
688 20
754 4
358 89
67 7
1855 7
1611 94
278 85
859 65
757 93
1791 79
88 9
75 57
317 46
1824 9
1808 27
1160 100
1151 96
595 86
430 16
1749 21
1 74
900 55
1554 32
1374 21
1827 44
1487 14
1506 10
213 5
1619 52
1150 15
1057 84
1548 7
1617 44
1261 88
1784 100
422 15
1773 96
436 17
1569 42
1693 55
699 85
1166 3
1472 87
1618 40
1154 53
1818 2
323 56
1796 79
503 45
354 44
1619 23
238 92
1569 99
1295 47
1310 53
197 60
1439 39
748 8
1174 64
676 23
489 3
3 90
841 65
1347 51
459 67
743 47
1389 47
837 39
1429 45
982 49
1307 11
1087 4
1737 10
1619 44
449 59
485 45
1696 51
982 85
132 65
1762 63
1194 13
1272 22
1849 77
743 50
594 21
1000 77
123 80
725 45
26 47
633 72
1719 32
113 3
973 6
1417 52
743 39
702 37
905 59
16 94
1725 16
1787 88
957 70
446 66
156 38
872 62
295 99
702 96
435 11
573 62
505 73
1580 12
294 81
904 44
475 38
64 84
519 29
50 95
1549 25
1290 70
792 86
878 40
1436 21
41 10
901 26
1237 60
405 20
562 7
851 17
1203 60
815 23
1861 2
1285 28
656 97
623 19
1147 10
1368 77
1352 44
644 66
926 98
1859 72
600 94
1342 28
1612 17
1693 84
1197 100
1833 47
706 86
12 76
1526 49
1714 5
524 74
849 1
1664 42
1081 33
1390 77
800 95
1852 34
1023 9
666 9
89 22
471 57
452 97
1381 64
1115 91
512 27
1671 6
690 27
1515 24
188 66
1854 94
1848 92
953 99
1118 4
106 83
1645 34
1887 9
1522 26
1260 50
53 21
1727 17
1632 82
119 37
515 2
327 32
1162 11
1762 88
10 2
751 100
1639 82
146 87
641 14
721 43
613 41
1238 27
520 31
1644 11
415 46
635 66
1791 50
424 21
554 43
229 55
1673 36
1053 34
201 45
204 37
1271 76
1573 58
1024 92
1283 17
1383 53
1074 17
1776 76
506 80
1562 80
1688 97
1214 86
1894 21
871 33
1097 50
186 14
1217 76
1255 66
254 66
188 55
1187 41
284 67
263 32
1206 25
315 88
1148 16
1516 72
53 13
571 20
1202 94
1063 27
1080 79
1063 46
1626 17
104 90
1837 9
764 97
881 100
632 75
1175 12
282 97
1785 59
409 31
815 29
1892 39
189 29
657 33
362 75
1163 37
807 72
364 89
1223 66
250 5
18 26
1612 76
1244 28
544 71
1319 6
1107 71
706 7
777 29
1768 44
1829 53
55 74
1160 66
296 38
719 41
1006 100
919 46
1899 2
826 41
340 51
977 28
156 49
1187 98
1624 89
1254 35
943 16
819 66
1313 64
1852 81
1846 57
818 6
1012 92
873 39
383 3
884 94
1061 4
1490 3
154 63
532 75
899 89
1676 40
458 39
1720 1
388 33
1622 36
182 95
568 76
1546 4
960 62
115 73
1798 43
1106 83
1418 23
567 21
960 36
1098 8
1554 94
1027 8
1737 6
581 36
1280 95
198 85
418 4
1629 33
1374 33
402 57
1791 90
485 65
678 21
1443 54
694 88
1469 43
1418 86
1461 60
1519 26
488 78
1736 34
433 79
1683 70
1449 100
30 10
1717 20
1200 100
1242 80
879 17
1448 50
727 90
1026 47
767 86
398 53
1244 48
222 77
616 58
1890 5
1448 11
849 40
672 43
899 3
204 37
1227 63
303 6
623 68
293 91
1538 84
144 21
1082 80
725 68
425 54
919 86
1363 1
150 95
974 31
1214 26
1795 20
649 57
1651 56
690 14
1478 88
434 34
1905 7
79 57
94 97
846 53
5 95
1371 88
848 44
1603 14
1896 58
295 93
999 83
194 74
1594 27
1202 24
66 100
1717 90
1730 81
1772 67
52 78
1123 100
1449 75
276 24
1367 17
91 92
1709 54
1871 84
1678 19
766 9
1320 66
722 83
1379 36
843 96
169 15
1144 17
578 97
1196 27
1810 67
93 65
1821 70
826 98
1267 35
1120 28
1523 82
1880 100
989 83
1768 62
1593 88
172 1
323 100
966 40
1123 91
1147 62
915 13
908 53
829 43
303 76
1109 10
68 13
287 78
911 96
326 3
1762 64
1305 61
1075 71
3 6
865 68
465 53
174 52
1753 58
1766 8
312 57
1660 4
1758 91
1721 97
365 43
1004 61
361 60
1466 61
543 67
592 2
318 27
209 23
1770 42
1057 50
75 94
124 21
577 84
452 14
1295 63
1805 30
469 46
1270 87
1497 67
1889 65
19 3
61 26
155 32
279 28
240 91
1477 18
302 61
1042 61
825 78
75 21
209 12
509 40
1462 25
662 3
490 72
1466 40
1447 84
301 14
1607 73
190 9
1482 99
1080 34
525 5
417 94
481 60
1427 86
261 22
1257 40
1143 18
76 55
443 94
772 97
888 12
419 75
535 98
1241 72
1314 38
1798 52
144 92
1796 6
157 69
15 94
1661 61
296 68
25 25
1692 42
271 67
1068 46
1364 44
580 10
1358 80
287 27
1137 1
458 48
1748 77
286 46
1212 83
666 57
80 40
395 65
891 46
1404 93
1138 35
1604 64
230 57
705 6
1542 41
1325 84
866 36
896 10
393 87
154 89
528 98
1074 77
665 12
1424 95
975 72
1767 59
540 30
407 53
1507 95
1798 22
702 1
1250 83
736 65
342 38
1896 91
1266 50
1085 10
52 55
977 97
1201 97
1037 74
1020 97
1180 92
981 33
1322 47
96 61
491 42
1129 1
1168 17
753 33
1756 11
1502 63
437 93
762 79
262 39
1587 6
763 79
426 88
959 46
63 41
1778 3
369 41
439 25
757 72
333 64
1835 97
1297 73
1198 36
1160 1
883 35
1003 50
451 1
10 86
1150 11
1122 21
1841 27
1610 41
1552 68
330 53
662 11
1104 93
942 21
1005 73
1407 33
795 26
663 50
75 2
1633 18
1490 90
636 67
1297 41
658 1
1476 27
1313 7
344 95
880 28
535 55
1025 25
229 46
158 21
471 82
1606 52
1895 3
184 53
1403 28
977 74
837 24
775 68
406 22
199 100
1505 39
410 18
1697 40
1116 30
1358 87
383 75
591 2
636 72
552 35
659 26
1872 98
1781 33
1343 74
675 51
337 16
981 15
984 52
856 33
510 31
1571 21
734 69
1614 63
382 50
1148 39
951 77
1181 28
1623 47
100 97
1624 24
786 74
303 19
482 23
1349 62
596 32
1587 83
586 60
799 62
81 55
992 98
1766 4
1544 51
1803 5
1475 35
1427 3
277 73
1688 54
1495 1
251 33
874 13
553 84
1671 50
585 79
1516 39
768 32
1388 95
1296 79
276 35
744 76
1026 98
1507 40
1082 3
313 56
524 24
1573 79
972 38
1805 19
1367 19
1835 5
887 93
815 49
1573 13
1222 64
1803 13
1055 84
1212 60
1738 52
1472 32
862 83
450 1
1733 86
233 18
1889 77
1348 93
1191 81
1339 59
51 9
122 97
1868 3
1323 29
835 12
540 81
70 50
395 76
662 89
1857 75
879 6
1404 72
494 86
240 28
208 94
449 54
1757 16
1314 80
350 70
1131 1
225 22
364 74
1115 16
1607 64
876 53
454 79
1142 98
1831 36
1628 14
1101 77
1488 100
1073 26
1687 77
1896 20
642 23
1450 89
776 63
1116 97
546 73
698 57
909 36
405 39
76 86
1890 35
564 65
37 40
1596 94
1124 99
1022 23
323 90
1179 15
494 83
1413 51
288 9
12 14
1250 99
346 88
877 80
1442 47
600 14
1485 80
1590 57
690 60
318 57
1159 15
1665 87
1692 79
540 40
767 6
580 18
329 60
1824 10
458 79
924 82
166 58
1841 95
419 6
499 16
26 78
1424 79
501 8
1518 95
683 99
1509 89
784 77
751 71
1702 93
1124 79
119 65
913 96
1893 78
1502 87
574 74
1716 50
1854 66
893 92
1876 94
390 57
796 28
401 95
176 85
1685 88
144 71
1351 61
328 83
925 32
1514 98
364 28
590 11
145 4
343 84
605 61
1457 34
217 42
710 15
1248 51
927 29
593 85
1324 42
471 40
1632 96
132 57
595 41
916 96
1245 52
1445 60
988 15
446 11
798 22
1323 44
711 78
1389 36
1866 94
183 19
1910 29
1817 33
1910 61
222 48
1803 99
913 63
467 54
1397 41
457 86
1297 77
747 28
1221 75
1611 6
1311 51
901 14
98 37
145 87
673 89
1120 44
1687 88
1180 21
359 99
1223 36
512 54
1503 38
1810 43
639 27
1149 4
857 21
884 80
554 16
1367 91
815 87
923 58
1648 9
647 65
1800 88
575 100
1059 62
901 30
541 46
1105 53
1364 39
161 100
1575 27
1125 42
801 51
933 72
1081 46
277 72
