3690
577 53
281 54
357 5
279 75
235 38
206 96
505 79
341 31
75 27
289 30
192 89
33 2
519 28
19 52
150 23
306 80
686 14
107 48
508 83
292 88
711 37
551 22
480 1
492 87
493 62
367 91
56 12
443 54
454 65
671 50
135 98
412 18
338 32
228 82
270 94
4 23
246 8
371 11
529 8
152 78
75 72
698 18
479 37
166 21
253 62
570 64
180 75
158 67
286 41
431 53
254 5
50 40
668 70
252 24
97 90
390 67
460 47
311 19
322 76
662 21
574 21
50 27
641 95
500 54
543 55
135 29
352 21
462 74
320 4
599 60
337 38
688 34
84 47
276 99
477 19
665 34
619 14
80 94
437 86
580 17
443 77
600 88
703 56
308 90
289 53
577 24
83 99
627 5
650 45
633 26
386 11
223 62
350 75
451 68
280 52
150 35
378 24
183 7
552 40
732 6
296 6
574 50
531 12
628 83
567 1
71 96
383 83
149 68
690 11
137 6
32 83
483 18
101 45
290 20
110 9
666 62
431 46
730 12
208 53
453 85
122 44
107 49
721 2
337 71
533 80
448 83
385 59
358 4
502 60
178 84
668 64
160 87
660 71
684 64
405 66
344 18
580 91
406 12
509 89
200 21
253 37
192 21
608 73
523 26
370 42
684 4
71 11
526 73
34 23
395 76
507 80
402 31
451 62
39 38
28 72
710 36
112 81
503 30
470 71
720 39
378 74
174 39
85 88
22 70
229 14
415 61
681 62
37 86
697 77
409 40
138 44
356 77
111 27
359 58
10 100
662 49
193 47
582 10
94 95
199 78
298 24
325 67
730 20
249 7
499 70
121 59
288 44
572 65
687 42
419 89
524 42
194 33
426 44
661 68
575 39
498 100
76 4
537 99
337 100
630 14
522 37
526 68
689 76
673 44
543 64
111 7
262 6
603 72
622 50
398 35
694 91
35 12
710 57
58 94
250 84
139 92
220 4
93 58
224 72
542 72
13 56
619 67
14 42
80 18
736 95
406 51
99 54
522 49
384 35
161 82
81 36
103 14
421 55
281 38
264 32
275 54
159 37
596 92
658 94
503 82
202 58
735 41
504 8
498 56
683 92
427 80
608 79
37 86
657 25
62 40
513 23
452 40
471 90
737 62
232 75
322 85
444 96
252 34
605 80
46 3
579 58
338 27
185 81
499 56
385 47
600 77
119 83
695 8
352 24
486 22
398 27
188 17
261 7
690 16
553 48
329 41
182 45
84 76
475 96
190 96
262 63
450 93
678 6
17 14
62 77
74 61
595 41
679 32
603 68
149 59
388 17
268 69
66 91
230 48
519 31
182 12
391 48
521 9
24 89
667 18
122 36
218 59
558 7
219 25
629 83
507 69
265 21
221 35
78 93
6 56
241 27
704 87
78 93
356 96
688 47
209 33
495 77
188 11
398 51
508 88
502 8
388 67
667 57
132 79
510 20
592 12
7 88
502 52
119 48
732 27
372 100
183 26
201 73
245 69
276 33
646 44
642 63
245 6
220 15
274 9
532 25
436 51
20 9
127 60
590 89
196 51
37 95
589 86
155 13
578 44
532 59
240 8
467 47
394 55
198 56
55 42
607 40
527 26
21 99
449 21
460 32
326 86
430 75
22 47
169 13
634 40
297 13
615 17
459 64
675 39
540 95
463 43
586 82
389 64
298 73
362 78
443 33
12 2
86 16
364 63
370 12
162 96
651 2
569 40
370 76
265 75
296 49
265 50
475 3
634 8
39 59
311 70
271 13
216 100
656 43
462 82
33 73
483 67
256 70
359 6
122 32
354 3
413 9
157 14
103 81
630 47
191 41
589 21
657 39
283 67
13 81
560 97
634 73
194 64
159 21
26 44
39 26
583 28
503 76
277 43
505 18
354 99
558 2
142 48
46 33
6 81
508 45
79 8
564 29
493 46
75 66
379 45
511 16
132 80
535 72
248 49
199 94
539 67
11 50
503 53
282 100
172 87
249 44
199 7
381 34
494 37
69 22
572 9
411 97
431 3
496 35
531 18
704 41
677 50
568 25
414 29
415 37
512 19
549 9
314 67
183 67
158 44
339 78
381 99
217 61
468 36
187 89
227 1
709 80
255 98
448 58
206 45
50 24
664 94
615 99
559 16
579 10
737 84
170 81
336 7
98 77
463 26
274 48
129 15
195 74
369 3
552 57
104 30
434 93
307 35
582 69
41 78
427 57
645 74
197 58
426 52
376 86
28 24
201 84
324 95
651 41
676 21
735 61
183 21
552 82
702 24
461 36
728 97
515 62
676 75
270 37
353 54
317 3
389 69
86 42
209 35
700 77
588 54
196 10
688 34
557 32
430 30
438 21
341 62
431 78
40 20
122 75
349 97
74 2
307 31
399 74
125 56
670 54
710 69
556 51
399 58
580 70
344 3
577 75
209 1
349 96
346 26
359 4
729 100
14 77
144 97
549 86
182 75
267 20
666 55
589 40
722 61
27 75
574 67
135 12
390 31
85 22
396 75
12 26
140 9
533 28
704 76
407 48
94 39
61 54
666 65
151 71
262 52
721 10
546 77
78 11
628 94
162 54
70 29
544 77
151 53
727 73
250 77
735 29
712 21
324 29
112 75
664 91
731 47
379 10
68 68
25 60
356 65
90 29
544 25
166 22
164 66
549 70
281 3
222 68
203 15
730 67
454 3
475 46
573 48
92 98
708 41
259 70
7 41
93 50
654 21
114 29
312 27
496 89
117 66
310 89
707 73
102 70
451 41
548 21
436 82
369 59
15 92
314 43
27 57
534 89
252 85
267 55
578 95
11 56
477 89
524 42
665 73
466 67
18 76
185 10
124 10
369 37
509 89
209 42
672 70
146 57
130 21
241 79
183 93
533 70
644 28
418 91
160 92
634 7
333 2
193 37
446 80
150 93
267 91
57 7
161 37
553 9
322 89
582 42
95 10
495 94
437 47
212 82
233 38
537 73
53 22
502 92
421 37
699 17
61 76
125 82
61 88
508 34
519 52
603 80
604 16
11 54
236 75
721 91
387 75
603 45
29 75
602 63
11 14
105 42
541 20
590 85
613 93
236 16
121 77
47 78
621 57
353 59
25 27
80 22
208 15
68 58
464 42
4 40
574 91
697 64
234 13
63 72
88 51
11 19
395 96
17 86
401 84
672 11
147 43
632 37
608 19
462 19
286 82
731 15
68 83
487 23
385 88
700 73
366 40
247 49
52 54
56 80
494 54
80 33
461 26
194 85
551 23
493 55
105 93
183 1
302 6
20 65
132 8
81 55
695 20
334 8
106 31
624 80
572 95
687 47
437 71
579 68
200 46
398 73
340 65
616 60
38 14
132 71
581 12
252 14
444 50
527 85
599 65
90 13
346 49
488 100
371 38
348 21
406 97
159 40
420 66
116 18
561 22
375 84
68 91
709 15
36 16
695 40
171 66
680 87
149 60
88 32
324 45
630 35
382 77
719 46
525 74
469 96
365 31
424 21
417 31
530 95
415 4
393 6
25 26
481 32
199 83
91 46
408 95
224 38
608 99
302 7
214 68
283 26
557 41
13 9
109 92
709 55
370 38
336 46
554 27
155 73
211 23
273 66
222 58
118 98
674 32
357 65
372 30
264 39
734 2
381 78
709 57
307 10
284 42
498 64
341 61
484 31
516 35
689 46
540 49
71 2
134 85
253 44
726 9
303 25
298 80
88 42
153 14
347 87
698 9
611 32
650 32
88 58
110 16
8 46
204 74
63 54
148 9
388 33
110 97
365 83
531 57
426 79
532 30
605 39
259 73
520 46
182 69
200 49
278 25
733 48
165 4
688 3
639 57
479 43
14 35
626 79
294 69
227 72
588 36
575 57
396 51
720 90
644 80
306 62
516 37
604 56
79 4
724 86
18 41
78 18
293 80
110 30
281 99
421 42
726 16
195 46
576 78
270 47
37 94
696 26
503 41
162 32
714 37
401 55
683 38
721 57
47 57
716 8
651 46
332 7
483 79
327 17
293 46
335 12
233 35
421 75
579 27
603 74
589 28
700 31
393 2
127 92
563 18
192 53
338 92
534 32
329 16
86 97
718 32
122 79
559 5
395 86
367 21
66 21
169 54
634 47
127 12
410 99
18 37
508 62
166 86
477 70
50 74
161 56
281 49
237 9
284 25
517 6
8 12
738 23
236 1
487 10
588 46
486 49
120 79
29 98
288 87
611 89
270 45
4 40
605 88
355 76
58 69
101 76
258 74
114 78
370 66
534 32
619 84
373 40
461 75
353 85
292 6
515 71
587 22
253 94
516 27
341 7
669 10
229 66
226 83
576 23
687 30
630 44
450 2
13 91
426 5
705 78
313 47
405 69
579 1
646 72
63 33
40 89
468 81
619 22
234 14
387 48
56 60
679 48
380 49
432 93
666 27
628 80
308 31
704 79
700 99
469 34
447 78
291 12
322 37
614 75
145 88
335 10
280 18
8 45
685 69
643 38
618 94
130 7
719 44
224 7
28 89
37 11
555 84
420 71
669 66
191 65
395 70
16 1
225 75
81 100
293 47
612 24
177 14
345 89
702 84
314 86
443 13
561 29
360 47
228 85
134 36
732 90
105 94
657 80
675 93
624 48
522 89
546 28
218 16
731 27
434 2
590 84
211 71
658 49
86 39
676 57
591 90
584 4
86 41
207 34
206 26
691 53
314 67
54 16
520 32
687 56
550 83
368 34
141 29
162 1
645 38
553 20
390 32
482 90
183 15
242 27
279 68
565 35
145 26
277 40
349 96
647 71
501 77
66 27
277 55
380 23
680 16
77 36
375 92
115 75
359 15
620 78
521 39
69 90
378 17
45 39
197 10
410 14
287 6
684 35
481 96
339 33
210 75
331 9
520 40
524 12
82 30
65 90
221 36
184 87
35 10
124 23
683 97
88 81
425 88
547 6
345 98
654 74
640 64
50 65
16 11
86 22
557 10
245 77
60 22
537 85
401 100
70 57
658 63
5 72
335 27
548 62
76 98
731 12
391 90
726 60
205 17
573 39
299 66
679 81
355 22
617 82
733 27
100 27
445 85
473 73
35 48
89 75
32 83
112 68
346 20
346 84
222 29
290 53
236 52
669 35
735 16
74 25
144 79
64 16
118 11
324 90
581 92
235 18
131 53
527 80
512 88
240 82
295 55
22 97
547 66
127 63
586 8
735 63
626 65
82 13
378 25
616 24
670 75
411 58
617 67
200 49
521 84
603 84
260 75
21 9
60 95
425 1
149 18
608 39
73 64
476 18
24 55
142 27
253 91
604 21
531 84
164 30
175 49
262 11
159 92
392 15
599 48
189 3
3 82
667 9
375 53
572 11
526 81
450 70
458 98
435 24
74 31
84 85
655 57
134 74
136 39
282 34
651 35
698 90
140 23
60 95
719 77
571 73
564 94
354 29
307 56
654 92
577 73
736 56
599 26
156 87
242 72
498 66
719 56
430 92
385 54
629 36
482 53
604 40
430 23
260 44
561 56
220 78
11 10
513 68
140 56
520 34
26 17
195 69
689 54
456 77
556 91
256 44
25 47
574 32
70 50
392 89
149 88
209 57
487 88
604 40
57 64
674 12
540 99
99 29
329 81
511 5
489 96
201 74
464 68
722 17
613 59
274 20
524 94
152 73
364 60
719 34
616 31
558 36
659 7
514 51
363 66
329 35
581 72
719 70
625 87
476 63
680 93
517 42
717 45
146 57
256 64
212 73
196 22
574 97
639 22
672 54
196 55
147 42
416 37
321 62
540 21
676 66
719 39
124 40
118 11
387 26
246 8
446 82
627 19
723 43
659 86
501 63
190 16
404 15
252 66
174 13
62 51
369 43
320 33
629 5
517 33
122 27
41 3
507 64
89 35
126 26
5 48
95 9
37 13
726 19
3 27
303 71
136 22
257 35
385 88
539 67
12 23
681 23
659 47
85 20
558 43
93 41
55 57
643 9
226 17
505 15
645 71
697 34
119 51
8 24
669 4
203 15
133 59
412 4
248 82
463 43
387 76
469 84
96 62
59 21
91 70
239 9
593 23
72 55
207 86
386 16
729 45
376 53
541 91
245 96
207 3
399 87
115 32
475 18
202 9
363 19
163 15
250 30
276 21
665 63
643 4
678 65
7 61
343 93
644 75
261 52
412 48
68 8
185 44
573 46
444 83
638 70
495 91
394 79
558 58
634 27
552 37
490 19
539 69
123 53
640 5
254 57
144 90
176 68
335 34
391 1
371 71
683 66
623 31
387 14
508 63
692 70
440 42
564 54
361 12
355 74
283 66
378 30
463 35
612 98
721 95
262 29
233 86
169 100
429 69
675 47
255 85
705 64
672 82
50 6
223 62
68 20
145 55
190 71
96 5
8 72
58 63
280 48
87 74
124 45
418 47
567 54
527 14
197 78
144 97
453 79
642 78
89 99
225 99
374 62
81 44
352 46
303 27
430 84
68 17
383 27
497 6
618 93
184 65
528 13
194 96
656 66
295 10
316 98
642 13
395 7
1 22
422 77
395 78
511 38
64 64
318 71
65 9
217 66
112 29
717 32
567 88
221 84
305 29
93 48
347 63
474 76
157 50
199 51
544 95
622 19
630 69
351 80
180 87
692 33
11 6
536 95
177 96
141 54
21 90
281 44
368 15
364 25
458 94
666 82
101 94
694 7
112 54
562 72
2 33
562 50
730 97
673 55
351 62
358 17
323 35
600 74
471 43
392 23
544 23
521 7
226 50
545 57
62 41
479 60
697 23
348 40
80 7
108 5
40 35
417 15
396 30
641 31
665 35
446 76
118 48
629 81
444 95
260 8
260 61
85 40
119 85
82 95
160 92
278 80
115 68
350 94
227 31
393 24
636 79
319 54
468 25
724 16
725 82
589 74
406 71
448 65
573 32
179 78
571 1
438 48
285 1
434 99
314 68
159 40
569 84
348 45
353 69
387 87
260 46
505 48
485 41
169 85
283 95
446 29
580 52
482 69
236 29
45 86
500 98
257 56
218 68
188 35
412 52
203 82
590 9
82 96
705 11
232 36
272 53
311 43
468 77
584 93
455 9
447 64
133 46
504 23
22 31
350 21
325 88
636 48
680 92
725 77
172 72
164 66
421 100
716 75
717 23
624 16
635 19
400 26
518 53
622 92
430 77
375 18
648 22
495 46
165 25
619 8
680 60
220 24
424 97
406 69
609 30
404 20
719 68
599 87
30 60
611 31
66 55
41 50
242 47
202 20
94 57
89 51
132 36
383 68
237 48
673 19
44 29
454 51
616 2
486 80
343 45
91 61
532 36
543 81
534 74
327 27
26 61
357 52
6 70
36 71
541 60
32 31
363 62
100 67
97 79
567 11
574 52
669 41
529 31
644 16
219 39
428 85
629 20
257 96
647 75
37 43
216 75
106 100
682 70
248 74
537 45
117 32
590 11
702 80
500 10
171 41
642 98
356 51
422 40
665 90
458 83
568 28
263 78
271 48
77 52
534 48
650 35
691 7
531 83
696 20
100 99
328 22
374 50
146 97
241 55
508 24
265 36
157 5
172 2
91 9
553 66
304 51
10 80
337 38
640 39
141 42
523 40
626 48
546 1
622 86
564 36
79 6
257 59
720 21
606 81
46 3
717 11
54 62
402 62
132 98
166 8
507 95
487 26
520 39
682 5
456 94
452 27
126 48
85 2
296 20
580 26
143 32
714 69
192 43
61 20
308 80
643 84
541 27
459 63
160 67
92 41
31 49
122 14
243 100
668 81
496 79
15 85
393 88
738 80
308 60
375 50
450 56
304 69
86 100
501 9
409 24
368 81
35 20
200 12
67 38
282 73
456 35
298 10
524 50
653 29
557 19
509 48
198 69
327 25
672 50
172 14
513 87
636 55
416 47
737 88
452 28
494 17
391 18
129 29
602 24
92 19
618 51
451 15
596 84
625 40
158 58
647 36
681 69
309 19
540 93
645 24
401 25
304 45
22 94
538 19
29 65
451 59
428 66
260 86
213 55
618 1
338 96
688 9
131 53
256 73
654 48
357 100
279 88
512 97
623 60
283 83
260 26
375 25
596 39
526 5
644 34
588 73
224 14
583 98
43 80
49 8
395 87
112 64
138 79
112 3
55 64
338 85
517 97
592 84
548 17
467 91
386 72
653 92
106 86
563 18
554 30
564 39
270 45
95 86
459 89
350 51
60 25
158 7
392 89
82 32
99 66
377 99
562 91
97 87
300 84
463 87
662 2
345 78
22 62
495 32
125 18
147 47
349 80
191 95
432 87
608 36
11 83
170 93
131 19
232 38
387 50
521 89
269 69
634 65
290 99
411 29
284 35
569 12
619 46
607 45
448 64
673 17
254 42
303 65
35 52
103 16
425 1
227 22
518 30
317 71
136 83
549 49
625 58
601 56
627 30
507 74
508 44
14 57
619 71
210 18
24 68
474 97
167 26
192 73
230 14
398 45
587 3
408 83
65 30
35 91
565 83
432 79
283 85
656 29
87 20
629 91
384 80
86 41
120 49
65 30
253 2
165 83
651 63
626 52
54 77
653 1
241 44
651 40
538 6
284 12
18 61
207 74
644 92
292 13
420 36
192 29
736 42
91 70
209 63
660 43
420 34
557 45
440 84
60 68
109 59
508 94
558 6
13 62
680 66
508 58
634 91
352 49
300 49
496 78
722 11
699 8
668 100
105 82
251 57
239 65
396 98
3 74
240 93
698 15
685 18
339 45
261 59
225 82
519 50
349 18
76 18
450 12
51 49
259 88
267 63
63 88
732 12
52 75
586 7
515 45
160 85
337 32
687 68
416 44
268 29
364 80
560 24
497 12
718 4
329 16
616 92
393 4
69 44
499 46
237 17
679 94
132 44
160 88
604 83
715 13
115 71
684 60
532 73
476 60
517 81
386 85
409 72
284 82
650 5
462 63
737 20
668 1
196 12
568 50
401 59
122 10
678 100
601 45
463 45
718 18
515 62
502 14
253 80
517 72
100 78
152 32
215 22
691 96
324 49
20 58
725 48
346 1
423 94
717 94
721 24
394 57
444 65
284 76
14 30
707 65
281 35
212 27
640 32
219 68
636 52
442 12
549 50
542 5
414 35
217 89
347 70
180 47
459 35
312 88
225 20
311 63
230 9
390 95
392 93
615 67
139 49
539 10
332 18
337 1
330 25
491 1
578 61
162 18
652 100
228 82
117 65
283 88
326 24
641 94
626 39
16 59
395 86
533 56
59 48
149 83
529 8
535 31
708 29
329 81
304 22
133 30
236 39
406 65
21 35
716 26
483 39
490 50
97 14
282 77
717 60
30 83
249 10
203 49
209 35
105 78
164 13
515 28
265 28
314 34
467 7
137 69
353 55
386 37
11 68
288 30
113 47
498 68
83 86
397 76
29 48
79 64
399 17
610 69
1 30
451 51
397 17
490 2
734 59
322 33
558 71
636 61
196 85
446 82
181 83
198 31
598 72
20 8
466 90
640 90
527 24
23 28
670 100
149 5
502 81
687 42
173 48
628 49
694 63
619 10
46 100
209 49
158 51
488 49
59 69
104 95
705 60
146 91
267 99
531 22
324 26
294 19
202 26
477 98
385 24
28 79
135 79
467 79
660 85
637 69
146 2
721 44
237 59
413 50
366 63
274 80
193 11
284 28
399 98
72 49
735 72
638 80
176 7
540 13
220 43
471 75
110 11
559 57
24 90
554 74
102 23
325 92
221 16
298 10
118 58
97 15
567 43
507 15
237 95
351 51
127 54
662 22
735 4
336 19
535 79
137 12
270 69
57 71
182 11
416 11
21 92
618 80
199 29
363 86
369 87
557 68
391 53
708 19
638 22
419 5
196 30
18 7
362 97
172 62
252 95
650 27
85 16
82 40
670 8
59 58
647 8
254 3
120 39
207 62
128 31
591 74
164 22
580 89
221 100
718 14
464 97
406 88
175 60
126 3
646 8
508 67
363 43
522 59
475 25
701 94
179 4
238 26
159 92
388 22
196 42
464 75
337 59
491 82
544 27
641 79
314 49
640 16
218 98
158 86
697 82
462 61
305 72
329 90
65 26
538 25
61 61
53 84
126 39
299 93
691 50
88 1
718 37
599 87
121 96
394 64
310 62
195 59
13 61
30 90
635 13
612 94
201 7
104 39
140 98
211 20
658 53
734 3
442 93
609 78
213 16
469 61
200 56
280 41
199 78
369 82
444 20
691 55
61 68
293 15
631 99
393 51
167 64
578 7
61 97
629 36
296 82
534 42
229 60
517 3
252 29
650 38
726 17
263 67
128 16
653 96
