4648
370 9
417 90
272 9
350 42
511 64
226 9
894 69
508 47
327 88
586 65
880 77
601 17
778 89
96 39
531 74
530 40
5 14
23 5
757 92
60 96
685 35
91 41
867 84
49 48
355 82
814 54
433 83
313 94
195 39
637 71
871 81
50 10
895 89
613 56
394 21
764 61
865 77
846 37
554 17
684 70
904 56
109 25
412 14
904 59
254 86
50 46
204 12
887 6
27 77
377 33
776 76
180 33
438 87
858 25
923 62
142 42
164 42
640 20
668 88
338 17
284 84
819 89
21 41
288 78
831 22
77 100
99 36
666 91
590 73
68 20
34 93
33 65
110 40
710 14
605 41
746 66
698 62
493 88
299 36
702 65
476 89
31 17
896 71
597 27
380 67
462 35
900 92
668 22
710 58
535 58
14 97
291 83
442 82
698 65
174 83
456 12
677 92
433 66
353 3
97 5
471 19
98 71
468 73
97 80
756 52
625 100
664 61
275 87
751 15
621 39
281 73
166 50
331 51
691 12
192 53
426 56
794 76
601 33
171 12
560 53
165 82
60 69
115 11
773 11
143 54
160 72
546 70
863 66
71 28
486 65
511 86
722 17
211 6
539 22
575 24
70 4
139 60
60 99
51 67
407 77
421 47
576 100
588 38
368 6
857 60
907 64
298 33
18 18
105 51
381 55
344 82
66 35
372 61
818 55
393 22
162 40
680 60
639 85
119 100
352 76
765 62
809 76
5 52
846 98
851 47
125 30
493 96
567 20
773 6
157 56
594 98
894 43
154 20
104 26
160 17
745 73
349 86
884 42
125 81
97 70
711 25
655 24
760 93
608 45
162 79
31 49
182 67
420 27
221 42
902 93
233 14
521 1
709 35
44 4
357 22
631 47
854 44
890 75
749 83
685 73
873 89
7 9
528 38
836 58
750 69
416 13
254 82
528 79
73 86
352 10
112 76
578 10
445 38
862 24
93 53
484 80
133 64
440 51
59 10
670 69
138 3
420 76
392 88
602 38
273 5
323 49
607 7
18 20
237 88
126 17
619 67
183 5
7 88
754 75
290 7
660 36
594 13
501 80
244 27
441 81
613 12
203 82
911 72
38 2
826 22
242 84
372 32
900 98
311 76
193 62
7 25
126 70
433 63
707 77
674 73
913 87
281 81
457 86
559 27
783 90
533 27
784 76
742 46
892 1
804 83
35 58
175 73
807 95
705 84
822 45
680 52
171 7
399 88
920 18
893 57
453 74
145 56
377 69
76 48
380 19
481 46
480 73
724 22
330 3
405 67
552 47
631 27
349 85
24 99
633 34
568 43
134 9
291 97
241 92
175 53
673 5
318 57
585 20
73 26
814 22
627 35
590 19
382 17
864 42
282 57
544 63
867 28
696 18
621 68
27 85
200 89
315 79
31 64
671 22
497 57
868 53
892 78
627 33
352 45
702 89
603 32
670 56
882 80
798 4
565 95
687 61
609 40
768 80
91 50
453 59
720 18
648 79
337 21
579 7
745 8
242 77
804 99
822 23
338 44
491 29
625 91
324 49
320 58
695 13
328 17
11 79
798 21
247 87
812 97
460 82
497 95
416 99
563 61
556 22
721 90
239 21
225 99
754 87
175 69
897 73
723 53
477 18
880 90
412 52
462 7
616 11
285 86
143 42
526 84
719 88
381 31
565 3
859 33
878 32
591 43
393 95
223 11
297 39
268 97
179 92
399 51
783 17
804 27
774 4
364 10
356 29
367 80
133 49
459 73
374 42
771 63
267 49
225 62
647 59
479 8
419 75
187 76
411 81
179 10
588 96
711 53
36 66
683 99
103 22
774 91
877 38
446 39
711 78
897 1
930 46
235 65
435 21
94 95
21 89
572 13
50 62
675 32
456 74
156 1
554 50
138 69
795 56
655 87
823 57
303 100
427 41
650 30
581 96
478 18
15 35
584 12
738 79
773 21
815 63
32 50
592 76
764 48
584 60
312 67
248 46
197 82
827 20
610 34
276 48
631 82
711 59
373 36
493 26
193 45
135 74
903 88
359 2
769 75
647 47
470 24
893 97
722 29
34 68
17 38
163 2
279 50
238 76
41 53
154 94
549 33
352 70
853 78
776 4
531 13
556 25
380 27
462 22
668 3
784 2
194 1
717 4
224 96
482 60
267 36
204 16
181 26
303 95
592 85
143 92
890 5
53 56
379 37
894 38
559 73
214 77
227 44
517 70
618 82
323 90
623 24
105 37
88 69
165 47
808 78
378 18
757 8
777 91
68 84
924 82
230 61
805 39
516 4
91 94
157 64
917 38
22 14
235 10
139 83
171 18
41 51
82 83
833 62
712 8
416 17
869 15
437 9
906 64
146 28
358 43
718 57
416 37
759 13
424 89
280 86
917 31
727 16
478 24
233 43
158 9
799 12
17 22
383 46
601 69
195 15
214 1
218 61
236 75
908 96
540 4
924 3
506 45
639 71
97 74
793 62
242 73
700 44
7 74
256 43
283 12
355 40
745 30
754 7
132 96
292 45
290 38
84 74
225 6
652 64
373 65
515 67
78 4
117 32
199 78
55 84
690 97
165 66
910 36
465 85
256 18
908 22
229 30
865 45
78 8
481 29
229 93
323 85
767 43
97 97
230 96
120 11
388 96
22 43
207 92
758 91
290 66
414 14
263 82
175 64
404 87
151 26
108 48
64 80
520 59
793 97
261 68
330 19
400 30
291 14
590 55
104 53
386 70
147 20
588 65
586 8
403 83
722 32
259 35
513 98
764 99
418 75
417 1
870 37
369 78
368 49
306 76
817 74
741 28
204 71
66 22
30 81
652 51
495 69
404 88
199 96
11 99
255 33
754 43
465 80
92 12
664 45
135 8
424 97
377 86
119 77
213 67
380 33
877 63
597 89
690 66
789 51
903 55
602 11
461 21
238 37
440 89
685 93
248 54
735 32
142 75
838 77
148 15
816 84
191 69
864 64
727 45
511 8
45 82
805 28
290 69
364 72
5 38
468 14
639 75
908 78
596 91
800 1
171 37
488 88
464 25
26 24
130 17
141 46
637 93
533 38
783 55
438 8
425 98
160 20
793 78
414 31
195 35
159 24
626 17
588 80
247 24
892 62
701 65
165 96
882 98
803 91
56 38
876 55
620 27
765 39
137 69
674 89
568 63
710 28
576 9
690 3
758 79
297 84
342 3
469 55
718 77
612 64
715 25
245 8
562 70
676 6
24 51
2 55
802 76
120 54
901 42
146 39
393 88
909 26
74 83
446 35
506 80
79 38
249 71
78 88
815 22
786 83
850 100
99 71
808 37
754 28
512 36
517 79
759 11
918 98
253 86
875 60
8 42
219 78
559 66
195 19
364 94
875 60
244 44
503 1
686 78
701 6
183 79
487 34
204 95
468 64
881 69
778 17
760 55
788 15
313 53
378 90
272 13
217 12
451 28
541 12
69 10
886 43
793 1
430 9
572 60
210 62
195 98
522 2
527 27
638 92
446 82
673 95
68 63
429 2
918 31
82 95
672 43
665 31
683 51
706 76
536 66
925 90
238 75
777 11
255 3
641 92
707 67
93 50
771 14
37 51
629 75
360 97
475 3
22 53
891 56
753 4
611 59
287 22
238 92
819 95
546 72
112 74
224 87
721 35
634 82
728 67
237 51
9 100
474 81
364 20
884 68
772 69
443 23
605 54
650 20
562 5
414 98
299 77
457 76
897 17
650 1
753 77
30 31
242 21
862 34
849 99
564 93
293 47
313 64
139 18
282 83
244 80
102 54
678 17
321 28
720 82
912 56
361 13
569 25
883 3
51 6
686 5
683 9
63 72
230 40
52 59
666 98
892 72
545 20
201 53
851 10
336 90
235 55
35 88
744 28
443 61
199 75
572 44
101 85
740 29
666 22
716 60
714 40
703 28
825 86
368 27
270 46
473 2
147 29
478 31
739 58
290 13
924 77
240 47
257 36
643 58
884 70
428 23
453 34
634 13
53 30
561 4
609 88
169 30
373 100
146 54
56 90
654 46
896 51
300 79
364 79
209 66
914 12
62 98
700 78
589 89
40 71
223 9
348 89
144 95
609 55
743 10
703 70
469 17
513 55
841 33
851 66
333 8
926 27
550 62
100 71
87 28
265 14
421 54
53 76
565 48
760 78
578 39
716 62
220 1
759 54
319 98
441 87
808 63
42 88
746 23
348 4
919 81
630 39
108 1
495 72
528 55
45 79
352 86
861 75
925 32
688 47
694 50
97 94
917 43
739 67
699 31
270 78
710 17
381 41
126 99
889 59
18 36
357 33
638 1
281 32
566 16
140 79
775 40
161 100
332 92
506 79
238 9
216 58
890 9
736 50
237 6
677 67
71 80
711 14
273 39
261 27
61 44
895 30
329 87
55 86
622 55
275 47
486 12
147 49
545 90
256 37
446 46
597 82
256 98
547 37
809 75
149 64
873 63
836 54
710 79
895 38
804 83
143 16
830 92
654 28
780 20
751 84
146 79
142 73
46 44
294 88
901 9
103 78
326 74
13 56
122 97
898 64
340 88
312 74
209 53
435 1
310 18
891 24
478 44
487 38
6 20
372 7
322 67
534 82
30 48
806 89
697 14
692 37
611 86
893 86
678 88
452 56
163 70
193 41
462 50
290 31
915 62
711 96
562 10
121 52
903 86
303 80
135 22
13 58
833 38
485 82
597 10
830 73
398 24
50 100
764 13
774 16
3 86
875 79
521 62
454 14
53 49
114 37
894 91
445 36
541 56
858 28
361 65
763 90
378 50
415 91
267 54
198 8
350 83
599 30
641 29
10 27
896 12
451 26
846 14
690 3
611 84
797 87
172 28
3 11
243 90
819 27
99 43
774 41
846 87
465 70
273 96
433 95
825 17
180 66
750 74
165 41
702 36
360 85
58 10
472 5
27 91
65 12
649 17
734 50
555 16
330 8
485 35
289 21
865 85
101 4
471 51
308 9
821 97
77 56
274 21
706 71
285 18
547 13
228 77
378 6
194 16
559 98
679 13
612 38
313 35
162 87
631 4
901 15
477 41
670 97
252 65
711 66
550 5
449 79
356 60
634 63
424 21
119 23
729 19
829 75
786 55
874 23
452 60
257 79
156 29
318 97
669 64
568 11
285 14
878 24
722 47
316 53
251 86
126 56
124 23
505 43
866 60
51 95
87 12
919 84
811 42
477 42
250 25
505 58
591 57
869 34
246 21
788 78
789 50
269 16
781 37
551 87
355 68
684 83
299 68
881 35
35 89
357 73
134 41
741 43
48 21
768 60
252 8
816 38
783 89
149 65
546 97
234 64
57 62
804 51
880 73
764 14
234 95
601 83
538 6
547 74
629 79
495 91
73 63
62 92
533 23
186 1
467 97
660 42
750 18
97 26
626 83
157 4
690 31
743 38
392 86
355 31
255 70
211 49
64 79
792 11
276 40
324 62
617 39
399 39
701 21
903 99
96 69
405 32
240 67
609 69
423 59
522 37
274 7
170 28
765 9
763 2
29 65
760 88
353 30
873 9
551 84
390 72
504 94
917 21
730 89
690 27
784 36
440 86
353 16
124 39
112 29
887 8
354 25
915 94
606 61
125 93
209 23
327 35
25 55
561 13
609 51
833 80
211 23
642 24
816 81
778 20
738 20
157 55
71 41
679 49
488 18
170 7
144 78
283 87
169 75
104 6
864 69
28 74
638 2
553 10
61 65
385 88
196 5
239 11
261 68
699 98
876 54
159 88
25 94
375 88
927 72
668 53
111 99
598 22
774 60
524 42
367 63
64 13
891 96
869 53
612 93
470 12
596 88
163 40
67 1
431 60
641 48
281 71
453 6
652 66
632 89
245 100
311 71
752 58
595 95
765 53
297 30
138 82
503 82
386 27
316 74
796 83
118 86
435 12
710 33
55 6
214 73
835 81
57 23
465 42
651 31
264 15
77 57
722 23
368 13
921 14
839 18
815 26
648 89
770 83
138 69
678 86
433 43
377 27
638 99
410 90
597 59
849 71
274 25
362 10
896 94
83 10
133 11
70 40
195 22
746 84
814 78
508 89
56 34
513 54
20 67
795 98
174 1
442 38
745 16
689 20
361 76
302 75
335 22
24 41
684 1
819 68
46 89
25 56
44 34
905 39
756 97
371 74
623 17
497 60
157 91
645 60
290 56
366 72
86 23
572 70
300 84
425 15
720 47
696 97
291 55
831 28
456 42
538 14
608 56
47 18
453 13
364 10
338 23
914 92
450 75
499 33
906 7
818 16
263 36
444 60
180 94
539 13
578 46
88 98
617 67
142 29
924 77
814 84
28 83
550 52
566 52
349 87
388 9
545 62
815 76
187 21
912 16
867 74
817 10
65 91
752 73
317 47
872 13
570 9
221 73
452 80
50 44
619 96
598 50
766 62
357 66
583 31
425 3
477 70
662 95
688 69
434 17
912 66
819 23
365 54
781 66
752 32
52 66
263 49
448 77
534 53
712 72
617 45
267 38
537 42
135 72
56 22
342 45
628 84
710 19
574 81
80 7
96 49
284 49
393 98
212 19
408 77
417 24
748 93
626 30
775 23
581 72
744 65
326 4
210 11
602 40
694 74
647 56
360 10
500 44
702 4
265 34
398 68
504 83
77 52
696 59
505 33
55 71
868 22
151 96
379 74
753 64
906 53
364 76
528 63
393 69
99 17
13 36
795 51
523 45
786 45
790 4
831 9
652 87
47 53
739 35
496 10
145 94
570 100
874 53
652 49
299 63
723 79
672 6
927 15
347 98
325 28
724 52
488 27
834 78
90 53
758 66
604 78
15 58
296 56
75 86
43 64
632 87
247 35
387 5
405 70
576 91
537 68
25 61
722 8
509 14
266 28
609 56
115 60
318 1
480 59
331 58
460 85
861 31
681 85
670 14
852 93
738 16
555 25
424 97
29 39
807 4
155 93
929 29
876 6
851 1
792 2
607 62
104 4
273 77
345 73
688 16
709 4
450 30
576 6
16 25
119 63
909 81
526 100
638 89
523 3
914 60
758 90
663 43
632 8
479 64
311 91
28 10
566 96
75 66
193 35
6 54
611 46
284 10
382 84
237 60
919 50
735 58
223 67
605 22
366 68
620 63
373 97
72 15
583 55
256 39
650 25
858 32
188 76
308 78
482 10
423 48
707 81
914 35
545 37
911 14
436 56
592 60
353 18
435 40
395 68
403 17
419 51
489 84
563 7
887 71
74 94
363 41
174 47
837 43
567 51
775 77
572 2
830 64
706 49
617 81
78 91
615 53
516 10
757 97
240 18
104 63
223 38
200 58
460 45
539 60
815 74
659 6
498 10
152 21
204 89
111 80
452 2
365 36
19 65
463 44
249 73
187 19
576 78
439 53
206 87
220 55
106 89
705 8
469 99
596 3
819 37
472 11
796 77
402 60
342 11
573 6
815 37
265 58
535 35
44 25
587 97
202 16
698 23
642 76
822 63
346 7
95 73
145 100
880 7
647 100
735 44
397 40
261 97
704 13
810 24
120 4
430 27
686 54
191 100
168 52
204 51
884 46
355 96
543 53
463 15
669 57
315 41
320 46
434 84
59 66
889 12
725 73
47 53
222 44
133 40
688 4
136 70
331 80
56 10
234 37
273 62
234 14
548 9
314 25
167 80
662 33
152 45
97 97
268 36
568 68
468 15
930 87
482 12
836 20
151 45
109 58
845 16
902 94
421 50
547 21
45 41
576 55
871 81
618 63
829 51
791 49
204 54
391 51
874 61
93 47
926 96
197 96
609 15
483 93
508 84
102 62
428 59
664 15
550 14
439 19
218 82
898 30
500 12
757 83
173 51
676 100
44 28
878 28
878 15
605 100
318 81
687 92
825 51
348 97
543 22
591 49
802 32
493 81
434 92
480 91
129 51
696 85
18 66
408 34
613 71
55 90
867 1
59 17
722 84
400 3
642 19
180 21
723 26
514 29
454 53
237 8
759 41
869 42
190 80
90 44
44 9
867 95
894 60
877 56
149 75
248 84
309 49
33 51
596 19
267 60
613 59
628 80
320 59
899 98
696 53
792 16
727 52
410 4
695 44
232 3
215 95
818 33
582 12
586 16
539 19
913 46
538 100
518 65
690 42
279 10
681 75
491 17
428 73
691 62
473 59
768 74
547 55
514 16
331 6
197 64
876 65
258 48
560 28
142 95
305 39
134 71
55 50
67 3
416 13
51 94
349 93
323 41
390 64
357 28
162 3
876 10
2 16
409 14
693 1
874 63
437 17
680 67
640 90
116 34
275 89
275 98
455 32
587 78
593 54
639 58
113 88
330 35
759 62
662 97
844 65
320 10
474 20
315 89
29 36
24 10
49 33
519 13
361 24
47 10
883 97
630 70
547 31
785 59
487 79
667 45
477 70
528 51
160 74
448 39
578 73
199 95
697 86
577 95
752 52
358 2
671 97
271 67
561 15
641 50
505 92
210 50
300 16
288 63
129 51
626 37
292 50
379 17
604 39
290 78
499 94
271 25
890 8
896 2
781 94
208 92
878 34
490 35
710 76
818 59
833 69
210 70
156 30
735 89
694 80
51 83
52 57
487 94
490 69
626 27
13 2
412 59
502 63
767 98
774 2
626 62
759 71
353 51
362 94
317 7
351 21
243 93
785 49
482 22
395 45
885 72
12 5
606 5
310 10
922 44
372 61
25 56
174 74
179 73
721 89
119 100
3 10
367 58
923 41
392 28
924 24
847 12
593 61
577 5
382 92
746 88
274 23
427 29
271 52
136 11
353 50
213 71
319 3
700 4
205 56
476 61
12 78
489 6
287 63
483 21
381 78
206 31
213 34
828 56
548 75
430 7
475 99
597 7
341 84
516 50
517 82
711 15
320 42
639 70
888 41
10 25
665 13
55 34
521 12
908 76
223 7
545 12
875 70
395 13
440 74
428 67
296 32
929 88
230 44
846 85
142 6
399 44
495 86
362 14
144 5
212 57
730 10
713 66
581 83
46 38
793 20
777 5
802 11
808 71
301 6
912 88
381 17
452 26
761 8
699 57
251 5
681 59
829 33
562 33
31 73
172 73
777 10
823 10
412 51
68 78
252 55
725 12
407 81
341 34
477 47
123 95
554 43
237 51
132 51
626 93
803 50
474 24
692 31
52 98
741 53
366 61
186 34
303 8
713 53
913 53
203 26
707 2
13 44
29 54
523 10
925 15
403 32
777 35
287 99
71 48
928 18
57 56
356 85
447 1
723 29
482 73
234 100
119 42
157 71
822 1
270 38
187 41
357 76
422 7
773 3
486 30
479 11
713 63
336 29
209 42
589 53
327 58
776 61
87 89
515 98
435 53
736 43
357 27
893 69
531 65
729 45
669 36
658 81
691 6
420 73
294 15
6 76
621 41
599 93
232 71
36 84
871 74
824 88
207 47
54 78
118 5
158 49
688 58
792 64
258 49
682 98
633 12
556 40
690 98
720 31
92 58
492 85
516 27
156 3
471 29
522 18
835 90
183 95
146 32
350 15
168 85
465 6
294 49
13 64
631 59
314 98
412 3
516 2
337 37
574 25
332 12
919 80
615 98
552 87
261 35
499 6
492 98
571 64
120 59
786 82
619 65
837 64
815 92
706 59
150 60
570 76
51 90
784 86
839 82
670 6
148 92
675 37
58 14
891 21
659 45
586 72
107 88
58 14
96 79
310 14
669 94
21 15
737 3
632 72
449 67
170 47
873 3
566 69
334 56
243 32
286 97
408 40
855 7
164 78
25 50
423 57
704 33
439 18
563 48
472 52
55 27
922 78
80 18
148 86
371 85
832 84
826 67
852 46
920 53
74 93
443 94
72 10
898 30
347 23
379 90
487 57
548 3
105 16
64 50
491 54
457 1
670 40
134 100
543 3
599 87
47 55
627 58
486 48
514 39
233 45
402 73
518 9
278 39
677 19
690 83
551 50
825 29
611 5
651 52
426 91
379 68
703 54
22 66
241 35
440 54
726 16
838 12
450 9
229 22
322 62
467 34
572 20
804 55
62 89
493 15
200 6
162 87
540 19
83 92
64 60
873 83
486 86
524 46
169 72
401 2
207 38
638 40
489 80
29 23
862 51
747 17
852 5
616 59
430 82
709 59
434 19
359 74
692 82
654 88
312 96
654 14
664 68
523 97
293 30
826 45
563 23
640 54
652 15
354 43
151 80
278 2
412 89
844 65
53 9
238 79
599 29
454 34
691 22
805 30
338 38
76 65
859 54
355 10
229 68
94 47
386 34
142 35
108 86
188 51
337 12
363 45
586 3
300 83
230 22
556 23
852 3
520 91
898 50
248 95
34 56
223 98
901 79
498 98
7 97
34 52
479 60
