764
77 90
146 34
65 100
117 51
92 76
67 100
94 57
148 97
27 9
12 97
91 36
52 26
51 74
117 24
152 90
80 96
26 89
139 44
130 79
56 60
82 4
48 21
110 83
29 16
108 29
52 88
136 28
46 50
28 34
136 12
140 74
46 61
104 88
71 15
106 26
106 49
117 17
91 14
94 97
117 9
108 20
106 99
131 6
37 6
75 93
120 35
25 29
151 80
58 21
72 38
92 19
38 50
26 23
65 69
104 10
10 81
90 99
143 98
60 18
51 80
40 94
27 14
62 74
75 16
56 8
148 73
123 53
2 30
21 46
99 72
141 32
116 87
58 57
82 32
121 28
62 32
118 50
47 10
2 70
150 46
110 70
20 29
75 75
90 61
90 90
117 44
21 20
105 46
151 80
79 47
37 19
67 87
105 68
77 48
74 93
147 96
44 14
100 69
132 16
139 61
130 96
20 47
134 32
28 11
85 17
38 79
98 40
129 3
70 29
77 33
117 68
90 25
35 48
149 69
4 32
51 3
128 65
127 62
103 15
78 29
85 57
75 34
117 62
54 24
92 50
40 35
111 43
146 88
146 44
144 46
22 99
107 71
46 62
4 1
4 62
9 80
83 70
136 75
37 69
65 94
2 37
69 13
123 20
8 95
119 24
126 66
3 95
118 75
125 100
116 10
59 70
90 83
136 71
4 21
56 78
120 83
2 74
82 79
137 93
23 98
50 85
91 93
29 33
86 79
37 46
78 65
56 75
14 48
46 17
16 17
88 50
72 47
115 49
105 48
20 50
107 7
101 94
20 5
89 13
18 11
146 37
32 53
122 98
57 74
10 78
31 99
109 34
98 43
98 6
136 49
117 37
8 49
91 30
22 46
100 52
147 40
38 14
137 83
116 79
1 18
37 10
13 25
103 5
45 62
2 81
90 83
130 99
62 42
126 83
7 14
5 62
5 1
6 30
24 96
80 3
136 43
8 9
126 36
62 100
103 43
106 100
5 31
77 87
81 24
85 50
88 59
20 99
36 56
129 93
24 90
47 60
123 45
71 68
85 34
10 16
35 70
21 22
51 34
107 57
70 50
12 20
139 80
77 97
68 26
141 85
19 55
58 78
91 51
99 37
130 60
28 35
62 20
115 41
37 66
18 88
87 19
12 85
42 25
28 37
99 75
52 37
86 32
107 1
97 27
26 20
39 12
61 41
116 94
88 78
45 57
22 31
55 98
91 69
122 93
20 86
73 98
50 95
88 32
60 68
5 73
18 38
128 20
49 85
72 17
88 27
21 30
39 97
130 21
48 9
34 17
16 70
45 91
143 91
36 36
15 20
116 89
99 54
83 17
69 95
29 23
46 25
43 32
64 48
87 53
102 44
122 61
105 85
37 99
65 72
36 11
30 70
130 39
81 81
24 3
86 16
85 91
102 44
5 17
68 96
101 81
129 87
11 31
118 33
140 35
23 16
57 21
91 36
87 17
130 10
31 97
107 84
32 26
44 57
138 45
24 37
17 79
102 2
48 18
153 94
126 38
129 18
109 8
134 56
36 22
47 9
45 60
128 1
153 21
39 23
78 48
123 66
73 97
74 98
3 13
39 28
33 64
116 97
115 3
84 87
72 14
119 86
53 67
55 21
22 96
68 19
77 58
146 59
126 56
10 97
22 35
145 68
35 51
29 44
30 93
19 1
96 61
11 12
28 13
28 93
145 88
148 7
127 99
18 7
9 62
87 37
43 11
71 90
6 30
2 84
65 76
9 24
62 95
78 26
107 30
79 72
33 95
108 62
131 50
41 82
150 96
74 86
51 41
43 95
65 81
147 36
138 20
18 99
130 1
115 66
77 19
106 18
88 42
118 84
119 24
128 23
102 99
66 60
84 53
134 37
127 72
124 24
84 65
49 96
36 24
113 74
95 67
21 65
147 96
61 19
88 79
131 49
71 44
25 46
74 72
106 47
19 28
111 20
48 85
40 12
56 74
137 20
42 48
1 100
82 95
23 87
71 44
42 77
17 31
119 14
121 27
44 18
128 57
114 12
141 56
99 16
142 27
104 56
85 87
105 7
102 48
2 42
116 38
97 6
118 95
1 26
107 94
132 4
56 84
15 86
7 18
50 40
131 74
69 88
125 16
25 7
59 72
53 18
39 42
62 3
148 45
68 70
41 88
20 50
124 22
120 39
81 96
119 14
72 77
102 89
85 58
8 77
34 25
119 16
113 62
16 14
98 74
55 45
136 50
70 66
10 74
43 66
2 43
148 25
63 6
12 98
97 52
51 97
8 94
25 99
9 20
75 10
94 70
71 81
125 83
98 68
10 93
148 31
6 43
94 66
138 92
101 75
102 55
61 5
141 53
136 1
127 77
64 33
29 20
33 86
23 100
88 24
152 61
106 91
16 94
130 68
27 4
110 25
37 84
126 26
17 8
141 34
49 57
47 17
98 68
80 66
139 20
75 84
142 81
17 3
131 46
125 100
131 45
42 46
78 86
42 38
148 35
18 66
130 93
101 95
31 67
44 59
132 44
78 77
125 71
45 62
62 39
62 8
58 56
153 30
117 38
60 5
42 59
59 56
147 82
148 80
1 55
143 57
107 38
125 73
36 93
57 53
6 30
43 87
114 87
44 47
145 59
68 15
3 99
74 16
102 32
39 82
110 12
86 12
153 17
115 94
60 36
142 50
85 47
66 82
26 37
32 1
45 32
42 62
150 43
78 72
136 6
50 30
139 53
38 52
48 3
54 87
8 95
149 81
19 51
150 76
88 23
139 16
113 6
3 69
4 11
16 26
106 93
6 57
100 95
91 76
84 38
7 4
143 22
133 24
119 54
86 92
126 72
80 30
140 59
149 6
78 40
75 100
28 85
49 55
78 81
60 41
114 5
117 44
131 61
120 94
7 16
22 21
62 50
147 41
125 9
54 12
103 20
62 77
115 98
1 90
4 97
87 13
6 63
134 56
67 9
20 79
138 69
79 22
116 56
88 95
144 36
23 39
6 84
17 8
72 52
23 37
86 58
68 38
12 87
85 100
11 34
140 43
136 45
29 82
40 84
71 27
151 62
141 93
4 52
39 73
59 58
108 11
46 37
9 96
77 77
67 36
94 64
16 68
65 79
19 79
30 18
13 60
6 59
140 1
17 86
77 67
3 68
112 9
56 60
10 82
14 60
106 100
116 80
29 38
92 71
124 76
13 31
1 50
151 87
113 61
12 10
76 75
115 34
152 45
146 70
146 9
96 7
94 83
92 98
88 55
76 68
123 74
118 74
137 52
72 91
125 80
42 81
54 62
2 37
120 72
119 95
18 51
109 89
30 87
81 11
88 32
22 63
124 3
59 23
110 40
140 77
35 30
136 19
118 4
67 71
56 14
140 99
97 73
152 27
88 41
4 59
45 74
127 60
53 12
99 92
7 68
143 47
30 45
11 50
21 82
137 77
85 15
24 73
33 66
101 92
83 84
80 22
103 97
127 47
50 11
140 47
34 45
61 77
92 15
138 39
2 31
118 74
36 18
46 18
43 89
62 13
135 60
64 98
74 60
50 68
145 24
8 10
99 50
72 1
47 11
126 22
145 4
149 15
127 5
7 85
122 85
144 51
14 70
143 82
97 95
141 90
18 75
31 15
58 50
58 48
109 10
75 67
19 28
148 31
149 39
7 12
52 32
122 87
76 100
68 19
99 88
16 40
11 50
137 25
6 3
120 39
149 31
21 30
28 80
129 65
143 17
110 70
8 70
151 40
52 5
17 32
93 10
110 17
23 39
93 90
40 77
1 81
120 74
80 11
106 19
120 15
137 97
114 39
13 35
82 50
133 11
96 27
131 27
23 94
138 78
110 73
63 28
31 90
55 75
96 31
127 42
137 22
72 91
12 45
124 90
22 90
73 21
5 72
150 15
116 38
53 2
83 56
5 77
73 75
15 7
147 56
71 89
123 80
2 52
112 6
96 86
30 88
11 61
79 52
81 47
67 23
138 86
86 98
65 33
25 24
82 2
58 3
113 53
8 58
8 20
24 26
72 100
56 55
15 35
17 85
42 50
129 95
147 94
64 63
36 58
105 71
123 84
86 96
115 16
125 2
144 78
124 52
98 39
114 43
5 90
150 42
77 15
126 71
142 27
83 87
77 36
79 78
77 25
69 25
45 11
41 30
127 47
98 21
9 100
44 79
7 22
48 24
134 41
66 85
39 40
153 34
33 60
88 18
45 3
66 9
50 25
18 54
31 19
30 3
54 72
9 24
39 17
19 35
95 9
137 63
131 99
134 76
55 38
146 89
37 49
112 2
13 87
97 25
45 94
95 92
54 11
139 10
32 20
89 67
16 58
53 61
72 22
146 1
93 50
146 33
146 78
142 33
60 41
97 9
144 80
112 17
21 16
119 2
41 26
100 12
135 34
38 3
116 22
116 14
147 69
52 31
152 99
30 70
29 29
87 89
52 14
1 23
23 42
116 31
94 36
89 96
6 85
106 5
97 45
50 91
28 64
142 83
61 9
109 61
142 13
58 26
6 3
136 70
6 78
21 30
139 94
99 48
32 74
13 30
9 98
20 31
75 3
21 40
137 88
111 40
85 17
83 35
22 82
91 92
72 16
131 33
119 78
25 67
137 26
45 5
143 62
133 92
105 63
128 54
134 61
36 81
120 23
110 56
21 53
104 77
65 37
84 48
104 18
71 87
124 54
56 23
6 95
148 70
31 100
60 83
77 57
63 24
19 1
81 22
89 16
150 73
104 44
78 21
32 51
43 50
36 3
153 61
131 53
137 49
41 3
91 20
13 73
58 2
94 11
69 96
79 20
104 90
9 30
38 8
143 70
116 58
23 51
7 23
101 9
85 79
16 6
53 29
21 87
91 75
105 67
151 32
8 54
18 48
48 59
133 44
99 23
136 75
134 51
83 93
11 71
151 36
47 87
73 74
44 13
146 84
130 8
13 66
55 27
55 63
10 100
18 86
53 68
63 28
51 81
25 56
60 87
75 35
29 55
2 29
55 14
143 38
49 53
152 14
56 92
72 96
5 61
65 72
31 39
75 92
22 98
62 50
38 93
107 98
59 49
95 7
55 41
128 76
41 92
75 69
2 73
92 77
5 70
93 28
97 67
46 10
33 17
134 14
78 81
52 59
51 6
148 34
99 45
58 41
153 21
150 56
5 82
79 30
63 64
24 99
69 5
54 55
145 7
141 81
70 61
102 81
102 75
6 85
91 21
53 75
4 44
127 100
139 5
43 7
54 67
120 3
54 34
59 65
135 22
114 39
53 62
31 15
97 63
59 87
120 24
104 97
148 6
30 90
78 77
131 56
139 7
120 25
79 59
29 15
58 19
147 36
29 30
21 27
112 16
24 6
78 36
11 82
50 21
74 21
113 75
36 67
22 92
66 92
142 32
88 38
52 88
9 65
133 94
45 14
149 70
21 26
80 17
34 1
142 8
96 26
68 21
128 72
29 21
20 85
29 8
141 25
24 100
29 77
14 28
112 71
15 22
56 85
107 31
123 74
139 44
93 85
60 20
143 13
42 92
74 84
99 29
2 92
146 30
35 72
13 38
122 56
92 67
110 3
122 27
65 95
110 23
66 56
97 13
149 89
74 67
150 96
78 22
68 67
141 32
116 64
127 85
16 69
53 44
6 30
148 28
64 75
75 54
70 58
150 64
65 98
139 75
135 18
101 85
102 11
66 4
11 96
125 11
21 27
135 42
1 3
106 77
49 79
84 28
56 20
48 46
60 98
43 80
38 94
54 51
63 91
131 88
58 44
55 7
8 74
102 68
128 79
93 54
57 70
38 11
114 33
51 97
88 28
141 72
53 3
68 88
117 71
37 44
33 44
32 67
83 69
120 36
22 16
99 58
25 25
48 83
112 36
136 71
7 30
87 38
18 43
147 40
144 9
113 7
57 46
2 22
58 12
13 33
64 5
121 62
108 72
1 13
147 64
145 64
40 37
85 48
153 6
56 33
60 63
150 12
20 41
132 7
108 26
152 54
29 26
145 76
91 23
139 66
55 99
2 78
119 72
129 62
115 94
52 16
34 41
51 14
63 67
15 89
139 31
46 6
127 38
68 10
76 13
98 67
34 70
134 48
126 97
101 60
89 1
30 59
106 15
113 38
130 39
114 40
148 96
12 89
81 67
111 60
110 67
151 41
109 36
46 42
32 4
22 50
119 34
105 100
101 2
15 17
31 20
54 74
147 78
119 33
91 10
94 46
17 81
6 94
73 20
57 57
91 70
88 83
49 8
1 46
5 88
59 20
10 13
140 11
30 50
136 11
57 29
23 73
131 66
112 72
7 48
125 98
78 31
119 28
59 49
84 65
109 33
104 17
140 82
94 60
100 84
40 37
9 61
33 25
115 38
16 64
95 88
1 40
99 96
33 70
70 97
3 83
8 39
56 33
90 9
58 37
17 55
80 79
89 46
34 45
62 72
110 59
76 79
101 75
130 17
118 43
12 45
53 68
105 38
13 88
143 17
49 35
131 65
64 47
126 15
90 27
73 17
63 21
63 1
71 72
75 53
106 58
112 91
96 56
76 64
37 40
6 82
137 87
136 70
67 57
26 17
66 82
60 34
116 52
117 17
145 78
106 99
62 72
108 39
80 63
144 58
10 66
28 40
30 14
125 55
68 5
92 70
64 88
110 56
111 70
56 98
26 72
15 73
63 75
133 83
129 82
21 3
64 44
141 4
60 50
13 63
137 94
11 36
45 47
105 93
121 5
17 89
59 100
94 48
69 87
131 21
67 83
29 99
98 14
18 26
66 98
133 27
55 64
74 95
137 28
14 31
87 26
93 73
150 14
70 74
96 21
32 52
140 20
95 45
83 77
44 94
13 51
28 75
139 78
71 13
151 12
42 9
75 71
94 92
115 38
130 76
25 64
82 64
95 37
15 50
20 33
130 62
92 60
44 46
41 38
105 32
99 93
54 28
46 24
48 64
105 76
147 81
81 13
83 39
74 48
55 18
42 99
25 43
75 71
14 1
120 67
143 92
74 17
7 25
17 36
23 36
7 50
66 77
32 66
69 42
117 95
1 99
101 67
37 1
92 50
15 76
141 61
12 97
15 62
50 1
22 92
47 60
124 73
114 29
123 84
9 74
118 92
85 63
124 100
43 1
12 86
99 85
140 88
115 96
62 51
146 5
66 94
54 51
126 37
132 70
2 63
10 23
36 14
52 30
125 54
57 8
30 92
88 89
4 20
117 22
9 10
61 32
116 2
115 29
77 92
140 79
66 54
61 51
84 6
26 88
148 100
10 23
10 3
41 22
93 49
99 85
28 24
42 56
14 69
136 53
41 47
22 54
63 45
118 83
103 85
82 13
34 49
144 86
151 20
128 45
32 12
9 69
70 99
30 84
139 54
23 50
48 31
148 30
97 47
119 90
153 51
55 63
2 36
108 88
39 27
135 25
130 77
81 24
110 86
52 99
105 4
58 96
52 17
18 32
90 88
105 67
116 86
142 50
21 87
111 83
78 51
137 82
147 65
17 38
122 85
84 64
122 87
118 34
61 91
10 25
62 62
122 36
106 45
2 55
78 25
53 48
146 73
86 92
35 22
63 52
138 44
119 82
26 56
53 68
13 28
152 77
24 92
35 89
133 6
12 21
111 98
125 99
111 28
98 94
77 36
44 38
94 11
102 98
34 49
76 82
110 3
125 9
29 44
19 44
132 46
19 15
2 2
27 46
24 52
142 67
46 32
84 30
146 61
20 25
134 50
64 65
78 84
63 38
71 49
135 81
62 85
121 70
104 99
98 65
19 77
101 9
92 72
147 33
142 88
16 29
19 99
145 7
84 53
133 44
54 78
128 5
128 36
105 30
112 68
5 1
69 97
98 77
142 89
136 73
104 44
22 52
39 98
72 74
34 44
69 55
143 66
149 72
115 4
148 19
55 18
122 21
120 21
136 12
9 13
97 82
17 50
24 85
108 87
47 64
87 72
90 100
114 16
112 59
132 81
151 7
131 90
22 3
63 81
67 35
62 22
90 3
135 82
57 40
146 99
83 86
53 80
122 66
148 44
138 51
78 45
126 32
99 79
122 97
150 57
26 31
95 36
23 10
19 95
27 12
141 12
91 78
4 9
123 66
110 88
145 61
85 25
112 85
26 90
34 50
67 41
41 70
111 43
49 6
104 24
72 53
142 31
119 3
150 14
16 64
48 25
147 84
88 20
69 50
16 80
63 4
131 30
6 84
5 5
41 85
102 50
126 17
54 69
49 22
148 16
153 38
89 37
79 67
139 6
29 89
25 35
30 84
134 18
90 65
123 4
65 30
146 59
53 71
139 22
115 45
108 12
112 65
135 1
111 83
22 96
44 7
33 92
58 93
50 85
73 98
129 76
63 55
44 80
76 13
39 41
40 25
66 20
115 4
33 100
69 47
128 10
61 71
63 34
112 29
87 1
112 47
75 41
71 77
107 13
107 85
55 24
72 93
29 95
95 2
50 60
37 76
23 30
142 49
41 71
116 74
57 79
19 89
46 18
110 52
54 25
54 38
78 50
135 50
57 63
93 51
43 34
132 76
114 100
85 29
7 45
52 32
118 51
19 71
8 63
105 80
122 96
131 47
75 59
74 81
103 85
124 42
12 53
83 72
95 76
39 72
52 14
148 51
77 37
147 39
7 84
66 37
98 24
135 21
150 29
126 21
84 53
80 33
96 71
104 79
38 31
94 1
107 73
95 99
77 2
137 58
16 67
103 77
137 77
65 65
108 25
8 62
153 67
118 25
20 15
111 92
46 88
82 61
132 15
144 39
23 29
81 93
84 74
137 83
152 78
143 42
94 35
151 34
94 36
1 41
38 60
147 42
126 55
127 42
47 31
49 75
106 17
139 61
66 85
29 3
124 26
82 58
91 40
20 12
120 16
111 52
2 44
18 25
90 29
82 55
96 75
15 33
21 77
33 18
10 60
139 55
74 96
66 20
74 91
135 25
53 43
81 18
104 29
40 6
16 61
118 9
126 97
97 54
25 20
60 85
83 26
104 69
97 42
115 79
3 93
108 81
151 65
92 46
98 82
5 73
85 98
105 51
33 41
151 87
21 78
91 38
109 6
22 1
149 72
17 13
103 46
76 4
129 89
34 49
99 98
152 74
45 96
34 8
132 48
8 5
53 4
122 58
23 88
67 81
69 82
31 18
8 61
63 15
85 6
25 13
46 22
119 94
104 30
29 13
59 69
15 87
70 51
20 61
149 78
111 78
111 8
101 70
121 6
39 62
63 52
25 78
3 57
31 44
5 98
71 8
68 11
108 39
98 37
121 13
67 42
27 16
129 5
110 26
112 75
8 20
107 13
29 25
76 97
33 72
56 50
13 53
140 66
48 96
95 98
34 94
123 22
14 76
100 13
13 6
95 22
136 57
143 47
128 63
2 97
90 33
100 68
40 84
87 67
43 2
83 56
132 24
52 84
12 98
101 31
97 45
24 99
49 68
69 100
90 60
152 26
74 67
96 62
55 91
118 70
67 8
40 12
109 76
11 76
23 41
57 60
142 2
69 65
31 60
69 72
47 65
42 20
14 85
76 81
88 39
41 55
86 68
132 33
111 19
55 47
19 95
9 37
106 76
85 100
123 13
74 34
46 83
115 62
46 24
145 9
44 72
91 18
123 68
61 39
42 74
5 33
83 72
35 9
72 31
12 11
93 23
127 81
8 19
39 27
16 11
88 88
110 100
33 56
7 86
26 49
32 2
106 58
62 67
32 90
114 45
145 22
152 55
43 6
46 31
15 56
10 9
147 79
75 55
128 88
144 47
36 73
39 9
114 40
113 72
105 51
6 22
15 74
56 47
116 83
116 3
30 39
46 85
43 7
81 37
33 25
150 47
64 11
131 46
144 82
55 42
19 36
38 74
122 86
3 63
51 1
14 1
81 41
11 20
39 88
17 6
24 63
89 93
48 2
108 15
71 31
52 10
78 28
33 18
12 27
33 99
134 68
104 12
107 68
11 73
33 11
118 95
132 80
38 94
39 92
62 100
61 63
29 100
120 32
8 20
110 41
5 51
153 72
110 18
113 22
50 90
59 97
88 46
112 11
103 17
138 46
72 3
140 62
1 25
124 89
130 49
9 24
145 56
30 20
122 14
82 84
18 19
42 60
69 2
77 92
134 5
84 83
9 67
16 19
44 90
152 33
63 66
130 60
59 99
91 80
40 10
68 94
96 99
19 23
80 72
99 84
63 83
117 25
117 66
55 82
28 90
75 9
98 37
138 22
90 82
12 67
92 19
92 69
98 89
48 36
112 78
66 8
88 69
114 21
74 86
97 26
62 40
70 84
54 36
76 67
144 11
61 20
150 34
137 92
67 22
107 43
86 20
69 9
132 9
