4523
726 13
905 23
165 85
719 44
562 79
475 24
609 30
273 90
517 99
755 45
898 87
144 17
12 96
23 27
291 77
596 32
82 49
54 32
658 77
792 30
755 72
93 8
118 70
330 62
625 13
865 18
840 79
251 86
206 38
157 46
786 40
593 14
229 14
448 10
746 29
609 86
868 65
354 40
337 8
79 52
766 31
565 30
562 38
255 81
323 6
624 91
626 23
223 1
839 53
265 54
455 69
156 59
389 26
396 100
39 54
415 10
149 51
39 46
119 28
114 3
801 58
303 23
873 8
599 40
579 47
548 56
403 80
205 48
718 28
726 51
896 5
551 70
96 79
54 54
863 46
41 25
502 84
758 18
393 100
774 71
607 68
699 50
717 68
373 94
719 62
90 83
249 19
747 70
34 79
580 83
871 79
656 56
458 68
850 38
3 8
356 76
784 81
838 23
674 6
525 88
717 95
6 59
490 27
834 71
66 2
703 40
341 50
251 82
840 65
664 48
38 79
472 11
218 48
381 73
528 15
712 25
279 93
358 33
748 68
868 36
271 12
796 48
410 48
203 36
844 6
148 91
58 100
98 33
520 55
321 44
407 53
903 29
752 85
197 59
498 70
388 96
141 64
690 78
267 72
296 1
3 63
4 15
468 57
212 74
180 38
775 54
184 47
517 20
95 2
142 58
502 77
507 34
133 19
625 95
868 57
151 18
415 76
715 47
296 2
845 32
92 87
660 39
252 81
197 62
409 13
803 88
302 40
507 79
205 86
800 8
676 14
548 6
422 66
756 33
616 53
344 35
274 2
552 71
859 48
657 56
652 54
647 94
447 51
403 48
889 34
372 59
651 38
692 55
256 18
86 5
779 74
721 77
700 76
43 86
37 92
665 89
468 71
39 38
262 71
322 64
574 22
511 19
715 20
358 12
274 51
406 78
861 45
667 17
482 58
320 45
104 61
112 41
73 24
626 22
576 31
207 8
36 90
729 74
47 66
288 45
21 48
266 13
151 18
656 17
448 22
474 21
23 79
267 91
297 48
688 31
147 26
289 95
360 23
333 32
862 76
723 91
176 60
169 4
343 53
824 57
78 18
337 95
363 7
868 54
825 85
587 55
242 34
303 34
312 29
864 99
411 3
811 96
339 45
294 44
692 49
669 70
810 41
754 21
687 55
291 13
523 90
646 95
487 55
251 97
498 20
482 3
561 55
716 12
96 52
10 57
430 100
242 32
172 6
443 50
273 97
508 76
751 77
264 53
125 88
113 38
386 4
25 100
257 73
73 91
599 2
796 9
718 59
862 20
14 48
529 48
652 12
336 50
116 77
605 27
16 94
254 66
456 59
222 99
692 38
89 27
612 72
231 92
450 78
900 35
765 56
199 10
583 64
724 6
180 20
493 55
362 38
858 62
247 50
1 71
896 71
150 94
448 98
192 26
457 83
904 12
546 27
683 89
716 2
2 70
65 68
366 84
374 23
618 13
712 64
486 64
813 78
767 2
799 81
445 33
218 80
218 34
452 80
151 13
446 65
342 23
623 68
247 3
377 4
8 31
7 68
433 83
107 7
707 7
398 94
811 98
901 1
91 4
662 3
871 97
665 17
7 43
265 62
777 15
904 28
126 63
477 80
376 2
379 75
143 33
480 43
759 74
769 5
490 16
728 79
675 31
64 72
424 11
695 84
318 98
499 36
79 84
361 94
130 49
225 100
902 57
439 97
102 76
158 11
523 18
319 55
170 60
74 2
838 82
221 36
232 31
537 82
661 39
314 6
279 10
478 62
790 58
259 48
112 31
778 77
591 18
852 63
642 9
88 63
629 78
507 32
905 84
723 92
491 7
592 33
894 34
626 72
698 56
653 96
510 35
827 10
870 11
154 18
579 30
245 31
484 9
16 16
196 19
361 100
582 76
881 49
726 100
890 97
787 24
809 93
162 15
118 32
220 39
9 36
513 97
681 4
721 15
341 73
146 84
318 52
639 61
667 72
611 98
428 87
885 59
546 53
70 60
6 1
726 90
488 42
747 17
524 84
840 88
773 97
116 28
756 11
348 65
76 81
233 24
393 4
5 66
25 23
340 36
187 56
127 9
477 4
735 95
88 4
159 66
769 100
668 14
459 72
570 77
494 52
787 56
616 43
295 32
292 52
637 6
582 49
310 11
111 65
246 57
137 7
186 45
759 96
404 89
778 58
842 71
587 41
865 29
101 87
712 18
874 26
500 19
662 72
262 55
6 77
447 25
122 14
512 23
827 10
406 32
365 52
690 60
571 52
874 65
723 81
758 18
822 59
175 92
441 59
464 83
858 51
204 90
254 58
183 86
859 14
87 14
174 47
479 30
56 95
354 31
73 43
307 37
66 5
850 14
450 15
810 50
575 89
238 66
563 91
127 5
383 38
790 2
296 47
352 69
124 37
671 8
850 29
316 84
481 63
216 30
210 93
725 68
679 26
129 62
664 61
342 22
830 5
716 76
498 52
73 22
552 28
438 49
480 37
903 14
91 25
525 44
877 22
790 30
293 97
763 88
440 3
829 24
273 39
683 91
361 28
348 27
693 15
794 31
22 43
639 88
893 38
897 61
497 25
175 6
507 2
396 88
228 29
541 41
313 13
393 92
501 69
889 27
872 39
777 76
239 16
797 37
523 3
326 67
480 99
718 40
516 75
731 80
438 45
613 44
578 40
810 24
538 25
802 7
714 18
97 45
691 38
197 61
809 82
899 34
652 6
128 30
581 92
173 64
887 36
440 30
900 65
876 58
330 51
635 75
312 39
526 8
97 28
339 69
7 14
716 4
498 62
692 3
703 62
241 85
505 19
623 86
463 98
241 92
791 98
270 41
157 48
407 30
114 88
574 32
318 7
247 81
90 43
379 48
852 42
638 27
817 4
374 78
420 55
565 61
250 4
366 76
843 70
413 48
8 61
165 31
21 98
675 95
774 59
668 57
473 100
580 62
425 44
104 100
215 38
645 70
81 91
762 74
404 34
854 92
865 98
448 51
50 72
365 4
303 21
474 32
31 59
831 1
70 98
123 9
882 16
379 69
592 49
598 82
877 81
282 29
653 59
897 12
199 25
240 10
203 47
682 63
62 6
896 28
28 53
613 31
515 90
217 10
588 63
276 29
476 38
192 96
122 20
491 47
462 75
185 26
633 53
543 43
176 84
18 56
421 16
465 80
72 67
427 46
6 84
512 24
390 68
791 16
161 17
274 99
636 36
634 65
493 80
477 52
328 18
54 73
607 62
682 90
890 72
782 98
369 92
340 79
428 82
760 72
399 99
852 34
739 31
905 47
673 39
445 86
709 22
442 5
351 50
815 10
720 30
814 95
698 71
471 47
474 4
822 35
311 45
158 55
787 31
175 60
314 93
223 13
68 68
50 20
168 79
576 83
885 53
816 73
87 64
708 9
201 26
409 68
176 66
82 12
763 22
17 73
339 77
669 46
412 86
358 70
853 12
799 54
562 95
374 72
364 74
530 53
266 33
537 25
623 71
247 95
829 35
233 42
635 21
64 44
433 15
490 56
342 68
746 74
7 26
867 9
739 35
420 10
76 27
633 95
80 1
721 51
267 64
284 56
28 23
736 93
85 15
716 88
809 67
468 41
431 58
117 89
78 28
376 72
238 24
494 54
3 5
257 24
480 67
674 53
650 1
470 32
296 67
768 54
870 23
373 29
242 58
422 57
534 78
785 5
337 59
228 78
764 81
285 34
153 100
619 14
106 23
617 49
104 81
447 98
303 42
186 40
180 75
900 84
642 85
135 9
773 8
219 63
389 20
63 42
228 66
214 25
532 76
548 8
177 77
445 4
679 80
47 92
576 7
143 5
766 28
182 27
453 37
88 53
254 8
129 65
701 3
344 31
893 66
56 92
68 28
631 40
752 99
98 86
352 48
527 95
68 62
858 40
55 64
371 21
854 59
739 32
231 47
51 66
155 51
137 46
703 41
259 37
250 59
485 59
195 38
331 56
805 44
818 2
556 45
620 32
283 74
61 15
74 50
375 70
601 19
578 66
787 81
586 26
422 5
455 64
234 94
858 5
480 35
304 39
696 89
88 82
407 20
36 21
706 59
165 71
167 30
294 23
43 83
756 24
521 37
874 3
151 49
694 39
573 30
696 39
650 58
795 47
159 58
774 85
50 35
571 57
82 99
887 73
463 93
770 75
741 45
307 72
591 20
766 3
322 25
493 8
333 11
593 16
348 19
729 61
234 20
430 50
345 6
739 48
92 26
543 6
411 9
822 97
783 89
45 64
41 100
418 56
797 43
481 43
58 48
231 44
804 62
84 35
226 26
810 98
254 67
298 60
8 58
788 2
336 99
900 95
230 27
118 59
696 87
280 29
267 7
409 74
85 31
222 84
225 53
398 68
505 73
237 65
705 1
473 39
889 25
513 43
835 98
23 85
748 13
434 61
272 100
573 47
843 36
429 58
360 80
592 47
545 91
793 73
237 94
726 49
789 92
903 44
541 67
453 25
521 24
883 2
716 86
33 39
898 72
381 24
345 7
276 22
137 3
183 78
348 40
608 33
360 34
322 56
639 94
6 4
12 98
163 32
163 38
525 94
343 64
656 82
225 37
693 7
768 32
48 76
564 55
525 67
728 88
837 21
335 84
814 51
868 29
542 35
659 77
454 86
545 28
785 53
166 42
277 23
59 30
324 42
822 3
663 52
204 87
874 97
713 3
673 88
319 15
471 31
406 28
669 56
110 92
863 95
38 91
361 82
797 29
446 44
4 73
75 73
352 16
264 31
877 27
227 61
654 85
277 75
659 97
287 79
237 65
182 26
518 1
695 71
674 10
412 78
334 70
222 70
367 22
105 44
106 15
404 44
345 5
450 80
101 7
90 36
521 42
156 65
748 85
764 68
455 1
186 42
832 53
848 50
181 96
598 87
94 2
64 29
833 94
340 75
264 70
773 67
376 44
848 8
462 7
191 34
448 61
261 98
665 33
22 25
418 94
731 54
121 2
360 10
364 70
754 16
675 83
768 70
840 67
845 83
55 10
638 23
841 70
160 20
58 88
191 43
243 55
22 50
187 72
526 77
574 61
623 13
597 7
542 58
248 33
154 18
114 6
705 97
289 76
506 68
760 51
529 23
739 73
773 6
541 74
269 77
631 8
748 35
135 71
169 91
902 37
724 29
528 4
648 15
233 39
162 11
305 6
262 30
780 89
827 2
98 99
482 21
773 27
251 89
414 46
67 98
604 27
405 76
504 6
438 59
845 78
214 79
178 2
703 100
766 33
307 81
341 18
136 54
895 70
56 89
78 66
741 42
453 28
690 52
533 84
257 90
657 96
228 47
605 90
445 23
10 47
136 77
154 82
476 19
745 28
7 22
299 53
411 86
298 40
93 40
355 75
614 18
32 63
830 59
824 13
701 67
874 57
655 14
536 83
748 11
644 26
125 56
788 91
803 46
587 44
639 41
529 57
670 75
758 86
56 72
277 32
757 96
21 58
139 6
77 95
620 100
757 100
815 61
80 87
559 93
816 31
608 22
581 48
262 25
821 7
57 74
182 59
144 54
7 88
267 52
819 41
463 77
12 18
341 2
423 59
530 67
609 73
436 3
44 69
902 43
220 82
900 78
377 39
835 92
5 89
620 14
431 73
577 62
866 100
416 89
177 35
617 44
336 46
889 37
167 99
375 82
47 10
519 33
886 6
290 34
825 70
387 96
607 76
672 96
610 85
292 23
360 27
497 25
57 25
630 95
559 6
190 62
215 98
445 71
767 28
364 59
129 78
397 50
256 9
502 88
317 67
383 49
753 13
722 80
359 57
624 56
129 29
183 80
654 11
322 18
375 2
791 17
124 30
20 70
789 30
525 71
7 65
249 74
401 33
698 55
574 50
80 8
651 4
466 23
626 13
461 25
316 5
669 28
529 29
443 87
124 98
1 3
150 42
854 99
814 94
745 48
344 96
718 44
173 93
786 33
547 86
16 33
376 26
193 4
425 5
114 89
832 23
400 64
617 47
403 84
6 20
404 31
412 18
165 18
318 9
574 96
238 46
58 80
575 74
665 94
121 89
636 94
48 68
770 55
86 32
590 72
674 83
369 11
638 13
579 8
286 44
548 25
897 80
786 65
783 87
380 60
461 12
225 83
267 17
351 30
900 57
805 17
224 74
551 81
577 47
894 100
408 19
598 31
478 17
647 68
311 23
146 50
567 32
396 24
837 39
457 68
523 28
294 33
325 20
17 89
140 20
483 97
161 81
193 26
541 4
111 4
443 30
421 100
829 99
392 23
670 53
387 75
611 41
285 92
404 27
876 76
755 37
777 88
283 22
72 66
799 88
185 100
488 73
41 86
607 41
22 13
188 88
375 25
425 70
858 12
109 16
221 12
54 60
886 32
157 42
137 65
560 17
343 86
249 23
539 68
319 63
465 81
691 80
148 25
129 98
870 87
76 53
439 47
516 34
587 9
841 96
741 68
176 75
195 49
661 73
349 52
857 79
450 3
864 37
121 4
92 43
126 52
89 46
492 15
443 59
891 17
421 53
630 15
653 18
408 91
524 1
564 88
641 24
111 35
528 29
690 53
230 96
695 6
281 11
364 51
897 45
509 81
89 26
131 71
85 48
461 17
500 73
432 95
687 72
343 20
865 37
153 64
881 87
472 15
512 28
92 79
712 90
161 55
202 70
518 11
260 30
723 93
300 23
502 63
176 49
579 79
427 2
163 63
154 26
804 16
164 56
113 50
657 96
708 13
663 42
176 43
392 60
707 7
128 50
245 32
439 78
834 98
613 25
706 12
265 69
208 15
243 27
356 35
597 2
129 83
234 27
486 65
658 28
112 58
88 12
362 49
99 77
776 50
384 34
658 47
78 84
731 63
627 73
357 51
135 39
94 66
335 49
872 37
889 42
620 11
272 47
871 9
303 8
814 84
605 97
131 32
589 87
438 71
521 6
620 27
661 27
898 59
461 37
359 44
814 18
585 14
194 65
407 31
796 26
457 85
786 82
859 46
288 70
785 43
590 75
608 22
870 8
55 76
689 62
778 77
111 41
42 77
72 28
277 44
258 20
312 35
574 18
747 52
441 40
675 87
10 96
859 25
406 18
416 76
848 70
329 30
12 76
471 14
266 36
182 18
572 94
745 85
429 28
850 34
635 63
154 93
689 6
236 9
549 75
74 94
593 7
192 17
873 53
562 24
506 52
772 27
904 89
694 44
4 30
95 4
368 41
259 2
362 48
890 29
323 98
764 94
776 34
482 9
328 30
772 86
116 3
479 87
238 38
239 48
509 32
505 71
95 38
130 39
604 33
548 2
740 95
183 3
568 39
638 15
383 75
455 60
604 88
597 88
63 55
774 38
685 93
224 30
851 49
442 45
243 67
612 4
288 40
629 26
871 78
167 94
14 96
224 25
350 65
520 36
328 78
567 32
249 76
756 4
484 86
445 92
751 53
767 91
53 21
701 94
490 89
510 80
623 4
517 63
86 80
87 76
158 3
538 59
835 65
278 87
50 68
512 100
732 62
719 19
823 49
131 18
246 10
764 68
30 26
242 12
358 8
643 62
49 96
804 92
405 10
650 56
295 69
551 21
581 85
64 93
27 96
434 1
823 53
313 92
733 19
504 69
201 82
241 53
177 60
485 94
873 51
264 39
120 36
95 11
867 71
321 78
660 20
6 88
123 61
819 79
10 34
485 29
457 19
378 13
295 9
65 56
677 76
556 17
758 85
739 18
703 59
679 28
726 94
885 72
891 16
426 56
300 63
380 9
888 36
472 92
112 59
536 24
28 50
171 72
486 90
379 89
898 23
1 82
414 64
17 32
160 85
418 83
799 44
240 78
224 69
227 18
686 50
347 83
707 59
270 17
821 45
264 52
603 25
540 34
11 59
110 14
621 77
707 42
566 69
672 81
471 11
795 32
859 25
775 92
369 44
122 58
59 85
603 48
565 49
255 80
638 56
358 47
126 71
454 8
188 58
290 68
412 47
331 41
678 22
883 8
687 100
437 44
139 84
139 66
295 87
698 49
535 87
407 43
788 45
41 3
510 75
472 40
815 44
249 12
410 64
418 90
66 14
96 11
889 2
883 66
285 100
166 40
714 12
628 11
86 24
114 18
739 68
272 38
700 66
902 90
667 48
205 11
395 47
819 70
318 21
764 26
227 84
509 78
75 26
470 79
643 66
367 99
48 89
803 88
387 94
669 62
759 27
559 26
590 83
70 10
661 32
96 50
825 86
454 36
732 62
741 61
808 27
753 5
145 77
47 85
130 26
591 57
403 78
46 89
493 47
353 63
591 7
336 93
96 76
618 72
191 46
572 78
14 41
32 91
596 69
248 54
644 29
510 13
863 29
259 73
355 92
871 67
100 97
836 3
769 42
90 25
854 52
651 99
393 15
406 48
276 27
204 63
334 78
709 46
133 60
375 77
883 77
510 31
128 3
533 39
35 54
16 93
842 91
880 60
177 19
82 18
157 98
26 97
829 23
492 11
490 8
753 41
592 28
164 13
238 96
134 39
336 33
337 32
619 60
278 30
424 79
617 17
429 15
715 50
896 46
725 89
542 64
884 4
584 50
173 78
398 88
177 14
57 9
63 91
220 85
200 3
237 22
629 58
704 48
615 42
827 8
700 72
323 91
685 45
569 51
773 5
156 49
810 99
455 74
231 76
441 73
390 3
192 82
297 17
393 83
185 88
532 73
511 28
638 9
179 79
777 78
47 32
600 58
628 71
630 50
549 86
26 13
338 92
766 10
760 6
885 78
628 9
587 64
693 81
376 80
119 21
197 13
739 54
285 4
491 21
277 4
890 72
647 78
624 79
769 49
845 58
426 52
728 90
557 92
502 100
258 65
86 12
631 22
256 22
372 31
789 39
682 94
886 88
388 9
84 90
208 19
847 31
690 87
723 21
714 23
728 35
671 94
338 4
657 70
138 30
633 42
137 12
121 4
59 95
220 21
329 38
306 33
244 52
260 10
253 45
142 41
839 72
701 59
57 4
532 87
228 57
483 96
200 93
786 75
149 54
361 76
204 42
633 32
864 40
469 37
68 71
627 80
228 17
277 59
781 52
827 16
758 20
488 16
895 58
265 30
776 15
389 39
655 93
125 35
419 12
776 46
310 38
762 71
440 25
804 88
465 71
43 55
185 11
246 67
818 29
250 55
730 1
97 44
687 20
868 9
532 60
419 45
545 6
711 3
27 19
846 29
62 12
349 51
70 35
661 81
432 81
514 31
130 96
279 38
36 59
852 66
553 85
172 24
736 90
24 51
549 98
532 3
218 78
126 5
268 36
79 80
82 47
653 26
698 85
428 69
145 3
273 17
178 51
498 26
236 16
456 21
294 89
429 24
576 15
606 46
466 85
391 7
317 26
51 98
541 78
296 22
356 46
876 15
641 11
228 65
41 1
442 66
7 22
293 81
413 61
372 94
647 32
757 3
486 10
371 99
467 31
98 96
235 71
217 16
627 80
2 21
644 91
895 65
752 100
824 96
597 26
568 90
791 56
178 94
364 32
600 32
389 54
635 22
136 30
502 96
433 10
426 60
734 49
792 48
467 11
254 79
637 40
132 35
753 19
135 18
624 49
508 98
217 24
404 87
592 3
131 90
443 45
335 5
91 63
850 47
342 95
229 80
124 21
383 78
190 94
270 3
371 28
768 18
411 97
748 49
194 90
627 8
393 26
404 60
407 19
371 51
538 15
8 65
707 26
46 25
234 100
871 71
802 71
145 99
657 20
531 60
300 52
671 13
488 78
632 50
106 69
659 29
522 88
838 93
27 76
175 55
20 59
843 5
853 12
824 59
425 25
144 91
695 98
297 85
253 57
34 42
678 11
77 6
21 51
546 63
461 86
395 82
402 72
375 80
185 73
621 7
550 14
815 56
692 26
451 79
210 70
77 30
186 53
200 3
597 30
326 69
886 87
472 17
103 26
165 21
161 37
644 39
580 54
27 43
894 88
658 44
438 31
855 46
414 77
154 54
384 99
248 50
870 86
775 100
633 62
434 65
741 52
355 96
321 12
217 82
642 87
597 90
265 54
374 89
365 25
174 76
440 30
430 24
397 39
862 48
174 26
408 91
652 88
359 2
8 13
135 71
498 23
391 23
308 7
97 60
313 52
721 35
821 97
289 78
147 91
660 71
146 91
614 14
115 77
513 5
703 21
214 98
841 90
749 90
254 1
444 2
400 38
104 18
239 16
11 78
494 59
220 39
162 88
103 70
610 75
122 83
488 12
866 47
102 46
19 67
142 70
222 53
255 100
586 52
399 25
747 45
412 61
13 23
471 22
378 34
39 37
571 38
787 6
53 84
456 87
400 45
663 39
431 4
61 1
753 46
270 52
664 81
507 88
814 67
30 48
734 53
618 91
101 73
295 51
642 54
158 41
264 6
293 18
