6404
353 100
381 69
317 7
643 74
1107 34
107 7
1192 94
81 65
643 66
1238 3
715 93
156 43
159 99
1206 15
508 35
873 77
1126 91
1226 24
1154 82
331 22
51 80
389 74
948 52
841 48
963 63
972 10
201 55
298 15
520 6
527 100
1155 94
1227 77
876 79
732 52
532 30
451 6
611 88
1115 97
611 32
90 76
1039 37
243 51
1060 79
228 12
1079 49
593 43
574 94
1106 95
880 76
1055 25
391 81
743 48
1134 56
998 69
168 30
1167 69
1224 87
796 99
1096 53
558 75
1242 34
439 92
937 49
158 57
57 20
866 30
1012 38
366 51
689 32
530 95
596 6
662 50
702 64
288 6
5 60
507 61
28 76
303 80
900 91
369 2
108 75
1206 67
618 91
219 47
309 16
848 17
651 23
125 83
204 37
749 28
604 24
624 76
258 48
246 41
671 58
28 89
685 86
491 59
1273 10
272 69
297 57
34 50
950 79
787 29
1087 81
1141 4
438 60
484 74
1036 50
833 13
1085 24
952 45
350 11
412 84
786 77
997 97
233 76
118 55
1015 97
560 5
894 49
814 27
1006 19
439 25
1144 25
1195 39
219 86
636 3
1151 71
300 94
1068 46
1090 68
43 74
859 56
558 10
145 43
650 40
1020 96
618 75
53 54
885 38
417 32
1062 8
151 95
782 35
870 25
598 78
395 67
448 12
270 62
228 64
700 33
874 16
445 91
876 29
1132 15
51 92
887 69
831 93
322 93
531 1
503 94
1276 75
1281 47
229 83
10 13
301 79
629 28
1114 89
1100 40
1056 22
730 94
707 58
421 78
1040 11
743 18
1187 49
1196 40
411 55
390 99
743 55
505 60
194 50
978 81
95 97
24 57
236 7
474 99
109 44
837 68
633 74
544 40
776 7
1059 53
7 73
814 25
1103 11
250 47
684 4
1084 86
118 83
1027 95
1144 82
452 4
1031 21
1103 13
110 60
579 45
916 14
922 70
359 41
145 81
202 88
915 53
380 5
914 20
1153 73
130 30
223 88
492 68
958 85
1048 55
1122 71
85 24
448 65
84 73
1135 45
425 90
26 48
117 95
868 15
775 56
40 22
1260 98
646 21
1088 100
1148 48
715 17
1249 57
702 80
778 75
45 57
42 15
590 51
22 22
212 76
947 18
542 16
535 20
155 59
440 27
588 78
1153 95
765 34
194 19
1111 75
438 56
1103 77
131 54
470 57
286 61
1232 66
894 50
791 43
592 44
869 66
311 37
417 87
578 62
1011 31
384 75
69 65
414 3
577 16
1192 15
1016 87
728 11
615 64
435 13
539 29
1237 15
1111 12
223 5
720 3
1211 24
257 94
81 4
1214 34
334 46
195 16
931 23
415 53
242 80
704 64
799 43
878 44
172 47
965 43
1113 2
1169 34
51 90
165 11
72 72
235 24
1117 43
443 25
292 100
1119 60
1030 44
614 6
186 91
1070 20
686 54
644 20
1092 23
736 39
303 27
1256 63
121 35
1239 59
139 30
108 37
570 28
768 9
297 11
927 2
425 24
668 76
358 33
835 29
273 79
1166 67
843 45
594 54
1137 37
956 100
193 57
730 85
561 39
102 90
758 67
685 82
609 61
8 25
735 82
471 46
1279 78
58 64
1222 90
66 31
647 92
133 70
866 33
797 78
276 16
1170 79
305 19
1000 47
1005 83
636 41
322 92
1133 77
621 36
476 15
796 82
490 66
875 26
892 70
246 59
1229 31
536 48
807 78
1115 12
1123 8
1248 57
1234 72
1086 80
90 61
322 86
79 90
1048 98
494 41
1111 22
1206 28
760 44
736 56
503 5
390 1
1129 36
1125 12
770 9
446 34
180 42
692 90
80 5
499 44
395 69
277 97
781 81
712 19
456 59
1028 7
405 74
1098 70
579 31
230 22
995 50
214 45
1170 95
29 95
347 30
630 32
589 56
1168 89
921 53
345 3
803 71
225 92
349 73
392 44
116 34
300 87
710 15
167 20
534 31
1209 3
699 12
884 77
582 44
19 76
108 7
639 93
809 7
660 55
239 11
612 48
263 8
607 83
1022 51
999 40
150 84
580 95
391 31
392 21
422 72
746 83
1105 1
130 21
745 50
689 18
1056 99
877 20
563 28
1162 20
1279 81
1176 95
32 100
1103 65
949 86
589 96
329 75
1030 45
1092 7
975 25
354 97
318 67
415 2
1260 70
264 68
1253 4
553 39
9 34
1189 70
948 91
285 22
792 91
1081 3
533 69
638 61
883 33
150 10
576 6
271 56
178 44
441 56
138 59
1269 24
917 89
190 16
998 16
847 73
458 22
89 61
1195 36
1158 86
690 34
515 90
1054 80
721 1
1038 23
759 78
980 70
1129 48
1238 100
702 56
1089 29
1052 65
1153 72
1203 27
609 16
1125 88
604 67
1086 25
894 26
801 68
835 55
628 14
441 2
858 70
1083 43
867 9
156 59
541 59
406 91
249 36
836 23
1238 16
869 99
148 70
798 53
228 8
939 32
1105 48
1088 15
465 50
248 83
460 54
832 34
987 69
1278 4
146 33
68 69
1084 47
1219 23
733 37
596 8
311 96
1163 50
844 9
872 98
1216 88
1280 90
506 95
144 20
927 55
172 18
75 49
1113 46
696 81
503 95
121 92
891 31
881 27
641 59
1092 78
10 30
262 19
998 5
445 25
866 97
73 72
1150 48
970 13
665 47
493 53
821 100
1229 55
455 56
674 43
198 43
983 48
964 68
104 13
272 79
324 24
1194 71
613 61
673 93
906 91
414 62
308 46
646 15
700 98
984 60
847 71
449 57
188 29
771 96
985 93
517 79
385 64
422 29
576 36
104 46
915 86
817 96
309 100
150 16
1052 17
1132 64
246 16
974 83
600 21
584 46
910 11
885 72
1222 35
1006 89
770 88
30 9
1179 30
919 68
516 1
698 69
1133 17
743 59
1157 50
253 12
641 7
602 9
701 14
149 93
812 92
672 32
346 11
121 57
523 84
964 19
412 70
1252 68
301 47
94 24
61 33
143 90
547 2
750 61
425 7
940 11
743 89
611 76
208 30
487 24
745 9
668 95
278 71
1155 41
1157 19
519 83
1175 27
933 87
1048 49
508 58
737 92
434 42
770 56
479 80
526 26
185 96
660 91
17 68
1263 46
366 5
859 27
541 16
20 97
137 44
431 62
1163 83
811 14
933 34
624 27
331 42
271 28
421 14
727 36
92 75
205 3
986 77
617 18
512 20
457 38
457 83
1142 13
913 61
270 53
740 15
840 82
227 17
1093 67
628 39
145 35
429 84
230 81
543 59
622 54
675 52
1205 18
650 94
909 95
135 61
1226 68
1110 66
123 75
869 6
990 56
925 57
626 70
731 63
1240 87
655 13
872 21
1090 5
56 95
869 72
206 73
859 53
1103 56
632 54
779 44
1077 32
409 51
519 63
172 22
625 28
293 2
1104 32
826 31
14 93
337 20
171 16
112 39
562 51
181 98
717 99
823 85
214 84
627 31
623 49
583 10
527 72
1255 30
1187 85
712 16
607 8
765 14
935 68
318 34
602 38
657 96
758 93
1065 1
561 99
585 32
81 29
584 24
720 99
173 63
827 34
622 53
121 69
90 74
171 79
1073 47
141 8
127 5
1208 91
1070 85
762 75
806 50
409 88
771 72
146 68
294 92
466 19
88 30
582 12
369 47
748 13
1016 70
69 35
562 74
682 67
852 40
593 15
155 85
328 39
1141 11
745 73
1083 55
22 70
715 57
122 10
356 56
785 89
202 2
49 84
666 5
411 34
1041 91
589 76
241 82
1004 26
847 26
50 7
349 50
246 87
707 9
656 13
54 48
306 77
1180 58
1218 8
445 25
562 70
605 25
495 20
1238 5
756 88
324 99
744 68
1033 81
1249 37
961 11
318 71
667 2
382 60
1007 33
1269 72
1179 49
338 17
1150 7
371 97
184 49
782 63
1031 54
571 24
404 36
172 98
228 57
568 92
568 2
1010 26
877 46
863 73
42 77
953 4
812 75
816 11
715 91
1156 54
939 6
742 5
699 84
1112 70
1010 80
129 16
257 41
624 82
196 53
572 80
104 11
757 51
787 42
428 72
714 36
8 69
590 24
241 14
1146 45
701 48
261 73
1239 47
1129 72
868 47
699 15
321 25
260 69
345 34
1279 52
1161 58
1045 25
513 33
697 42
385 5
350 69
756 56
85 87
786 99
3 13
949 30
507 84
74 80
112 46
924 91
400 45
693 62
189 21
485 82
1201 55
516 76
603 78
1125 79
104 87
897 43
957 1
216 47
434 93
1061 14
854 73
365 85
738 76
323 88
1202 30
593 2
330 59
520 36
747 70
833 33
496 58
573 11
300 84
445 33
815 88
917 54
492 40
377 45
856 65
291 89
724 3
646 75
427 68
849 47
228 80
971 82
566 3
1209 61
1265 41
77 96
919 7
471 86
106 26
1091 92
714 73
92 71
144 98
77 58
680 39
899 48
322 42
573 61
1263 48
283 82
1232 98
691 95
774 86
312 92
244 79
868 26
356 59
372 40
69 23
1231 47
882 16
988 63
119 99
533 17
660 8
121 79
1166 76
71 56
151 74
1245 47
288 11
766 35
236 53
306 22
1036 52
882 69
478 95
316 84
71 79
1146 98
832 38
301 68
1229 15
624 98
564 57
741 64
416 44
1015 78
1079 16
1215 12
538 27
1120 78
351 33
540 36
543 73
335 33
348 80
1003 20
703 66
427 52
849 14
873 73
891 60
409 13
380 74
610 37
872 82
777 88
658 40
1069 37
1244 49
975 55
858 97
866 89
558 1
248 48
577 56
162 46
405 74
81 19
61 76
974 60
849 3
687 35
26 11
94 93
786 97
1027 27
507 37
782 77
1263 100
1223 51
621 31
870 50
493 94
994 74
141 68
53 93
844 55
60 38
1023 59
55 99
1147 16
1101 7
234 33
264 94
297 54
598 44
280 1
815 41
107 82
1073 74
147 81
832 37
1029 70
584 72
1225 29
1218 100
198 22
507 89
475 89
1256 8
445 53
516 89
667 35
90 97
576 82
463 11
215 35
408 3
115 50
122 97
1007 51
144 73
53 50
36 25
1038 18
44 61
235 91
735 39
1154 63
1208 70
332 60
221 73
1200 80
316 47
1045 45
323 57
22 91
100 46
1064 35
444 76
86 9
19 60
160 79
949 86
744 51
341 74
947 76
171 97
508 16
251 6
1270 63
984 38
670 22
1275 52
47 37
193 45
1042 12
1179 66
701 99
986 23
409 44
887 61
834 51
742 21
1040 42
414 58
120 54
1222 86
1038 14
1049 61
139 18
317 23
218 90
1148 76
39 25
243 64
79 2
937 42
1125 90
1001 37
669 54
511 49
642 90
22 46
90 24
825 24
1271 41
689 32
187 85
954 3
1068 81
639 59
773 52
26 33
1153 24
1094 61
56 84
861 46
523 83
1221 12
764 81
1213 46
834 74
178 71
401 50
854 59
60 95
842 57
497 5
364 40
633 58
710 7
297 11
430 97
183 81
46 5
485 92
1230 74
283 98
1017 93
1036 57
995 7
12 55
902 35
8 70
754 22
781 92
765 2
994 84
1012 16
422 97
866 48
218 7
11 68
444 64
474 51
67 87
666 40
115 86
273 7
710 29
909 91
251 31
3 49
898 22
628 11
812 19
1133 65
701 8
237 86
1175 81
355 20
107 24
522 77
829 14
466 61
748 31
857 35
90 1
560 66
667 67
1057 65
497 13
328 62
741 9
1000 44
546 86
398 31
145 84
847 2
276 25
656 64
763 3
1108 52
475 54
502 95
54 61
1133 14
924 6
203 22
931 58
864 96
917 95
1062 39
183 70
260 46
238 6
786 17
18 83
339 57
847 11
741 64
1248 12
348 99
585 88
402 55
876 92
567 13
302 69
970 20
982 92
1120 22
843 88
56 20
353 21
337 1
75 58
1159 79
712 81
33 30
80 11
808 78
697 47
83 93
895 80
831 59
546 59
442 43
372 64
182 35
596 42
348 86
1031 28
222 87
801 39
181 88
1271 76
55 23
373 17
375 88
474 15
671 39
640 11
1065 50
916 94
819 77
105 60
79 29
1152 27
1163 26
1147 44
1238 11
778 50
496 15
301 60
1105 62
1246 86
1131 35
79 86
1110 94
534 11
1120 6
170 16
985 98
1092 47
428 18
483 98
350 77
1069 44
434 25
826 46
400 20
269 52
891 22
468 5
462 84
185 71
600 69
570 61
1003 62
1269 81
1003 29
806 71
830 79
633 41
648 91
104 97
337 19
525 47
389 76
779 77
1259 31
988 1
975 40
56 77
728 96
466 95
318 84
970 80
64 21
1116 67
80 44
534 19
907 85
1033 61
1028 69
143 39
26 24
1048 17
102 18
1019 94
908 85
760 63
112 56
1086 34
1094 33
534 11
205 16
833 15
863 15
947 47
198 55
178 11
162 61
1230 16
483 70
23 54
171 17
907 41
102 90
9 42
271 99
1109 10
1027 31
410 52
909 73
589 80
969 19
756 36
894 27
645 41
674 67
522 32
1140 98
222 67
1029 78
101 64
452 8
176 61
292 76
945 22
530 68
796 18
624 12
151 69
125 62
133 95
685 78
182 53
332 44
787 19
935 77
1267 5
992 44
216 57
1015 41
811 46
1252 47
891 25
1080 41
706 54
814 54
1123 48
417 54
833 98
978 7
678 80
79 23
1177 25
60 5
975 25
346 25
1014 34
634 26
633 36
139 96
59 94
1156 52
263 42
369 49
1207 36
875 4
34 5
331 48
81 88
609 31
343 88
76 70
336 8
1075 53
531 79
266 1
79 15
39 98
177 76
166 80
855 15
1246 28
628 19
858 17
680 88
975 67
273 57
184 96
1150 56
50 5
446 93
731 23
873 44
95 41
368 61
237 71
225 9
559 73
261 56
717 73
597 74
259 52
443 3
416 27
102 57
476 8
693 65
804 22
744 97
1214 89
339 40
108 5
386 54
1059 51
1249 20
252 4
1053 94
168 50
860 78
1027 31
817 15
885 73
630 59
336 81
602 74
671 70
688 82
710 8
676 50
60 2
322 61
889 59
410 29
1110 61
1147 93
377 91
250 97
527 91
552 75
1065 91
1221 3
953 85
815 23
341 57
1169 90
778 60
101 58
320 50
249 73
636 52
871 23
1228 46
885 84
402 51
950 62
1116 93
1004 64
756 47
138 18
519 61
562 1
287 82
708 88
1060 2
481 44
67 33
513 70
1012 80
485 53
940 100
346 12
943 15
279 78
1158 50
740 76
354 14
1219 50
334 6
390 57
1276 56
827 12
284 56
1043 81
939 89
176 59
397 33
886 36
183 91
706 74
934 51
709 21
309 76
287 66
472 31
43 7
246 45
1086 46
775 98
729 4
519 52
595 47
818 30
553 72
794 27
628 11
1277 62
369 1
338 33
28 44
758 5
85 100
171 52
825 82
990 57
431 80
340 5
794 20
195 57
523 65
576 100
322 41
499 28
425 51
725 20
1041 41
1005 47
263 25
733 45
585 15
119 28
456 13
916 49
382 15
629 58
689 1
1270 18
332 82
500 61
1225 25
706 56
1146 68
1089 73
786 83
436 61
896 3
70 21
225 51
1252 94
533 3
213 45
225 73
377 26
1001 74
635 54
1060 78
651 5
247 85
1069 75
371 37
652 77
451 91
763 52
590 81
804 50
454 76
630 53
264 2
168 99
946 81
746 97
540 94
999 2
1251 94
902 93
359 49
1050 87
1281 94
565 22
682 5
901 47
436 57
1218 34
1022 10
718 18
605 77
886 1
1220 98
112 97
211 5
753 56
928 24
315 95
820 88
877 18
1164 40
491 24
521 7
236 56
1169 99
993 58
854 67
923 93
521 100
1047 12
286 95
1165 13
540 78
909 98
64 93
328 87
27 79
1258 86
876 18
226 11
91 85
535 35
1178 86
28 63
706 61
621 36
1220 37
440 73
748 86
1053 39
1099 36
725 54
522 44
145 36
137 68
410 4
866 61
484 80
1061 73
319 67
957 30
1001 25
19 22
603 71
964 61
711 43
1142 30
563 40
440 23
388 15
679 32
413 29
51 1
519 32
51 87
985 67
971 84
47 74
33 21
870 62
659 46
1214 38
487 74
167 7
402 21
143 60
308 86
1267 40
602 25
651 88
1186 98
344 85
25 93
1149 79
319 31
555 18
183 63
479 74
267 26
1179 67
683 77
12 71
1230 11
171 51
209 51
94 47
980 100
996 15
499 40
617 52
463 58
1 38
182 89
73 63
1014 94
1071 77
133 63
991 6
560 94
1191 82
779 45
263 88
929 91
700 88
434 2
609 34
319 54
1030 38
217 78
450 79
987 88
127 19
334 46
664 26
1162 28
637 97
714 27
730 87
445 56
479 22
1053 71
240 70
1273 82
121 57
245 71
1147 86
160 28
50 97
766 70
1275 11
1043 73
1070 100
219 85
442 13
449 27
490 93
481 94
701 10
416 52
847 51
819 97
154 4
876 66
934 17
1150 54
494 29
511 21
488 85
270 53
181 21
1136 90
1046 95
327 42
893 19
460 16
1222 16
300 87
591 86
404 30
686 86
206 37
409 91
85 88
883 67
846 32
749 100
348 62
649 59
1014 37
201 66
162 33
755 98
1079 18
1018 5
1094 45
1041 81
397 41
522 43
531 21
1276 51
1277 87
407 83
792 33
357 31
42 19
1087 18
945 29
504 70
163 86
810 60
469 72
410 9
487 62
757 65
44 31
521 81
37 89
603 62
576 74
287 90
1187 61
349 38
307 62
698 1
127 100
739 5
946 50
298 73
451 31
815 19
1017 66
56 74
131 65
880 67
924 8
284 10
766 76
443 79
214 13
382 82
888 91
808 50
709 75
911 55
646 78
82 34
1264 29
1165 83
1196 54
449 48
667 46
189 18
926 94
522 49
1219 57
48 57
424 74
895 5
799 6
242 27
488 52
862 56
1073 20
869 82
881 33
482 72
1092 51
1219 77
700 50
987 91
254 5
275 25
945 24
417 62
409 69
837 20
36 78
333 42
309 33
16 15
57 3
558 75
1215 66
1112 77
396 19
94 89
454 29
1060 21
443 94
810 17
553 97
1201 61
645 2
681 62
505 93
1239 80
762 46
652 42
825 39
153 16
85 47
1245 57
824 25
177 46
467 2
133 45
1148 6
1137 35
733 33
970 88
74 45
38 54
882 21
255 1
330 78
1230 96
875 27
882 38
75 41
469 22
804 24
475 37
433 76
238 11
478 73
684 90
827 61
151 38
1157 99
1174 15
223 57
73 18
726 5
295 100
406 55
380 11
1015 69
382 47
621 58
402 22
92 73
1133 95
1155 40
780 2
1272 79
780 46
1192 21
723 40
958 75
1108 63
823 55
1079 77
27 42
612 28
778 94
1161 62
181 91
1053 53
935 95
992 20
359 46
785 70
1137 98
768 32
788 18
905 80
385 52
1068 91
487 51
633 20
1252 73
1011 75
210 55
70 93
829 57
913 59
1179 27
114 46
905 83
261 93
406 66
1056 53
1257 41
6 95
268 36
501 7
617 65
1266 2
782 67
485 5
104 89
795 22
866 73
65 61
1210 21
437 48
660 23
217 40
716 83
289 5
49 54
1135 1
670 88
674 99
1116 29
111 53
524 71
87 70
783 19
143 88
932 12
631 73
1198 59
474 20
1237 5
377 24
769 3
954 25
151 68
718 39
12 47
892 55
829 9
1101 25
964 78
140 99
981 28
847 22
454 20
117 98
408 48
1003 13
448 32
1174 32
148 94
702 6
894 8
651 17
1203 97
517 87
1257 61
842 34
373 79
47 35
748 44
652 31
3 53
875 15
1073 45
905 44
949 90
278 39
271 55
342 93
880 91
1129 4
255 46
1068 65
490 98
205 48
709 3
697 93
893 92
711 99
937 54
256 48
554 87
1 25
949 10
703 31
1178 34
388 90
573 26
386 18
766 51
163 50
751 84
138 31
965 45
96 59
445 18
187 14
1227 82
876 61
218 6
102 11
586 85
344 9
993 8
545 28
578 58
5 88
903 55
447 22
198 60
525 2
1052 85
829 91
473 41
1137 94
869 22
1225 77
362 44
705 24
600 16
662 99
1190 98
1012 96
230 33
834 72
161 91
750 84
437 15
86 41
257 99
337 49
1263 61
42 63
1084 76
1204 24
261 72
834 7
423 11
972 40
137 85
1267 21
577 88
811 88
430 34
1082 61
736 96
990 53
112 89
602 40
1217 32
1264 72
1045 98
683 25
1237 77
704 77
356 83
962 74
1039 29
844 11
758 99
816 84
353 20
139 96
155 1
160 16
800 59
361 29
443 21
850 74
655 53
60 14
714 33
1074 88
1243 59
1195 65
469 60
684 11
1050 40
137 16
367 9
194 63
1236 13
852 62
5 32
769 32
92 80
754 31
929 80
1233 98
1069 10
420 81
1173 95
82 44
686 39
1162 43
329 93
881 1
591 40
602 16
469 57
10 35
67 6
435 97
1051 73
1181 68
714 18
273 95
1265 83
694 35
260 12
769 68
1245 33
604 14
443 74
311 68
1193 5
591 6
20 34
905 46
1181 37
586 91
55 98
280 70
673 49
694 70
645 32
604 86
904 28
438 44
440 56
780 41
470 1
1261 19
165 57
164 73
111 74
564 41
190 72
608 29
1186 61
222 26
581 48
1245 83
1081 6
963 19
503 48
597 70
457 47
551 14
654 59
466 26
333 91
474 93
1197 6
593 9
78 82
449 43
268 82
241 85
113 23
1082 33
328 49
679 19
538 31
741 90
70 48
25 18
144 67
544 7
332 69
1047 69
435 93
349 68
1091 69
159 62
1101 80
1164 84
121 73
662 82
560 56
547 8
1124 66
629 80
1242 95
156 69
475 99
34 66
305 40
1039 95
139 47
1063 37
