7353
693 76
669 56
638 32
393 64
34 64
868 41
42 12
333 88
224 30
1132 73
1356 85
1466 54
828 59
1403 6
228 37
1053 91
1045 8
67 17
1415 12
461 67
1304 29
591 9
69 20
525 1
506 23
837 96
59 50
1045 78
1219 77
1210 8
964 98
958 86
1323 88
306 9
453 6
1389 76
261 7
952 78
1353 62
1161 26
1243 51
804 35
640 43
1379 16
705 55
791 16
794 44
172 5
310 25
640 5
752 73
641 69
1419 29
291 19
1367 8
106 85
650 17
546 62
631 97
158 49
469 17
1274 15
151 35
271 86
1439 70
1240 89
551 47
358 100
346 57
242 28
1190 40
608 75
617 89
644 39
1082 96
1307 98
810 96
431 53
409 65
472 59
1461 51
657 40
1325 96
710 29
1390 82
1314 18
340 91
75 92
184 49
1299 48
904 70
715 77
925 34
519 88
1465 49
634 3
485 44
166 41
1008 13
270 62
111 81
1171 41
1251 64
813 87
569 71
141 27
455 8
138 83
890 60
174 92
538 17
1419 83
1009 33
1292 70
937 9
126 4
883 2
49 43
927 26
144 44
176 90
1150 8
274 89
989 61
406 84
939 50
1445 20
583 92
1232 22
616 63
883 35
799 30
859 63
1094 75
795 46
171 16
156 89
1123 52
443 10
1417 93
1444 22
464 30
189 4
728 1
827 39
1400 64
1273 33
1256 92
863 46
274 17
379 99
1068 85
683 8
1455 18
1358 72
654 70
952 48
914 25
1435 45
1436 68
1419 93
647 30
1418 14
424 84
796 73
179 8
787 18
122 69
837 99
1069 76
1163 88
491 79
684 19
256 76
426 66
689 90
1422 73
82 43
14 91
1121 66
459 65
800 46
69 19
253 26
1304 1
978 25
410 24
150 79
609 36
391 35
303 67
76 38
32 33
1125 59
1080 44
1313 73
1450 37
276 51
855 35
627 41
935 41
292 9
1050 1
488 87
1446 6
1317 31
443 93
553 87
1425 19
621 100
442 63
701 23
157 14
542 3
453 12
1372 67
53 86
10 26
919 96
1077 91
342 10
879 53
585 11
1275 54
727 20
547 80
877 31
752 81
157 99
177 51
221 2
448 59
789 83
185 28
929 22
561 88
1021 20
858 76
844 69
394 25
933 20
433 47
1406 17
308 49
1370 31
1282 35
499 31
823 88
1113 85
833 20
520 64
372 97
369 25
816 84
958 17
461 51
697 53
71 39
1441 28
244 43
138 32
292 86
624 31
463 27
398 10
520 45
822 89
286 4
1227 24
1125 32
707 81
1271 44
729 37
1049 47
16 31
1465 50
139 56
920 79
112 94
1335 28
1231 95
1376 80
346 18
1213 54
989 74
474 65
790 95
681 53
372 5
1350 85
740 98
1045 25
101 73
1219 62
1419 68
1153 58
57 1
91 77
573 80
699 42
796 60
860 70
1368 91
179 87
943 1
1145 22
466 93
1288 10
1189 21
137 55
408 16
384 49
1336 72
1008 83
1170 81
884 20
256 11
446 74
1380 67
89 65
202 69
208 6
1309 90
407 69
1352 18
95 40
413 45
142 66
1215 36
801 73
706 14
1225 93
1149 84
1113 9
327 36
111 40
243 70
1347 71
221 30
563 55
1396 94
926 21
578 31
545 65
541 96
706 23
540 34
753 31
76 64
914 37
155 77
1233 90
594 52
1416 96
186 97
837 83
1086 89
973 100
1088 97
394 64
506 49
1092 74
914 3
418 23
99 87
1044 19
1170 96
1159 79
1265 72
360 43
319 26
44 69
1344 72
425 29
910 93
99 6
352 39
1469 6
266 25
408 68
445 28
908 88
962 14
762 100
642 3
254 81
723 29
1110 21
1124 50
1130 13
167 82
1064 72
1204 82
40 88
746 89
1005 39
417 86
648 58
1298 94
300 6
1384 46
1027 77
714 63
1348 50
267 19
1260 59
1217 78
478 20
784 1
840 15
1461 35
1139 49
703 92
694 54
874 28
628 82
1214 33
301 40
916 58
431 35
909 81
1250 91
1158 46
795 31
449 36
881 50
99 39
1395 10
972 50
1218 8
1267 53
734 96
402 62
20 64
1064 47
668 45
450 29
750 99
956 43
935 3
730 70
666 50
1003 16
636 2
48 51
800 35
433 50
131 18
523 6
1047 90
741 23
540 24
1254 38
61 19
1194 64
576 57
180 25
941 28
592 91
435 89
51 100
502 70
778 1
871 68
1124 98
1040 40
121 9
723 39
586 100
86 69
1165 38
1163 60
565 85
93 89
1177 42
1444 61
869 47
176 21
8 62
1381 52
1358 47
68 68
1348 42
185 31
669 27
742 49
713 57
1049 42
164 24
1349 85
57 67
72 89
496 60
1349 85
60 96
1403 10
1365 63
1115 90
766 66
3 7
666 61
878 19
763 62
1384 67
980 7
807 29
383 93
789 100
1375 14
877 39
640 91
1393 49
336 41
150 28
433 3
1261 82
1426 64
736 31
1435 47
1386 36
1222 2
1165 28
1438 31
505 91
232 66
516 33
746 82
122 14
62 43
962 18
315 4
1067 54
1086 18
11 6
264 1
665 64
1078 80
1433 100
630 25
370 71
1089 4
897 18
677 74
928 50
1392 12
1208 80
246 84
1031 6
1224 84
480 45
881 68
501 28
922 8
113 24
1125 63
265 80
232 32
637 68
332 92
777 74
6 20
752 90
1186 4
1432 95
998 93
815 42
1333 76
151 86
561 44
963 14
963 46
1262 61
466 100
103 34
1125 4
552 13
35 90
1362 7
246 55
1153 4
348 97
1364 1
1220 95
836 51
139 46
164 1
29 38
1378 67
851 16
1313 56
183 42
81 69
453 94
342 88
802 2
750 81
27 62
1130 13
814 86
1366 81
498 87
398 27
230 82
113 84
245 17
999 36
96 5
512 45
440 98
319 83
807 90
784 97
725 63
1452 1
187 85
397 26
837 76
904 21
479 80
3 63
1166 93
1171 89
527 5
1021 35
1415 86
1132 21
367 97
604 81
1410 92
1443 67
470 70
1371 2
1399 18
833 89
833 67
1471 80
556 82
972 47
1469 60
1304 52
184 23
1232 78
1051 21
677 17
335 78
361 63
214 2
1113 75
798 69
566 62
729 4
59 69
284 77
538 76
104 65
445 57
637 81
495 28
858 78
619 72
1456 14
865 38
1307 73
683 4
98 19
923 78
105 11
200 10
1183 62
460 89
520 10
362 67
445 96
1136 52
422 76
69 59
92 9
208 39
967 66
126 9
1291 40
1194 60
139 10
675 100
204 17
1076 99
931 4
1029 96
1141 36
69 99
971 39
252 36
604 86
1187 10
629 21
993 88
641 100
101 44
1242 12
1415 72
574 30
169 90
1092 41
1332 96
1455 45
123 42
412 81
1364 3
570 53
354 57
523 30
1318 15
988 65
512 57
279 9
810 25
569 59
1413 56
533 2
991 65
1166 80
642 84
1083 86
1029 71
847 49
220 43
1150 19
998 8
401 93
581 56
567 48
1289 28
1015 20
408 81
104 65
1032 67
453 78
886 90
716 16
8 33
782 54
916 23
1088 52
520 39
579 57
609 63
534 1
285 3
1121 12
764 94
346 37
104 54
1333 99
1331 12
615 93
738 98
209 6
1204 37
1181 33
918 96
1295 49
1356 97
214 11
121 16
180 60
1281 58
1143 16
1054 56
798 69
239 8
1042 52
212 46
252 89
308 20
170 97
518 49
437 51
447 17
731 18
1262 100
1073 44
739 10
781 74
1179 90
71 28
811 13
1040 27
1319 31
1126 19
946 13
720 25
1012 54
703 76
285 100
945 19
1422 5
659 61
159 5
198 23
265 42
1389 94
1097 69
1389 18
660 77
488 50
693 19
240 94
701 68
337 27
194 58
230 31
366 62
1311 8
971 76
995 63
1375 60
71 69
649 70
1307 97
1440 16
21 27
119 87
727 82
1238 60
110 32
645 83
1318 90
148 91
525 18
962 24
356 12
731 28
527 28
34 37
342 62
476 8
54 47
1361 80
586 67
978 59
298 7
195 24
346 10
623 21
1142 36
1186 64
497 60
253 6
143 19
855 81
740 18
1106 46
587 34
938 4
661 33
926 42
521 3
371 84
878 80
1456 18
1335 34
511 54
1162 42
514 38
685 61
143 88
1230 40
542 46
131 14
1386 68
1451 41
232 7
998 90
810 68
1200 54
822 6
1223 26
21 44
73 15
743 45
495 32
979 98
850 34
832 94
384 7
560 59
277 17
1222 84
903 97
60 74
476 52
976 20
1085 69
1463 49
427 69
48 51
135 80
519 5
1319 3
517 85
303 98
689 51
474 78
862 30
95 88
822 8
1122 1
203 88
22 90
1349 56
1318 64
131 69
1128 58
558 82
535 49
527 75
1421 54
707 52
1402 34
976 14
1012 77
796 89
1377 24
675 40
1286 39
187 67
1081 22
1350 36
218 97
1141 84
358 11
23 14
152 83
822 20
276 53
1377 67
14 16
55 96
824 66
374 23
228 51
894 50
1170 61
709 80
826 67
853 64
984 74
1367 84
593 70
801 15
57 80
470 89
294 45
920 35
519 89
571 13
850 44
1078 23
464 15
831 49
352 57
27 67
972 82
36 13
84 88
81 50
596 79
1363 22
1340 40
747 27
758 86
781 6
1163 65
865 66
1420 10
191 98
589 42
710 72
409 2
1103 18
544 82
137 9
1423 84
116 88
1402 6
190 83
1143 77
582 76
599 97
1377 47
537 5
1226 6
1166 44
1247 95
653 62
994 57
84 83
1260 79
677 63
269 62
1393 87
162 52
429 26
903 9
1114 56
622 75
173 10
72 83
683 100
272 98
1424 15
418 96
1289 22
1136 24
1273 32
281 13
1211 2
1191 41
81 57
1052 70
1281 35
770 48
913 1
153 88
974 1
578 64
1469 99
343 26
1342 81
206 97
743 76
350 24
1380 61
1295 41
1358 88
275 47
568 57
159 100
811 64
1366 39
696 89
234 25
592 24
645 24
520 92
242 27
443 11
485 50
265 88
673 43
583 81
1371 78
1357 89
1235 54
1166 73
258 33
435 50
1162 92
1070 12
869 97
530 90
533 43
635 17
402 2
1419 79
1328 9
701 55
64 29
1001 67
1014 70
1323 82
1212 2
950 24
1049 54
192 40
334 15
823 41
1004 89
1460 11
118 62
408 88
519 31
865 15
607 85
473 63
1319 83
471 10
301 86
649 2
783 66
116 32
1362 89
399 72
181 36
618 87
733 98
988 21
247 22
855 38
482 52
147 56
1315 93
280 95
1448 77
1121 7
720 42
1063 39
119 5
1118 92
1412 5
976 95
1135 50
225 50
1427 61
39 94
111 70
90 28
321 38
425 73
918 74
1353 75
79 55
383 50
962 100
690 1
750 52
1034 68
949 62
1145 96
871 82
1194 85
667 41
1195 5
1289 40
416 65
1220 81
1047 33
1257 83
697 4
365 87
354 93
202 36
1267 9
1231 93
40 54
1433 61
569 4
1403 79
1227 43
412 31
1029 35
1167 47
28 66
1251 76
749 1
1443 94
101 89
835 38
1446 50
1393 93
532 16
958 27
393 98
1079 94
1214 79
946 43
1449 1
1242 62
81 4
1351 78
1298 2
891 77
213 61
1341 8
158 36
838 98
157 36
1429 30
122 35
1254 1
638 59
679 39
287 22
1102 46
351 80
1089 54
83 2
830 69
1236 42
70 19
422 24
104 53
874 75
1403 12
387 44
1114 32
451 55
1332 62
1457 3
452 5
58 13
888 51
1336 26
277 23
169 61
1082 34
1229 58
1314 3
306 77
1297 16
290 4
564 2
1096 12
1427 71
1094 65
1332 82
1231 74
761 96
315 19
1087 81
538 21
902 20
1181 59
764 89
1380 6
809 59
1270 41
968 81
321 47
236 92
492 47
744 89
620 1
856 13
141 49
371 4
413 55
900 86
1143 55
113 34
127 52
183 29
1056 36
489 30
248 77
732 95
804 12
558 65
972 9
453 70
254 7
807 11
152 10
160 63
1160 6
1062 91
768 75
56 89
567 75
283 65
828 97
329 25
1014 32
1328 100
675 54
891 99
1024 8
1008 67
551 42
1219 69
216 49
984 27
1164 34
362 46
1388 64
1224 95
911 77
1084 53
475 99
700 35
64 74
741 28
826 36
1218 84
914 64
1256 88
301 67
779 92
1445 48
1211 66
629 64
93 79
404 63
293 55
635 1
222 50
1303 49
1450 30
420 22
180 72
123 18
1122 60
1453 47
607 5
1141 79
404 88
592 48
185 11
780 29
816 69
865 7
33 54
253 65
391 7
313 70
401 85
5 90
1428 77
1327 50
963 97
177 67
129 14
145 23
805 98
317 30
255 79
555 82
663 3
65 11
759 24
120 4
982 35
1374 94
737 58
1107 17
931 73
256 73
466 90
447 11
758 74
320 56
29 92
914 73
322 95
241 61
1266 46
781 56
1302 41
707 9
603 75
198 86
112 80
1003 50
1301 93
481 47
584 100
1373 52
674 88
519 40
256 95
860 49
621 49
1381 100
501 7
696 50
1040 61
1250 26
1470 28
868 56
480 3
1026 73
115 41
113 59
639 84
828 26
1032 26
559 85
1081 30
81 2
488 16
259 91
1081 94
1273 6
852 27
1186 1
747 81
28 7
992 34
700 62
577 87
65 66
785 51
1215 55
6 8
446 55
589 7
975 48
1416 74
1088 70
878 10
79 72
731 5
34 14
569 1
396 84
1371 69
1077 56
697 31
1101 23
793 49
973 4
302 34
308 10
1193 35
457 1
1329 74
1470 70
919 12
1065 82
866 12
902 88
1260 7
745 54
1078 18
325 18
558 67
49 8
541 15
1319 15
1042 39
969 86
1030 30
1176 69
1291 30
23 1
1286 75
1386 51
235 24
995 72
940 56
541 61
700 80
18 36
1202 20
1420 58
1428 32
861 55
29 56
1240 92
421 100
1334 85
1133 5
479 7
903 32
1276 37
1109 30
300 26
464 36
324 5
124 6
974 68
78 97
692 75
901 35
902 66
75 82
747 92
734 50
845 48
262 84
16 29
863 82
829 20
811 57
491 54
892 67
210 8
138 17
1246 51
527 61
1228 58
288 75
869 31
1259 53
502 14
866 12
292 81
259 69
491 17
621 35
854 80
328 68
350 91
840 50
215 45
711 7
281 23
827 39
480 88
952 76
808 26
1307 52
27 38
761 35
63 32
1140 15
68 8
1115 47
387 77
1391 82
46 67
1402 40
342 3
565 96
1042 60
37 29
1146 74
347 83
1121 42
1425 72
1339 17
104 95
423 100
757 78
1266 22
181 57
418 73
190 98
1158 3
56 32
673 54
189 81
973 24
184 99
658 73
157 67
88 91
794 43
900 94
107 87
1023 52
753 70
782 1
42 47
1434 63
435 77
200 93
509 2
1150 66
1465 59
482 83
189 12
92 48
994 6
1012 29
917 30
911 41
1365 44
1237 74
123 62
664 58
1010 39
1439 85
391 62
812 56
1124 53
34 73
1192 21
721 38
752 98
810 6
480 69
723 46
179 70
1460 5
11 58
173 87
531 3
63 71
656 55
1350 15
869 82
302 45
437 21
947 59
229 26
381 58
709 64
996 22
1215 90
790 9
1202 1
1252 34
1395 29
659 24
165 24
1273 16
719 85
124 48
348 28
309 61
233 33
21 30
774 90
590 17
1207 87
329 92
1158 4
27 45
228 54
61 72
47 7
939 68
592 28
1274 53
601 42
1148 2
507 85
1219 91
1156 54
1424 84
297 83
1143 55
545 1
811 27
534 18
1266 4
1003 2
22 82
512 17
711 21
757 84
580 85
1145 27
408 94
30 99
163 35
865 60
1295 11
81 12
801 35
1171 87
1290 89
874 53
505 56
1152 36
527 35
1448 14
883 76
919 10
1192 68
818 47
1188 72
242 51
443 91
744 7
910 68
324 57
102 3
35 7
1189 18
1273 66
850 57
1418 19
70 80
1368 50
1170 3
594 72
499 87
1455 45
653 57
194 82
1230 26
572 54
188 4
1403 54
480 2
196 83
1183 33
1305 76
192 16
154 84
236 83
934 54
1248 7
85 63
1050 97
713 96
656 82
38 20
856 2
1025 98
1251 61
170 49
1051 48
413 89
48 35
641 83
1410 14
556 83
116 95
1302 52
463 60
195 2
960 7
111 50
690 81
44 43
959 5
1251 88
1356 84
397 94
770 30
362 83
406 36
239 75
199 97
408 47
89 98
334 78
865 56
366 88
547 97
1112 33
1264 92
112 40
290 41
886 8
155 58
1176 49
1231 52
133 32
173 3
412 38
1397 12
709 93
280 98
344 35
85 9
444 94
668 70
990 73
470 59
1244 60
388 51
649 12
1263 10
533 81
527 20
270 20
1066 53
1035 6
905 97
448 68
98 39
737 90
708 74
1338 54
1120 47
513 87
58 10
261 11
491 70
402 2
551 48
582 24
767 27
706 89
1461 97
679 57
400 38
1434 15
423 44
281 58
54 77
137 76
1144 29
1264 37
1419 30
1143 81
815 83
608 83
1231 19
1022 72
524 3
72 28
396 66
974 98
1123 5
1168 5
1365 91
751 15
418 48
401 38
691 79
615 26
12 94
1451 81
1143 24
1382 5
1186 56
1272 12
909 4
871 96
625 74
196 89
1057 100
448 11
226 29
822 80
1438 15
1044 54
957 31
1004 28
1304 26
1126 80
988 80
1034 87
109 75
1058 52
431 40
956 19
488 97
1171 27
876 91
1316 35
1413 79
1452 47
40 66
115 43
147 29
1141 56
600 3
303 21
1346 98
1262 100
1206 74
761 89
139 40
695 21
528 18
180 53
1054 59
79 39
1158 26
923 38
54 79
284 41
1094 41
108 36
201 92
457 19
730 7
736 25
929 37
522 77
427 90
1272 84
1209 37
674 82
1005 98
55 96
1223 57
250 51
1158 43
546 20
699 42
156 83
902 59
196 88
884 38
85 29
680 1
714 35
572 19
12 39
405 48
1314 32
610 15
269 41
893 72
1353 12
1427 72
509 75
635 35
928 38
1069 47
788 37
557 28
1456 10
1074 72
939 66
1079 82
772 37
1266 44
1271 64
723 78
1157 16
1309 25
29 4
626 85
1222 37
70 58
788 93
767 70
1385 18
1158 72
913 96
279 48
1037 95
616 56
119 13
451 30
1109 54
270 94
413 4
17 94
1419 51
216 16
263 53
952 5
1201 35
398 37
286 96
602 19
577 57
1288 19
68 89
867 73
715 45
72 10
487 22
767 20
89 95
326 4
396 9
42 31
414 74
1171 86
1321 39
70 28
1097 23
834 26
1412 17
509 16
562 77
640 1
123 30
1297 98
866 74
647 82
704 14
540 59
1139 54
1193 30
553 14
1154 23
1193 31
161 17
443 43
826 90
1002 71
1463 4
299 79
297 73
1257 79
715 84
1302 67
201 25
978 79
1220 52
1192 81
4 4
1057 65
424 9
661 97
774 46
458 38
790 57
531 41
116 13
919 97
1154 16
916 46
502 11
1090 16
213 11
1451 68
977 71
1177 49
12 91
727 6
882 33
1111 36
554 54
1154 17
297 9
1173 59
668 87
981 58
1358 1
204 64
1074 69
610 60
221 81
481 13
756 6
239 23
1056 82
109 41
1148 27
1259 69
1356 14
162 79
259 69
109 36
1465 96
491 86
825 88
611 15
644 11
1106 97
779 18
1087 91
319 13
221 83
29 69
1007 75
587 52
1413 75
1456 54
1420 52
565 51
1461 23
650 64
1169 84
719 43
1411 30
834 7
536 69
1255 2
369 20
335 91
585 11
869 98
970 85
776 93
370 87
843 8
1404 59
111 67
426 20
378 99
471 8
766 38
777 34
276 46
1289 57
1052 60
697 38
1061 18
1245 15
121 80
1377 70
472 28
334 72
984 29
1019 85
774 77
313 73
308 34
1136 63
436 37
926 94
1076 8
1324 49
470 88
601 24
497 78
1333 88
50 73
465 5
27 90
812 63
49 17
50 46
1072 85
352 32
987 57
195 46
817 82
909 45
1257 38
1400 74
650 23
361 33
1126 87
197 79
247 70
1260 22
1313 50
185 64
955 29
1396 89
74 44
806 50
724 54
377 23
273 3
1165 4
255 73
866 22
1439 84
90 54
882 15
749 3
285 52
679 91
888 5
1195 47
308 72
643 75
804 37
86 10
537 51
1299 1
1070 25
1352 15
137 91
1229 29
1256 38
689 58
164 94
708 52
343 21
1127 76
1186 71
3 19
1188 55
1057 47
766 43
415 49
601 13
1415 57
1276 83
1165 6
543 32
768 93
1348 5
1190 48
1181 87
160 80
1061 85
1348 54
656 71
278 30
1145 97
1064 42
294 86
1360 24
149 81
66 44
571 74
455 18
820 74
223 25
277 51
640 57
209 83
1329 66
367 8
135 63
979 5
528 9
859 39
72 54
457 94
1368 81
756 48
503 26
776 41
1266 60
779 55
517 11
1139 81
1024 48
475 29
850 91
852 23
1419 34
245 94
1431 45
929 79
1062 44
1024 66
776 67
528 54
1042 9
210 79
560 41
533 92
864 32
1341 36
109 42
814 12
1316 52
345 38
1388 77
621 2
698 24
195 10
1108 56
387 35
1096 63
86 65
1080 28
753 43
1360 14
539 13
1188 2
153 81
492 86
362 3
197 53
540 48
175 55
902 91
681 6
34 11
933 86
345 58
619 10
982 80
909 74
1109 80
244 23
1381 61
496 83
1379 99
499 16
487 72
1352 57
452 47
700 48
75 56
616 90
1277 55
607 54
1109 39
162 63
36 2
978 84
784 88
396 94
376 12
1015 38
771 98
356 37
1181 74
1038 80
1323 74
198 86
1140 89
1278 79
281 68
253 82
1060 61
565 40
1395 63
132 46
927 59
156 3
1254 26
1077 68
1463 11
474 46
923 16
160 12
1050 92
464 49
95 71
45 59
1032 53
852 5
1034 71
250 82
1357 35
470 51
1049 100
381 71
683 58
398 36
1172 26
317 77
1457 87
930 44
1029 3
1330 90
1245 27
205 78
426 70
1090 63
389 73
851 89
1215 69
252 72
858 37
945 70
158 38
432 28
1260 92
786 91
1400 46
298 75
268 15
172 90
819 100
342 38
1254 98
219 59
1376 41
1290 94
494 29
928 83
835 51
1363 49
590 82
131 56
260 88
1322 52
1268 43
1153 89
1444 80
616 87
1105 4
731 52
866 24
731 93
201 80
1222 64
