8643
334 89
521 14
1340 63
467 45
1241 21
94 14
1434 6
1059 12
1103 33
1343 61
416 97
1060 80
643 60
132 63
1350 4
355 64
374 74
168 100
705 26
103 94
1467 32
1526 56
788 40
704 55
583 66
381 66
1566 52
1397 27
1323 87
263 38
1245 22
331 88
333 42
1710 83
30 81
1650 18
916 63
917 54
1514 14
1306 8
1377 85
1437 99
863 87
233 14
1402 61
870 88
917 85
816 31
1085 42
424 2
1375 84
248 1
105 35
933 50
947 74
1281 19
565 95
146 97
172 14
584 64
1695 19
1139 85
1470 32
784 52
200 71
1337 65
184 82
582 54
389 70
1144 58
379 31
1161 98
922 88
1401 38
369 60
295 46
1727 18
1263 74
837 74
398 25
635 88
28 33
1323 87
1727 1
1063 56
147 8
1708 100
923 66
1328 35
1051 78
1192 84
450 41
1416 16
895 59
1480 48
1088 96
1676 92
151 23
874 75
96 59
1490 27
96 41
738 22
1487 34
1110 52
1521 9
82 48
379 67
1475 6
1180 53
598 67
479 57
1448 82
823 38
1421 71
54 21
1089 74
1622 82
114 53
981 5
390 67
666 15
736 24
198 51
406 88
824 4
1351 2
714 67
934 67
212 86
420 82
1362 100
1073 11
707 64
364 76
1022 63
874 95
754 65
440 75
1315 89
61 41
847 46
1211 46
1150 67
306 64
939 60
833 5
1103 17
682 32
1049 31
716 72
31 49
597 61
613 2
1399 68
1319 79
435 41
809 17
446 79
744 23
1060 75
261 20
741 91
1142 83
408 98
588 13
415 52
1175 25
28 6
1126 53
850 59
810 35
702 89
605 13
873 78
1501 91
421 34
14 92
1211 1
746 14
1603 89
1247 5
1603 74
413 19
1409 33
1225 37
1607 17
890 32
1232 17
990 3
1221 71
679 1
1253 90
1008 55
529 15
60 70
1138 70
1696 55
490 8
479 88
1457 19
284 2
883 40
1065 64
1098 16
955 26
557 44
705 52
507 22
1686 81
806 84
1450 76
1185 95
890 12
608 47
33 45
185 66
333 23
1075 14
994 37
684 72
794 14
1186 36
172 66
1365 43
1024 42
1244 13
1502 76
183 16
181 13
1565 71
166 71
425 50
470 77
245 75
889 54
1394 69
1068 25
761 94
1123 17
545 36
135 11
1015 18
1690 89
1520 92
276 15
1270 81
455 1
525 55
1347 34
154 49
877 63
1020 61
810 55
932 97
1715 59
1648 58
1207 12
1400 63
1496 83
727 34
592 96
518 29
1275 10
142 37
517 41
181 76
60 25
1328 83
872 59
1687 50
115 25
1310 98
1160 80
500 30
877 83
1550 36
494 68
948 33
1540 92
901 24
767 18
329 90
1468 16
673 74
348 32
1200 81
834 10
1306 50
1306 95
686 62
352 2
1620 21
1244 33
1377 9
1401 46
168 18
9 26
1565 44
29 99
1174 65
1411 37
494 52
1588 27
1719 44
1194 35
1390 88
1505 73
1096 56
1716 12
105 39
4 27
1174 77
843 5
316 93
779 3
680 64
389 75
1164 9
656 7
403 57
73 10
696 47
989 83
970 32
601 3
1308 94
1229 13
1548 68
195 12
190 30
37 60
840 83
1364 5
411 13
1480 44
1127 30
1212 69
1667 83
844 25
38 85
720 7
1583 69
1089 31
138 75
292 26
1027 70
1226 92
1170 39
671 23
843 1
1240 80
1508 13
136 18
57 62
608 21
2 57
860 15
1474 50
1523 31
716 90
145 3
2 65
1341 97
956 52
1337 68
1276 69
589 89
355 30
842 51
1727 12
748 75
1256 72
462 69
1006 51
292 97
1718 38
196 12
337 78
202 34
239 97
347 1
508 59
523 47
1418 99
302 18
599 59
1047 54
1371 23
919 56
609 67
1599 82
1129 91
1072 97
854 52
793 19
1224 22
807 34
798 67
1223 80
436 19
170 99
1187 58
164 84
1620 44
53 48
1092 57
783 57
504 12
104 81
1515 6
961 26
224 71
187 53
133 23
1420 71
214 29
943 74
1057 17
1401 98
1717 27
4 73
778 22
1596 75
398 29
1357 84
1000 77
715 27
734 78
1539 77
1198 4
88 1
1195 29
819 47
555 52
590 80
577 53
839 65
1026 79
477 72
798 69
1260 23
1469 39
466 2
1417 49
683 19
1584 95
526 61
1052 42
1195 10
564 26
1425 52
1178 13
1523 56
871 75
1311 50
875 2
1236 7
158 79
1547 69
922 68
143 9
1470 47
358 6
370 63
328 20
1255 99
1607 63
560 59
1090 57
418 78
231 47
778 62
917 72
136 84
1265 44
143 98
1346 88
1462 53
1265 21
1239 71
806 96
415 59
1388 84
459 67
330 30
1468 35
621 51
1239 61
1585 90
118 29
449 30
1362 21
310 61
455 61
907 30
1548 36
1592 63
532 11
802 74
1432 95
873 59
1373 85
471 45
1629 37
1059 12
1149 59
1182 93
107 23
959 26
1546 56
1497 15
1585 62
312 24
709 82
121 96
1231 89
45 61
717 15
247 14
957 71
1302 18
667 88
719 10
473 97
54 78
1089 73
531 82
348 72
1652 8
1639 92
1217 34
60 99
1129 2
1029 12
1525 81
333 89
1659 15
142 5
853 35
837 100
1093 79
1033 29
466 13
803 24
746 17
530 94
945 13
1046 36
770 100
407 55
709 26
573 54
1003 46
757 41
958 26
1494 96
1632 47
1710 49
1138 81
1715 26
773 69
537 39
925 7
1651 40
823 17
165 78
1487 83
828 19
721 79
1387 60
1270 1
1115 14
1607 80
314 60
270 41
810 70
397 74
843 61
1142 92
1172 13
1263 72
1411 94
1364 94
1356 31
749 58
1410 46
419 24
1672 22
101 31
1232 10
1400 67
34 64
1155 67
70 51
1680 77
38 63
1138 85
1726 75
473 61
146 89
178 97
305 36
644 98
866 84
887 50
616 71
360 57
634 26
568 50
1297 6
1630 69
609 9
248 48
549 95
1056 3
566 83
572 20
1010 46
993 32
260 95
322 57
1546 70
544 89
618 68
905 98
1370 83
329 79
1498 21
1375 7
446 40
691 36
584 43
1382 23
1449 37
51 28
1291 32
1190 38
26 69
25 63
97 46
226 98
491 97
1719 92
702 32
1641 12
178 32
1279 33
1508 14
1722 66
395 53
504 14
960 53
705 34
225 36
277 78
1055 21
1216 47
1078 72
592 65
1356 49
1437 28
1172 11
1556 75
1685 15
1472 32
1596 65
1108 99
854 66
468 5
1703 37
1221 27
89 74
50 17
66 35
949 35
865 79
105 20
1398 7
158 57
1394 27
529 43
774 63
1493 46
578 27
1256 22
1487 47
1162 33
1499 57
358 76
700 49
198 100
710 74
148 41
1543 40
666 82
539 94
1728 91
115 97
665 27
1725 72
116 16
502 14
43 72
1066 19
650 68
209 8
610 25
962 42
432 53
1080 2
1532 45
1509 30
163 74
1679 60
635 68
508 9
17 30
632 54
1253 42
1274 47
616 37
983 32
270 36
1161 29
1049 76
303 66
1637 85
1037 23
1143 62
706 57
1517 57
204 18
1298 8
1674 8
1467 8
194 65
368 89
880 4
172 26
22 22
897 15
1225 25
714 48
753 93
111 19
386 34
1028 65
1379 35
894 34
920 60
848 51
619 8
1084 49
523 5
1445 46
847 21
65 10
28 100
1592 88
631 42
468 68
1361 62
333 84
1592 27
1686 14
181 58
328 57
665 47
1284 36
609 99
523 3
1493 2
661 12
109 72
1254 96
650 2
1335 25
1683 2
1185 77
1224 46
1442 81
162 64
992 41
692 16
110 39
875 81
48 80
209 100
1652 43
1189 34
108 38
113 63
365 91
1571 81
214 9
916 30
1416 73
1570 34
1419 21
89 8
1003 55
1063 42
267 61
851 47
736 23
823 51
1436 73
573 46
1030 60
821 61
1411 48
769 47
844 54
67 75
78 48
282 50
172 75
824 69
1425 4
80 27
675 32
1224 28
1019 32
500 46
1517 66
1192 8
562 8
845 99
201 26
189 39
563 54
1212 89
712 11
1083 25
238 34
212 2
668 12
264 67
110 58
880 48
857 43
341 45
1446 61
228 83
245 1
1014 42
528 71
1438 62
194 80
1529 33
57 73
799 23
1242 44
214 98
99 93
454 50
554 85
1549 53
661 8
123 82
226 71
1100 55
669 69
857 36
469 7
1039 14
1132 7
813 85
1352 23
781 22
1588 38
42 86
21 51
420 92
1685 66
471 26
1052 81
569 56
246 15
1260 51
1319 96
376 98
1397 59
382 94
752 74
134 47
1638 8
1020 54
240 94
785 72
1361 45
1183 50
1422 46
210 69
1163 20
1087 25
338 43
1247 91
1387 14
921 31
1114 3
482 69
787 71
1101 23
270 10
135 70
1260 16
1550 12
1540 40
323 32
1191 60
1712 7
151 25
733 82
239 56
1076 14
569 99
387 100
1204 27
1691 51
224 88
1309 35
80 72
408 23
348 3
998 64
845 7
604 36
1533 78
112 22
1570 62
743 40
282 92
209 79
1161 61
575 17
153 55
891 47
149 44
1409 3
155 96
1448 86
1138 57
516 75
1366 9
482 90
318 79
519 45
1091 28
852 82
83 33
470 77
673 4
968 99
235 93
883 10
708 99
1281 43
182 40
1259 11
1519 42
291 74
1543 30
218 43
869 98
1680 30
1535 85
1635 89
1081 36
1248 20
1385 60
518 46
1407 18
879 23
433 15
744 92
145 13
482 49
80 69
675 43
1081 39
541 34
455 92
1297 52
251 89
456 45
818 92
172 60
303 5
1557 44
1164 88
1662 87
1395 73
118 61
1588 46
1621 70
270 31
235 82
900 39
349 3
1212 4
841 37
148 83
751 6
371 37
31 15
1369 13
119 90
1654 79
1087 59
411 92
190 74
771 88
1381 57
567 2
192 81
184 33
1211 54
780 47
1155 34
1037 96
490 31
1686 83
114 2
872 17
1289 4
522 87
1033 54
1321 57
323 100
462 82
44 34
1145 92
980 24
1271 86
878 37
188 44
1395 66
1387 58
1148 28
549 50
488 17
837 91
1171 68
884 87
342 23
71 7
932 60
986 85
1256 36
27 41
939 9
1050 39
1045 82
1166 79
995 6
1509 90
850 100
1203 38
360 72
1634 85
1328 99
1016 6
604 66
1257 27
320 71
421 46
1630 98
697 19
1262 6
1083 13
1211 45
633 23
158 55
749 72
479 55
1683 96
656 25
1361 98
393 100
1136 38
262 66
968 60
26 73
1097 87
1717 4
1118 15
886 2
1128 53
666 17
1627 50
703 76
311 87
615 97
904 90
619 99
549 84
240 33
782 33
663 9
198 26
1148 23
942 85
1146 1
1621 58
1291 87
1073 15
1503 16
1237 31
1494 66
759 37
71 30
195 77
623 66
308 78
1698 42
886 16
486 62
1410 18
201 53
607 35
618 64
130 89
269 16
569 41
756 19
656 7
802 11
934 66
792 81
510 79
324 90
1412 4
1578 65
541 87
1526 100
1694 65
968 55
57 13
862 99
1698 44
204 53
585 81
75 7
890 28
1702 54
1171 79
357 54
1559 74
1527 43
345 63
159 76
1442 41
41 44
1274 97
1162 63
941 27
1554 62
926 33
810 52
1708 94
310 28
147 25
1508 84
1239 23
725 77
1241 29
287 61
673 47
466 80
1372 32
267 8
1374 93
619 93
1553 92
65 57
344 77
1668 17
141 10
1324 61
1137 72
807 86
1463 86
346 24
121 28
301 86
309 30
316 1
30 20
906 38
56 22
1451 76
716 20
604 87
1536 82
1571 47
780 8
852 24
1572 37
1578 85
1438 46
727 94
494 92
218 76
862 59
97 15
144 75
1169 10
1699 22
147 35
1132 42
36 12
862 97
1045 21
1128 77
811 46
6 42
414 78
1613 88
967 19
578 18
141 38
1346 43
1248 39
1179 14
764 13
434 86
46 12
927 78
1007 32
1354 84
725 28
1479 88
1238 74
1346 43
770 29
1155 93
1418 1
692 15
635 66
1101 84
605 23
870 56
1437 17
1726 92
718 80
555 25
1592 78
76 71
707 13
878 85
1568 83
504 27
450 66
1223 94
621 81
186 26
1672 25
18 8
547 93
956 31
648 41
809 12
154 14
1416 36
1287 41
219 87
1430 9
647 90
1578 18
383 83
1045 63
1599 3
470 36
435 68
1180 11
813 59
991 43
580 79
1500 62
1192 53
396 36
1031 15
641 54
1247 23
780 31
1567 13
407 49
1498 71
1040 98
596 88
1418 64
1681 25
1219 44
468 88
629 35
1166 16
1679 41
1242 2
1455 59
1165 17
835 1
833 30
1233 25
1218 95
1692 92
1598 5
834 30
1414 10
206 97
1532 84
1138 17
1231 54
1644 6
98 99
1695 4
1231 54
1654 2
572 81
1154 68
897 91
1000 81
1416 34
1364 97
730 89
1660 86
1167 46
629 46
223 98
1352 75
34 16
205 43
638 82
307 50
287 4
86 86
111 59
740 97
17 61
95 59
1287 69
696 48
198 59
292 22
1333 39
1188 25
387 63
624 7
1621 51
386 41
969 100
873 40
1165 44
266 81
299 69
1295 53
230 28
707 69
1116 4
169 70
1182 1
1090 33
879 50
1574 8
776 10
814 69
1614 65
442 50
1081 43
249 85
1643 45
257 62
636 13
1360 97
640 4
87 47
329 56
944 72
1101 93
510 53
285 57
685 24
328 74
1313 52
1226 30
1574 29
560 80
30 99
1025 43
1282 72
963 83
630 75
576 15
1326 15
1249 27
1536 28
576 76
406 3
47 12
1577 30
822 67
1462 35
230 25
934 100
244 41
479 54
1086 87
980 57
533 80
739 32
1573 32
1572 99
60 56
1182 2
452 91
1178 51
1286 5
724 94
1065 95
707 20
831 91
615 68
320 78
475 47
1184 12
1565 71
414 91
548 89
1220 45
452 59
607 24
1553 32
1029 31
1595 85
1458 65
1439 53
758 80
919 48
925 82
1656 40
1220 42
808 98
892 16
1352 30
68 13
260 81
1296 97
1514 32
1470 75
998 17
198 80
1221 94
56 60
983 83
623 20
1391 55
199 81
621 99
32 28
124 49
1490 37
1239 44
228 54
696 62
879 60
1260 82
801 75
867 57
568 48
626 89
1628 9
985 56
475 20
313 26
1568 87
1293 68
728 93
151 84
22 76
1576 76
39 7
1614 51
1614 54
560 27
1115 87
349 77
581 71
601 93
427 50
1270 1
1554 76
638 25
1296 82
861 49
880 7
608 23
708 32
1000 14
261 83
1031 98
110 90
1280 38
1391 5
133 95
163 47
634 93
819 72
1576 54
70 9
1441 88
1568 78
1078 40
348 50
1550 98
918 49
839 91
561 5
42 25
951 51
421 21
622 88
1649 65
1428 54
617 86
1469 65
1317 23
847 46
976 95
47 38
329 68
841 77
796 59
1598 51
459 39
1512 85
256 2
1462 84
457 86
550 60
796 73
116 38
728 49
422 1
1336 32
1635 71
1537 54
363 80
1379 71
701 92
251 68
770 24
1433 71
144 100
353 30
797 75
200 95
435 38
1598 86
108 8
1126 81
1324 3
1295 72
1000 70
230 94
678 61
226 78
762 94
796 65
1215 64
412 54
1678 96
265 86
109 28
1283 95
501 2
460 5
184 72
300 49
654 93
619 33
681 22
569 13
677 87
1452 46
1232 7
1620 91
618 70
1363 93
927 36
259 69
1036 79
315 3
522 93
1099 61
174 84
1454 88
1587 16
576 14
420 47
181 27
1211 60
92 69
666 46
1075 28
118 68
600 98
387 26
534 67
977 16
990 50
1620 30
1176 32
792 10
813 75
576 52
595 70
1158 67
381 32
515 45
1057 76
653 84
1058 64
1318 97
1448 73
243 22
1288 63
48 6
666 48
1380 42
604 34
642 61
1107 94
1260 77
1205 9
775 76
794 61
344 79
964 28
564 12
910 75
266 4
1468 8
571 32
979 76
1668 74
559 53
515 15
1040 5
1137 10
297 4
1136 36
1206 90
1492 70
990 5
758 31
785 99
273 46
1334 25
1209 61
786 35
1024 58
379 83
1537 97
1672 78
124 18
160 11
599 67
904 67
1549 63
918 55
1361 57
661 7
1519 25
386 91
755 51
384 44
1403 97
396 69
92 39
1010 9
1056 43
613 90
1247 32
1146 41
1020 81
70 63
131 26
788 37
253 57
484 12
829 9
813 31
413 61
1475 7
1627 60
1474 59
1093 16
1101 10
523 8
1191 65
1667 73
1290 83
358 60
4 53
1276 67
302 41
633 40
1035 73
674 40
1113 31
822 1
511 84
844 18
1021 45
810 57
1385 86
742 56
111 20
1157 30
913 30
1681 22
1238 21
1376 59
1086 93
690 15
506 21
199 18
1225 16
171 38
744 21
321 67
487 28
1007 83
1060 34
964 29
1444 84
950 4
859 7
277 85
1075 78
524 25
41 10
1649 47
1291 21
1096 99
925 22
1669 48
1163 6
1705 66
690 5
155 15
196 71
610 95
320 18
1683 9
224 51
1477 54
1027 24
129 18
130 77
965 5
1579 44
30 39
337 34
157 77
699 3
550 62
927 5
288 100
777 28
1001 9
1478 4
1121 48
96 79
789 53
1089 86
201 16
1623 39
152 26
1462 48
1570 2
223 96
1501 88
785 55
1573 95
592 48
659 20
1484 4
1396 29
230 25
1217 69
936 65
1425 31
1028 8
663 6
1517 69
1559 17
425 40
529 60
1047 46
1061 61
702 61
1477 27
19 29
761 31
1641 95
773 80
341 13
1101 90
215 42
1092 13
455 34
819 84
618 58
842 71
368 18
853 70
62 81
1685 39
916 12
1143 6
860 79
1413 57
717 66
791 37
540 87
1260 82
1487 34
702 99
194 74
702 67
26 43
74 22
1352 15
110 10
821 4
127 26
459 84
55 73
1316 71
302 3
1156 23
720 62
1021 42
493 64
520 77
1090 58
1210 5
859 58
785 25
1480 3
1656 24
1143 26
1097 30
899 46
1228 59
1138 77
763 68
968 15
998 33
1129 46
1642 81
33 18
1005 16
1399 19
1112 40
1401 16
1586 23
277 62
1649 56
718 94
220 27
1 7
293 50
574 8
1188 84
545 57
748 5
1168 7
14 53
1125 7
88 90
482 67
354 79
500 36
779 11
227 5
788 7
1613 14
1039 4
422 60
1011 17
71 92
523 54
894 42
601 57
1322 2
390 100
1024 17
1489 100
390 29
1167 45
1487 74
60 8
32 16
175 84
1124 15
372 82
258 88
865 28
565 13
1049 14
1296 80
1675 19
223 56
638 50
686 35
775 59
1451 71
1313 19
1242 8
1551 2
578 74
115 66
226 62
465 68
571 84
198 19
45 39
194 100
1052 86
286 45
1243 82
1631 54
578 48
1099 66
1151 2
462 96
286 12
1177 88
975 10
1699 19
1167 30
1726 94
51 91
1404 30
1288 13
804 60
330 63
439 57
821 37
801 89
1338 78
442 24
1534 63
655 57
479 44
665 49
1476 53
1282 14
1624 57
47 24
144 76
1570 42
1242 11
436 3
1518 13
919 35
121 53
1184 70
1343 83
816 84
50 85
571 83
1217 73
694 68
506 60
733 67
884 25
158 4
873 54
871 23
790 86
760 78
862 63
1415 24
1496 71
1471 42
1022 44
1303 18
1486 79
377 5
93 75
1241 60
874 7
1307 89
1697 22
1350 79
1307 97
46 3
1698 67
1258 29
496 7
623 25
101 92
145 92
1582 80
1330 51
415 67
603 99
241 78
1478 56
1670 93
55 4
1174 73
972 4
806 12
1024 21
1466 91
792 99
1006 62
780 14
1295 81
1552 66
1109 75
1154 28
302 37
1182 21
519 69
14 34
426 38
1111 75
276 58
47 54
48 78
1056 16
901 34
1353 25
1128 8
1503 35
1528 30
1016 46
139 89
979 60
145 49
669 26
1289 3
491 79
225 10
382 7
1285 55
1421 25
1019 11
349 87
86 79
1097 44
1658 66
1079 82
690 37
772 9
1681 98
571 13
1405 93
962 100
280 23
329 53
1060 76
1285 84
132 3
816 31
1070 79
1018 65
1506 28
1532 79
1365 30
14 31
258 88
579 16
539 95
853 30
408 59
1725 19
223 93
1175 96
290 22
174 46
719 48
144 39
467 36
703 88
171 77
1056 37
1642 46
1428 72
703 77
127 89
607 85
737 41
1416 36
691 13
1691 23
1079 55
734 18
526 33
21 78
1202 27
683 15
852 83
1077 86
524 32
1304 37
905 92
160 25
1418 84
882 76
1136 27
1011 54
76 76
1638 36
654 76
1560 97
1411 82
1299 70
1347 35
178 22
762 72
202 40
130 51
346 61
1167 34
1140 80
287 54
1536 96
1188 1
948 20
728 38
1551 26
627 2
401 14
1114 32
1552 46
673 93
622 25
480 29
849 77
1678 79
263 89
713 65
1650 62
344 35
430 92
863 67
1017 29
384 26
1661 81
1551 88
410 43
443 49
682 35
630 17
1596 56
334 39
1434 57
159 84
456 26
329 62
364 82
1087 6
1367 24
518 77
1017 72
1700 20
474 93
1627 87
1133 29
1341 67
941 44
915 71
1106 18
554 86
697 15
374 55
1392 22
985 77
1196 8
1539 59
696 22
407 54
1144 21
773 85
1176 67
1376 27
181 91
333 13
112 35
457 37
1072 13
1022 73
453 9
807 42
1599 82
88 67
1182 23
361 87
259 80
564 14
89 1
299 10
1179 79
1640 23
425 92
663 97
990 62
1321 68
688 16
1676 13
411 49
939 77
1462 66
697 91
307 63
272 66
357 64
539 42
696 5
876 13
1532 3
724 27
1039 20
389 8
736 90
1289 77
168 7
321 97
739 24
334 50
1454 79
557 57
734 29
834 18
1703 45
161 66
931 45
23 8
1354 10
651 63
1182 63
716 96
11 25
1269 43
1072 77
1069 9
446 50
1093 6
1365 92
1190 59
328 14
1468 61
578 26
1538 17
1158 36
883 15
1027 62
229 14
98 85
1025 83
837 72
237 46
1575 54
594 2
1352 37
922 49
837 31
1390 98
1598 33
1009 18
970 7
496 5
412 58
1479 9
1268 75
971 73
637 44
412 10
1579 13
827 41
71 74
1552 73
1095 99
154 93
14 5
1570 35
1456 63
173 55
663 26
731 17
1235 12
1584 4
451 53
1718 7
1518 93
407 15
788 14
1179 66
476 75
1081 72
935 75
906 48
960 42
1046 58
1150 70
157 35
1439 41
519 69
1147 41
105 69
994 17
220 69
82 51
841 98
564 87
1228 25
464 68
94 47
1530 66
978 30
987 50
496 91
1383 69
1374 30
44 71
1332 79
1429 42
535 62
1229 63
151 90
559 70
1017 60
903 88
93 72
199 79
110 41
981 69
1248 73
666 25
655 59
563 40
1695 48
456 32
