5878
404 44
817 42
404 59
174 68
75 14
644 39
392 57
975 49
857 3
83 64
301 31
544 74
137 80
1078 96
86 47
153 5
364 4
855 53
899 43
871 63
729 35
56 32
661 1
279 12
961 97
985 19
650 32
116 86
444 98
739 30
578 32
728 98
357 16
674 77
370 68
48 100
441 88
1094 61
696 47
756 92
592 61
839 87
631 86
519 3
173 39
1122 43
969 8
313 80
1089 7
575 52
982 44
228 54
1059 100
1108 59
818 28
270 3
613 88
518 25
738 16
490 25
189 5
998 97
694 23
703 39
1013 50
401 67
887 68
275 6
1147 25
313 74
18 70
811 100
49 16
496 59
245 74
1139 36
315 3
485 100
937 74
126 17
109 44
118 41
827 37
249 6
218 43
835 4
389 29
975 68
46 49
476 85
995 74
673 62
919 35
96 41
330 13
684 77
125 57
528 55
228 53
354 74
877 79
168 56
691 62
1035 15
822 79
957 31
259 23
26 100
441 77
1034 61
870 13
351 75
405 76
361 95
479 7
201 17
511 64
961 58
768 26
1028 63
950 27
629 94
150 54
528 52
1128 62
3 93
567 97
27 65
1013 83
104 81
746 31
468 82
597 91
667 68
1099 1
1037 8
815 72
1172 64
609 71
588 88
98 59
927 68
85 10
457 69
170 36
736 77
866 3
750 59
165 5
844 90
1057 15
251 73
1152 11
138 63
610 31
617 50
665 58
732 80
292 93
256 8
458 89
1097 30
973 69
1129 85
860 38
71 27
266 99
1000 47
767 11
774 9
37 25
888 59
181 66
47 8
193 31
764 50
1092 79
260 12
44 2
633 18
886 31
63 80
1114 43
1068 2
452 78
1021 63
364 75
775 82
900 30
400 52
484 98
352 24
100 31
1154 9
808 98
627 89
1143 73
651 83
394 29
213 39
542 56
446 48
620 35
958 42
545 88
60 9
505 4
1134 27
629 3
894 22
861 40
204 79
1093 76
366 24
994 83
263 43
997 4
590 47
14 97
84 82
837 65
504 43
1083 73
863 62
1162 13
1048 47
611 58
332 81
30 90
146 20
408 1
302 58
389 39
176 80
423 46
486 28
898 25
177 33
677 69
417 25
398 89
83 89
1166 76
1094 38
78 28
746 29
507 71
892 36
401 33
397 69
151 1
244 82
558 80
757 32
698 67
782 93
441 7
709 51
7 63
46 53
669 4
891 46
809 47
564 36
16 59
693 76
914 44
932 93
633 84
134 95
838 4
332 36
671 59
168 35
440 40
231 30
1152 41
574 8
12 59
609 4
1099 29
754 83
460 53
494 98
120 8
916 72
777 32
641 34
811 68
699 79
962 84
936 48
785 69
231 75
985 38
608 29
247 15
559 93
719 14
570 97
855 71
766 57
648 50
367 87
700 5
457 28
723 13
1129 99
724 93
397 55
1002 85
201 64
1043 46
1083 77
698 3
641 25
108 30
258 80
692 88
706 67
141 38
1153 17
1071 11
844 76
669 46
759 99
498 41
1076 3
594 8
1151 70
960 22
387 5
207 3
1043 20
985 97
273 68
1071 51
1084 56
860 36
193 41
1007 75
597 46
732 33
478 96
74 92
47 40
1162 48
137 42
285 28
429 58
611 9
1130 83
1056 16
939 85
990 70
498 41
403 94
722 60
289 36
1035 5
299 69
112 11
126 61
102 75
391 78
634 89
846 9
751 29
424 68
916 47
507 11
554 91
504 57
269 56
610 25
1118 23
240 37
514 73
89 47
769 91
881 92
550 57
553 14
467 17
161 30
689 94
1009 81
935 17
361 30
947 92
899 98
870 70
1153 37
601 16
866 92
938 10
188 89
874 69
66 65
990 96
1010 15
545 29
585 8
387 20
106 27
675 25
868 86
290 58
760 82
187 25
567 62
1140 88
552 91
120 12
181 69
822 39
32 80
440 2
182 50
531 83
657 33
420 26
1026 95
611 96
16 78
326 90
465 6
1068 80
906 56
82 13
188 23
493 64
854 82
842 98
591 44
689 82
326 69
764 54
525 66
317 35
313 25
657 69
927 7
40 39
991 23
19 72
516 38
556 97
704 8
163 46
130 87
130 27
386 62
850 97
1115 28
836 64
722 19
823 40
941 8
415 51
108 95
707 33
1115 24
506 33
261 55
636 58
123 76
241 67
235 14
527 8
252 74
356 21
300 32
547 50
1007 29
651 38
828 65
591 87
650 94
873 80
1000 89
38 53
735 59
368 86
700 93
632 58
468 85
1151 31
1108 69
952 73
464 68
780 83
1004 19
888 51
259 40
57 69
190 64
1153 25
181 75
571 13
488 34
51 3
249 87
67 2
972 19
883 40
915 48
727 95
702 28
713 6
534 14
322 23
377 38
446 65
548 64
672 37
573 96
33 71
428 79
1117 39
698 26
558 31
1065 52
170 1
1015 87
1154 28
362 3
218 19
339 8
404 19
1112 31
1123 90
627 59
145 26
355 98
1021 84
763 3
109 3
566 27
315 35
1110 31
284 76
810 95
477 100
208 58
309 81
536 54
862 89
60 78
530 59
1069 92
511 80
1062 17
119 61
702 1
250 7
595 55
532 7
403 46
681 63
982 23
786 11
1009 18
271 57
412 59
644 9
666 1
190 32
593 63
1077 36
622 79
1168 20
852 16
60 97
523 75
698 90
701 80
503 5
800 53
990 90
917 86
25 94
352 18
453 79
718 84
839 66
305 71
161 22
1085 32
1002 44
175 10
887 24
1117 28
563 35
175 67
107 62
328 5
1170 30
635 43
631 63
349 60
60 83
929 95
961 1
80 85
12 83
1021 16
161 15
287 54
593 11
656 79
808 71
146 14
204 77
432 13
214 5
947 82
1023 59
202 50
580 26
641 16
524 61
246 32
243 22
683 79
455 69
569 87
912 74
1029 70
450 95
151 11
931 56
334 3
370 84
1093 86
690 29
952 46
834 40
1029 94
284 24
390 18
704 71
264 44
724 15
6 84
288 98
730 62
874 14
883 54
888 12
162 50
414 74
797 3
1112 32
410 40
306 5
152 2
449 65
489 76
1098 99
956 56
445 38
405 13
1080 43
1118 87
235 81
317 83
716 48
552 92
666 2
275 49
801 74
765 50
58 89
1105 17
1163 3
1111 3
141 23
459 34
283 91
98 87
67 89
187 20
11 68
876 77
888 4
584 76
527 28
419 84
952 42
675 42
741 49
565 61
768 61
375 93
67 60
624 82
642 73
1143 59
882 89
997 100
1043 26
300 99
137 67
1074 25
309 36
668 33
183 42
155 46
84 73
283 97
633 48
580 34
360 67
306 93
245 33
85 43
120 61
707 49
1 44
911 2
374 91
1162 55
470 77
274 1
46 15
665 28
233 32
1087 98
866 10
446 27
1015 6
298 97
1115 79
1051 90
247 65
1122 96
844 43
172 67
327 95
1023 85
186 8
713 6
367 68
431 14
341 23
971 16
934 57
95 8
752 6
162 64
251 81
90 76
531 64
925 96
66 45
1058 87
888 55
932 52
360 61
943 77
259 69
1118 34
749 37
941 20
357 45
1041 17
253 35
719 43
710 72
594 71
407 16
584 70
872 46
592 31
804 45
602 89
1045 95
1070 9
899 10
1095 14
985 99
609 96
875 3
541 84
998 14
1023 9
701 9
544 76
645 67
264 2
69 13
588 49
232 2
51 98
703 37
990 70
431 9
801 11
122 81
72 4
1112 79
392 82
335 95
973 71
52 7
941 63
112 3
707 24
1089 86
287 58
674 98
11 69
244 98
936 74
837 10
498 70
829 42
163 36
887 90
621 61
1123 9
107 22
471 78
1032 99
176 66
1154 40
172 3
349 76
489 92
1053 6
297 67
794 63
63 38
829 37
397 7
1165 3
961 67
167 64
353 42
235 57
466 91
1093 39
701 15
838 96
1122 31
946 7
223 17
940 20
234 6
1157 5
754 15
31 22
60 95
975 97
927 65
966 41
74 75
1076 12
393 100
1106 82
449 50
93 32
725 57
445 37
747 48
14 62
360 17
1104 33
131 88
243 72
1133 93
572 14
846 73
1120 14
468 97
833 45
145 92
480 24
2 88
305 23
489 100
445 21
1167 57
1046 90
1011 83
1034 45
1136 80
549 97
1142 36
200 61
216 44
748 6
722 85
617 83
885 11
240 88
96 38
360 22
449 48
1077 38
1017 28
890 72
790 29
466 78
894 38
226 46
1022 17
1149 27
427 52
975 67
817 99
1065 90
1081 41
388 46
1072 86
913 73
245 50
968 46
438 53
534 10
784 98
718 83
184 84
180 8
384 88
909 62
519 10
810 64
385 25
992 1
549 37
1033 49
1022 89
912 6
448 20
859 26
136 75
365 21
90 15
718 60
8 42
695 35
152 84
388 90
902 5
286 3
1154 65
1102 37
771 28
733 100
637 93
577 30
11 88
474 46
965 14
14 70
260 5
750 79
849 22
576 94
548 30
542 28
846 89
541 96
1050 17
501 38
175 48
725 26
518 27
362 12
596 36
340 93
1118 48
1060 50
1045 89
30 55
705 89
826 70
748 31
1118 57
671 61
42 79
1005 95
391 96
1026 45
355 53
795 54
41 8
941 94
595 84
985 76
452 96
527 66
944 38
880 13
1071 77
980 8
464 56
913 7
911 18
8 54
153 57
190 60
1075 32
633 7
739 52
847 4
702 17
1046 15
680 73
726 43
993 27
1129 57
971 86
983 51
1148 1
658 84
163 12
782 10
723 61
55 13
120 19
140 97
303 43
1157 55
112 62
331 43
744 34
820 16
380 31
1070 21
765 84
730 29
753 48
833 83
595 97
781 5
97 12
857 58
878 60
354 6
583 9
1112 7
543 7
285 11
603 23
117 73
4 35
595 87
1074 15
254 32
419 34
264 57
37 93
1061 92
142 33
24 56
707 8
611 89
839 63
2 17
496 18
1090 51
482 3
223 71
1010 10
306 3
522 59
49 32
968 72
35 45
665 58
589 37
1168 48
296 90
998 6
784 23
929 19
598 45
46 72
71 81
681 34
43 13
650 17
840 69
333 43
894 76
526 30
597 78
567 65
880 99
502 50
624 17
557 71
796 88
23 2
227 44
65 8
1055 86
383 23
181 69
844 34
362 83
741 1
177 66
391 86
504 76
725 17
154 75
633 24
321 23
958 99
747 98
836 40
371 94
942 95
1038 12
196 35
271 57
283 29
1011 47
968 63
930 41
833 9
158 94
416 66
1111 33
544 61
858 92
649 51
318 3
102 14
273 17
550 50
957 45
598 70
1021 8
655 19
892 92
182 71
930 84
557 53
19 14
29 80
412 42
667 37
196 17
330 13
613 33
833 4
531 87
106 59
141 9
648 19
999 49
1159 36
148 87
614 37
265 55
60 62
79 62
927 2
676 32
890 24
32 85
900 16
1108 25
423 1
429 35
834 40
666 17
261 71
599 23
731 66
1129 32
850 47
1007 86
806 31
1080 25
347 52
195 49
162 12
525 56
646 72
163 32
176 55
419 86
1106 74
637 17
283 54
1084 45
835 10
26 35
509 33
885 87
963 97
823 72
1096 19
918 92
926 38
1054 17
216 31
70 20
1101 77
882 69
1008 20
797 70
201 96
655 59
91 33
326 40
682 78
224 50
340 26
1084 98
254 97
548 51
875 95
1132 80
93 72
1169 16
798 10
507 23
1154 21
964 95
478 100
507 22
1108 36
106 12
729 81
1001 7
995 19
921 8
653 28
1005 38
28 25
218 82
240 15
1054 43
225 72
1044 85
1038 62
648 76
11 19
19 92
951 10
777 53
842 98
1031 74
38 13
1082 27
747 56
450 12
735 17
1156 35
816 67
996 70
920 60
1112 61
1029 84
604 36
466 61
871 39
373 88
614 27
587 68
707 91
1163 100
999 81
744 12
677 39
918 27
123 50
293 5
1104 28
1134 25
201 95
671 64
173 88
791 69
1112 91
387 48
669 100
701 71
1131 92
107 58
633 60
1088 26
524 56
101 43
152 13
124 50
726 26
30 25
389 8
20 63
563 85
946 43
589 4
666 91
602 89
3 93
28 79
690 99
294 73
348 30
269 37
379 88
654 93
549 59
903 95
954 1
403 62
55 50
1058 28
1137 55
551 83
811 21
744 66
1028 30
264 54
416 61
720 63
845 90
1037 58
380 16
78 49
616 57
670 56
1006 28
288 29
498 88
95 21
387 7
148 17
193 78
241 42
847 100
506 25
619 79
16 17
182 45
645 13
276 63
447 80
116 33
855 30
351 47
18 5
11 37
20 79
890 45
888 23
129 83
142 13
103 73
792 82
900 23
454 23
256 4
890 64
138 59
745 35
233 84
991 80
488 35
134 9
589 80
194 93
886 25
212 13
1146 27
586 16
267 94
874 43
914 43
635 5
525 98
399 83
390 2
1080 50
243 64
798 58
1012 84
83 34
387 23
587 42
1098 2
97 84
25 10
452 47
326 63
771 11
286 41
690 42
262 59
831 94
751 28
6 49
784 36
1146 73
11 5
1150 88
1011 81
458 94
535 82
168 18
1122 82
29 53
680 99
864 72
682 47
1131 49
383 40
72 3
793 1
308 3
1110 50
617 11
814 30
958 56
495 95
257 11
373 37
404 21
420 73
199 76
118 57
32 80
251 21
193 13
859 34
389 73
1086 27
986 68
138 14
1045 73
570 7
220 17
797 13
562 86
906 90
41 42
141 17
389 8
644 77
369 62
760 40
57 17
210 59
883 57
380 47
965 58
22 99
539 87
26 47
1053 68
858 89
274 22
49 80
899 26
198 13
107 19
571 71
369 24
941 20
779 86
619 65
552 98
1028 27
1034 89
650 43
157 84
1048 53
384 10
25 22
872 61
219 40
383 49
364 9
329 89
183 65
110 81
892 87
730 27
332 23
479 28
290 56
588 56
701 75
353 16
964 96
849 49
394 56
300 58
863 9
825 86
602 99
288 68
251 48
225 92
689 91
400 93
835 32
142 2
926 55
549 8
1074 92
395 75
637 37
948 99
347 66
592 90
37 87
1145 68
714 10
734 13
1128 21
536 34
333 45
491 15
558 83
826 24
303 73
471 58
1029 3
12 33
617 59
159 28
843 91
681 94
262 98
361 43
71 63
4 32
817 33
466 66
799 59
196 35
1056 37
444 19
771 68
110 46
229 41
631 64
177 54
1110 8
1042 89
1008 12
640 47
338 76
901 8
891 27
911 79
813 81
494 75
453 97
13 2
600 38
504 19
956 31
976 3
216 82
1099 83
746 61
187 38
729 79
382 100
627 4
751 99
1080 53
474 9
674 53
285 8
130 68
701 9
500 40
365 32
350 42
990 49
509 87
984 62
59 48
160 61
1062 28
817 30
1003 5
146 50
834 97
146 2
805 48
164 8
156 50
483 66
538 65
801 59
776 25
949 29
104 11
416 21
178 89
1007 87
267 2
562 53
942 55
108 68
201 84
1136 10
150 68
402 65
1086 72
812 33
652 11
167 72
628 41
861 50
1117 14
500 55
856 25
660 94
898 17
1000 62
59 48
730 39
495 12
868 19
617 63
1162 54
649 6
363 55
835 38
7 62
277 93
268 8
848 70
871 94
846 86
643 19
733 53
707 54
692 29
915 1
896 40
32 24
503 25
354 59
519 90
901 83
371 60
40 32
367 42
393 49
1039 80
244 91
825 17
545 34
571 98
1156 69
334 94
878 74
255 97
472 30
852 54
382 78
646 78
217 39
459 75
426 6
854 52
1108 44
979 79
39 2
702 35
554 39
854 31
44 3
786 22
482 51
703 67
208 75
741 73
933 89
193 43
303 95
954 41
511 82
695 99
906 75
1020 28
690 66
563 56
194 48
1127 28
456 9
1055 94
943 88
677 35
790 87
96 36
203 49
987 81
1050 41
253 21
158 50
516 19
1047 68
834 13
1048 54
14 53
906 21
971 11
1000 44
477 60
944 14
1077 48
1043 6
436 4
793 35
92 100
383 14
1174 67
1008 57
1152 84
578 41
75 50
1051 63
1016 12
668 43
556 35
344 95
818 5
478 9
691 72
730 55
485 46
545 78
172 94
1090 21
174 21
331 4
970 94
992 31
214 61
352 62
864 92
985 95
938 30
160 80
83 30
394 92
967 38
888 29
72 27
597 42
443 17
1163 24
1003 100
692 82
198 21
724 87
566 2
1080 5
1050 96
752 67
1176 76
1011 86
1089 46
904 27
653 98
873 52
1114 93
350 32
903 78
1156 66
642 19
1174 100
961 81
7 59
484 78
102 52
669 75
910 1
1049 47
916 45
885 41
743 36
18 6
1075 37
190 61
225 52
1153 50
472 64
927 100
561 86
172 19
1143 92
426 49
1072 79
309 40
651 18
1129 5
1109 64
485 21
1092 23
792 95
344 82
191 20
847 39
642 93
567 88
868 37
420 8
474 60
617 24
1135 40
14 63
80 44
472 33
109 50
132 55
119 32
989 59
195 79
740 67
327 79
230 20
871 69
225 32
1029 95
278 38
244 84
265 13
24 52
358 97
596 3
366 82
610 17
300 1
336 49
203 65
70 70
362 38
747 40
351 29
406 91
346 2
400 64
623 29
520 59
666 25
215 63
796 4
1049 60
6 74
1175 37
918 92
151 10
324 52
278 19
701 90
713 51
775 6
711 77
371 9
390 25
736 88
511 32
938 68
172 93
570 78
328 16
910 72
591 27
827 6
338 27
159 90
463 75
1084 76
292 44
226 94
292 44
694 13
680 68
939 15
950 33
536 66
1036 66
971 82
530 75
395 27
298 78
244 15
360 73
480 70
793 95
789 69
773 86
34 93
82 17
133 74
11 92
240 54
350 70
1145 53
1041 71
729 27
1021 64
786 32
645 73
230 72
170 53
37 90
89 51
629 58
204 4
643 98
438 55
337 16
456 9
1060 32
718 18
210 28
1012 93
979 58
349 46
976 27
130 44
210 34
53 7
39 36
777 58
387 54
635 76
509 100
724 31
557 82
192 90
969 93
291 42
725 64
1009 64
1104 86
1074 19
221 9
511 35
865 94
633 87
1057 61
573 84
252 49
1037 97
1130 3
92 78
1056 79
1175 60
850 1
326 81
101 78
311 69
640 54
432 25
428 53
206 86
10 92
1019 56
1027 3
1115 50
793 57
688 24
1025 49
544 8
130 95
1136 5
156 73
64 68
715 56
20 17
246 58
1082 81
804 56
836 43
675 9
669 44
1089 86
337 100
555 8
13 43
606 66
1039 35
163 30
818 27
21 30
490 75
893 60
19 91
444 76
20 11
358 54
129 37
1078 47
703 38
68 77
1100 69
333 50
279 35
1047 50
1143 19
954 41
1042 69
667 72
134 88
1059 16
862 24
1120 20
193 82
195 90
525 59
325 67
1143 31
1099 66
811 80
666 74
309 66
1044 29
457 30
875 74
47 72
333 46
653 29
89 39
401 50
1027 87
1020 87
178 57
801 20
479 62
826 16
189 83
840 63
1158 56
408 15
572 79
34 83
276 49
510 65
128 73
756 91
1044 49
729 37
758 92
603 46
592 33
1135 19
600 83
191 57
754 38
387 22
70 85
324 86
738 64
117 90
243 83
274 48
669 17
561 54
176 23
519 58
750 32
109 72
912 42
173 45
736 65
168 87
1130 23
1122 60
725 30
1073 64
534 15
432 15
487 11
833 47
651 62
418 14
225 10
467 16
233 19
984 83
754 43
562 24
835 85
354 8
799 60
692 100
223 34
621 29
784 45
856 60
509 79
301 17
935 82
1035 20
303 41
63 44
1036 42
503 83
858 9
580 46
546 66
309 38
291 65
1119 78
699 3
172 50
147 37
310 40
272 27
302 80
13 45
582 91
1094 7
1136 72
356 95
55 56
357 93
19 26
323 21
103 28
524 32
456 100
78 53
1129 63
1004 9
23 19
420 99
100 82
670 21
449 52
35 75
381 16
647 11
687 95
1154 66
189 81
679 81
784 35
829 26
163 38
238 82
251 86
750 72
691 4
151 67
625 97
1176 10
735 10
270 33
44 10
900 77
469 19
940 53
760 3
44 75
702 88
280 78
721 48
138 70
1141 94
795 42
88 56
163 72
804 17
680 2
1029 29
335 94
628 24
489 82
766 92
249 86
660 9
20 92
345 13
170 86
473 73
22 30
419 75
973 99
239 47
395 71
721 43
634 8
441 64
642 32
247 94
135 97
94 94
446 45
769 16
1152 27
615 21
133 29
212 71
491 5
326 58
536 75
990 37
31 41
359 100
242 24
526 54
13 69
55 40
849 82
1078 79
886 94
320 30
978 55
606 83
1154 76
642 13
867 5
77 55
877 39
797 26
488 63
1107 49
291 77
295 53
180 67
977 21
969 26
384 64
588 76
398 64
407 84
755 97
186 37
899 82
418 17
262 75
439 1
296 29
50 45
175 40
345 81
1169 87
690 92
25 45
576 14
445 1
1002 45
546 5
316 73
836 41
482 100
1009 54
312 75
1169 5
362 84
1091 49
699 55
732 4
365 53
186 14
146 40
310 21
1093 71
845 83
315 81
270 32
178 17
212 26
965 77
873 19
419 37
90 100
127 94
693 59
666 40
1135 82
19 61
569 82
30 73
739 76
326 33
121 36
532 70
810 36
251 33
526 18
1014 5
742 71
1145 21
978 56
605 77
1092 24
1120 100
278 94
569 10
370 88
300 56
901 23
691 69
479 87
610 33
1156 52
1163 1
530 66
1148 91
476 13
1074 8
631 38
183 38
4 47
100 36
84 77
861 10
117 82
943 17
257 12
1049 83
212 80
484 51
975 25
799 96
811 55
42 56
1033 6
111 13
1005 80
834 76
1160 66
311 69
639 15
577 97
924 16
51 87
669 92
984 99
970 37
128 89
594 54
315 50
1124 99
355 68
774 40
492 40
118 26
40 81
210 40
194 75
17 39
668 12
522 23
282 2
165 52
132 19
456 45
97 64
1031 4
