4502
786 53
181 98
58 41
44 42
50 49
193 8
623 100
670 10
830 18
416 86
232 70
469 3
31 6
322 61
508 37
346 17
320 42
194 55
386 35
197 90
100 100
632 25
532 20
511 30
61 64
449 18
287 60
205 52
640 33
812 89
751 36
396 76
421 44
321 84
432 91
875 66
42 83
445 66
537 22
497 7
368 4
278 5
334 84
551 71
589 5
201 29
374 81
736 30
279 39
711 61
22 1
159 94
428 42
366 7
335 14
349 63
571 7
849 52
818 5
718 75
124 34
797 9
118 30
687 79
760 58
254 68
435 13
385 6
538 23
379 35
61 98
734 2
795 61
742 26
490 64
67 32
612 60
709 38
584 16
469 83
39 55
281 35
27 42
279 91
828 92
843 86
248 56
24 16
635 6
756 25
173 81
78 44
106 9
250 87
586 53
214 86
252 12
703 49
846 78
268 89
46 35
34 50
320 8
21 57
659 91
788 49
480 76
579 96
532 52
840 23
415 61
163 7
308 40
858 49
447 19
430 70
623 12
49 79
298 61
690 76
258 92
659 10
613 55
395 85
625 13
713 19
311 43
23 80
111 15
633 91
891 1
656 33
640 63
782 73
721 49
355 62
4 73
97 22
258 2
314 96
427 93
419 61
433 14
696 25
361 8
768 4
895 85
86 36
807 72
249 57
504 51
155 76
570 78
632 25
344 33
240 75
758 88
19 2
106 11
756 24
1 92
168 69
95 20
365 71
633 46
25 35
289 75
13 8
493 74
706 31
877 36
694 61
266 44
589 38
721 9
489 21
157 5
727 23
285 71
278 97
792 42
817 89
686 69
822 62
851 76
789 57
791 47
128 42
789 79
863 85
586 77
720 5
865 27
742 81
830 34
769 99
650 50
331 97
554 11
771 41
542 12
550 27
330 68
167 13
169 86
771 63
782 89
612 88
24 31
205 54
248 53
308 16
288 23
161 22
671 90
440 32
619 28
103 35
647 86
228 22
700 31
30 81
257 52
235 69
506 81
634 7
323 94
357 30
71 65
451 49
805 61
600 100
800 77
19 60
428 58
185 45
122 14
533 85
844 75
498 17
814 71
1 53
549 44
322 12
335 40
143 82
314 48
621 91
433 57
675 19
101 26
80 81
778 78
124 35
299 69
274 30
172 98
614 15
282 31
789 61
174 97
305 35
874 65
568 51
685 65
221 84
661 28
176 88
51 14
733 48
136 32
790 1
633 47
642 85
705 80
834 55
891 83
504 85
537 97
744 61
135 95
462 56
358 34
566 66
320 58
661 29
171 82
371 36
564 37
653 89
885 48
568 37
65 13
823 30
306 4
473 59
753 70
777 76
497 70
867 4
775 13
594 28
494 51
11 36
436 78
690 90
396 34
745 22
805 61
281 98
598 2
672 5
795 40
756 31
892 2
812 64
719 19
660 28
603 22
754 24
411 74
383 5
735 38
9 59
257 52
198 45
790 2
771 44
52 31
218 53
131 89
715 23
326 3
367 15
534 22
660 11
724 82
352 30
381 22
882 97
150 82
97 48
422 42
625 89
737 53
226 43
728 37
496 64
793 46
455 55
847 17
588 82
2 27
452 25
269 56
637 75
395 43
835 32
774 5
702 8
826 41
82 70
374 59
717 54
441 74
774 59
372 89
570 53
35 68
297 31
125 69
575 80
845 31
700 48
710 21
136 74
42 49
395 87
854 11
597 76
676 81
398 43
900 68
292 39
453 46
707 38
751 68
698 30
554 30
598 34
756 75
188 80
153 45
172 99
444 1
66 31
72 61
758 75
229 18
588 16
560 99
144 37
617 12
674 36
191 72
646 43
272 31
886 24
700 93
335 19
672 87
256 58
359 28
813 27
585 6
175 95
359 46
424 44
825 1
1 55
675 2
424 95
32 35
376 88
298 57
247 26
272 31
854 93
356 52
870 24
440 7
652 83
316 12
250 76
156 27
307 57
695 83
371 57
179 11
78 25
306 69
211 59
151 16
194 85
54 23
390 49
406 3
778 17
649 73
350 81
201 36
552 83
761 15
359 11
691 90
571 54
659 29
838 91
334 84
773 50
640 40
803 58
698 46
196 16
399 43
670 80
896 45
848 62
348 97
37 19
95 40
480 85
772 25
212 67
853 93
577 79
259 98
314 8
790 25
92 89
532 81
210 34
730 24
546 16
682 57
282 7
729 92
214 39
447 52
830 41
158 4
595 53
882 97
119 47
230 49
462 1
392 60
23 7
814 94
166 5
122 19
51 4
593 63
2 39
245 21
341 100
856 18
617 73
553 24
279 81
574 62
720 94
29 59
129 9
889 42
422 29
354 72
863 83
336 72
652 38
208 71
247 42
760 99
310 47
64 66
38 38
784 68
282 48
33 50
851 72
479 64
848 37
96 1
617 2
132 45
644 24
755 67
164 63
660 28
405 77
380 64
379 64
426 45
213 4
823 67
55 69
22 47
168 68
252 40
115 18
300 13
483 51
897 23
242 6
19 8
840 7
705 98
414 76
848 69
375 46
576 82
602 47
775 16
540 1
628 88
387 91
368 52
811 20
815 76
144 82
337 37
530 91
136 86
831 24
789 15
486 42
646 66
705 66
845 11
55 55
822 65
416 26
900 39
880 55
563 95
143 8
47 73
236 94
110 77
20 70
3 86
148 14
832 4
268 23
30 65
434 82
826 95
740 6
225 91
364 98
663 46
646 99
157 23
639 74
673 45
791 43
179 98
405 77
512 87
328 24
40 27
400 65
599 92
405 1
583 18
354 97
505 45
269 20
504 25
839 95
309 20
652 64
764 12
295 24
209 59
877 49
304 57
336 79
190 13
478 94
59 97
287 71
89 92
831 40
872 40
389 97
559 77
518 93
61 25
752 41
440 69
573 29
22 77
486 15
450 14
146 43
169 84
353 11
206 73
775 54
866 100
535 54
768 100
718 9
527 19
508 83
128 60
596 74
679 62
212 92
700 9
276 39
389 90
855 45
43 49
572 78
388 21
705 100
460 13
500 47
873 40
402 48
37 34
239 50
679 89
726 58
328 79
868 11
319 32
555 98
592 23
262 46
89 6
151 99
155 36
46 38
817 3
311 59
329 48
637 37
487 61
892 22
53 84
543 59
255 25
687 97
206 37
581 79
301 62
359 63
330 45
380 31
456 55
741 59
890 87
654 38
470 80
180 33
13 56
820 81
695 11
811 94
855 16
357 26
251 84
622 40
722 6
320 85
406 43
711 68
48 12
839 43
206 27
130 56
110 9
479 70
791 53
813 97
374 89
366 81
673 79
376 13
646 78
582 39
369 37
181 3
446 88
768 90
648 18
891 4
675 43
132 59
744 1
61 45
477 25
117 66
378 99
815 80
41 32
198 9
583 93
897 24
244 46
846 96
310 54
339 51
553 11
529 63
515 76
266 50
156 57
362 24
741 68
564 6
182 12
224 81
649 33
497 87
169 68
850 87
165 62
130 13
654 44
668 98
642 83
367 82
499 38
84 6
464 74
840 96
140 16
219 98
206 91
89 39
332 11
573 20
202 26
11 65
499 13
685 37
384 40
283 99
740 52
347 61
297 40
529 13
83 51
554 3
815 51
364 67
10 23
455 24
219 62
17 58
391 72
730 54
858 84
810 77
860 47
900 90
839 84
493 20
436 62
98 80
680 28
318 11
332 83
483 23
235 10
489 67
354 19
484 78
312 69
432 21
765 59
199 57
365 91
282 38
189 23
397 52
428 38
453 86
239 42
182 8
35 69
465 11
152 57
775 68
446 82
460 83
887 26
1 75
215 84
881 9
224 12
279 42
105 55
761 72
467 62
35 44
627 13
397 4
460 81
466 30
55 54
752 16
498 15
675 77
47 77
28 28
769 94
38 17
382 16
259 6
687 38
680 14
640 76
559 39
689 57
233 62
302 5
870 2
876 11
39 83
656 42
82 15
411 99
802 53
420 62
275 21
495 26
557 15
251 17
319 49
119 26
442 92
1 77
89 31
825 39
243 46
828 93
608 27
620 95
728 72
889 53
736 7
383 9
15 53
784 28
753 93
798 10
775 82
806 62
167 82
649 23
175 77
491 40
209 98
570 3
842 20
620 82
758 49
106 32
822 61
26 53
453 9
316 72
449 95
479 41
68 23
411 81
448 16
101 27
43 44
345 63
397 48
767 79
442 65
763 18
620 21
755 74
269 87
582 16
563 85
151 53
394 8
1 60
502 11
719 33
803 87
67 32
704 93
59 58
487 46
21 68
590 70
5 33
457 25
742 15
646 58
713 75
579 56
760 27
853 48
856 34
135 47
730 47
787 88
63 31
647 63
289 40
257 88
97 51
834 41
512 13
578 14
602 5
621 5
178 28
480 5
620 48
633 100
106 68
684 16
617 92
293 65
782 73
778 96
674 5
126 13
388 61
297 44
622 54
813 77
672 88
879 66
674 66
99 73
167 33
843 46
232 76
729 10
606 70
307 98
10 71
704 68
871 44
199 32
506 16
273 10
690 22
326 74
714 31
380 60
541 68
626 11
564 20
3 59
199 4
48 56
247 64
799 8
717 65
66 65
60 63
669 93
246 70
349 34
745 45
97 10
739 94
61 63
630 57
524 92
225 57
591 34
892 25
715 53
275 9
306 44
357 28
267 10
207 27
496 56
647 24
755 27
601 38
769 2
534 1
329 84
588 81
691 82
768 38
447 31
530 6
18 73
655 31
848 91
878 2
551 8
762 8
590 72
12 73
686 42
869 72
220 61
553 37
774 84
273 72
466 59
293 26
741 87
317 54
296 52
619 20
504 62
127 9
647 42
266 70
878 94
16 69
645 26
86 19
803 22
348 63
18 55
168 52
438 49
236 42
760 31
412 52
797 69
461 54
143 69
439 49
613 73
195 61
789 75
338 15
91 56
362 16
23 94
281 83
663 27
7 70
744 38
184 49
122 48
189 36
884 19
676 11
265 83
76 16
339 61
751 22
347 60
168 48
725 88
759 75
154 84
865 8
568 85
875 76
415 52
90 29
287 88
10 68
242 80
8 37
783 96
218 72
251 30
306 72
413 97
332 33
785 39
184 13
620 67
227 58
648 24
803 39
512 42
593 95
792 80
746 65
878 45
235 43
22 29
518 10
61 58
623 60
298 12
790 79
332 63
173 35
6 50
878 38
840 29
498 48
70 39
116 75
623 93
244 99
513 65
6 33
87 64
410 66
568 21
296 15
485 22
22 10
714 75
877 9
315 89
561 3
439 56
561 77
663 21
753 13
239 58
54 90
792 97
655 51
594 94
67 28
854 81
817 34
581 83
259 11
712 41
449 85
694 95
697 18
234 42
725 89
859 21
38 4
49 8
449 33
40 51
143 81
516 3
292 56
59 37
150 51
338 77
51 76
356 37
297 71
547 29
296 60
296 24
449 22
524 17
436 76
166 7
500 65
674 10
277 77
443 17
470 78
224 25
369 39
540 61
811 96
318 2
420 100
88 88
39 85
320 84
100 19
59 29
601 23
521 57
362 88
199 90
56 83
648 42
135 86
73 74
51 69
828 6
412 64
640 96
289 38
201 41
191 74
183 63
477 54
575 48
735 66
864 37
684 83
779 73
159 97
722 57
853 98
11 62
674 21
527 46
160 8
580 81
414 17
110 14
95 18
156 13
573 9
845 50
729 43
130 66
15 23
103 100
48 78
727 35
134 61
330 32
227 42
103 9
755 78
749 57
411 81
628 34
704 91
693 17
509 100
837 92
423 89
322 39
225 50
560 69
492 25
794 70
677 68
739 37
622 82
328 69
352 95
300 31
322 59
20 32
687 63
481 19
656 25
201 81
310 18
248 76
291 38
773 11
233 2
86 92
222 54
121 2
224 51
267 58
417 67
369 1
842 24
358 64
607 55
164 8
218 85
555 8
582 37
877 67
439 7
64 77
515 13
487 68
441 53
149 22
364 81
280 59
243 25
318 82
421 33
774 34
407 83
69 37
780 54
878 75
816 26
478 15
590 94
825 49
204 25
54 55
759 42
145 78
498 6
59 58
78 14
336 96
861 65
183 96
472 48
125 4
597 8
415 64
173 76
665 46
253 42
711 6
316 75
608 61
617 30
409 80
569 58
365 30
445 28
871 13
676 36
535 22
137 38
750 78
831 91
857 38
572 62
574 57
189 31
187 16
748 14
670 81
810 23
301 75
857 88
843 50
747 42
860 50
649 94
466 28
10 57
890 35
821 78
333 72
82 58
113 50
788 28
683 16
64 4
326 62
756 21
170 77
863 57
872 80
623 77
509 20
462 78
52 30
407 58
15 71
87 55
457 17
632 78
349 52
47 48
58 50
563 32
363 6
69 100
220 48
842 18
259 64
753 15
79 60
845 48
68 62
842 7
64 64
92 99
226 40
276 13
180 61
122 40
454 77
189 48
635 83
809 20
24 45
368 97
882 25
802 41
827 62
62 19
201 74
94 70
163 80
658 50
640 20
598 80
194 61
860 63
538 46
598 82
244 79
449 67
731 51
64 30
222 34
147 78
140 66
148 65
170 76
721 15
182 17
112 39
218 59
701 7
146 9
524 52
71 99
587 64
833 42
605 7
773 59
329 58
39 48
402 88
27 85
269 47
132 46
206 21
171 57
313 42
353 61
177 91
844 5
546 59
307 39
491 92
812 52
301 92
114 88
44 36
686 60
181 39
230 64
16 29
366 18
46 92
122 58
722 49
510 73
754 44
894 10
674 49
801 4
3 87
372 34
510 75
856 33
567 26
101 24
176 21
492 20
268 50
528 60
157 88
393 68
491 48
248 40
147 9
471 68
452 18
159 87
841 97
149 29
212 82
549 45
226 4
337 43
581 19
283 35
8 3
416 15
561 92
561 41
767 65
380 31
810 12
569 87
186 75
645 51
698 20
207 27
744 31
561 4
116 3
497 71
82 72
488 37
396 8
307 96
7 92
818 4
853 30
861 18
411 44
444 42
409 13
534 61
436 63
701 73
263 99
456 73
669 88
391 46
382 21
366 12
588 70
209 64
516 95
341 85
183 20
132 18
510 15
179 58
617 8
648 12
276 93
421 95
483 15
217 17
627 10
760 12
287 74
229 4
271 22
562 79
41 57
370 21
671 61
367 45
879 79
683 99
395 44
231 78
507 54
91 56
401 22
874 75
807 47
14 59
845 34
373 78
828 78
900 58
69 99
644 45
842 60
646 91
746 39
725 71
818 61
638 24
36 13
890 45
270 26
269 55
201 1
634 76
413 77
539 42
826 55
556 19
330 87
866 5
682 46
68 11
322 99
235 75
632 19
365 86
745 55
797 100
635 9
80 23
17 40
464 38
295 44
265 38
826 41
243 36
274 18
93 77
883 47
529 89
400 9
393 88
881 49
530 70
869 28
409 31
435 37
56 56
896 38
323 17
490 86
872 2
299 86
133 47
64 98
849 17
610 27
693 33
373 8
312 52
139 52
423 72
548 28
712 43
367 37
373 5
139 67
482 36
206 2
295 53
269 18
637 77
861 19
156 55
168 70
685 11
311 1
782 21
511 59
329 59
496 47
300 72
340 78
617 70
54 24
834 99
204 94
110 71
230 46
223 83
177 42
591 16
661 92
366 52
341 38
540 84
676 47
114 13
416 66
295 89
522 53
642 1
9 34
600 96
126 98
198 31
680 82
305 21
466 60
75 53
585 56
247 43
708 46
490 54
781 31
749 46
72 82
560 21
106 84
403 63
203 12
595 67
720 73
230 96
807 94
199 98
800 80
695 11
634 4
266 93
738 1
563 19
701 86
519 58
295 63
37 95
894 68
180 43
652 5
69 39
8 12
343 37
183 21
221 88
614 97
888 89
426 59
781 27
540 44
401 5
778 50
315 63
475 15
375 56
269 17
397 93
58 18
778 17
322 38
788 62
196 36
350 26
680 69
669 23
484 12
261 43
1 39
171 47
318 70
521 65
507 20
252 61
187 35
843 86
30 29
308 78
31 30
788 31
299 16
798 32
133 34
828 65
627 61
802 17
135 83
404 82
332 53
175 79
517 9
511 44
62 50
518 5
423 73
710 24
692 61
156 34
310 12
65 85
22 49
96 93
382 12
670 49
832 23
734 37
505 66
257 46
8 72
564 97
309 57
842 92
205 17
505 88
368 64
862 89
578 70
235 53
525 100
875 16
372 81
241 80
726 2
433 85
613 56
107 68
840 94
895 3
170 36
558 41
392 39
101 77
433 95
49 12
273 25
346 29
898 19
411 38
403 50
725 10
341 88
136 89
751 64
401 97
334 46
531 21
771 26
162 97
551 32
147 69
384 25
206 86
447 48
848 61
415 27
346 10
850 47
485 61
464 82
137 75
890 2
407 7
21 44
198 50
686 2
79 97
339 38
773 5
649 68
867 1
713 96
12 78
263 73
153 8
270 6
574 56
677 71
765 11
281 90
668 12
742 36
322 98
860 97
164 11
231 39
104 93
486 11
332 29
456 11
14 31
433 13
637 33
717 90
367 62
262 31
162 87
321 76
450 60
261 23
303 79
401 54
562 23
645 73
529 33
659 7
470 4
492 55
804 94
572 70
96 48
779 91
294 32
750 87
429 74
231 13
291 92
149 96
567 67
664 86
274 59
769 18
51 8
877 20
345 19
693 17
194 76
451 36
14 80
361 69
602 23
332 36
549 83
308 24
296 9
24 74
70 73
860 94
343 48
105 72
676 79
433 1
523 98
285 69
783 92
774 47
775 51
215 38
17 48
275 21
477 34
670 19
583 11
808 22
57 95
258 26
484 89
546 90
566 41
758 63
855 100
71 81
198 28
107 7
833 80
680 98
364 23
758 39
43 38
795 52
896 74
117 13
357 97
349 92
546 97
132 31
200 25
31 3
282 5
373 94
593 31
148 92
266 77
427 38
489 88
695 1
26 11
779 30
640 58
578 28
474 54
345 8
850 75
782 100
555 25
245 86
379 80
834 91
272 37
414 62
289 35
899 30
369 92
828 68
309 54
153 86
343 79
530 82
175 79
672 2
100 8
75 49
658 97
709 11
453 3
790 28
211 8
376 79
299 74
223 67
396 74
297 98
731 10
426 63
296 67
547 47
644 1
121 56
23 100
269 92
650 50
771 13
446 69
351 89
682 69
764 77
626 77
44 80
127 74
311 16
431 59
663 67
320 5
480 53
295 69
367 73
337 85
196 21
823 90
230 20
172 48
318 77
182 12
868 72
224 70
504 1
393 84
590 95
649 62
287 27
266 44
9 80
641 42
8 93
591 81
47 25
67 86
888 54
484 42
451 39
597 59
232 87
532 86
93 85
589 25
218 90
676 20
378 41
127 7
446 18
27 26
276 25
398 75
395 32
829 42
823 69
579 16
899 84
829 50
413 78
772 95
759 94
158 90
376 74
111 79
486 77
279 92
437 57
696 26
36 4
232 85
769 81
853 24
195 3
756 82
699 76
820 89
495 88
525 10
666 53
232 94
878 83
880 12
744 57
103 33
296 83
615 38
76 87
665 8
739 9
767 75
851 9
471 80
685 21
242 99
586 22
659 70
310 96
475 84
183 93
216 82
227 90
445 61
448 28
369 29
245 44
205 18
324 42
38 30
371 48
648 43
714 6
201 12
130 20
252 30
318 33
615 52
741 76
113 9
515 7
813 64
748 49
608 14
555 35
414 74
325 41
597 81
342 77
376 52
583 86
880 100
158 57
873 97
256 3
283 39
296 91
97 63
185 17
490 9
159 92
465 92
350 24
885 45
560 40
860 33
756 97
731 68
413 47
732 39
813 27
358 15
310 42
712 66
772 52
407 30
122 55
368 87
477 41
120 69
608 86
672 3
357 61
747 32
188 28
880 100
841 20
97 9
191 13
603 40
521 56
423 1
846 21
839 76
513 27
842 14
543 9
16 84
393 78
263 12
119 23
296 12
255 61
843 21
199 13
51 74
182 54
710 10
831 70
6 43
304 15
444 99
263 30
512 68
161 18
248 91
480 35
264 6
322 29
795 94
23 85
9 88
309 90
325 75
153 71
60 9
852 72
295 69
725 76
220 38
389 37
554 94
801 86
205 48
449 28
816 29
107 94
737 54
720 59
39 39
815 80
722 38
656 88
174 94
476 75
131 77
364 34
838 33
289 24
533 2
519 20
823 12
565 33
800 21
494 14
662 50
773 28
126 14
105 61
433 36
661 37
449 44
21 65
298 29
616 71
117 77
890 93
142 23
808 46
319 100
352 79
590 87
18 25
239 2
428 42
752 44
490 77
139 25
472 5
252 6
623 43
1 23
539 18
310 22
541 86
120 83
375 84
457 13
548 85
677 11
602 89
470 34
832 58
89 39
722 68
622 56
292 93
82 71
461 6
292 24
735 66
813 71
657 65
558 96
595 73
690 2
688 89
359 5
668 46
396 36
547 70
309 24
679 1
501 73
287 96
296 1
370 49
835 82
619 6
396 99
604 94
700 38
339 88
358 80
72 85
800 8
347 2
794 66
338 97
614 98
185 95
9 16
24 88
598 97
798 53
820 26
814 47
543 78
172 89
560 62
558 19
766 84
816 88
895 83
568 26
413 88
492 4
824 96
464 66
810 13
351 73
836 14
701 67
518 4
61 58
844 19
559 32
9 75
746 80
236 82
670 96
158 57
633 92
777 69
319 85
802 49
803 62
174 23
