898
42 28
167 50
131 44
26 24
175 60
102 22
17 11
14 87
65 86
177 82
51 66
38 44
34 33
102 1
5 79
73 58
56 67
173 47
165 33
124 7
120 17
90 37
133 10
171 83
56 47
48 6
46 75
103 74
58 99
77 31
141 16
66 45
46 63
167 65
99 56
18 82
105 68
1 24
38 67
8 44
67 97
65 19
4 69
65 48
59 70
49 32
151 99
20 82
95 2
30 27
72 5
87 20
159 21
66 66
126 62
176 85
141 97
75 32
137 99
5 38
99 66
138 1
58 60
122 55
58 75
3 99
111 74
115 90
65 3
126 2
105 68
140 88
35 31
124 46
109 12
105 42
8 98
53 36
68 16
174 50
160 56
160 1
19 88
28 71
8 33
160 98
105 16
129 46
143 57
100 80
25 60
13 45
65 47
108 28
156 52
17 90
173 58
11 67
101 49
45 5
16 97
162 29
142 11
128 35
57 16
81 29
146 83
14 26
159 58
25 6
49 29
36 64
116 92
96 91
6 31
146 13
130 82
115 68
177 29
146 72
137 47
98 19
16 18
154 42
33 9
87 37
46 77
99 61
78 32
47 67
42 12
36 4
55 7
140 6
31 70
64 2
148 44
93 59
65 75
107 4
3 54
132 90
57 52
98 53
80 43
66 75
75 99
152 31
18 26
19 64
48 93
70 15
110 34
131 69
58 87
120 57
177 74
60 83
103 69
8 81
64 2
176 43
151 77
74 10
59 8
41 77
67 58
111 4
9 34
180 73
11 89
160 19
30 5
28 91
39 39
99 84
73 46
12 56
138 38
11 11
119 47
158 78
100 56
142 64
45 39
31 29
57 72
126 2
121 12
98 77
77 58
75 35
58 41
69 73
18 13
14 14
157 61
134 13
96 80
24 18
173 10
114 62
5 93
82 71
22 61
42 100
147 22
75 37
117 82
157 59
175 62
30 67
6 91
87 100
10 45
177 16
82 54
59 94
100 57
157 78
145 15
122 18
113 38
20 31
134 36
154 92
88 59
77 85
146 7
92 71
180 87
172 92
178 92
41 12
162 39
167 74
72 11
85 57
108 66
176 12
123 7
78 4
89 92
33 50
42 26
33 13
42 75
88 4
154 77
3 95
85 65
8 82
151 46
43 97
144 31
48 79
59 57
138 89
13 35
84 86
101 60
69 74
34 38
122 3
106 40
19 94
52 14
31 58
106 3
10 60
39 85
174 77
15 17
169 44
137 72
78 92
99 80
164 79
26 56
45 19
8 85
119 29
162 39
35 87
87 83
53 27
39 5
56 24
27 15
111 23
131 79
34 91
84 53
27 12
21 82
32 2
141 33
37 9
148 83
46 63
41 59
34 40
91 76
157 100
25 48
175 74
142 71
172 97
167 5
8 54
100 23
125 56
8 51
9 75
38 73
152 32
177 35
23 7
11 57
147 70
94 51
33 60
105 87
92 93
71 92
37 75
35 5
107 64
157 86
54 87
20 96
165 46
72 4
38 74
41 78
12 43
115 2
135 5
112 93
64 9
35 84
123 53
162 34
126 43
68 44
103 77
11 11
131 79
37 30
110 46
150 50
14 72
179 81
46 88
18 4
54 84
12 16
73 35
74 38
134 56
120 48
65 84
103 37
180 9
21 13
19 52
23 69
66 10
23 14
82 27
51 98
121 41
112 54
124 45
25 89
54 25
34 15
44 86
133 15
161 53
91 73
18 69
138 19
75 17
62 13
90 42
34 93
144 75
143 31
100 75
53 57
61 15
142 76
5 80
32 32
143 24
61 7
87 30
117 29
52 40
82 99
108 25
55 65
71 5
125 32
85 24
98 89
30 4
40 58
91 54
37 95
124 100
50 55
176 91
73 43
1 16
124 11
103 37
7 10
57 18
44 64
34 47
162 25
139 44
1 57
106 2
28 6
165 47
13 10
22 24
79 13
163 89
176 13
60 77
84 48
124 4
77 49
21 2
75 68
146 85
131 24
63 81
151 67
112 41
29 13
136 7
77 55
83 70
22 38
17 81
127 38
15 92
1 23
86 21
121 97
91 60
12 90
25 26
101 68
35 33
156 36
16 56
176 49
26 33
107 24
75 31
8 55
58 32
146 67
134 84
152 38
172 18
178 37
136 57
126 33
162 71
7 91
1 36
42 97
77 50
101 41
59 34
129 91
178 96
137 11
19 53
57 24
139 75
68 77
133 18
171 98
63 25
39 40
46 81
67 41
149 65
121 26
172 90
115 95
163 46
85 51
146 64
127 22
122 7
169 86
138 87
139 43
8 27
122 79
44 79
75 8
31 18
71 75
113 27
14 84
116 99
108 54
45 81
89 89
60 100
108 55
141 3
3 66
19 97
6 91
100 54
152 81
83 89
27 22
165 69
72 3
75 71
95 30
169 36
13 39
152 50
98 69
123 50
140 51
87 62
128 15
70 98
104 48
82 51
1 82
22 24
87 74
49 72
95 59
97 4
86 46
4 94
139 92
159 15
137 64
124 50
68 12
124 48
152 85
44 50
18 100
16 1
171 79
176 61
81 17
69 56
83 39
117 86
142 22
7 22
53 88
117 17
9 17
96 82
175 19
130 96
109 42
47 18
50 68
158 20
180 17
41 69
67 45
147 77
107 41
76 2
161 24
66 4
29 30
84 27
30 91
163 5
20 94
83 100
145 86
25 32
118 6
100 96
21 99
51 84
100 40
171 14
165 59
89 6
135 84
166 67
109 27
1 15
164 39
71 24
164 11
84 86
90 90
131 81
151 98
158 35
100 31
62 21
10 20
78 6
22 27
166 49
47 93
35 11
109 35
84 45
110 75
80 63
2 73
79 81
41 54
67 41
130 93
28 49
140 5
138 94
3 62
159 86
128 79
76 63
100 69
147 86
71 28
125 70
12 48
166 93
34 37
20 17
21 17
29 27
176 100
80 80
14 65
97 8
112 16
6 91
121 35
172 11
29 67
46 38
151 91
114 65
136 30
106 12
55 45
129 1
35 20
160 66
151 76
172 72
93 71
9 3
76 44
114 83
117 10
14 91
121 74
110 84
123 55
106 33
164 89
126 27
148 47
162 12
66 77
65 52
31 42
97 54
139 2
112 7
2 52
127 44
40 32
122 76
80 29
51 78
10 68
177 37
21 17
137 65
64 5
63 6
172 35
93 17
36 64
176 9
126 78
57 80
39 32
173 70
72 61
63 74
39 21
81 73
39 5
82 6
149 70
148 7
21 71
12 93
174 54
139 34
86 96
25 94
59 63
60 38
121 31
80 48
138 20
151 48
144 15
25 48
84 19
28 44
69 46
102 28
66 89
44 17
99 83
73 58
111 28
62 98
111 79
172 58
143 11
21 6
68 4
56 22
77 1
12 79
4 13
87 6
95 4
114 2
48 94
65 46
134 39
176 22
140 92
33 98
170 1
58 12
13 41
69 82
87 87
83 1
87 42
152 71
115 7
2 1
168 70
103 7
98 77
136 87
154 47
99 73
73 37
125 6
70 88
157 59
71 64
10 96
82 70
86 1
176 29
69 9
65 7
112 54
130 73
122 89
85 3
23 87
121 100
154 71
11 49
13 50
52 31
2 83
104 8
28 100
87 23
150 35
94 36
14 60
104 69
76 88
33 5
10 42
167 49
74 38
4 88
13 75
57 79
35 91
177 73
90 57
56 88
36 71
164 17
53 72
35 80
109 88
72 15
70 43
110 43
115 17
138 14
96 27
72 6
85 71
86 32
19 38
115 17
88 85
90 4
86 9
52 78
126 63
11 23
99 45
103 39
74 8
133 85
31 56
142 13
133 74
97 44
126 65
46 19
71 13
70 75
157 96
64 95
119 7
139 40
72 59
155 89
37 82
36 89
1 51
45 55
54 80
31 31
106 50
22 70
63 32
171 79
56 10
109 75
64 69
2 92
142 25
134 23
47 41
127 75
159 51
103 67
37 74
98 81
52 98
123 89
21 87
94 53
93 75
112 60
37 14
39 65
4 7
79 24
160 85
32 13
135 15
163 36
21 33
111 21
23 44
105 89
165 35
123 37
47 95
144 88
60 12
159 79
156 25
94 10
121 18
175 64
48 72
61 77
91 50
25 12
95 71
52 50
151 9
4 12
138 14
64 80
73 53
118 71
132 41
51 63
71 62
11 6
59 69
83 80
163 64
109 41
88 54
161 17
124 78
163 39
141 27
143 57
78 45
31 78
141 80
54 87
98 22
140 53
38 58
177 94
139 67
36 68
38 1
128 20
46 63
94 25
87 54
44 92
61 93
80 6
137 92
25 68
21 37
94 65
35 38
39 85
64 12
70 21
145 32
96 24
102 8
86 29
73 30
84 19
24 69
59 54
124 69
3 30
161 33
165 43
124 76
113 11
139 66
178 6
22 25
68 16
101 14
61 24
153 84
94 15
120 82
85 81
149 87
151 60
38 19
88 53
19 13
16 53
99 67
174 77
42 70
40 39
73 99
9 44
11 51
72 67
16 36
83 7
120 32
163 19
179 49
46 85
33 80
35 28
143 63
48 56
104 34
172 4
14 5
166 98
159 93
139 91
3 93
121 43
27 91
16 19
11 97
21 52
124 18
6 74
133 41
175 71
63 14
37 70
95 33
96 65
109 5
1 82
112 1
144 35
107 43
146 91
35 25
141 65
27 14
23 74
126 39
160 86
48 81
30 85
122 11
110 4
155 17
29 47
155 18
49 36
4 96
147 79
84 55
104 86
66 78
66 49
33 56
92 22
101 55
58 3
166 56
155 46
174 57
147 71
48 15
94 72
159 63
8 34
74 25
64 96
18 57
99 98
112 90
72 94
23 21
91 81
31 23
102 44
102 85
97 40
53 55
54 75
118 36
91 53
178 53
130 71
144 54
89 15
87 20
58 42
63 74
122 5
151 66
44 34
83 5
81 51
129 28
128 74
144 94
162 82
73 36
130 27
126 31
166 60
97 81
118 1
97 45
16 7
101 67
53 61
178 92
115 13
63 70
69 25
139 43
169 46
98 73
146 90
156 10
92 49
114 28
73 69
50 8
39 78
20 54
102 9
102 100
165 47
155 19
88 58
88 84
74 71
148 11
9 100
39 16
71 79
22 39
158 91
30 11
81 60
20 97
103 5
105 11
140 23
106 36
86 30
125 43
40 18
148 99
123 42
92 96
50 74
10 11
128 34
110 93
53 94
151 39
5 6
71 9
21 42
81 34
124 23
15 42
99 12
160 99
34 12
98 58
57 5
11 42
50 50
128 71
79 63
87 27
68 10
121 99
54 28
176 26
32 96
53 79
104 29
30 42
167 14
99 4
144 2
125 67
105 99
81 17
94 59
40 50
106 52
12 15
110 2
158 88
82 81
164 35
11 94
23 30
170 14
146 34
132 59
168 50
133 98
74 84
97 40
122 63
3 20
167 22
127 21
3 98
180 42
7 57
4 97
58 30
48 70
74 23
154 27
150 98
135 47
10 31
128 57
63 12
108 82
89 95
22 38
19 64
112 8
167 46
146 10
80 24
121 13
131 68
130 37
79 70
24 48
64 25
67 71
96 37
98 23
32 55
99 83
164 48
70 34
121 46
115 15
43 90
77 30
131 70
80 68
94 66
25 93
79 93
52 44
134 19
135 36
115 67
71 77
28 84
33 80
20 50
150 67
124 15
20 60
57 46
64 8
93 67
24 79
21 68
104 29
153 20
86 5
101 94
58 12
114 23
62 22
130 80
117 65
18 5
108 76
135 94
34 19
140 47
118 68
80 17
44 76
99 56
44 20
69 45
152 44
69 28
73 67
31 96
160 28
137 58
166 21
144 26
126 14
20 33
118 51
71 8
78 6
156 45
45 86
142 42
167 42
60 46
137 18
179 42
141 95
148 66
68 50
54 63
33 81
149 55
8 96
174 5
58 98
54 11
4 44
170 9
112 91
136 39
10 84
130 5
140 59
79 59
140 49
171 33
32 17
44 52
151 47
150 45
90 73
92 7
153 11
107 9
150 64
139 17
123 27
55 51
18 96
40 74
150 12
56 64
61 99
145 43
121 26
88 20
95 68
95 66
30 69
16 12
8 25
177 24
61 57
117 85
117 58
123 38
173 18
127 46
37 60
20 93
5 27
177 17
26 91
139 6
79 46
134 18
56 54
26 44
16 50
90 44
99 32
27 9
125 87
12 97
38 81
88 36
137 39
45 100
72 96
78 42
144 52
8 52
69 84
72 54
139 40
178 95
115 17
125 23
44 2
121 20
174 33
16 50
48 65
127 39
123 95
174 21
40 45
13 85
139 3
32 64
165 6
106 7
169 46
95 8
126 98
96 77
95 72
13 2
81 59
148 35
179 1
117 17
18 57
149 50
167 5
171 41
78 1
87 15
46 5
109 49
88 20
84 50
93 96
75 36
168 31
174 32
33 29
68 55
132 9
166 53
26 42
143 73
78 83
20 67
91 25
104 76
160 63
164 28
137 32
114 31
86 94
106 94
128 6
132 89
75 20
50 32
3 36
34 86
166 55
96 44
40 39
119 66
46 6
113 74
90 33
58 99
1 44
97 76
17 35
35 86
28 82
49 44
91 47
161 48
11 46
45 55
77 70
40 95
176 41
57 81
152 58
63 90
95 1
86 87
27 38
80 2
46 21
156 42
175 34
148 73
17 31
136 17
119 86
140 4
86 88
162 43
22 18
152 68
108 99
120 7
115 30
176 23
173 67
134 65
58 6
53 31
102 47
139 56
41 90
158 68
147 61
78 26
138 66
41 73
117 72
47 38
113 42
162 98
88 70
39 30
10 11
145 81
120 25
178 16
175 36
87 90
9 11
112 10
18 97
128 91
111 30
120 76
43 62
70 3
66 44
170 49
147 68
14 4
11 38
173 57
11 47
114 76
86 15
175 53
53 45
166 76
62 65
42 24
30 84
68 12
84 75
49 20
142 1
36 49
46 98
136 95
122 91
44 16
139 66
174 97
51 9
94 37
9 37
166 60
3 28
102 8
139 44
105 31
164 12
73 46
139 23
58 91
77 74
173 6
20 3
83 65
168 55
149 56
155 97
7 26
176 27
80 79
53 84
32 79
135 61
120 45
29 20
54 71
66 26
128 61
169 47
24 58
59 56
177 39
58 92
21 73
172 52
45 48
136 28
167 89
68 50
64 98
80 69
43 17
92 49
161 100
3 34
94 32
8 57
110 4
52 90
65 53
44 12
164 76
144 36
14 37
180 65
177 40
44 37
57 81
165 90
26 31
8 80
101 64
80 24
136 76
68 21
55 77
161 69
169 61
74 16
33 22
117 46
142 47
89 94
52 94
171 19
3 22
178 33
15 2
118 36
136 74
70 14
39 49
39 52
177 96
139 4
102 11
108 93
20 66
118 57
124 77
5 5
51 98
144 96
149 100
151 92
24 9
124 85
19 75
170 100
148 62
155 78
89 7
98 2
2 74
80 2
17 87
136 76
150 69
95 76
9 30
122 16
127 18
122 83
60 11
146 72
33 9
69 9
40 29
15 8
27 37
106 67
38 60
114 64
84 15
131 56
116 99
81 46
151 27
161 66
10 40
21 60
166 8
106 53
47 14
105 19
61 92
61 100
90 12
146 56
105 87
116 80
71 61
66 95
56 94
48 7
56 55
148 30
30 11
79 45
180 35
80 8
164 79
102 85
30 27
167 96
48 40
166 69
3 36
76 97
157 9
148 58
107 36
138 42
159 76
160 58
103 49
53 53
19 100
75 56
36 34
61 69
87 91
96 22
57 59
132 59
94 65
54 48
120 83
142 55
140 89
142 69
115 51
95 55
21 36
42 13
47 10
65 26
38 70
70 25
168 18
142 80
54 83
159 79
92 91
19 81
1 52
75 62
38 93
125 17
116 54
176 5
26 65
169 34
1 59
90 83
86 55
132 22
29 95
164 41
90 24
129 39
56 48
22 97
155 40
146 41
52 27
95 35
141 41
141 37
131 5
15 22
77 72
122 91
49 73
42 41
24 11
157 41
88 86
61 41
16 34
3 9
29 49
110 30
121 65
160 63
86 56
42 50
74 51
174 79
33 59
12 20
56 74
46 42
129 54
140 81
111 88
38 41
127 93
103 26
80 4
26 61
10 69
20 17
71 78
107 40
79 8
62 92
62 35
169 91
175 29
105 93
22 85
4 93
175 29
45 66
6 10
146 45
102 74
147 15
52 20
142 83
160 9
28 73
67 40
51 91
87 64
75 89
137 68
52 99
134 87
148 41
107 81
143 89
33 88
47 94
149 60
161 84
142 91
64 35
84 7
10 39
39 47
170 67
148 90
65 81
1 3
99 70
122 86
73 79
82 79
103 42
100 1
179 10
1 86
110 83
69 81
149 69
64 20
92 66
120 19
95 63
121 31
163 59
64 43
21 97
118 8
100 4
8 1
124 22
16 63
69 32
171 62
55 51
130 70
116 32
176 75
85 75
60 67
91 42
99 40
147 50
172 87
75 97
143 85
168 81
152 33
127 37
35 28
11 57
99 38
14 55
39 85
54 5
73 53
66 38
122 4
106 12
91 22
114 17
88 54
140 67
163 23
53 56
85 48
40 81
60 15
48 71
173 89
33 92
26 60
126 41
39 52
77 17
169 3
35 16
21 82
132 76
104 15
124 85
84 9
113 47
153 26
3 35
5 5
58 36
121 83
23 93
179 7
1 22
41 42
135 88
100 33
179 8
13 10
43 1
107 92
61 99
177 75
17 18
44 72
154 40
4 47
176 41
10 66
132 79
103 76
39 75
25 78
122 33
48 91
99 76
99 74
24 98
100 60
155 29
158 31
82 1
145 35
101 92
68 25
40 46
137 100
102 59
53 58
176 83
133 21
28 47
19 88
161 69
160 63
113 54
12 26
172 25
12 1
1 61
178 53
152 85
99 24
138 15
36 81
70 93
109 6
45 14
31 84
95 7
22 91
67 93
179 96
176 91
36 22
102 13
100 89
140 79
91 59
39 2
119 43
178 2
17 78
169 39
69 66
138 72
162 5
27 5
34 59
74 19
110 48
143 25
168 50
21 61
1 4
155 90
8 5
142 51
13 74
130 72
90 94
98 50
10 11
8 79
176 47
125 97
78 87
34 100
85 59
85 42
132 28
90 93
145 24
99 99
19 37
44 54
158 18
62 18
12 10
53 25
98 19
126 2
5 26
179 37
120 19
74 65
45 79
141 6
125 43
72 51
138 14
128 93
4 47
180 12
71 3
148 53
133 35
45 75
61 36
161 91
179 18
170 95
158 40
58 46
47 97
8 2
97 73
72 22
47 52
107 89
16 89
147 15
117 10
60 30
107 61
44 70
134 33
46 80
117 99
43 42
176 21
37 94
50 34
138 2
89 32
164 51
26 85
34 24
13 26
115 92
58 52
24 71
49 45
108 4
74 72
27 6
94 69
121 53
90 56
21 62
57 48
38 25
103 34
86 69
13 36
138 44
80 20
99 86
5 22
102 4
46 61
38 79
16 35
99 69
56 34
125 42
52 4
30 89
155 23
85 80
66 78
55 40
171 11
116 8
132 32
25 20
73 69
84 87
92 58
26 60
172 49
139 4
166 39
23 16
1 28
143 43
132 92
71 78
169 75
53 4
61 44
179 3
19 18
175 65
137 94
22 77
122 22
161 93
31 5
127 10
27 1
74 82
36 26
143 34
157 2
102 24
178 47
44 21
151 19
58 30
44 68
47 80
128 26
127 88
173 13
8 36
161 17
43 59
64 25
3 11
89 89
148 13
1 29
38 59
110 86
9 18
57 27
8 52
77 21
80 62
129 30
34 93
44 42
123 37
144 55
169 51
88 84
85 61
20 90
125 73
111 13
57 62
64 41
66 25
10 49
73 76
82 93
164 15
15 3
132 40
53 4
137 43
149 59
87 6
129 3
73 4
46 92
174 36
42 58
140 88
158 13
71 14
177 60
68 91
70 62
122 46
30 82
22 70
178 82
164 22
19 19
121 68
88 83
112 63
163 62
59 16
149 20
88 63
49 54
4 5
1 52
40 3
3 45
45 83
39 97
161 29
165 89
14 43
65 76
138 71
41 4
49 95
117 78
26 98
67 14
107 18
17 41
164 75
121 4
114 42
39 83
93 93
93 41
168 31
91 74
145 11
78 17
164 38
149 78
132 30
87 75
133 65
62 61
67 19
118 10
136 89
167 2
177 81
163 91
65 31
59 89
141 9
16 45
109 43
2 76
101 78
79 47
11 24
100 59
121 2
62 6
109 68
142 26
25 62
18 71
145 8
173 1
39 97
162 92
54 36
101 62
163 19
72 56
25 31
179 28
48 32
108 79
43 27
94 38
167 73
180 89
21 13
76 38
137 10
50 21
43 4
43 100
161 15
68 33
163 99
74 34
106 70
76 23
53 9
176 73
14 58
118 32
68 22
180 83
13 75
81 8
99 9
74 25
134 58
121 50
54 44
161 64
113 38
104 70
62 74
169 28
16 53
119 60
49 69
157 85
91 36
52 20
81 76
114 71
70 74
168 2
97 20
56 23
40 82
56 69
121 52
40 86
30 32
92 92
18 16
137 10
73 72
141 91
133 24
123 89
81 22
53 1
64 51
145 10
29 96
62 88
2 60
83 55
95 41
32 58
98 12
7 50
100 12
166 55
113 56
61 90
162 49
63 68
45 69
17 31
160 26
160 83
137 48
178 59
167 24
119 47
79 21
30 12
168 80
62 3
