1859
281 47
314 52
170 97
115 86
361 8
251 61
293 86
289 97
366 88
193 94
361 3
4 98
25 46
19 20
138 71
345 66
4 76
176 48
201 50
232 24
120 18
5 34
92 91
335 71
6 68
188 99
217 35
56 69
21 6
31 51
228 97
261 36
282 6
362 83
216 5
257 58
156 48
226 31
189 33
93 86
118 47
68 58
332 37
316 26
227 24
101 37
166 6
347 23
46 3
95 53
125 46
28 54
176 96
40 62
346 75
320 92
24 31
76 38
3 47
315 73
147 22
65 19
112 38
290 15
319 90
290 6
220 98
112 22
163 24
119 92
232 13
370 50
224 79
74 11
128 64
229 63
361 39
191 5
45 85
38 87
222 26
349 78
352 88
269 58
142 41
186 35
103 13
164 88
223 72
245 31
295 24
318 34
179 52
180 95
143 86
157 39
37 24
240 16
31 23
246 4
265 51
122 55
12 16
219 57
181 36
372 11
224 36
309 78
289 34
62 48
345 43
9 96
126 73
12 97
266 30
136 37
159 40
367 27
366 35
48 80
8 12
55 2
15 31
292 61
356 40
140 48
348 48
59 47
299 26
148 34
228 85
284 7
31 28
110 20
102 54
215 7
275 42
332 1
161 19
287 73
8 41
160 4
165 42
152 15
39 57
23 45
367 74
149 77
112 40
328 15
109 88
220 19
82 35
361 80
366 77
102 55
72 5
156 66
67 11
254 73
64 85
280 40
106 9
107 9
226 50
179 56
221 66
147 41
42 44
281 12
370 73
9 50
316 93
221 97
124 89
59 11
27 11
354 67
338 91
155 17
151 69
7 64
67 3
17 40
179 18
320 21
189 38
134 53
162 78
78 72
217 49
65 90
236 4
308 14
25 25
357 35
342 38
243 31
207 66
39 50
115 3
300 36
237 19
196 89
193 10
184 76
18 18
230 59
169 57
87 3
275 16
182 67
362 45
149 77
227 36
288 93
372 19
228 2
367 48
277 70
60 61
248 33
136 42
140 51
167 29
265 62
330 32
155 39
322 15
17 41
310 69
344 75
166 21
187 23
288 55
264 21
218 40
26 85
31 100
174 75
323 30
333 74
46 65
27 33
300 45
298 44
8 72
169 92
341 97
26 100
220 35
256 3
135 56
187 8
115 11
127 14
96 60
370 11
352 91
28 51
324 56
47 63
133 85
247 47
136 73
229 17
42 93
251 76
187 7
49 8
98 13
65 7
345 84
47 25
193 92
343 64
262 32
353 43
354 36
70 73
334 32
30 36
104 87
231 13
351 59
306 68
311 99
343 36
13 86
174 81
44 4
6 70
44 68
158 20
70 86
206 95
127 46
117 96
165 91
78 97
71 88
329 52
326 54
116 18
92 68
270 5
263 99
341 6
19 81
168 58
21 33
235 8
137 77
227 13
64 84
295 9
46 37
179 53
133 29
367 89
166 65
226 62
308 52
71 95
52 6
72 59
170 65
110 28
132 78
187 25
342 82
327 91
330 3
359 100
334 22
353 22
97 54
219 61
369 91
280 65
31 41
61 81
324 96
338 45
366 28
201 45
347 30
175 76
340 48
53 64
239 67
260 17
35 84
189 94
302 62
325 14
187 26
372 57
44 58
9 87
350 22
95 75
242 34
337 45
257 8
283 89
16 23
20 56
347 3
275 54
347 77
33 68
118 14
1 74
209 67
36 30
241 62
168 69
140 64
80 15
163 23
235 4
368 32
85 19
180 37
304 83
353 96
177 9
116 22
21 87
268 19
158 17
290 82
206 83
194 95
356 20
30 19
62 32
358 19
284 33
27 83
86 74
148 4
89 16
44 47
25 58
248 12
307 28
147 63
61 61
62 35
217 4
328 3
347 93
104 83
112 64
297 79
295 29
350 32
286 81
367 48
175 17
155 96
187 80
123 30
110 8
133 45
114 59
284 3
235 60
250 14
295 7
36 27
198 37
45 63
55 94
277 33
296 84
155 75
278 12
336 5
285 85
276 30
247 82
201 70
230 72
112 66
216 15
276 54
136 35
202 44
281 42
220 3
146 27
180 92
271 10
339 94
299 9
364 79
132 10
8 63
348 42
88 49
26 34
354 54
268 80
194 26
195 28
289 59
225 72
40 77
349 71
31 16
80 43
162 7
307 34
242 35
368 61
267 21
101 22
195 17
230 83
136 96
240 1
179 30
70 75
160 96
104 75
54 52
241 3
57 47
151 95
60 92
138 14
358 67
149 7
78 73
167 32
235 88
80 33
241 21
225 45
298 68
266 33
364 59
129 19
239 68
150 86
180 13
209 3
339 54
77 11
318 66
92 62
312 100
336 80
39 83
250 88
159 70
200 58
211 35
73 35
196 67
14 48
8 99
1 2
203 34
221 53
114 97
223 50
265 36
329 99
319 53
199 98
278 51
44 4
3 27
169 48
269 36
253 55
258 96
321 19
304 15
120 86
340 42
95 14
122 17
45 63
315 57
155 70
127 92
230 77
37 65
248 87
80 11
153 48
308 62
293 20
144 67
96 72
152 8
124 90
242 80
106 34
208 74
247 4
352 99
45 24
305 6
329 13
119 75
55 38
51 43
150 49
240 13
149 14
118 92
38 7
277 35
148 42
262 1
316 26
93 39
261 13
242 9
54 35
273 43
152 72
286 25
176 92
277 81
261 50
138 49
287 97
365 41
79 78
147 98
357 93
143 16
321 36
311 56
66 100
285 18
160 26
36 94
105 58
366 63
273 90
295 45
320 27
126 65
74 97
74 74
109 14
367 46
145 73
183 45
1 61
100 34
139 24
142 50
182 40
192 11
129 2
261 1
87 40
160 13
245 74
75 47
78 16
125 21
331 11
1 68
258 7
238 72
287 97
254 95
329 51
157 79
133 89
107 92
179 63
227 24
125 90
17 58
366 75
349 62
231 32
236 2
19 18
262 82
206 73
287 11
154 88
250 3
169 54
160 45
316 59
292 5
81 17
325 26
201 26
339 70
282 10
183 75
175 8
73 57
206 84
318 19
127 81
317 47
357 17
95 51
112 20
79 55
292 31
325 11
98 91
111 10
135 21
356 62
67 24
1 69
309 80
86 72
103 57
176 71
4 18
327 80
303 68
338 98
281 67
332 99
158 71
151 65
245 79
260 70
218 16
17 19
284 100
209 45
85 24
147 6
89 63
157 75
265 44
23 95
150 48
113 26
267 56
276 2
204 63
203 36
75 52
231 11
254 53
74 52
312 3
48 36
130 48
29 44
359 92
80 31
315 18
195 2
128 75
244 86
50 100
196 86
8 80
16 48
182 36
1 91
366 62
293 53
70 74
240 19
193 92
345 28
99 99
193 6
64 55
1 69
181 18
3 82
280 6
237 55
16 37
44 86
132 48
342 50
64 68
359 71
130 64
131 62
353 11
131 82
140 6
33 85
182 68
162 80
295 3
89 66
307 93
213 88
366 94
281 17
243 19
166 62
144 71
113 67
102 66
207 76
179 92
237 60
23 74
261 9
21 30
67 68
267 60
211 44
142 89
311 43
127 60
339 18
103 25
357 39
106 92
260 77
83 11
136 82
139 24
334 86
196 3
221 100
104 40
55 93
266 40
4 83
55 41
351 8
99 56
155 54
77 27
283 48
271 66
244 84
50 66
362 84
236 99
192 30
333 49
194 53
136 49
233 10
370 63
237 4
299 11
101 66
328 11
171 42
30 25
269 99
271 72
250 42
229 4
334 1
335 80
58 28
76 93
134 47
343 42
301 19
122 26
161 30
32 47
78 34
270 17
354 39
76 10
304 33
200 38
40 68
231 81
43 24
6 33
330 78
217 6
314 3
22 37
286 91
279 27
286 70
200 26
263 31
263 77
226 55
140 95
136 70
10 30
165 64
68 36
15 34
283 61
20 95
216 47
138 15
71 28
185 62
154 20
143 50
46 10
24 97
71 39
234 8
314 1
162 10
311 20
140 42
161 94
65 46
18 37
206 55
180 16
292 95
71 75
68 47
121 82
66 16
133 50
179 2
75 69
89 39
143 13
15 92
177 69
252 1
155 16
83 37
244 2
370 16
36 86
140 13
305 84
281 43
72 27
131 21
238 86
262 25
139 52
151 17
107 41
146 93
60 62
226 68
334 86
160 27
216 6
200 22
240 92
368 72
177 2
348 47
285 14
81 30
116 34
90 53
197 86
205 59
57 59
318 55
233 73
87 47
227 46
96 90
223 45
104 89
180 44
180 39
40 11
368 91
96 85
281 66
219 96
262 28
8 60
97 25
297 93
177 19
301 32
169 37
42 75
210 59
302 60
364 16
31 49
209 28
154 80
327 87
271 69
326 25
142 28
90 58
338 36
238 45
351 96
47 46
103 87
195 72
158 95
247 26
290 74
106 48
66 99
237 86
347 69
333 57
104 47
230 25
169 28
332 54
205 58
247 79
62 6
328 45
12 15
196 33
351 72
35 2
248 90
20 51
2 42
188 95
259 95
309 3
328 60
218 87
276 58
368 63
257 62
180 81
287 52
140 72
192 21
103 84
24 83
261 25
331 54
223 55
78 86
304 65
123 18
289 54
298 54
257 22
77 90
268 50
272 90
257 90
183 4
232 40
325 87
188 75
205 99
302 40
101 51
274 82
160 1
88 20
144 12
282 52
238 81
10 21
197 14
98 100
204 7
75 5
45 14
95 66
131 7
251 92
60 6
321 3
186 24
178 84
347 23
372 48
193 44
173 75
23 7
32 19
184 42
224 10
212 11
14 44
311 3
129 81
132 32
183 94
145 4
35 82
43 37
20 23
291 75
107 70
139 90
42 71
170 26
213 8
288 84
231 40
303 66
353 31
226 75
83 80
288 45
204 1
131 70
177 7
205 72
61 10
211 39
209 19
337 89
65 5
191 27
278 60
369 4
239 100
242 36
302 3
82 45
121 99
324 55
34 69
296 32
192 11
286 53
314 93
207 12
262 78
206 35
273 31
78 67
319 12
48 61
23 67
258 14
105 61
248 53
172 44
312 11
259 44
158 19
271 36
138 15
244 95
81 25
151 57
50 21
61 9
196 74
273 5
108 10
213 50
73 64
263 70
354 57
180 67
27 72
37 13
310 6
228 94
162 48
39 60
153 85
131 23
367 87
28 81
323 12
154 49
56 83
248 80
210 44
315 12
57 48
68 16
25 10
11 23
98 38
97 81
343 19
51 6
229 25
357 4
83 54
159 1
29 31
111 94
226 11
27 78
332 89
118 67
144 56
50 45
293 44
361 54
256 50
160 15
310 16
295 93
94 32
137 15
47 36
111 9
115 89
26 29
370 8
120 36
277 27
53 96
48 81
368 48
322 89
181 44
30 4
120 66
189 81
150 48
247 44
147 45
372 44
196 53
255 47
96 53
308 14
281 56
16 66
323 83
245 66
342 74
12 10
354 22
213 61
28 86
191 25
154 95
186 17
140 57
317 12
303 32
318 83
139 11
315 22
296 67
42 44
144 5
180 78
25 46
19 100
184 85
199 33
125 82
118 49
200 36
155 72
165 68
198 20
279 90
220 57
359 24
342 84
266 58
61 2
154 16
12 91
197 64
50 47
319 49
308 5
206 69
134 48
80 52
206 60
360 93
291 62
184 45
123 78
150 11
23 27
312 60
41 56
295 11
264 59
8 88
251 59
221 62
368 19
290 42
13 17
129 15
57 64
81 25
79 1
163 36
234 12
9 2
90 75
74 30
214 6
328 46
192 100
30 72
284 21
354 55
42 22
255 98
281 73
93 60
349 96
120 50
245 33
27 12
218 88
328 33
273 15
366 55
40 22
353 82
90 48
183 28
240 40
140 47
71 92
57 27
29 93
223 95
323 8
78 97
131 17
127 30
14 50
15 80
143 20
61 21
3 96
82 18
217 92
27 40
72 43
339 84
218 72
72 48
51 73
229 66
243 61
359 100
77 92
56 71
94 37
180 9
251 43
6 58
8 1
273 49
104 51
106 83
128 61
122 20
177 77
339 23
134 61
28 53
310 44
172 79
216 87
25 38
224 100
348 16
372 98
349 29
236 62
142 15
41 77
144 45
143 82
324 24
175 37
314 6
96 52
147 58
66 59
14 55
269 67
137 37
281 15
81 38
233 17
251 5
271 22
136 15
4 81
217 38
323 97
251 54
252 20
194 14
168 25
262 86
132 52
326 30
116 3
285 45
90 73
205 36
292 79
50 3
205 75
254 39
78 16
169 75
86 30
117 44
201 45
80 46
83 36
39 19
78 63
181 67
320 19
13 11
118 3
320 88
59 15
207 79
1 42
2 58
139 93
112 36
181 96
285 100
299 67
56 36
20 50
233 97
115 80
162 14
270 26
153 76
226 11
87 20
154 23
204 89
146 12
233 6
321 29
13 85
83 73
110 51
158 18
144 20
177 29
361 65
367 22
3 16
342 17
28 41
311 58
288 54
203 46
133 51
291 9
215 46
327 62
13 70
53 7
349 7
298 31
138 57
193 29
94 96
163 40
106 12
55 77
235 25
359 93
265 81
345 70
47 91
118 23
308 42
34 99
314 79
120 72
234 27
325 1
274 30
141 45
202 46
84 55
350 9
59 63
273 84
191 20
339 55
89 28
136 29
40 2
298 31
228 96
350 54
330 63
3 30
316 77
201 81
139 47
42 3
221 52
316 78
104 71
198 87
184 12
80 63
284 55
52 89
95 85
75 47
262 89
353 71
12 54
67 51
102 100
119 40
228 4
28 75
201 81
314 9
118 30
219 53
189 27
244 14
186 97
277 83
223 54
244 46
148 57
80 73
45 32
353 11
203 42
192 8
139 64
139 35
74 29
150 1
144 87
23 72
36 21
48 34
353 24
61 31
50 58
326 37
214 33
150 87
9 82
243 15
358 12
329 97
250 86
317 95
72 33
159 81
62 66
215 31
372 100
361 76
318 45
166 48
137 64
319 9
85 88
116 34
368 63
111 41
249 54
96 75
361 46
58 31
255 56
222 25
93 33
169 97
157 23
49 87
35 46
316 51
281 75
3 16
357 44
52 84
253 9
326 9
315 39
84 5
269 92
98 22
72 79
87 89
290 54
28 12
75 40
57 30
36 67
202 75
165 7
147 31
198 83
216 17
67 88
300 37
57 16
236 65
265 64
120 89
131 78
283 1
173 86
43 71
120 52
128 24
294 64
84 41
310 92
227 59
113 57
124 54
27 69
349 27
333 96
357 88
57 31
209 69
335 42
320 89
195 52
99 12
39 44
70 79
99 90
209 9
108 27
18 46
216 31
330 68
53 83
353 37
46 98
291 68
144 15
286 72
189 6
223 17
289 44
53 62
310 38
12 63
213 30
272 89
173 19
264 83
247 65
191 67
131 43
78 33
139 9
272 2
31 94
264 22
43 39
372 18
163 36
350 2
19 9
95 45
290 79
6 25
270 66
100 55
22 64
349 22
41 6
230 69
330 56
304 5
260 34
31 52
291 45
77 32
346 98
243 93
42 84
45 21
372 75
235 20
167 79
63 43
56 13
320 69
310 93
23 56
335 11
70 55
281 80
351 22
128 100
246 46
75 50
160 1
295 25
212 56
290 36
251 43
307 36
44 56
126 10
358 79
16 59
68 65
272 39
191 50
70 38
45 59
162 36
185 60
331 2
176 55
298 91
314 19
351 45
338 28
325 100
110 69
30 15
124 100
4 5
33 1
113 17
253 84
34 86
15 45
273 83
40 92
32 97
249 71
126 37
3 22
245 41
135 79
270 87
133 73
18 58
277 81
235 35
347 91
256 93
364 24
257 87
113 28
257 62
91 13
291 70
249 87
249 67
132 79
23 5
67 89
267 80
79 84
169 78
319 78
66 84
304 86
348 19
55 60
123 14
235 89
161 43
30 67
173 76
218 66
311 22
4 84
122 65
311 81
62 27
1 56
363 65
91 89
155 19
207 77
65 60
56 87
126 42
202 35
301 16
54 55
173 30
159 62
77 74
260 18
329 54
165 20
71 74
115 83
336 60
186 7
99 34
222 89
270 67
208 8
211 28
203 31
92 24
48 80
121 38
298 26
285 55
132 30
359 15
141 94
134 14
107 76
124 14
52 63
115 63
191 10
28 39
37 40
291 78
356 84
103 79
344 59
327 47
252 5
213 54
72 83
243 33
237 23
95 4
320 5
103 34
31 18
204 12
146 44
333 99
284 13
179 20
184 4
143 78
97 27
251 7
333 7
260 40
19 28
247 100
227 46
362 75
204 8
16 84
67 30
325 23
74 78
224 1
104 14
299 69
194 51
347 15
104 4
333 97
232 60
206 42
1 35
357 30
293 24
73 32
108 5
342 21
270 71
103 96
271 69
61 60
246 17
325 18
124 36
22 68
101 77
350 49
270 63
73 46
315 87
195 95
58 12
161 28
31 5
2 94
166 59
76 46
216 47
338 4
224 18
196 66
334 84
42 69
74 28
109 46
315 66
27 100
262 76
35 85
9 10
169 72
99 18
202 15
279 86
173 52
299 83
144 77
214 43
210 94
177 44
298 9
185 4
8 40
31 99
293 13
157 66
347 95
178 5
1 60
189 21
192 74
11 14
68 63
126 21
310 48
74 80
153 44
277 2
340 12
116 100
133 71
284 82
245 100
23 77
336 28
351 73
16 7
364 43
16 70
15 86
26 41
301 24
236 11
271 5
236 17
224 39
210 30
286 92
88 3
11 68
28 87
363 5
190 48
257 41
260 22
108 17
92 36
17 32
88 40
137 1
194 28
316 19
187 81
28 62
56 61
319 78
108 18
330 32
351 74
13 69
338 7
55 10
229 51
128 57
352 21
177 6
133 34
365 68
336 18
319 14
254 42
95 81
253 58
257 52
234 88
127 8
78 14
139 61
332 75
299 23
117 32
23 60
365 69
33 66
21 53
287 21
222 49
279 36
42 18
39 96
354 55
7 7
34 5
44 15
82 98
212 59
8 69
291 98
254 45
74 8
53 55
147 62
91 79
367 85
157 55
264 76
140 80
156 38
97 25
64 10
212 64
29 96
64 35
113 96
91 29
111 73
277 52
274 38
241 72
252 98
202 19
262 72
215 35
214 16
62 94
316 57
109 91
15 98
80 64
55 73
103 14
293 80
308 31
230 57
293 14
37 68
146 18
146 65
163 48
172 75
204 97
119 7
358 42
76 13
302 70
97 72
174 62
302 71
135 36
208 70
54 37
121 3
14 25
16 6
112 43
39 64
366 83
204 21
309 30
345 47
339 44
126 66
354 55
337 68
17 83
108 68
368 33
96 30
126 56
62 17
22 26
110 23
226 7
249 23
65 41
5 46
16 25
113 55
168 52
163 33
290 3
333 34
131 67
196 76
191 30
360 6
160 3
62 50
173 63
228 33
32 59
299 89
157 27
196 51
255 90
160 21
109 63
133 73
24 8
20 64
312 70
45 89
233 35
184 93
153 36
124 7
263 29
128 42
335 1
354 94
354 37
125 52
238 27
346 82
344 98
272 21
102 34
348 51
154 53
6 2
52 71
343 66
89 27
117 68
58 37
124 1
211 28
64 10
85 86
90 57
156 15
164 70
171 70
216 39
87 20
326 52
207 71
350 80
180 25
313 29
28 35
206 5
216 16
334 12
122 27
11 53
317 52
174 10
95 67
90 20
308 68
18 5
116 29
97 17
226 29
143 67
94 79
103 58
252 98
102 71
123 6
62 74
115 34
285 74
224 1
57 43
26 24
148 71
293 99
267 63
126 20
343 16
76 72
207 5
340 86
60 42
81 98
245 42
160 85
195 12
133 83
328 6
2 80
292 73
71 40
4 33
12 40
93 28
18 83
75 55
188 39
172 75
137 55
140 51
272 28
44 97
196 24
304 10
20 62
355 31
64 24
78 2
260 25
305 23
121 43
363 23
133 18
48 33
352 12
357 3
84 45
176 39
188 40
180 58
372 19
350 23
1 51
336 83
150 39
223 45
342 90
65 32
234 14
5 12
67 28
269 3
244 69
194 35
238 59
312 90
144 1
137 40
31 59
154 86
78 5
246 26
243 15
323 13
84 11
98 97
101 11
185 17
207 15
92 20
93 10
251 7
147 31
314 51
75 76
199 82
146 46
324 30
238 28
43 8
131 94
309 57
353 61
291 89
192 3
209 34
50 76
213 32
342 39
136 79
215 72
296 21
323 88
344 10
344 60
119 33
351 21
186 14
100 70
268 75
27 69
212 35
186 42
304 16
218 18
90 21
207 73
87 7
78 44
293 87
52 77
331 3
372 88
1 13
324 8
237 28
120 10
202 67
224 73
78 81
279 8
158 95
296 80
167 32
212 61
49 90
165 14
317 60
272 90
280 9
4 87
203 43
200 63
110 23
238 68
195 69
152 73
252 10
70 55
10 48
288 7
319 64
94 40
166 91
296 15
29 66
200 2
230 64
30 42
140 81
50 5
366 29
207 35
62 52
180 65
333 49
209 25
268 2
81 94
29 62
248 54
58 24
339 85
326 45
86 68
366 5
256 23
328 15
188 38
224 46
76 67
144 71
18 29
104 12
251 60
286 35
190 82
355 11
27 20
339 54
222 84
118 93
70 89
228 87
261 87
4 45
168 43
105 47
348 3
370 95
215 71
232 43
299 11
260 2
171 24
33 75
209 13
256 32
313 11
260 53
205 71
210 98
108 2
192 75
142 38
114 37
98 66
214 35
85 40
91 72
261 15
21 44
75 17
58 96
175 21
146 28
90 73
261 6
186 33
97 30
255 33
247 48
35 90
59 94
70 37
