8920
949 88
414 92
1305 44
807 1
100 36
1644 88
1495 71
1047 98
1489 6
526 99
630 39
1010 51
1089 71
1191 53
430 22
282 34
1499 68
373 20
704 2
516 100
26 44
1597 24
663 69
420 35
1616 94
1750 36
1230 27
1362 17
1759 34
275 47
1182 22
496 39
1488 87
724 29
1462 60
1377 97
759 92
688 56
1210 63
1051 88
1601 67
621 100
908 25
889 17
642 65
1760 19
1418 53
1366 31
1537 61
1580 81
1380 33
349 23
1630 36
879 95
858 47
555 100
860 82
275 5
419 25
608 81
536 62
177 40
1207 76
594 100
1467 63
1424 32
1017 26
153 64
270 51
1194 37
299 38
150 7
936 20
1235 31
262 17
860 77
828 59
1589 54
1675 79
98 70
1684 46
476 83
744 42
745 3
299 25
1075 82
1448 1
295 99
701 24
957 86
749 14
325 23
1022 66
1645 18
181 84
1163 22
1292 100
1392 50
668 36
720 71
336 10
389 92
1277 21
798 80
1745 75
709 100
1768 30
135 92
16 6
1737 62
1393 25
1147 61
159 23
721 82
1667 78
1569 25
549 64
1176 95
1243 42
1779 44
702 4
499 50
532 94
1622 49
857 40
1104 62
218 67
966 85
1780 92
886 4
1008 43
328 42
1394 96
194 15
1608 13
1513 36
242 23
1193 22
1727 26
288 14
1634 99
579 88
1644 40
1552 76
140 90
1687 14
150 16
94 35
362 49
226 53
1129 23
645 88
415 83
623 6
1627 57
210 81
604 7
52 2
1358 20
341 49
1611 23
1061 17
1080 27
443 56
23 9
1190 12
582 50
1645 36
1374 41
1379 6
10 6
110 70
1375 32
342 76
1154 70
917 38
672 32
1598 52
69 28
1320 69
426 65
388 35
1695 25
1491 51
1409 54
505 91
375 88
1277 41
754 19
552 53
499 37
1330 51
1488 22
295 14
483 86
278 59
1677 86
484 74
232 40
1142 63
1116 15
995 100
179 17
939 92
114 46
660 28
188 92
946 89
279 90
837 58
1048 85
154 40
325 33
1407 30
995 63
811 97
1218 50
844 46
706 66
19 35
1134 64
927 75
1390 97
1481 85
1662 52
1503 52
1781 73
196 69
363 30
1493 22
1464 52
247 24
1327 90
1527 32
139 5
776 85
735 28
1386 39
50 71
120 94
680 80
48 89
1636 72
768 58
1158 86
1301 15
41 42
30 26
913 3
341 51
1679 89
890 47
694 9
136 48
1479 96
1134 1
1752 73
142 65
133 76
1553 62
354 31
1386 76
119 45
1277 52
1285 81
1173 15
312 34
1108 86
778 99
95 32
714 88
623 18
1698 8
713 90
1478 91
1746 91
440 27
1763 30
602 1
241 84
150 28
42 34
685 83
1458 80
1744 54
540 46
310 84
1249 16
927 11
1495 38
1265 23
1745 5
1598 86
313 48
1004 26
103 60
1302 87
676 68
1272 62
217 36
1145 91
813 36
1198 46
257 26
1009 20
827 77
938 52
372 75
1319 96
1581 68
542 68
1389 16
1232 22
1081 65
1765 31
349 46
365 29
1116 50
1159 6
1601 51
639 88
543 15
860 60
483 9
1371 41
584 81
303 60
956 54
457 15
767 38
1563 43
850 25
631 55
1305 36
119 90
1421 60
1525 53
632 5
647 38
1102 28
13 71
1276 24
65 84
1133 45
319 1
262 86
988 1
1278 9
1244 20
800 70
1359 49
547 54
456 89
1391 93
29 9
1055 40
406 82
1555 16
1327 54
629 69
1491 39
1706 45
1453 34
491 14
1033 54
920 66
1303 42
70 48
1690 55
4 43
111 77
1772 61
316 7
1635 100
165 81
1200 33
589 66
1075 97
1775 8
1002 68
46 38
21 70
961 7
283 2
1003 80
353 23
1051 39
944 79
1013 9
153 25
1479 62
1566 4
1581 21
1275 1
226 97
1202 42
1177 91
1012 9
1767 29
626 62
1076 76
1020 96
1394 43
1366 11
1164 94
25 6
1759 15
276 74
1240 8
1595 65
265 51
1262 14
1738 71
854 60
1561 41
1344 6
195 18
1410 50
1565 15
1498 91
626 24
611 99
302 50
1624 13
51 44
612 46
1633 57
495 57
1495 15
1333 8
750 24
617 66
509 66
31 65
1390 61
1588 31
1643 45
744 76
1340 1
473 25
18 55
167 59
1503 12
32 81
1734 77
1749 99
365 83
882 40
224 39
652 58
615 58
1628 83
369 54
1041 80
407 18
964 58
512 51
585 70
768 9
1256 78
151 58
866 94
1532 68
1339 90
336 58
229 1
693 78
1558 79
670 17
198 97
1056 15
1234 17
466 40
1263 41
1417 13
1434 40
652 77
1496 47
1777 67
1180 97
1679 28
1426 18
718 40
660 29
686 22
754 56
558 6
558 49
9 54
394 29
7 5
884 73
44 73
728 6
1414 15
610 33
1182 32
755 100
1712 98
1784 21
1146 84
1432 59
251 53
926 54
69 28
807 38
439 86
983 46
724 20
1394 71
1378 62
1341 47
16 31
208 28
518 82
586 53
1313 3
1679 64
338 6
648 82
1717 88
1127 66
1194 1
1150 64
1756 36
1358 15
1306 3
5 59
1361 95
600 58
1025 20
257 1
186 31
1618 43
1404 77
727 64
652 40
1618 77
1597 83
493 85
1010 57
435 21
392 22
1012 78
182 84
1534 76
1191 27
1437 29
1627 39
170 38
1471 32
332 60
1425 52
238 80
637 29
1390 10
293 62
99 22
1300 21
377 22
1707 8
831 58
730 88
1306 99
1067 27
115 77
1661 3
774 45
810 31
487 72
1406 64
1621 98
1102 93
492 17
665 35
357 26
1690 3
1033 43
1087 6
1500 1
1749 85
1529 47
56 91
1559 73
1123 8
31 31
865 23
1267 2
194 19
594 86
1482 28
798 66
1219 2
8 55
781 97
74 60
449 47
1387 33
289 75
1104 2
637 74
173 57
1439 72
698 54
1008 76
810 56
157 23
208 34
1277 90
1084 53
491 43
182 81
1412 34
166 43
470 15
761 52
105 92
705 69
321 83
93 67
620 3
472 49
1584 44
820 69
1035 16
1696 91
1243 70
1278 19
963 88
1659 86
237 21
760 63
4 71
664 92
1060 76
1189 6
215 66
1545 5
1410 58
1419 43
1776 68
1208 23
1454 12
691 87
436 54
235 46
1637 23
129 97
32 55
1325 1
1536 40
355 83
377 14
1108 7
264 5
1757 39
8 10
1424 48
955 65
359 15
1377 28
981 35
329 36
776 7
1011 43
857 9
925 18
1292 85
1483 96
730 56
1472 90
497 17
1294 53
1145 71
834 4
858 49
405 13
1547 67
1369 71
199 100
1085 92
620 73
1703 30
1782 79
252 12
1493 53
514 35
982 18
1309 72
149 39
939 21
842 33
1660 46
834 9
1084 27
1186 41
598 32
1310 64
1333 49
1256 33
128 96
329 69
950 10
930 45
352 9
823 42
1519 7
1503 15
1216 40
1236 28
76 6
1144 28
1624 81
689 100
942 66
1277 84
910 13
837 75
1188 2
1694 17
1631 35
1620 87
846 35
1329 47
715 98
1384 19
684 32
885 81
1349 46
726 15
1414 63
662 89
990 61
1497 15
1575 80
513 97
634 83
1027 87
734 86
1204 14
1205 15
1239 11
1260 46
1110 32
1035 57
1077 50
82 5
273 69
1006 84
1067 96
512 33
268 97
1304 58
729 24
714 55
490 16
325 77
1161 18
829 77
1035 87
1391 69
61 50
1718 48
331 10
564 28
253 100
6 53
1377 43
1430 58
1452 8
1064 43
1223 24
122 19
809 53
264 8
752 86
50 98
129 61
781 98
1130 52
1057 18
433 29
1533 10
787 35
75 35
706 92
1769 81
1228 45
557 26
619 27
1053 30
71 64
83 92
482 16
450 39
1033 39
348 61
288 70
568 10
276 4
461 59
285 19
1235 44
13 83
230 65
5 42
616 81
934 15
1473 50
1266 78
295 14
1244 17
1133 11
891 73
482 83
633 12
1438 19
413 29
676 84
1753 93
844 64
90 28
171 69
1440 22
776 91
484 22
438 33
1065 50
1761 100
1722 19
288 55
241 75
1223 58
1371 80
1580 72
1197 58
1268 86
1545 45
172 35
1064 94
1522 25
312 24
1252 32
934 73
1647 21
81 49
1676 41
73 17
271 76
1513 9
1473 12
1573 81
48 41
945 65
1758 61
18 74
564 38
932 10
1141 91
950 64
47 13
854 70
1564 38
1349 85
938 40
495 75
755 14
261 51
1023 96
1367 36
100 32
1698 28
812 98
1721 56
593 7
1254 82
632 85
1155 18
1299 68
1571 57
1103 70
1393 16
663 48
1474 10
782 79
971 82
739 11
237 66
474 49
928 89
1541 76
1280 96
158 83
966 53
1432 79
1129 6
1607 1
630 92
505 34
383 84
732 96
1745 81
337 12
1779 50
209 61
447 16
778 98
1508 85
1233 66
839 72
369 73
904 61
1063 97
519 100
1007 49
1691 52
849 21
949 65
279 91
790 99
243 68
889 75
872 65
479 30
850 42
1366 28
270 62
1249 63
1738 74
1758 23
1010 98
702 100
1271 60
253 52
1120 46
1190 45
1304 1
554 57
1129 43
1026 65
943 84
1399 85
534 71
202 59
1032 18
586 25
457 11
509 77
226 44
1258 40
1356 16
1436 4
1633 78
96 73
1422 39
16 40
253 2
150 19
835 7
1247 60
684 100
1350 50
751 70
1270 85
224 24
1161 17
445 37
1365 37
675 16
1476 41
335 10
909 97
327 26
1235 15
226 68
1627 39
1664 66
847 4
1007 12
707 52
539 68
1236 46
1293 72
1149 89
1015 43
501 73
8 82
1772 12
1477 72
526 15
279 7
1705 30
1720 95
1647 73
1660 7
1655 68
520 65
770 23
221 6
244 5
363 5
291 27
813 70
1455 20
1213 9
570 85
462 34
1267 53
1234 31
728 68
96 66
128 57
1138 13
1415 59
355 93
1476 2
1689 51
1656 58
135 67
1698 16
934 69
658 64
1059 7
1516 8
721 81
1227 62
586 67
986 92
1267 67
32 37
454 25
804 80
862 5
381 38
47 3
1373 19
1309 78
433 74
705 13
199 26
484 26
1576 44
567 4
1764 2
751 58
573 68
186 61
173 41
1597 57
222 40
1730 81
1154 76
813 92
1477 34
803 45
1776 1
1045 10
1040 66
566 74
1194 54
1100 13
884 27
1560 66
1324 41
267 26
764 10
1658 12
456 44
823 94
488 80
372 69
1595 70
354 74
1084 29
1195 73
634 93
68 87
777 1
846 12
1029 22
993 13
1768 9
1677 98
1003 8
261 99
1156 14
1235 63
13 71
1563 87
1324 66
623 16
529 67
1025 43
1661 49
1783 4
1693 1
1576 52
1529 79
1304 55
604 8
634 18
7 96
578 94
209 85
1684 76
822 7
600 71
9 47
816 86
648 71
353 64
526 14
547 2
1128 69
473 26
1060 94
776 24
162 29
58 20
942 64
109 39
1085 6
1677 53
402 31
235 88
918 84
1750 1
243 45
1203 94
54 93
260 61
204 56
1642 36
60 46
890 64
444 66
180 74
1310 10
1767 47
1102 95
766 71
257 8
1327 22
1524 97
942 21
192 80
1772 96
295 85
611 98
1575 14
1186 80
758 6
1359 72
1481 76
1472 9
581 6
1369 98
1321 60
659 54
1331 68
247 55
599 90
1407 41
1241 15
593 2
523 82
1381 14
632 99
476 97
1276 27
737 1
262 69
103 94
1238 86
1365 4
1283 73
946 15
216 60
326 9
1013 38
1658 99
1109 60
197 24
1547 64
1686 52
1520 32
53 57
136 91
685 66
236 37
157 52
1345 46
643 25
1524 44
1112 87
1569 26
998 2
888 27
1761 32
1241 85
156 43
889 12
192 63
1397 99
119 49
1675 86
1517 19
1042 27
1278 22
161 77
357 76
1299 61
1450 47
1698 81
798 63
813 3
1235 2
527 95
905 88
202 51
1548 13
113 4
532 95
561 77
1359 48
1480 52
1358 79
362 28
588 40
790 1
1679 42
1515 19
303 32
698 13
1617 31
1594 17
710 37
1291 40
1425 95
1360 57
493 31
1054 88
1052 55
824 89
530 45
878 51
1702 38
433 14
1747 13
1590 10
843 95
587 49
1444 92
586 31
1396 18
767 13
1005 64
1608 96
970 4
692 36
1282 74
729 79
706 71
1742 64
776 90
220 49
1098 51
192 52
1607 98
1121 10
1206 57
75 82
412 11
1604 23
303 70
1120 63
1141 11
945 17
1768 45
997 7
1247 36
504 39
1166 88
375 62
1112 16
396 4
1677 83
1757 81
1229 22
1486 82
891 18
720 13
1570 65
1297 98
365 45
336 1
1728 13
273 33
271 75
1093 75
1538 98
639 83
1400 32
449 85
1244 71
1470 17
1723 26
160 69
128 67
833 60
1379 20
1246 30
796 51
82 37
1249 47
964 50
180 87
1010 50
498 46
1555 56
771 66
1536 71
896 86
491 49
475 98
1695 55
183 76
341 81
400 88
1110 50
31 96
1311 47
1216 51
638 83
176 10
632 12
528 32
51 67
8 26
499 80
915 61
318 98
243 81
547 85
1503 11
1125 66
1089 68
226 82
1537 7
1240 97
534 53
252 98
1573 65
1273 44
223 50
1501 47
1335 68
596 5
432 80
1758 83
321 86
673 8
921 73
203 83
771 86
1098 28
694 94
800 91
1683 52
1636 28
1569 81
378 68
1091 6
714 36
1437 64
427 14
847 37
405 32
554 73
829 41
231 3
1003 51
1700 3
1476 80
294 8
336 80
472 88
547 66
1137 79
88 46
448 35
1090 75
1362 92
1724 42
1210 5
804 43
1056 15
460 56
1084 45
996 13
1508 51
1696 72
1036 83
1017 59
1117 64
801 89
1774 99
208 84
53 79
665 78
1695 66
387 14
1587 65
1745 69
997 81
485 2
951 28
291 70
1290 18
1730 44
297 88
767 86
1465 27
143 14
596 24
1714 50
593 94
1597 59
47 18
578 65
1629 85
53 60
1177 10
603 25
1378 32
135 82
745 58
871 73
1671 49
339 61
1428 9
1117 14
901 61
599 73
756 38
1698 63
606 21
1647 50
35 20
1507 41
397 91
918 9
58 18
250 90
395 40
1726 76
663 40
281 41
245 7
67 71
251 95
1695 60
1536 13
1218 42
838 17
413 81
1608 7
1046 31
889 97
773 9
1532 67
584 72
409 84
274 59
786 93
153 11
766 61
1452 24
52 57
636 88
800 91
181 57
222 83
297 85
81 82
1528 7
389 25
1265 17
416 42
649 58
211 15
1292 45
794 20
581 27
1588 47
902 62
1613 49
180 35
778 67
1439 13
1081 7
1039 14
1049 96
1260 98
454 64
203 50
1638 100
1038 32
989 56
857 42
216 65
1611 51
640 7
21 75
1279 78
1128 38
789 75
1564 80
1184 33
1731 80
1644 38
730 45
992 6
11 77
1497 67
822 58
1581 98
367 97
1005 48
1753 77
244 55
617 100
1696 9
1193 45
75 70
1233 92
845 68
670 85
960 62
1503 81
355 27
636 74
926 30
160 27
263 85
697 89
1060 74
226 43
1162 75
738 7
213 48
553 46
1261 22
1703 65
366 67
1749 96
1684 25
1575 81
1088 89
1362 65
710 69
81 81
1367 82
654 56
135 6
1045 62
707 12
300 54
1427 85
89 37
224 98
1645 16
641 53
1600 55
1503 98
276 45
521 97
1431 92
1083 55
1048 59
977 62
1701 84
1055 10
1134 17
376 20
1647 4
1438 88
1052 77
43 4
287 79
1166 49
882 39
449 95
246 33
18 75
463 85
503 88
626 87
1535 69
1129 29
1209 76
1470 69
115 88
611 64
98 50
137 82
1517 93
508 59
40 27
320 89
6 83
488 85
568 43
187 52
1173 13
1243 21
1221 40
77 19
232 46
1154 84
998 73
899 92
598 11
657 71
808 68
1200 95
300 84
1525 49
1233 8
749 65
1334 16
542 9
25 11
461 8
1079 14
801 24
782 50
1447 73
410 98
1237 38
747 91
909 83
1148 44
904 79
1403 62
847 50
814 4
1709 18
1569 90
80 52
1213 46
447 90
787 87
1043 75
137 84
178 57
862 89
753 38
518 59
363 4
1590 52
523 20
389 10
1220 94
1064 59
1471 97
1503 84
1498 88
301 55
442 70
53 29
174 66
1412 70
722 44
1370 2
1731 71
158 57
1218 23
506 42
1456 96
1060 5
1425 51
252 84
666 99
1587 57
219 76
1176 74
1190 82
1460 84
510 51
1147 17
949 78
257 73
1395 64
1199 33
1152 10
1650 71
689 29
89 100
1190 4
1274 54
651 91
21 4
386 57
513 25
1625 33
1417 60
440 57
629 42
501 56
925 3
1620 13
1611 3
306 83
445 10
359 23
876 78
582 92
667 7
191 6
1456 83
1533 83
960 52
722 58
673 91
682 19
645 73
873 13
1677 37
1507 39
1299 75
993 43
1553 5
171 98
1677 98
979 81
1522 32
34 54
1488 60
1558 48
1595 67
256 76
233 100
1552 31
559 16
1188 85
283 43
888 40
1149 90
1723 91
1583 47
939 64
325 6
1357 3
576 81
739 88
168 99
991 86
75 17
111 66
1447 48
164 30
370 86
1394 85
492 9
356 31
482 48
1015 94
881 49
867 30
296 14
1662 82
747 81
825 84
1538 97
447 94
491 18
1679 62
1629 39
1321 66
353 25
56 67
501 97
539 22
484 24
837 75
874 26
620 39
198 96
34 70
1603 82
265 60
1572 76
305 31
1469 85
253 67
1723 24
1574 79
67 9
937 60
862 12
933 13
978 76
446 41
359 48
964 48
814 29
604 85
152 70
212 65
1075 60
93 56
55 34
1125 50
605 96
730 49
200 74
1344 43
1006 16
341 46
47 44
424 58
334 47
296 55
971 13
563 22
1702 28
1629 27
1017 42
1656 59
522 60
1162 35
1780 62
424 45
1536 96
275 26
1631 53
1309 41
305 84
480 78
1658 37
1055 97
827 54
424 78
67 85
1689 99
40 56
128 72
1030 15
687 41
1202 95
1012 12
705 28
1720 16
1347 30
1526 64
276 91
1699 8
985 85
690 62
1562 48
755 24
158 92
1317 92
639 85
1298 91
1006 74
1701 19
233 93
1355 18
1762 18
1776 69
642 43
1082 93
230 33
1710 55
1160 12
1312 78
57 2
928 99
514 21
1683 49
1461 40
322 63
648 94
1481 42
1207 25
699 79
20 31
890 15
893 54
292 7
1179 34
404 54
1022 29
1748 77
28 7
1771 38
1190 33
856 2
181 14
1303 88
1764 97
1645 68
587 92
777 45
1301 25
508 61
181 26
218 59
1111 36
1505 1
1267 42
1503 84
1060 92
672 100
391 83
77 47
1177 100
1622 63
1180 76
1168 8
68 18
1519 64
974 18
1565 2
128 35
1344 34
963 51
1646 54
14 81
561 64
1468 61
270 46
1105 7
138 66
816 96
1186 61
1364 12
397 40
1100 68
1187 70
395 70
261 23
1200 77
188 58
1314 42
191 97
891 85
1650 73
607 49
654 92
739 62
475 46
1728 85
272 29
311 82
608 23
289 29
376 29
1063 41
337 47
583 73
346 36
1711 47
794 35
431 77
936 45
1376 41
864 55
1621 84
855 82
1713 65
819 72
1561 47
978 81
1234 73
1702 78
1461 95
590 67
576 95
265 47
160 2
1650 49
227 13
1462 15
1332 57
1444 83
21 71
268 75
1386 64
335 96
1680 31
363 78
1496 37
843 22
179 67
207 72
371 46
1780 10
434 64
955 31
137 78
831 52
1741 83
858 31
1357 11
1067 91
1759 12
747 45
413 57
43 28
109 58
239 38
137 51
426 59
844 19
1589 29
1006 47
718 58
1517 45
401 36
105 93
595 16
1059 7
1245 20
365 60
405 71
157 4
693 100
761 99
173 81
348 81
112 35
85 87
875 14
421 53
852 3
956 74
541 47
190 44
785 95
560 50
259 87
1480 4
558 100
221 75
1641 75
1241 84
482 13
1728 4
845 54
797 66
36 63
1261 5
617 97
611 16
216 83
1554 91
1034 30
712 21
1318 32
1708 27
1412 14
1100 64
990 3
916 26
732 82
215 64
1102 60
1237 47
264 79
1470 78
1490 5
577 10
1345 73
997 26
208 60
770 56
405 83
146 41
1249 21
642 51
2 38
756 71
850 79
1714 36
644 44
56 71
1424 22
202 72
1119 86
403 95
394 47
1115 10
1608 41
1227 62
1529 77
536 48
974 53
680 48
1505 7
739 47
1371 19
500 3
944 40
778 47
1569 96
1141 13
188 2
719 38
1190 61
1281 6
1761 87
398 53
1248 86
594 23
710 93
467 77
774 34
757 8
505 60
3 81
151 2
871 51
770 35
276 33
1291 77
930 47
1591 41
1117 71
1217 82
1251 9
50 38
1487 64
336 74
1712 21
958 50
163 89
911 63
248 93
1678 92
114 96
452 62
531 84
173 12
1371 94
1503 6
323 11
682 40
604 51
139 18
342 12
1343 71
221 90
242 42
669 57
1065 31
19 3
1619 19
509 80
1642 2
1685 85
1383 11
332 59
96 9
581 34
1326 23
255 19
806 57
934 67
1058 90
596 95
1219 50
940 4
89 36
839 21
1602 51
634 88
1316 78
675 4
1088 8
1461 18
1534 6
1353 66
1075 56
1772 32
315 31
898 73
1783 91
1055 62
10 60
1516 16
521 88
1488 52
79 29
1078 55
1228 23
459 12
1643 61
1654 1
77 20
1050 47
1301 52
1260 53
1040 88
44 31
80 67
616 60
1273 36
34 25
191 43
701 76
975 17
1739 60
1132 16
1577 44
1698 23
525 28
906 25
881 13
149 80
798 59
1069 96
1391 95
762 50
429 84
1236 48
940 75
561 3
764 57
1576 7
421 20
920 56
1471 6
376 84
1501 4
133 46
588 41
746 81
27 6
1534 98
1275 86
119 24
466 31
1478 12
1342 20
987 9
804 17
559 28
935 60
1712 40
1670 51
1 100
506 85
1056 77
1504 80
1044 15
1560 24
1411 83
1701 75
669 15
1105 29
358 78
1482 34
250 36
1364 43
254 53
999 43
1703 97
1581 17
531 45
1434 20
1463 49
1112 63
1047 43
1159 65
305 2
1532 82
1679 46
1060 13
1249 54
1331 54
1784 53
961 59
883 62
1397 8
329 2
561 17
17 49
227 8
1483 2
1152 19
142 11
535 30
1248 16
1065 11
362 25
589 4
161 89
7 6
1205 44
832 64
999 24
1614 65
248 31
1435 95
160 20
1747 88
355 81
1322 100
1075 91
867 57
1370 69
909 62
1014 52
871 18
1185 30
185 61
1616 20
1433 100
1553 23
1764 41
742 88
1358 98
69 67
263 24
220 85
1703 95
1389 17
1116 95
135 18
761 100
1213 99
1764 20
261 93
1195 89
711 9
1170 95
1457 16
1004 10
310 80
820 4
608 85
613 56
51 28
91 67
584 61
65 55
1625 7
359 56
1480 34
133 59
858 56
1323 33
773 44
1055 5
334 100
1476 52
979 3
724 19
668 42
1516 78
198 4
1315 16
1395 14
1613 17
122 48
1409 25
899 64
648 94
1774 25
169 84
92 63
796 62
802 12
1002 31
1470 88
1518 38
797 38
475 45
1257 63
52 82
1391 100
50 31
1260 51
1510 42
57 42
1618 6
1328 62
1592 97
1403 8
1164 24
698 86
1266 80
469 95
1274 13
681 3
39 40
504 42
