7795
1387 68
1350 78
1043 70
601 18
156 85
1150 94
1171 19
1084 44
179 46
1220 73
104 86
984 31
849 4
921 28
962 47
448 61
1216 70
204 45
887 59
1039 60
155 19
667 93
861 69
114 44
149 53
520 15
659 68
1504 32
1091 24
1432 58
1534 74
739 84
1445 85
802 51
314 100
346 38
333 99
234 20
1532 2
1029 100
80 16
679 85
828 90
38 75
621 7
1496 76
967 18
394 44
787 76
800 80
1045 73
1238 62
61 23
619 94
676 75
1502 80
1511 72
1050 83
1498 39
949 10
1315 97
1000 45
548 54
644 9
1057 21
826 57
272 43
1240 44
952 47
485 32
281 2
1184 38
27 44
33 13
1135 90
1164 92
178 4
1229 61
163 13
758 69
900 53
88 93
413 61
1483 29
1512 67
259 96
1036 8
355 35
614 61
909 55
951 91
525 93
471 99
600 78
989 6
834 89
1224 47
1233 89
1153 62
610 68
1460 28
1323 2
1507 12
937 31
1184 34
1329 40
1107 73
1411 15
558 77
236 78
1116 31
882 82
456 49
1143 56
651 94
81 25
1515 57
94 27
336 40
1047 10
1231 36
1136 97
788 25
1472 23
552 34
1368 23
1007 20
593 59
1341 35
1401 43
1084 3
374 27
131 19
549 43
1341 78
1350 29
8 67
356 41
229 92
160 37
1130 95
776 4
931 52
271 9
132 11
768 11
1178 95
353 91
29 98
254 26
1145 22
405 97
1110 7
1231 80
1550 96
868 41
205 18
213 54
283 83
427 43
6 25
830 81
1382 82
462 33
1201 29
778 45
809 47
127 55
1305 87
509 56
58 51
260 61
509 19
563 84
23 32
1297 68
166 14
657 43
14 55
1277 100
1236 62
1436 16
615 68
1451 64
857 48
118 11
1335 49
1297 68
795 85
779 64
1461 60
760 70
372 16
1468 7
771 76
23 66
265 100
1503 99
512 87
1542 12
1271 97
93 87
649 10
457 87
1474 84
174 86
487 12
1395 29
1502 48
424 16
141 9
146 47
213 5
1546 73
104 4
353 90
528 38
1085 89
1522 23
950 30
930 83
92 70
1479 15
1426 6
108 4
606 86
1103 16
1322 44
1268 33
274 68
903 60
80 84
1167 10
747 94
942 68
559 16
312 89
908 33
997 16
508 95
1206 82
384 32
660 44
607 27
1517 50
393 23
388 94
342 17
1144 46
1186 54
1525 83
1114 34
651 35
228 79
601 44
518 64
756 78
253 11
863 28
1374 20
1041 82
1289 18
1504 65
1474 35
733 39
1529 40
188 60
776 24
758 41
73 15
287 29
1459 42
774 30
831 82
1015 34
663 36
430 28
695 47
433 48
929 43
887 6
400 33
637 34
561 84
1122 49
1015 9
548 20
851 67
1006 12
1474 21
450 26
1008 80
159 80
1109 49
474 91
1427 92
1465 2
1143 12
341 29
119 31
628 44
27 98
742 56
464 89
1431 62
172 39
147 21
505 57
1093 80
889 100
1055 83
1045 83
1310 95
232 56
869 14
584 13
1522 58
1301 48
313 4
616 22
636 79
736 50
553 26
250 57
873 26
1481 81
48 15
973 32
504 20
811 89
638 85
247 40
497 95
957 86
634 69
9 9
878 90
160 58
139 73
863 63
1201 20
1014 100
859 7
1035 20
1195 80
1209 26
833 17
1410 30
749 77
576 89
27 91
1251 4
1010 58
1393 49
28 15
585 38
1336 44
613 35
1116 43
1019 80
849 35
22 55
104 49
626 12
1462 51
911 13
1395 44
160 39
273 37
971 56
1490 88
1384 79
439 66
578 3
470 62
838 81
1386 67
916 64
32 74
112 65
841 47
1209 92
1000 85
886 1
761 77
1343 64
602 82
934 68
452 72
240 46
589 64
124 4
689 67
413 53
905 12
432 33
72 32
1443 60
1091 15
199 41
615 88
236 43
1216 60
1176 56
1086 45
1356 17
143 2
939 34
338 80
457 85
1555 50
474 24
31 36
351 5
1491 28
502 91
1519 85
1345 34
836 37
949 77
120 38
375 85
1167 7
1523 85
114 46
698 58
1097 11
1430 26
262 94
1117 62
661 11
786 4
508 48
1270 64
936 97
806 4
1238 75
842 84
1481 15
1095 17
927 78
683 20
316 8
1518 37
980 27
71 39
316 4
483 46
264 13
49 38
903 83
933 99
332 51
695 44
1104 78
1226 7
245 6
550 78
105 51
54 37
786 13
498 69
266 17
1464 33
551 37
1040 10
1548 78
343 4
921 51
65 86
938 85
320 51
19 50
264 65
901 8
647 81
561 91
952 28
980 36
647 33
575 52
1531 79
435 89
532 68
298 9
517 34
1160 40
327 31
1518 81
321 9
545 69
1339 34
1318 1
228 70
1423 21
978 83
765 10
1030 45
844 13
1395 92
826 80
1348 80
1156 85
1015 84
1258 29
922 1
540 12
1290 2
275 93
28 7
1344 70
804 23
202 18
936 69
1049 90
771 80
1291 2
693 27
1176 32
1503 88
1549 53
443 96
77 50
390 3
855 16
568 74
475 51
836 18
734 2
422 90
452 19
530 45
878 79
213 19
1351 42
1283 9
1236 96
170 20
1077 13
314 82
740 76
274 63
765 19
1489 42
430 89
1466 5
1270 85
806 57
923 39
727 89
234 88
756 73
536 44
985 63
1213 76
1491 86
526 95
525 46
718 91
400 61
64 92
942 49
210 81
890 36
254 84
95 48
172 51
1276 73
405 4
206 34
968 8
1248 45
1268 56
601 23
1010 51
576 95
175 99
336 78
649 60
63 87
348 90
455 26
982 42
844 18
1507 100
534 21
634 46
505 50
457 63
376 66
688 5
29 3
424 95
47 12
26 7
494 40
286 17
250 40
92 96
933 31
557 47
953 79
14 39
1463 90
338 54
1282 21
1517 44
298 19
884 43
44 50
1429 92
1298 94
1259 2
1499 29
261 57
1552 29
464 81
842 71
795 39
415 8
321 76
570 95
409 27
88 87
436 70
1227 91
808 7
883 8
1022 47
1309 12
450 66
13 21
380 96
674 16
1023 97
27 13
104 65
988 29
546 39
133 70
494 95
1268 67
543 40
726 9
915 37
800 57
674 29
483 61
1308 100
2 40
153 84
173 1
753 82
1212 13
909 14
466 49
364 44
520 77
1457 99
38 30
1055 86
441 91
1356 57
36 11
1062 21
1224 8
145 38
1388 19
624 54
425 30
660 39
919 30
298 24
1405 79
1157 35
1087 37
1126 81
170 99
900 13
1031 87
60 29
723 60
72 8
302 44
375 31
940 59
45 92
86 64
926 70
1444 37
183 36
532 93
1274 59
1468 70
122 48
291 19
947 51
420 66
192 75
1266 97
204 95
1319 4
1331 41
1086 45
1206 87
652 31
939 32
621 56
226 21
1433 89
482 74
229 46
1504 24
32 23
320 43
11 80
139 64
254 8
282 28
1150 59
261 87
656 85
16 92
959 10
1281 69
593 47
932 85
1358 41
258 34
615 26
1141 24
693 19
1355 83
513 11
1085 41
372 77
913 37
1251 32
739 55
861 83
839 19
221 70
830 99
95 49
1020 9
1555 77
444 83
1165 66
860 48
951 4
1430 21
254 74
217 37
726 86
1377 96
1505 49
691 15
1136 79
270 43
133 27
454 24
860 91
394 19
1450 70
133 67
280 59
1038 72
1462 41
1258 29
250 55
90 71
1204 6
1212 16
1275 62
760 41
1061 14
226 57
1072 60
1477 70
803 64
1164 85
740 44
1341 89
725 47
20 31
1036 98
1008 51
931 47
914 5
338 22
1302 38
685 43
1282 12
1000 57
697 74
177 25
442 49
441 8
1407 7
357 87
485 85
98 100
412 89
1324 48
256 36
34 10
936 46
967 86
687 9
634 90
435 12
1267 20
1094 81
653 88
1040 6
177 68
960 22
1520 84
1291 30
842 26
1471 72
222 86
38 92
1126 15
1511 1
801 14
176 93
1465 85
427 72
485 63
861 21
1357 69
299 39
1142 97
282 13
321 11
794 57
1282 94
1077 87
1262 68
627 17
784 100
274 34
175 97
630 83
524 69
72 23
1206 95
407 52
130 67
1182 86
570 63
1374 70
508 66
629 51
711 15
16 70
164 38
1493 9
606 52
1548 82
14 46
936 67
285 39
131 40
148 90
510 14
288 28
180 5
517 32
375 40
812 98
89 2
1275 46
1328 49
431 16
1013 68
802 29
59 18
1162 27
1554 40
1157 82
671 36
1370 31
1019 44
1068 40
1046 47
489 77
1503 25
1395 98
753 100
1140 51
826 53
1131 15
1040 76
945 99
1397 32
1430 19
1275 64
966 18
14 92
1163 34
1467 10
1085 14
449 62
1040 59
1128 35
966 80
512 52
354 82
354 33
700 33
768 88
1030 53
109 5
657 23
1167 39
479 68
748 53
1494 22
1299 12
1207 20
457 22
1407 57
438 9
941 81
602 22
912 77
54 52
639 11
893 54
1171 36
1534 60
663 84
526 86
1183 56
1417 95
189 58
405 85
1386 56
1005 96
867 61
638 93
941 59
700 69
1538 29
1119 57
157 42
770 58
1257 26
236 16
307 26
1133 6
1429 46
825 89
1523 15
453 5
1378 83
795 58
1479 28
696 95
916 33
353 14
171 42
605 42
1109 71
622 34
307 11
1423 21
642 14
577 4
441 31
1106 24
596 70
216 7
698 10
676 24
1315 16
287 43
40 87
445 6
613 32
355 51
1443 41
529 74
1243 46
1278 24
1125 69
753 49
499 56
294 13
1339 55
80 8
112 28
447 100
177 33
263 94
595 16
141 94
885 12
391 60
807 23
485 43
1418 54
10 64
1478 14
723 91
345 89
630 20
1370 40
868 34
1157 51
1182 21
160 61
1069 73
936 66
191 77
1295 53
192 36
747 92
848 27
1352 55
664 16
810 46
160 17
816 71
1537 97
432 42
1110 59
1045 50
760 65
273 47
690 82
1311 51
1155 67
1185 12
566 4
1486 2
199 31
640 31
790 72
908 85
1277 14
897 42
968 52
550 48
404 45
1218 81
13 41
1351 80
645 7
873 36
1514 79
1309 37
1499 58
521 57
512 20
564 73
124 40
1404 14
1026 49
1046 74
520 82
131 53
870 71
1402 17
765 68
1318 94
778 16
55 44
313 16
1503 42
1140 98
1166 50
1250 9
193 97
874 84
774 56
1556 59
616 23
274 25
530 81
1355 91
1185 60
717 14
758 13
729 20
352 13
1303 34
400 18
636 15
498 33
621 76
511 25
1042 41
908 30
300 1
1390 42
732 50
463 71
546 13
983 71
400 69
634 7
835 70
1224 68
430 38
341 79
611 11
1041 72
1078 37
639 58
1202 15
361 86
697 49
484 4
893 43
501 68
50 62
204 55
97 10
1005 9
476 57
64 73
931 71
1073 44
1140 1
348 30
673 2
1179 77
38 76
416 16
1065 90
1319 87
1491 3
1489 64
1516 8
1386 7
784 22
1230 59
1113 12
399 67
170 64
87 51
663 54
326 48
1168 57
912 77
1173 56
8 55
28 86
815 16
1198 73
1243 56
650 36
1204 89
473 58
126 87
1530 37
559 48
1473 72
93 45
649 1
266 90
765 93
398 40
328 65
1471 10
1192 37
113 2
1331 79
1326 16
336 22
28 20
1445 41
856 37
761 37
702 85
36 63
652 17
181 90
1255 73
1396 18
69 5
1039 27
393 93
303 5
1087 27
1497 91
825 78
1217 16
153 17
982 1
1155 32
662 10
227 47
423 56
471 98
1443 7
504 99
927 77
503 14
41 54
86 49
99 62
1002 1
1077 19
207 2
225 37
552 9
1492 64
1052 72
277 29
195 28
621 71
756 94
42 19
1087 45
1459 7
1134 27
191 41
1128 75
924 3
1032 53
1098 69
911 63
201 90
696 53
1523 61
143 53
920 43
1007 37
1300 25
311 25
1064 74
979 74
718 77
19 96
605 24
1157 47
541 93
1483 41
424 63
368 32
6 33
639 40
859 78
778 70
842 96
1284 74
832 79
486 39
1177 32
423 43
101 81
463 61
1079 97
950 5
1014 96
1076 17
757 11
541 59
919 28
384 20
167 39
834 72
1323 66
1225 26
310 80
1371 49
130 18
752 57
497 28
982 59
551 70
392 100
1461 24
1345 65
1395 54
507 39
1257 50
277 5
62 21
680 10
1109 49
1084 40
55 27
762 17
255 63
1036 48
578 15
946 28
1155 78
838 53
478 19
1408 17
1298 11
561 84
25 80
1532 55
1142 37
1213 41
1175 92
1555 63
129 18
52 98
1082 77
1280 55
896 23
555 12
260 8
805 89
699 84
188 47
341 96
1124 61
1154 47
1097 80
1066 41
454 6
431 33
317 61
1369 79
385 81
9 38
1467 73
273 100
330 4
167 80
1192 99
1501 72
83 85
642 11
366 58
832 84
1408 70
985 64
1448 56
199 75
804 84
1003 39
1093 76
389 73
384 93
1358 21
410 53
557 41
21 8
1325 51
325 71
1376 63
728 39
169 84
726 24
359 86
649 70
171 23
786 6
873 85
1239 23
1119 23
1481 77
994 81
300 50
172 94
1214 80
117 6
449 43
830 98
447 11
1269 46
710 2
997 32
71 59
314 67
1011 75
101 2
514 97
387 42
1281 42
1333 8
625 31
428 14
760 56
1190 65
134 33
200 24
119 51
66 55
363 55
522 83
1189 98
339 43
1459 14
427 9
218 96
1430 40
337 16
1303 88
1043 21
17 15
110 69
15 41
105 47
713 78
1065 7
1387 81
60 38
217 94
340 70
1460 78
1068 46
436 100
778 50
464 13
1229 15
21 97
758 64
1267 78
381 2
1179 31
790 67
685 25
1275 12
965 99
404 64
879 3
1483 89
674 73
984 86
1410 16
529 51
42 16
1554 66
1481 10
1542 50
612 7
1522 54
332 72
396 84
43 29
665 56
1456 99
938 94
959 37
499 5
1034 63
276 41
622 4
1045 10
228 68
881 62
342 55
1212 83
621 63
433 34
927 40
1054 14
928 87
721 41
974 85
702 59
858 51
213 12
864 92
853 38
1115 75
703 100
847 2
1293 55
415 15
34 61
45 59
1443 17
1483 26
589 10
310 42
333 76
351 18
987 64
1401 86
59 98
711 69
141 16
1365 86
1492 91
1162 64
167 73
694 74
218 97
432 67
1469 9
182 1
1199 82
132 24
1352 12
1174 14
1002 56
517 5
232 91
6 49
466 75
659 48
1007 71
13 10
1031 59
1330 11
232 62
1470 15
583 88
1325 28
942 15
1543 98
823 47
597 35
119 7
636 59
1278 5
547 59
213 9
1402 79
1482 32
1394 10
1380 20
765 82
65 69
842 96
914 20
171 100
532 47
783 55
986 100
1200 62
1191 81
1344 42
473 44
934 21
1237 66
250 50
1097 99
1200 51
817 65
1256 81
1301 67
746 49
268 93
720 21
217 12
1408 79
195 19
1418 71
1250 38
3 30
52 29
473 15
326 88
1470 21
728 41
357 71
386 13
494 100
279 15
808 65
762 14
952 84
966 20
113 69
251 85
401 86
1093 29
104 48
945 60
1220 81
1314 90
829 3
96 46
1391 64
455 94
1489 22
1063 74
661 73
1371 5
156 100
1115 96
1312 18
1027 76
803 2
844 95
1181 47
1057 30
1273 30
1179 94
881 49
461 8
1251 58
319 47
40 93
612 23
1526 83
481 35
1410 29
525 54
584 2
1253 58
853 85
1271 10
295 26
1316 9
833 74
561 33
564 43
964 28
1161 19
1442 22
316 66
1148 7
456 68
1549 23
876 54
63 77
973 17
1442 18
456 59
658 43
1282 17
24 40
1355 5
1144 40
587 39
628 21
724 76
496 54
1104 3
1202 12
1069 91
808 41
1148 35
880 96
1147 92
473 23
244 22
936 79
165 47
1389 13
1414 95
1003 44
208 74
1412 81
1346 66
1425 32
1198 76
813 41
773 61
254 27
1554 71
1429 34
57 67
830 11
710 1
696 68
1292 7
286 2
1051 49
209 25
75 77
623 22
497 73
1182 26
428 79
652 71
1224 42
719 40
953 8
707 50
520 27
1067 82
1500 31
965 40
1250 90
783 19
1545 40
1440 40
1019 60
819 20
130 87
1141 44
870 24
1532 17
3 14
1325 2
1028 51
604 87
1371 21
515 9
187 100
265 62
165 94
459 48
417 65
1455 24
398 99
380 78
1306 66
992 91
80 39
928 61
314 14
1146 42
848 26
1484 5
433 82
247 38
998 34
1243 6
1518 33
1029 64
1450 53
83 12
331 36
840 69
873 9
1131 83
481 90
1335 39
1529 36
844 17
104 40
1009 55
308 96
1165 7
1487 53
310 73
597 82
222 61
458 22
1168 89
179 78
638 85
505 66
1182 72
582 16
1490 66
1542 5
175 51
1275 44
989 42
1085 20
1050 54
558 37
770 19
973 2
1443 12
330 11
499 57
1534 10
1357 33
1279 6
497 1
177 11
978 68
166 54
1212 93
911 82
665 45
720 44
858 34
1208 77
1286 23
655 68
145 100
906 68
1211 78
875 63
282 89
737 59
1225 7
7 51
1326 80
1322 40
1014 99
178 95
1344 95
843 9
319 73
461 81
685 20
1039 41
337 42
994 63
644 6
1146 62
1319 14
309 85
303 51
1119 97
1141 32
320 76
1070 79
937 17
853 83
1311 48
173 4
1054 52
1 46
192 45
1059 40
1082 73
207 60
802 60
565 53
172 20
195 72
546 12
967 88
348 50
774 24
850 45
667 24
299 76
1494 29
570 73
910 47
435 18
559 24
360 93
1363 46
4 18
76 39
551 21
602 59
795 69
1036 5
420 21
619 46
402 16
355 3
208 14
858 77
1227 100
230 77
334 35
1337 23
868 82
670 89
303 95
1089 33
1362 32
1170 90
127 7
779 37
265 33
448 61
170 63
527 58
209 53
277 8
617 22
1455 10
290 47
778 29
579 68
1422 15
1115 26
1128 25
875 61
973 79
658 56
1112 38
7 78
1525 42
566 26
1503 96
898 90
75 33
995 76
1434 75
254 2
207 26
1509 7
1260 6
170 3
514 87
841 37
1372 42
623 12
125 89
115 59
134 60
941 36
1006 14
1213 85
655 42
861 33
1122 77
656 96
525 9
1485 15
858 93
825 46
63 56
1046 69
1479 98
291 46
957 54
765 49
1176 13
1066 34
644 98
435 88
1505 71
148 59
1465 26
262 67
867 13
796 65
1325 82
925 78
1432 73
1352 57
1478 50
1140 56
658 46
164 95
524 71
850 95
890 68
1038 54
644 8
1470 11
1269 2
1230 1
280 16
889 81
35 44
1539 27
78 22
1199 94
921 48
21 94
215 64
1456 1
1378 34
394 47
912 83
1209 22
262 54
608 53
843 79
1437 24
1551 52
1455 44
239 10
749 60
1340 63
614 45
1413 6
1305 91
139 71
987 51
729 25
405 59
536 60
235 96
1317 99
477 4
938 14
842 15
1370 80
322 72
1099 37
339 65
839 31
532 28
926 13
608 91
859 26
198 75
1239 61
361 100
842 31
433 28
25 4
1071 40
1256 22
106 80
661 2
337 4
1163 84
791 14
890 87
532 65
562 8
1530 22
758 81
346 4
1319 91
977 4
881 95
446 75
174 37
1209 73
469 31
1496 4
70 2
1387 72
835 94
844 89
64 64
456 24
91 2
1304 97
261 25
1484 40
988 53
1198 37
1490 64
783 26
271 26
642 73
1365 63
911 75
501 65
1069 41
1125 15
109 66
149 65
1326 10
431 93
1086 78
441 16
440 82
1451 49
670 47
617 7
172 25
1400 58
1332 2
1140 84
1217 4
542 3
378 41
973 6
1404 2
777 90
164 54
434 83
716 27
1446 40
1095 28
399 43
853 30
47 42
988 87
587 7
1296 75
624 48
741 35
1465 54
740 54
613 11
1357 50
1193 23
712 54
672 88
1015 53
546 29
293 41
1519 64
1047 87
977 52
1152 44
467 73
1555 83
1128 49
1428 2
1238 81
1517 85
1234 41
100 7
45 38
1149 9
698 1
1408 77
689 4
242 81
330 19
597 70
1140 44
1455 96
435 32
610 47
1390 18
458 43
675 68
709 46
1364 81
14 80
849 65
169 82
647 59
934 91
211 47
1293 7
464 82
449 43
539 99
535 82
58 7
458 40
518 19
761 33
1069 9
1386 88
1013 97
771 12
634 52
19 75
143 89
729 15
91 3
1129 6
527 64
176 52
1450 19
136 22
970 53
830 70
912 75
4 68
53 24
153 34
1335 28
868 38
630 77
752 41
1459 22
26 77
1347 6
776 51
1020 65
796 50
37 43
645 10
1258 79
201 2
1081 17
1074 63
1528 28
944 40
755 100
329 37
179 81
70 40
1018 72
1135 88
824 55
428 17
1027 76
1251 34
1436 67
1448 98
507 4
1468 10
1446 46
348 76
975 98
627 42
1072 17
1359 75
603 24
184 92
390 67
433 37
164 5
851 56
452 99
1210 66
656 53
1248 68
1042 23
900 9
733 81
1387 70
1025 23
1246 71
142 77
583 26
642 83
1169 52
1089 28
279 45
29 69
509 98
566 96
1334 43
235 9
834 76
165 29
1183 42
963 25
695 73
1417 30
563 74
154 64
1546 99
1243 2
1003 22
124 84
394 23
1343 77
304 49
887 75
810 28
822 72
71 64
154 70
1218 49
995 43
990 56
492 75
840 4
664 96
768 36
287 97
1330 32
1109 14
1053 71
428 46
883 71
677 95
112 6
1325 32
1073 85
492 35
1336 88
1329 34
1097 87
249 51
733 53
389 77
512 17
116 94
1539 43
1359 10
1364 96
654 52
1427 59
1400 32
106 94
1359 84
1083 41
618 85
1379 84
793 80
1531 44
1256 58
1388 38
263 100
1505 80
1522 87
789 31
28 91
207 2
319 72
1182 72
685 27
904 4
1292 18
1416 54
30 73
1372 93
59 96
162 18
1415 99
673 87
439 3
177 28
373 80
1330 71
152 49
165 77
1415 90
675 22
887 69
363 62
472 6
213 29
1510 64
1235 82
1493 21
306 62
501 18
1490 6
649 45
83 52
502 21
405 18
1109 61
1411 59
786 64
717 45
1221 84
656 44
657 19
872 66
1277 53
873 46
86 3
888 98
444 1
828 75
1462 72
976 92
1302 64
545 36
594 10
989 50
570 62
666 96
989 57
897 28
305 81
1154 86
1190 59
556 29
315 99
1462 91
956 89
283 67
686 86
43 93
766 68
1181 95
1271 52
1399 61
819 99
551 77
28 82
138 78
1248 53
397 99
808 67
380 88
844 17
700 100
1285 88
784 91
149 68
806 94
845 59
432 69
290 43
718 4
604 66
791 68
1429 69
231 83
1248 73
1402 12
4 61
32 17
1008 32
4 81
153 10
1170 69
1430 72
1437 43
1465 47
274 94
1167 13
44 65
82 80
1473 77
909 88
491 85
827 42
102 63
861 91
1226 13
969 3
558 40
746 56
433 73
107 43
432 76
1080 52
881 55
726 91
904 49
1408 11
181 41
869 18
985 7
38 16
517 39
254 73
692 25
1552 100
1207 86
1483 75
376 38
523 65
1499 19
1432 41
323 42
1085 28
379 2
816 95
1376 53
1242 81
