7929
932 95
303 92
319 41
568 19
1525 38
670 48
946 74
1232 71
1194 87
1167 38
396 57
557 84
735 27
688 51
626 4
1167 72
1044 42
1457 100
618 84
449 85
410 94
1371 67
75 1
216 94
1257 92
519 50
926 70
411 53
1090 38
487 22
304 25
1502 95
1148 59
359 47
1569 2
154 27
1402 92
531 75
193 56
1398 96
215 7
323 44
896 86
184 39
752 44
1509 60
1175 41
1100 60
1194 3
478 11
846 50
574 37
765 5
272 8
1185 15
237 78
1404 8
239 67
1258 5
1077 91
292 98
1001 88
578 63
400 66
1115 72
1037 10
1524 63
542 44
1056 63
1333 27
323 61
1366 31
460 7
1558 80
445 92
734 6
701 81
860 18
747 94
703 30
585 49
1553 58
807 54
1040 45
55 86
1336 55
820 44
24 58
484 46
1460 100
70 30
372 64
1152 16
880 99
1012 97
255 62
1527 47
443 36
330 92
289 9
943 5
1508 69
1496 64
1404 74
821 59
1424 13
547 28
693 48
157 58
28 26
677 30
357 80
1520 93
507 50
406 7
712 79
824 98
37 90
286 88
804 24
723 99
308 73
311 94
892 5
1514 58
1361 12
753 54
503 3
853 62
1512 32
922 82
1537 74
436 60
866 38
353 13
1212 59
35 41
1288 37
621 66
453 68
529 36
1078 2
522 91
1280 49
1079 50
1219 32
111 83
165 38
1326 1
230 59
831 96
917 40
286 6
890 100
258 62
1432 15
276 29
803 61
141 49
947 58
929 76
42 58
260 85
1222 82
178 68
786 45
312 86
72 77
630 77
1509 68
314 64
936 58
860 39
490 96
135 75
884 33
1504 11
666 76
166 83
628 89
1380 33
263 54
728 91
261 67
121 16
18 75
579 4
1236 13
1113 21
548 42
1413 95
1521 32
583 25
1023 88
1532 11
1317 12
176 2
677 89
736 84
394 83
311 83
338 16
79 94
613 14
1316 97
1469 93
224 32
1498 81
427 22
332 93
214 58
220 76
412 55
25 78
178 48
1465 5
324 41
453 95
381 65
925 76
785 8
929 29
838 70
304 45
1017 13
1003 92
1192 4
1310 100
59 88
236 89
706 53
1075 64
1207 17
1141 92
807 29
1033 91
1356 35
480 49
1530 23
837 42
606 97
92 82
496 8
323 24
1032 67
1478 58
343 51
948 64
696 50
1124 41
1373 35
605 95
131 49
929 56
900 87
1223 42
875 18
118 24
134 90
1128 48
281 16
1369 79
785 10
780 12
710 1
1352 40
908 47
584 62
1004 34
579 21
1068 92
600 1
1491 73
285 99
1095 78
1382 45
822 38
57 42
1347 100
153 20
1001 95
1007 50
907 68
1149 11
933 91
121 41
607 17
1299 72
532 51
1481 48
1003 16
122 93
195 68
1353 19
996 40
1164 4
538 88
773 96
962 96
141 80
1440 29
1348 58
1286 81
1415 49
425 14
758 27
1104 97
490 70
1044 22
910 10
42 87
318 58
1143 43
636 10
328 3
204 76
242 92
39 91
917 35
1400 5
1077 64
1041 86
912 53
1570 50
773 70
502 21
1084 61
1075 47
1062 72
1026 40
611 14
1320 100
1313 42
596 32
133 69
29 32
531 89
1108 16
1188 81
1068 8
507 31
1472 67
1538 9
929 56
1562 23
1562 43
829 81
1476 18
330 36
160 11
203 26
655 53
921 94
413 80
1095 71
291 68
1012 42
1076 51
1472 61
1330 77
1559 36
178 40
461 63
542 18
263 71
695 4
123 8
1358 95
103 57
637 55
842 66
216 34
1528 97
1011 24
1522 32
1124 86
667 38
963 74
522 33
552 78
1524 19
354 83
1281 36
1266 5
917 95
1552 81
460 84
825 76
1457 8
713 27
1 69
1020 51
167 74
102 59
1273 48
317 57
713 42
1516 40
1504 13
1569 100
1463 9
1542 9
1534 48
1322 58
306 82
1521 39
259 79
528 66
312 22
191 86
1246 1
1093 62
533 41
301 52
300 49
299 50
897 88
1041 56
1429 11
1536 31
655 100
1423 82
968 37
1341 68
268 17
355 78
1265 15
429 20
667 8
513 49
1475 34
292 55
1157 87
712 4
664 94
781 87
712 55
8 56
1154 74
729 20
966 10
1269 70
1232 65
739 6
456 6
422 96
1035 74
625 60
1458 36
893 21
781 74
954 99
499 63
593 6
105 15
1482 1
497 4
284 90
1274 2
712 72
105 87
1294 65
620 47
1296 75
1498 60
99 5
439 7
1069 54
507 41
66 50
1146 34
1360 47
1431 33
930 41
1239 13
1138 96
493 75
1359 61
54 4
1093 81
63 13
1220 95
372 2
404 90
1282 66
505 47
996 90
868 96
440 80
269 23
207 95
527 16
1006 79
1381 17
1099 25
1420 66
294 26
877 63
1518 22
558 16
401 29
167 25
121 62
1154 16
1541 2
94 54
1300 86
599 59
1054 38
403 46
1441 91
634 35
428 95
1411 78
247 64
1005 92
841 27
336 87
402 32
754 7
831 89
236 8
1417 49
952 99
250 62
2 9
1568 24
871 11
22 20
670 84
298 80
475 80
1551 12
267 71
1346 2
693 85
157 29
891 87
600 18
1324 7
1512 47
302 71
1170 98
773 95
14 94
441 82
538 73
882 98
1447 100
951 95
780 82
1126 76
999 36
1271 62
1138 62
304 79
865 55
783 74
1513 43
926 24
716 4
1506 92
1498 42
176 78
534 35
392 55
400 4
540 95
473 45
1287 51
609 88
1504 50
189 87
1107 37
1145 97
424 20
498 89
481 17
489 39
524 72
1013 49
893 67
405 94
832 48
1139 93
530 56
823 59
995 88
91 59
41 12
617 25
1539 40
944 12
1145 6
726 16
96 94
930 39
1423 99
240 54
486 89
592 38
1470 47
587 97
1507 31
1265 89
846 95
304 30
604 8
1106 78
1059 67
114 63
1311 71
1322 90
488 90
1548 54
1363 88
741 44
428 28
800 19
697 100
1353 93
817 69
192 84
1250 16
713 94
1039 8
1213 60
1567 17
9 87
286 91
1091 95
381 35
830 9
902 54
46 42
1159 23
292 53
1395 2
999 71
276 28
1536 2
559 98
241 21
1169 96
192 44
5 65
942 26
247 74
686 63
273 46
997 13
23 91
450 10
11 9
1396 48
119 61
1319 6
1429 94
536 74
856 61
1346 81
487 81
294 71
641 4
898 52
465 93
629 29
290 1
343 13
626 26
678 22
979 85
400 28
1502 55
373 90
1111 21
1049 61
47 13
242 45
610 6
201 9
1118 49
889 7
102 33
850 81
590 96
115 1
51 60
1269 28
241 69
73 37
1139 20
831 24
1143 38
980 28
1110 67
237 74
769 48
1348 65
131 57
1148 74
517 40
1373 33
472 71
845 52
936 85
508 37
843 28
413 74
215 90
135 96
792 38
509 66
1008 34
82 5
1567 80
350 34
53 25
167 53
270 21
248 21
1311 90
803 17
679 58
1112 29
284 96
394 97
620 74
1465 18
633 82
578 74
1053 100
155 46
1018 46
745 25
209 40
591 21
570 57
1380 71
1490 2
262 9
1555 61
479 59
1203 43
813 96
1324 6
1141 23
854 1
506 2
286 51
133 89
863 78
999 61
361 100
1475 5
3 90
501 11
1376 68
733 99
724 98
1342 10
658 57
1369 44
74 78
703 11
961 71
922 65
1051 4
1386 13
485 97
82 16
48 4
770 40
158 94
1372 11
788 100
1081 68
13 16
1274 77
1511 3
1208 58
333 16
664 26
1177 38
162 89
829 47
1390 95
1401 28
1041 92
1339 69
1332 53
711 36
1564 17
1055 85
138 55
1371 35
1383 38
102 33
158 66
636 96
758 20
13 18
740 64
955 32
706 63
1332 29
796 99
918 45
1210 25
901 30
1142 10
566 72
562 93
13 3
531 46
270 18
1236 25
1395 82
1540 89
329 95
158 85
900 36
876 5
1297 17
230 60
408 26
180 14
264 35
38 48
1584 51
938 52
1371 54
643 84
1092 34
269 58
636 97
425 61
1179 80
340 26
165 57
1585 43
1252 35
1113 68
1057 100
1136 8
366 7
107 96
1344 17
377 73
922 91
85 52
492 89
1422 28
562 60
461 47
213 37
1014 29
1055 40
692 2
891 92
1570 33
1132 36
1077 28
604 24
254 50
207 18
437 33
217 5
703 43
490 43
606 19
1187 21
192 45
1085 20
832 25
382 59
1117 48
372 2
171 73
1201 65
844 9
1132 67
1143 61
381 32
167 77
661 98
534 95
1020 97
727 17
1287 22
846 84
644 17
37 40
1494 38
928 4
649 25
1542 97
503 70
944 60
399 44
937 41
1342 55
1169 21
423 36
60 48
82 18
1244 99
455 19
881 3
1075 100
1200 48
1063 46
1327 32
697 49
1228 95
558 81
729 30
1146 99
1456 39
1163 66
577 25
979 72
228 70
1558 73
291 39
1072 21
1271 82
1152 66
1062 24
237 61
637 57
1179 35
606 47
653 23
1490 65
283 9
1397 61
1574 94
840 78
737 8
1044 97
319 12
186 2
866 96
1148 39
1055 82
1193 38
136 29
1528 35
408 44
65 95
1079 87
77 24
351 34
1096 67
75 77
887 22
191 27
499 25
624 68
668 87
1066 15
1417 12
957 23
806 41
332 30
297 90
1262 83
1272 34
589 11
1295 62
934 1
508 48
230 70
649 7
593 97
236 87
1413 82
960 57
1230 1
1333 56
107 39
239 27
709 14
1413 39
896 91
719 71
1307 82
275 59
580 29
420 77
1574 42
847 41
1234 16
359 94
439 92
713 55
1000 16
199 31
1048 29
1171 17
128 23
240 61
397 24
766 42
409 92
1191 92
632 53
725 43
1154 9
952 44
2 22
1230 78
472 4
660 79
1082 45
240 88
911 35
579 6
725 51
1507 1
1570 85
871 96
1562 70
1117 95
767 92
1081 93
409 62
1265 80
1021 69
301 100
1289 10
750 13
1463 78
1259 2
982 53
80 72
1254 77
337 97
1422 71
641 70
761 56
1209 86
988 94
575 9
207 17
211 28
547 86
457 85
1471 55
958 9
331 66
578 52
839 21
521 84
498 23
550 72
674 25
184 27
106 80
1092 88
254 56
1462 14
295 71
509 19
1397 12
428 27
1183 84
272 96
845 8
1335 76
132 87
296 77
750 33
277 44
1470 99
1110 49
1012 51
1311 52
516 87
372 59
1379 48
328 98
285 90
1252 34
271 53
760 23
779 29
937 69
1441 9
509 6
932 32
377 15
646 31
625 67
1519 60
951 83
678 21
44 92
1097 16
53 25
1058 28
730 28
367 66
1148 44
483 21
564 33
1492 31
922 68
476 27
280 85
1380 94
1271 91
842 79
113 71
3 53
809 17
166 31
1112 95
1188 65
371 55
1404 77
816 94
676 62
144 52
1397 68
730 50
283 98
1565 89
426 40
379 62
441 52
204 63
502 96
829 52
447 80
313 76
1351 30
1161 64
90 51
1551 58
135 56
911 26
922 66
162 94
603 75
1282 41
1139 6
978 99
759 81
665 50
884 59
1223 98
422 41
1473 62
1397 36
532 40
949 4
1528 42
1385 89
129 49
1258 5
1546 65
1556 32
686 73
1217 93
575 85
1252 33
256 34
354 26
1154 66
33 30
1479 72
693 14
1532 92
636 3
319 65
440 25
1042 86
23 57
341 18
81 74
685 18
641 98
569 7
1484 96
1555 4
543 81
1022 90
474 39
189 48
785 95
31 1
467 1
1437 11
1126 66
1230 18
1370 71
1553 28
353 46
1378 30
685 13
822 89
576 46
417 5
1326 18
564 99
415 45
83 94
999 10
1229 85
109 49
108 60
1221 91
656 60
256 77
1226 13
955 20
313 67
1102 73
1312 60
1175 23
1289 45
488 10
1507 40
760 3
671 74
1270 18
288 5
383 78
848 48
1292 80
608 9
755 97
1150 19
1531 62
449 81
1280 34
1323 70
1316 92
837 87
557 50
287 39
1030 81
1586 36
1433 60
160 31
739 20
1449 7
1509 76
956 89
1353 30
1538 97
162 45
643 92
1244 94
643 36
1521 73
1324 81
1319 5
1429 16
624 31
1218 34
252 49
819 23
282 29
1570 36
508 47
687 39
939 27
218 73
733 67
795 62
509 80
1401 1
753 32
901 88
640 47
375 88
915 29
1502 30
1180 43
204 82
1406 57
332 51
445 85
630 19
57 43
548 20
446 22
1441 52
934 93
968 51
1176 28
1184 44
1320 95
1022 31
711 41
556 5
1055 55
866 77
1389 75
1341 79
1527 69
1032 44
1141 17
457 71
1408 86
146 20
1352 47
35 24
426 26
658 95
801 61
1053 56
1409 3
467 96
633 5
1245 36
924 76
189 17
310 59
238 31
365 17
284 54
928 44
1179 51
1577 93
1222 15
943 78
847 60
1354 34
996 45
803 6
314 82
118 33
22 13
29 100
853 50
571 87
1196 28
449 89
951 96
1012 21
1241 27
170 50
1099 8
96 84
1425 33
922 41
496 34
926 73
375 66
319 26
305 20
841 6
1188 72
1116 43
610 42
757 68
544 38
392 62
702 85
821 31
1352 12
842 43
1321 43
710 16
761 61
175 38
1211 89
1210 12
166 86
1046 54
987 32
269 53
1405 7
50 34
426 82
85 14
1131 59
1352 72
892 62
1428 15
973 1
128 25
180 88
36 30
1010 24
1262 18
1280 30
1315 20
1049 30
856 61
1050 31
831 71
286 23
537 94
1177 35
1066 98
154 61
1565 83
965 5
363 48
1439 81
1086 73
938 17
1046 23
1068 78
451 81
1489 42
3 96
421 32
794 43
896 25
1421 55
1229 62
401 90
689 98
1238 46
1454 23
1387 69
193 40
1098 61
1355 17
1080 66
59 98
455 18
288 48
1350 86
403 30
1209 75
1145 65
1345 14
748 73
1583 83
999 91
976 55
700 23
1562 11
1513 59
512 15
1398 32
1014 97
1370 22
497 85
90 76
1124 8
1528 32
573 50
989 40
550 73
1577 80
1460 12
919 94
802 53
523 30
9 41
661 90
747 74
1025 26
1065 58
125 77
418 59
420 11
623 59
850 65
42 38
480 30
1504 30
1462 44
119 64
1567 94
46 28
514 7
994 14
317 47
1008 6
1113 51
1407 6
512 69
126 63
491 88
277 9
444 44
730 69
567 73
465 44
1309 41
774 47
477 28
1126 36
500 54
1289 63
1423 6
481 82
1583 82
263 52
687 34
1116 90
1555 54
1377 50
437 17
353 18
391 61
607 80
1461 61
366 81
1082 13
778 54
597 76
289 5
74 48
58 28
975 46
457 42
260 83
358 94
963 40
444 41
52 27
1033 88
341 16
978 100
1358 18
385 64
153 49
1301 40
543 87
1133 78
1141 25
832 90
1355 25
1268 99
238 20
36 32
1054 65
930 51
161 18
85 12
1337 63
1476 87
56 2
51 91
939 99
904 30
589 76
349 92
992 79
674 38
361 56
865 87
1054 17
1166 19
333 88
489 41
185 79
1106 56
1109 96
1148 67
1277 84
918 87
539 45
1264 12
199 69
421 50
1231 14
698 51
1437 9
331 8
37 64
1356 41
209 69
880 69
473 95
273 93
885 35
375 89
290 89
856 70
1091 42
1531 40
678 59
983 48
236 8
1054 81
1164 93
846 73
1413 83
74 91
1012 10
1146 86
1200 13
540 52
1098 28
679 70
1025 61
368 48
1040 80
231 23
1058 28
933 84
1477 20
1315 100
146 10
797 22
708 61
19 1
1530 66
1305 2
1049 92
1573 54
680 59
531 6
25 51
1235 27
1549 87
1113 61
406 99
298 15
229 50
1111 37
270 78
1059 3
1083 38
932 89
977 71
422 70
258 6
1160 93
1194 26
1199 76
737 86
718 78
313 17
1412 70
486 77
986 4
853 6
485 76
761 37
88 45
1124 4
1454 67
334 26
489 53
1088 54
934 77
1018 23
60 35
1562 32
795 18
1260 81
125 80
408 69
974 66
1252 76
1010 46
791 34
563 1
644 76
1247 75
704 37
1006 63
163 32
489 71
809 45
1277 60
1003 75
1345 37
1142 61
1571 44
330 53
596 20
1078 70
1314 35
616 98
587 46
802 65
1354 12
1530 96
365 92
1237 77
1283 75
953 85
5 13
443 63
876 55
1305 71
438 13
1373 78
412 12
2 79
535 56
1531 87
502 49
232 81
1491 11
1190 64
598 25
1345 94
1418 76
872 26
670 20
1304 60
612 49
767 10
1283 96
158 30
481 42
624 42
710 94
1148 36
35 82
165 80
1180 42
519 8
1581 88
1044 68
563 23
789 24
302 61
625 37
1038 87
283 61
1375 22
167 7
1294 3
236 38
1570 26
1072 8
259 43
553 2
1133 27
181 98
822 34
270 60
1158 66
1516 18
1093 37
110 40
1263 61
810 26
398 68
217 30
917 90
729 26
1399 27
1184 47
1503 59
876 55
1057 86
1581 18
232 48
488 12
807 37
1366 83
1541 5
941 25
296 49
1495 31
1531 11
398 61
878 32
222 56
754 34
359 3
235 54
846 66
1298 41
1369 24
1364 89
931 5
1001 9
933 19
747 50
758 30
450 68
564 68
372 90
937 24
314 72
1016 50
1327 90
823 35
948 50
836 4
1216 39
170 56
1059 86
598 68
64 17
1167 62
114 32
951 24
1029 89
896 53
1187 73
375 79
1261 3
1268 74
1563 86
394 20
1090 14
919 21
901 41
363 91
1388 71
1464 54
443 50
470 43
667 69
1357 17
251 1
1467 22
184 85
760 8
980 52
249 46
641 17
182 80
1423 33
935 87
1197 61
1440 74
1522 55
1299 12
746 24
1515 61
1532 39
287 19
307 32
1236 40
546 81
1044 10
1472 36
32 37
879 55
302 36
305 23
122 23
506 67
974 42
917 62
1006 26
1520 17
200 20
24 11
77 41
19 45
1228 31
1433 57
10 22
702 20
540 58
565 52
1567 68
465 82
1568 65
274 48
1012 16
706 11
165 35
707 9
648 66
287 50
328 89
1280 72
772 62
1025 33
33 20
1080 17
956 71
871 16
1164 58
620 79
233 3
29 22
772 54
1323 87
915 95
1177 6
469 21
548 99
515 81
780 97
816 54
1494 1
1428 45
55 6
637 40
1323 21
487 44
1561 72
44 36
646 34
1475 27
957 74
74 86
128 67
1051 77
1105 45
1567 36
1495 26
1577 87
627 5
109 41
1584 100
1299 67
210 48
426 92
983 37
1275 73
545 97
1452 12
1101 22
610 45
1335 67
1007 29
184 36
1308 24
780 60
905 96
628 87
1112 74
47 51
1387 17
1247 41
129 2
1016 86
1251 82
143 12
1366 29
162 44
1435 58
673 16
1114 77
805 28
291 79
605 1
617 76
513 41
938 29
607 16
1060 27
1343 32
729 13
726 38
772 4
197 83
345 29
1345 2
377 10
207 29
39 52
616 48
445 13
218 56
458 85
733 94
787 35
1442 13
334 50
1199 67
1320 93
698 20
1165 100
277 68
117 78
614 19
758 37
141 52
1048 57
1083 13
14 48
858 100
736 13
365 36
214 27
715 14
175 35
753 35
975 33
1376 86
3 11
1319 44
381 30
1264 24
1270 99
131 9
1113 5
686 94
1272 78
1159 39
967 25
771 2
715 39
619 91
875 69
409 88
547 94
688 23
156 97
80 78
1038 96
1157 12
1044 28
1455 53
706 29
1441 83
1410 86
781 80
432 68
300 63
1570 20
750 25
689 42
1277 10
842 17
1437 4
1547 87
1302 67
1030 45
376 45
200 29
10 31
807 91
1098 77
1032 23
860 71
603 95
1224 20
516 94
1437 48
1344 8
1107 25
93 43
734 99
1580 8
1222 70
748 3
1231 36
1322 79
822 41
1206 95
1332 80
238 89
1544 43
471 53
184 36
15 51
286 29
545 39
1272 79
1412 79
1324 81
668 98
479 68
1144 37
637 36
1254 57
1049 27
1297 48
918 23
459 62
1053 15
1399 50
728 70
484 15
841 47
1211 69
1157 57
1476 60
1362 8
994 34
238 17
1242 99
590 87
804 64
773 62
145 49
90 78
1250 43
624 99
906 95
1320 70
527 23
1575 56
1449 57
1496 69
1047 5
257 35
465 33
1051 15
903 6
500 29
939 71
864 3
923 71
75 43
1124 77
1281 69
221 85
1547 18
82 51
1351 24
948 34
951 46
18 35
505 99
53 16
1242 34
134 33
1059 74
585 83
222 43
1422 22
616 4
1132 66
1463 29
1539 75
1468 69
942 16
494 37
253 88
281 96
995 28
320 55
1395 30
656 48
183 6
1178 15
1 86
1435 5
955 77
119 65
1141 21
1140 68
407 6
1375 75
894 15
1069 75
1555 66
502 84
26 84
440 19
403 32
1411 62
1096 59
409 89
545 20
1117 100
172 48
90 92
796 48
377 4
1558 75
657 48
165 68
866 22
1380 11
1437 19
1079 3
1177 69
1187 59
1380 18
1249 89
861 46
1381 16
766 17
611 20
53 52
26 24
1026 50
1003 88
853 60
560 49
1181 67
451 39
321 53
1516 18
670 43
1538 92
694 71
75 100
267 36
517 76
335 57
898 69
856 7
949 28
1211 71
1353 75
330 27
338 59
399 89
141 18
104 37
609 44
252 67
1311 48
74 49
1302 66
347 8
1238 15
1249 28
929 24
139 7
999 51
1316 47
139 3
292 79
928 76
1125 80
598 48
775 76
206 20
197 54
213 13
204 45
1052 65
466 8
372 67
1289 36
1108 86
633 55
1485 12
614 25
1298 60
749 3
1118 81
322 74
297 21
107 86
43 28
1154 80
36 18
1342 90
897 92
1111 76
862 81
668 71
798 82
47 98
721 27
985 86
879 28
163 78
174 32
825 50
772 59
680 55
647 65
1205 51
751 10
1509 53
426 31
1366 58
1399 93
728 50
1538 57
1012 81
427 42
362 51
645 11
550 45
1112 29
927 18
793 87
1579 18
479 54
310 6
1115 44
685 75
1032 84
274 95
1053 80
1229 71
369 79
1173 99
244 70
154 32
129 40
208 61
713 93
743 56
268 67
321 14
381 54
1173 87
1074 65
827 47
1134 45
841 33
224 34
542 65
1445 13
978 38
1313 61
20 2
987 32
1255 66
662 7
979 77
1218 1
283 82
936 47
601 83
643 42
80 38
1196 25
1426 81
1134 96
918 12
127 61
1530 84
628 11
432 22
707 86
1020 95
223 22
8 27
1355 62
1464 19
917 15
699 9
1482 19
1017 32
827 31
14 83
331 67
873 48
1487 56
816 6
315 63
1359 91
1016 41
1204 37
667 46
61 66
331 34
1241 11
415 66
1490 2
768 45
947 92
974 89
542 29
185 23
534 44
447 69
1190 25
22 41
889 72
102 16
813 74
1332 73
364 12
569 22
912 71
370 9
598 68
34 25
543 69
984 85
1128 26
790 14
767 11
291 69
1584 6
763 15
435 68
1537 78
1349 79
739 9
1038 88
604 88
957 64
541 76
904 31
65 36
1228 88
391 10
1243 41
1030 22
34 15
1474 6
49 38
1000 34
164 43
234 4
317 27
689 57
10 78
1236 8
1016 66
936 13
1563 55
842 48
855 28
1389 95
1258 23
1171 28
654 65
1541 50
1499 61
70 38
1091 19
1552 22
748 74
526 14
1140 60
878 98
335 41
30 50
770 1
1155 84
357 60
1383 50
460 6
