432
85 16
21 93
85 34
55 96
54 69
38 24
61 91
18 25
25 60
75 48
79 36
80 57
45 84
11 60
83 89
40 100
39 20
45 48
17 6
41 9
81 86
70 78
10 11
38 99
60 48
73 49
27 23
74 65
40 64
24 37
46 55
73 33
21 38
73 97
81 51
37 21
19 90
84 39
71 32
43 38
22 30
62 58
36 9
41 83
34 80
7 45
58 21
9 14
28 97
57 7
60 69
57 4
78 46
78 79
78 100
27 96
72 32
47 79
25 45
84 92
66 65
63 39
37 51
67 75
54 29
23 93
54 95
67 10
52 88
30 32
80 24
51 39
30 6
68 37
55 98
49 40
39 36
61 10
24 56
65 23
61 89
57 86
35 64
24 15
61 60
54 6
27 6
11 60
72 24
63 62
19 24
83 8
39 6
57 93
3 95
52 19
2 43
51 61
63 84
23 97
46 52
29 74
67 49
24 61
77 13
31 2
70 41
79 81
3 8
53 49
4 20
50 97
33 60
51 71
63 26
5 14
55 74
5 6
77 76
29 77
6 62
73 76
81 17
57 70
13 8
77 32
71 43
13 6
57 90
47 91
73 91
15 53
20 63
19 69
17 51
34 53
22 68
4 68
78 58
74 52
40 68
49 93
24 69
60 43
45 58
18 96
75 68
50 37
17 13
57 12
63 89
20 80
47 40
56 14
9 49
44 60
24 86
53 93
63 57
21 19
69 67
52 31
39 13
7 87
23 38
86 81
48 34
80 80
50 41
17 93
81 58
79 9
59 43
6 63
3 34
52 45
30 70
38 20
17 1
13 39
81 19
36 46
58 73
41 85
82 88
52 100
32 67
40 50
86 100
29 79
59 29
28 15
37 54
7 93
29 2
44 83
26 33
36 90
16 52
9 18
50 26
31 31
24 98
50 14
34 29
49 19
57 88
70 100
74 91
36 71
73 26
22 14
3 88
57 85
30 77
3 18
15 24
24 9
11 59
61 99
82 41
52 80
80 92
17 79
12 30
73 96
86 68
53 42
35 78
13 54
32 9
57 27
61 91
1 83
65 20
14 36
62 68
41 64
58 19
86 46
85 7
86 99
43 87
83 20
4 36
22 4
74 49
85 97
67 14
61 100
36 20
55 87
6 75
56 34
20 59
68 75
21 89
47 33
62 96
24 82
35 62
54 23
11 34
35 81
83 5
10 45
74 19
48 45
3 6
10 55
64 71
2 14
31 73
41 66
54 37
26 69
72 31
82 43
7 89
35 98
76 59
57 21
8 30
19 80
22 60
29 1
5 59
37 24
31 51
62 7
28 19
13 47
16 20
36 41
40 80
4 29
43 19
75 81
26 15
50 10
25 67
40 2
3 92
41 16
77 40
9 10
10 32
52 95
22 64
4 68
39 43
43 79
73 68
1 96
67 48
61 1
49 92
24 34
21 83
10 58
83 17
81 88
86 78
47 63
45 43
42 51
59 87
32 89
20 33
6 80
12 4
50 17
31 76
62 10
79 77
12 89
82 71
39 49
80 60
50 42
50 15
26 93
76 29
44 62
7 98
5 21
35 84
31 90
38 71
45 42
10 8
11 24
63 28
73 17
48 77
57 63
43 62
72 78
66 11
3 31
62 53
3 15
5 4
81 17
63 12
36 2
67 57
79 24
1 25
78 55
40 44
37 96
12 71
74 51
17 39
72 76
42 83
1 79
37 98
76 86
40 99
26 77
64 18
48 84
22 98
46 48
20 69
44 27
78 63
79 32
60 35
44 13
49 49
82 82
60 76
58 86
22 73
13 84
22 95
53 31
83 74
70 16
56 39
75 11
85 34
69 67
60 30
61 51
74 27
66 69
84 73
45 50
44 34
37 69
26 71
2 71
49 60
8 9
21 49
78 97
59 82
18 38
76 23
40 28
40 74
20 13
17 78
10 76
55 77
83 50
65 46
9 91
23 93
11 43
65 1
9 17
72 99
9 48
51 47
40 26
50 44
35 36
47 38
76 72
17 12
73 21
30 3
55 24
85 19
84 68
37 58
38 63
26 55
84 22
52 61
22 68
7 72
51 84
84 40
84 100
5 90
28 72
86 21
29 98
26 88
45 72
57 38
46 79
58 60
79 29
22 25
21 12
29 10
63 46
2 1
13 73
64 25
74 41
31 43
54 92
68 82
56 44
66 32
86 68
24 97
72 69
63 34
60 4
35 29
47 83
43 81
47 20
55 19
37 3
82 100
26 56
69 92
71 55
30 34
73 52
3 57
13 13
13 23
54 5
8 56
2 36
43 48
82 6
48 40
6 83
63 4
12 21
73 65
33 25
18 30
39 66
14 54
14 22
18 36
75 63
8 16
68 39
18 25
63 80
48 33
14 31
83 67
74 46
77 68
44 33
56 66
5 75
54 9
60 40
57 52
21 11
60 12
38 38
52 55
82 92
40 5
25 84
36 87
49 75
82 65
56 81
53 91
73 87
64 79
28 28
59 36
73 36
4 26
23 39
72 88
35 37
84 87
21 88
33 100
12 20
40 96
49 49
73 70
45 70
27 42
37 48
83 30
3 40
44 68
43 33
27 27
34 33
68 61
2 33
45 28
15 66
1 77
37 80
29 4
55 11
5 2
11 57
48 77
20 56
8 62
43 79
4 87
17 1
12 70
55 23
47 66
20 22
82 21
74 98
28 78
23 41
57 50
52 40
30 49
9 29
52 64
30 91
59 28
83 20
44 13
46 78
74 64
82 69
65 14
1 37
72 17
33 99
33 84
20 10
53 68
74 1
3 35
2 95
82 72
64 91
64 77
42 72
58 79
6 79
72 70
80 97
75 59
48 80
30 83
47 35
18 18
21 60
78 93
26 67
76 34
66 59
38 26
34 91
1 68
57 25
27 19
83 54
84 34
60 57
32 87
38 43
72 48
62 80
70 9
49 62
35 17
13 68
42 55
40 92
78 97
27 52
47 85
18 97
3 99
84 15
63 81
27 79
45 16
51 100
50 15
80 24
28 31
10 49
83 72
12 76
39 83
73 37
14 79
62 11
86 45
45 14
20 26
55 38
8 97
49 79
12 26
86 43
45 96
41 92
32 88
40 49
17 82
2 5
65 89
56 52
64 51
53 32
59 99
66 68
24 43
8 60
8 42
49 78
42 43
76 42
11 4
81 53
2 17
59 87
37 97
40 20
1 61
86 46
6 71
1 47
80 23
49 40
7 87
56 21
8 71
26 26
25 43
33 7
19 10
9 36
84 14
1 54
22 6
65 49
19 70
52 91
55 89
5 11
83 92
35 84
6 92
6 99
20 66
86 75
6 50
7 33
3 82
80 86
12 72
84 100
66 84
30 6
29 13
29 46
27 60
2 72
73 65
20 58
68 43
60 24
44 74
6 53
21 85
59 24
45 72
39 65
66 75
62 59
79 52
15 87
49 55
58 6
59 42
21 42
80 39
32 12
31 41
64 92
72 89
21 48
13 85
71 19
61 75
77 3
46 47
56 30
41 64
71 11
49 96
28 40
68 4
1 79
43 90
49 15
22 17
64 13
83 63
21 54
2 66
32 44
22 51
3 12
39 93
77 83
49 44
70 27
38 93
21 68
83 97
67 14
52 1
62 54
3 61
54 2
76 38
81 64
68 28
30 56
9 12
20 82
8 17
36 54
76 78
79 79
6 11
54 5
57 53
22 1
65 8
52 90
4 34
86 22
72 68
7 16
4 39
70 64
79 73
38 70
49 85
34 39
32 19
71 64
54 49
24 29
74 62
27 65
46 44
79 85
4 12
51 46
7 20
70 32
73 21
8 5
32 98
42 5
25 52
80 33
19 71
33 46
14 42
52 65
17 45
37 62
29 6
43 41
12 69
7 24
33 52
63 98
19 24
65 61
42 45
2 78
70 74
46 77
61 97
70 33
14 1
6 69
71 51
14 79
20 43
77 98
40 39
38 97
19 61
79 71
75 67
26 20
72 50
80 95
42 35
10 44
51 88
38 6
6 67
42 8
63 11
67 91
43 31
14 69
50 12
13 53
70 92
26 24
47 50
45 19
49 42
17 68
81 80
34 55
6 20
62 94
30 27
49 35
15 63
14 18
74 13
61 94
80 43
4 83
71 76
37 24
78 1
48 64
27 60
46 11
7 86
49 50
63 4
72 87
72 54
66 62
53 91
48 22
64 9
37 87
72 63
70 53
41 40
67 83
38 16
14 78
86 92
53 87
15 95
54 62
58 34
21 71
64 39
68 85
71 11
21 11
2 47
59 2
24 56
78 75
52 1
13 83
34 20
25 26
6 64
86 85
52 70
2 8
18 62
46 92
26 96
48 99
30 17
2 96
84 47
14 34
49 52
28 28
39 33
50 82
43 6
61 92
68 15
25 17
25 81
70 9
57 51
21 38
71 61
77 43
47 37
26 24
7 64
41 99
49 3
76 58
20 56
11 84
30 33
31 9
28 40
74 69
26 73
24 67
26 96
4 24
77 42
38 93
66 46
45 32
8 72
54 20
72 92
3 100
19 56
61 68
35 77
28 55
44 48
22 76
53 19
47 99
76 76
10 62
19 61
62 52
79 57
62 28
42 86
29 9
18 84
85 43
75 81
67 40
66 56
49 51
49 55
27 64
60 81
79 22
32 95
48 57
32 57
57 3
25 32
70 47
61 63
42 69
85 33
18 14
65 16
17 95
10 25
19 61
78 12
1 48
46 68
36 85
16 11
43 42
74 70
19 10
38 67
35 47
10 92
17 90
40 57
15 92
30 3
76 40
31 97
17 78
56 69
19 26
21 63
59 2
26 98
29 20
68 88
60 82
26 43
49 2
6 69
1 32
76 22
55 88
63 93
47 40
73 74
27 74
20 10
1 12
53 91
26 53
39 44
75 85
22 94
76 6
29 11
35 89
11 7
66 41
27 5
68 55
17 34
80 70
75 9
52 19
11 7
61 40
45 79
83 68
1 70
2 67
48 100
31 55
33 20
38 69
85 51
57 73
62 7
1 70
68 60
55 47
37 13
36 33
48 11
40 99
54 44
47 1
7 30
9 8
11 66
19 66
55 75
24 84
67 76
37 53
40 83
60 38
4 9
35 63
59 73
80 35
48 53
1 40
37 80
6 43
49 65
76 14
32 68
86 57
77 29
64 66
34 48
52 60
42 28
66 44
32 75
75 30
1 4
76 39
60 73
6 37
77 60
45 76
34 29
60 74
56 29
83 80
58 61
7 6
49 54
69 67
63 21
3 14
20 94
46 95
41 2
18 66
60 18
9 96
81 76
56 86
7 36
40 75
31 23
80 12
30 39
56 51
51 43
59 97
46 60
39 45
6 16
85 28
21 20
34 1
63 59
52 50
11 18
39 14
82 74
86 22
42 44
65 6
53 71
1 69
4 48
86 31
33 20
20 17
61 12
34 79
67 69
55 48
79 89
37 1
18 60
54 90
14 46
59 14
35 13
78 18
81 44
34 30
36 89
47 43
30 24
22 49
77 30
24 61
75 1
69 20
1 14
40 67
19 55
6 5
76 76
82 12
34 1
10 39
35 71
36 76
67 47
69 36
61 39
22 76
67 4
79 3
42 49
19 13
46 3
11 46
17 47
59 3
28 71
78 43
80 51
24 50
60 36
52 91
55 59
26 45
22 94
64 92
11 81
81 17
75 25
78 19
46 23
38 93
40 50
43 71
38 35
61 36
76 5
74 26
47 93
51 64
11 55
28 47
51 82
52 57
68 28
16 62
22 22
43 91
74 17
78 19
53 68
35 81
80 40
5 26
9 37
20 75
73 1
58 42
5 44
27 56
4 8
42 51
44 27
24 11
46 23
75 7
67 18
35 81
60 67
47 42
9 57
20 79
77 14
70 78
81 73
51 92
25 11
61 49
51 82
23 2
19 40
31 18
28 46
29 28
42 92
71 23
72 10
50 52
25 17
27 61
70 6
15 78
61 63
78 14
25 74
7 93
56 37
83 96
56 11
23 26
63 62
67 45
69 75
17 3
11 13
12 52
28 68
75 22
64 28
39 13
34 66
51 18
66 73
13 78
2 33
82 67
78 29
62 60
80 66
75 40
27 14
59 29
28 81
73 77
16 76
71 2
34 59
63 38
55 97
22 38
14 8
61 16
53 100
78 24
7 90
5 27
71 92
49 69
42 19
73 29
30 88
30 47
18 17
75 35
63 42
77 49
24 43
65 33
12 56
40 36
85 22
41 36
54 53
15 26
47 47
20 84
24 20
34 18
76 62
44 29
47 27
41 83
41 70
46 26
59 19
37 8
72 20
79 40
58 78
30 28
75 16
9 50
46 70
8 53
7 22
78 4
52 39
77 12
1 60
53 88
84 25
50 82
79 57
35 38
30 59
77 8
42 12
80 56
41 48
81 35
73 23
66 86
40 82
10 60
24 26
27 46
13 9
19 73
48 64
55 45
67 94
29 45
76 29
49 79
12 19
37 36
30 52
48 39
67 4
48 89
29 52
30 9
42 45
36 91
58 37
84 31
77 92
77 70
38 5
66 22
24 61
45 47
15 37
81 70
24 72
66 61
57 22
55 7
67 93
71 48
63 27
12 35
18 60
21 94
3 17
33 33
75 66
51 26
4 94
52 29
55 41
51 11
81 24
59 1
61 24
21 35
39 70
25 73
3 52
52 98
57 37
50 48
63 20
56 92
50 29
33 95
57 22
56 87
19 94
60 7
16 27
13 80
31 68
31 9
44 15
40 35
3 45
9 21
60 18
18 77
6 78
59 39
85 78
62 7
6 76
7 90
61 90
69 100
50 15
83 75
43 41
31 15
12 12
36 87
41 85
31 13
31 71
33 89
86 100
19 74
10 83
85 80
77 84
49 67
54 67
68 11
59 17
61 49
49 80
18 72
4 56
1 29
27 18
85 18
16 100
41 82
83 20
54 88
6 16
7 12
85 89
25 72
58 30
37 69
42 8
1 63
21 41
3 67
18 40
67 22
44 97
24 31
65 7
4 6
69 76
29 1
67 92
46 64
50 100
10 38
52 22
74 29
77 40
66 12
59 59
52 97
24 8
3 41
80 57
76 82
31 7
34 8
18 47
48 25
59 51
52 46
4 25
67 77
32 85
5 54
71 43
27 66
74 59
22 18
43 3
6 93
70 9
64 66
69 47
36 95
51 3
61 81
23 42
45 66
10 46
70 46
21 11
41 47
49 40
31 91
18 76
30 47
21 17
2 26
2 61
41 69
57 99
22 98
21 61
11 81
70 93
62 66
20 63
2 78
58 85
19 11
75 96
38 57
64 93
14 80
45 26
73 65
66 73
79 65
58 9
62 42
78 79
62 14
83 14
10 61
54 35
1 95
5 84
42 18
68 15
5 87
66 16
17 51
23 21
28 72
31 21
5 83
60 42
48 39
29 76
18 84
63 87
27 13
64 99
86 24
73 7
63 72
12 14
20 1
76 83
16 22
66 32
36 29
78 77
34 100
54 27
42 73
39 39
19 47
62 30
15 17
63 69
42 6
21 48
9 59
73 34
2 84
22 88
58 48
44 55
51 58
60 32
67 95
23 75
19 88
81 97
19 22
37 32
8 1
19 11
17 12
34 43
50 80
45 27
65 18
43 42
53 27
76 27
45 23
73 25
15 91
15 77
85 62
5 25
68 3
13 35
73 93
26 72
46 32
18 23
65 42
62 84
16 18
3 44
16 98
3 73
12 96
82 62
55 60
60 73
39 8
49 32
59 26
16 53
28 7
16 92
7 46
55 98
83 91
81 13
77 87
81 92
63 85
43 6
39 95
9 4
79 12
86 10
61 40
42 24
36 91
55 48
81 71
45 72
47 21
62 87
17 34
82 74
19 46
20 70
61 48
30 58
41 57
23 66
34 83
43 98
25 17
1 93
66 5
52 75
29 17
69 7
12 33
63 93
43 25
86 63
16 48
67 53
43 44
27 52
4 93
13 72
83 66
70 90
79 58
6 73
17 57
30 44
4 52
20 45
8 29
52 44
34 65
24 58
74 14
14 31
9 85
78 92
2 23
69 95
80 84
77 8
33 22
72 94
37 15
86 92
39 7
4 80
58 2
2 69
17 92
56 70
63 66
39 24
2 50
68 87
4 74
57 93
69 17
40 42
70 67
48 90
39 40
15 2
11 53
72 49
79 64
44 79
72 41
14 3
33 77
74 24
81 100
14 84
27 46
28 47
10 2
69 28
38 22
47 1
85 49
64 78
67 5
51 13
57 97
14 36
35 95
72 78
69 17
23 52
48 100
83 12
72 32
57 20
2 52
6 70
67 59
70 77
71 28
76 33
26 44
78 27
52 73
61 25
30 99
49 86
8 17
38 39
3 33
17 10
69 42
22 73
26 17
39 61
41 23
2 6
37 83
62 44
82 33
84 51
44 29
63 57
49 33
14 98
46 68
17 5
15 3
82 51
38 100
30 16
78 19
71 54
25 95
50 25
52 50
78 95
71 75
21 20
29 59
46 18
73 16
13 98
1 26
70 13
81 49
24 100
81 3
57 92
7 52
70 27
17 72
64 23
25 2
50 85
19 30
30 46
21 36
39 70
45 37
72 54
84 12
2 55
13 28
62 4
31 46
69 14
72 25
24 45
7 46
11 18
4 41
16 86
50 22
32 76
33 4
36 90
28 83
31 69
59 63
82 74
25 16
29 43
36 69
7 97
69 27
82 73
44 24
37 12
71 78
7 91
84 69
13 23
81 65
18 82
81 39
7 99
86 77
10 89
78 83
7 37
15 31
85 61
59 33
45 4
49 79
71 91
21 75
77 78
62 53
79 66
31 23
37 70
6 89
32 95
50 58
25 38
17 81
30 51
44 35
54 1
84 73
34 41
30 6
25 44
5 70
32 10
5 28
40 35
72 38
51 76
66 28
63 94
56 75
84 52
56 20
25 13
64 91
69 45
19 68
5 33
13 99
74 98
77 53
36 88
46 14
35 88
56 77
26 42
73 4
79 52
68 93
76 22
38 86
17 24
31 64
59 44
84 79
65 49
82 44
66 94
10 30
66 66
38 95
25 91
11 61
85 49
86 64
20 68
43 77
26 46
37 80
30 27
60 93
7 13
14 19
53 15
48 61
79 30
55 32
19 95
50 81
59 66
22 97
9 100
9 29
55 76
16 21
27 86
24 87
14 75
10 30
7 49
72 29
37 82
2 45
81 40
50 61
55 67
77 49
71 57
19 28
2 40
43 25
29 8
82 59
73 69
74 80
55 83
80 52
55 41
32 88
2 43
31 47
34 50
28 64
30 28
67 13
36 29
73 90
66 69
21 95
5 35
27 13
31 94
65 48
3 6
82 86
59 70
72 26
48 80
34 98
22 51
50 97
14 62
18 38
13 15
52 73
53 19
75 29
49 78
27 100
34 79
79 20
47 11
11 14
70 16
26 91
73 73
50 40
86 18
61 37
49 10
71 89
73 11
12 1
60 3
46 63
41 41
42 10
57 91
86 2
83 5
47 26
48 51
54 81
78 85
49 65
44 51
62 34
40 59
5 29
59 93
24 45
77 65
31 96
46 23
48 65
55 53
9 48
52 93
53 69
8 48
68 88
30 59
68 17
9 52
19 55
39 69
33 36
68 97
9 55
84 36
55 85
53 51
23 93
86 33
29 25
26 24
6 54
52 76
84 49
52 22
20 99
56 55
74 20
43 78
56 70
56 22
29 23
71 50
73 44
24 85
58 54
12 100
26 59
35 39
40 61
82 99
45 26
77 72
56 21
62 54
69 7
37 18
54 1
44 28
31 8
50 2
51 29
31 59
65 98
22 16
25 79
61 63
43 98
50 98
16 29
77 45
6 8
56 59
17 79
42 52
76 80
46 91
4 42
11 11
37 42
61 87
35 46
10 84
83 91
82 37
37 19
83 13
64 83
58 41
85 71
36 23
53 46
19 62
38 53
46 17
53 24
43 57
7 84
46 59
68 92
45 96
46 93
60 20
49 54
38 14
77 87
50 56
42 94
66 81
48 77
83 11
17 35
75 34
85 5
75 49
25 76
78 14
53 83
55 87
26 79
67 4
79 92
42 20
48 48
57 80
45 1
45 22
82 1
79 32
34 32
73 44
43 54
24 61
75 98
63 36
28 27
36 74
11 53
32 72
24 64
8 60
25 29
29 37
39 1
23 2
29 40
32 39
56 16
72 83
12 18
55 77
37 95
78 71
5 51
44 61
60 56
40 59
21 16
75 20
72 58
41 30
57 23
66 76
22 41
29 41
51 17
10 17
22 38
33 40
25 40
51 6
15 66
68 77
74 9
83 84
12 90
66 84
52 32
24 52
70 32
47 88
1 30
33 81
39 18
19 18
76 3
5 26
85 66
71 18
83 91
81 64
62 82
9 85
59 26
59 46
79 41
8 71
57 12
81 71
53 6
53 33
70 76
39 67
6 29
3 89
75 37
78 88
63 48
72 34
13 39
29 76
6 45
21 56
24 98
38 2
39 67
60 20
42 21
31 30
63 73
54 42
83 17
84 23
66 93
5 43
30 66
2 3
33 17
85 74
77 90
12 39
40 91
24 60
60 72
6 68
8 56
41 15
9 53
51 73
30 13
28 44
81 42
53 71
6 93
82 72
69 28
12 13
26 58
9 79
46 20
66 25
6 51
3 59
77 58
76 85
81 3
2 19
43 52
29 50
40 13
24 61
21 61
33 43
18 45
83 22
7 15
39 51
30 14
31 96
72 60
49 47
77 76
40 50
35 16
69 64
37 95
1 88
72 32
50 72
57 50
58 48
16 52
36 88
37 18
72 70
41 65
47 98
83 11
42 70
60 60
40 45
4 49
86 20
29 38
75 72
22 86
16 71
72 31
21 6
34 99
76 48
27 22
20 70
8 53
21 28
22 20
59 44
59 10
26 36
41 12
79 94
53 47
52 1
58 54
70 3
86 29
37 54
7 84
6 70
24 37
5 63
53 93
82 94
67 21
25 64
56 86
21 63
46 26
74 13
12 39
