7665
1000 49
644 10
1378 86
1410 94
911 96
209 42
184 47
332 60
1378 36
927 58
418 85
1201 97
828 22
1434 64
847 38
1094 25
753 77
573 29
1242 3
1368 18
238 86
821 76
923 10
649 58
854 28
1391 68
1225 98
1004 61
1403 52
634 60
188 29
47 60
405 76
1399 29
1087 100
361 73
225 12
1463 94
1240 77
1165 1
430 33
1331 67
1068 55
354 9
837 83
385 42
186 88
282 6
225 97
518 40
584 1
1243 31
370 6
483 39
768 68
1446 20
603 32
543 74
1508 97
1481 58
314 57
1329 35
1489 25
1273 80
1431 32
696 3
571 96
1014 31
695 96
378 8
733 6
1255 10
1519 59
1061 59
629 87
866 43
1467 86
1282 25
935 79
610 23
566 61
420 44
522 35
801 84
1082 70
102 59
203 24
322 5
835 33
1332 59
583 65
881 1
512 72
853 56
652 88
1270 39
1065 58
317 21
740 36
878 28
1316 99
335 99
746 68
722 37
54 32
1500 55
975 45
628 76
876 17
1486 30
619 41
610 32
573 39
1463 88
1268 90
365 82
891 36
449 24
999 24
855 69
1188 74
996 67
342 67
292 19
534 87
1424 39
1046 15
1309 44
956 26
1464 17
71 11
1143 93
613 76
118 12
1430 69
241 65
922 15
97 66
1 52
405 71
618 82
888 49
316 62
1519 58
882 9
1275 97
386 80
929 40
838 50
1202 41
137 71
934 42
678 39
1525 27
158 100
1098 48
8 100
203 12
1126 87
1062 98
421 41
183 47
412 99
149 63
467 41
891 59
1351 35
1163 18
869 63
662 58
48 67
980 54
458 89
239 80
288 71
590 25
1484 82
1414 33
1275 63
425 49
1013 69
540 33
435 12
598 86
1133 37
718 60
1323 44
880 61
462 15
85 90
902 67
1444 61
1182 15
138 51
115 4
1124 94
502 25
612 3
384 58
1410 86
156 91
596 87
610 25
1148 59
78 70
451 98
911 18
972 64
1111 72
160 24
1046 33
438 61
216 17
196 23
8 41
107 14
677 70
1180 37
751 88
1479 81
625 52
487 53
1078 14
1515 98
14 72
947 12
1327 55
289 68
517 25
1085 88
244 83
7 62
316 93
402 80
429 55
874 60
961 66
1222 13
488 60
1022 84
609 28
26 45
502 76
210 54
660 51
1360 1
527 67
46 77
610 82
535 93
325 45
690 26
551 45
1071 47
536 6
300 89
652 60
920 44
289 4
428 61
282 74
1494 35
226 52
513 91
15 100
1371 93
1290 71
570 44
111 6
210 98
910 27
80 63
104 56
1427 91
800 100
467 34
1232 55
609 99
1498 55
617 14
1356 51
214 13
232 83
986 78
1417 46
33 96
497 47
1423 84
1183 12
553 40
112 45
1031 45
358 31
637 31
1124 64
239 24
7 65
1461 13
1239 16
740 71
1148 62
165 81
583 25
276 92
1277 8
560 5
1384 29
47 93
934 31
454 9
1013 13
557 68
693 91
223 19
1202 88
553 79
707 31
90 40
619 57
652 65
1509 16
851 31
1064 36
407 26
726 21
1064 100
440 62
1343 12
412 89
438 47
332 49
645 15
396 5
1395 78
421 92
508 66
294 89
154 7
1064 36
1016 50
913 4
639 56
862 89
377 90
210 80
331 96
1424 20
397 74
501 89
1311 77
930 58
907 77
682 35
926 28
1221 92
543 41
746 46
968 65
793 74
1173 99
702 13
448 45
271 13
379 59
948 97
938 70
336 16
273 42
20 12
228 53
427 38
525 85
528 54
1317 54
1095 19
1222 36
1515 61
1420 70
26 96
646 31
317 24
292 27
719 37
537 73
487 48
1410 40
1239 92
1337 21
72 21
1015 60
1123 5
74 5
625 69
1129 68
1294 52
560 53
1340 92
1286 71
127 54
792 67
271 29
1476 68
155 3
39 77
1226 85
185 94
431 3
1204 32
898 68
297 44
249 82
826 96
128 46
700 55
1341 27
631 31
1501 10
141 85
330 36
130 78
237 98
385 4
869 74
1066 50
223 84
1209 15
969 78
258 98
707 17
169 81
1115 17
833 93
219 92
634 59
673 92
217 12
1088 5
46 76
603 30
1081 35
586 38
967 18
526 8
418 86
834 42
73 31
902 67
2 41
136 55
1310 10
205 16
1524 45
1486 41
1048 21
1126 68
825 2
757 35
898 19
1344 13
216 68
995 36
1293 11
1044 26
56 50
161 39
611 37
1127 67
435 25
178 14
1316 66
341 97
612 72
15 75
21 3
355 28
708 100
1361 25
581 41
597 88
565 24
1163 52
954 18
289 41
71 7
397 35
681 35
318 13
794 87
1280 37
1326 73
518 71
1260 46
1081 12
160 29
186 6
267 94
716 95
1293 12
990 29
1240 95
872 54
978 43
176 76
173 12
724 38
384 77
1363 46
1476 92
273 76
167 77
177 36
804 99
207 16
89 57
405 35
259 37
1284 28
995 40
756 59
1276 46
643 40
572 32
1020 95
733 57
1346 89
670 12
1515 81
96 95
782 3
277 96
1364 8
57 80
1495 66
1271 27
1136 45
1037 11
36 62
370 43
239 79
47 95
691 60
101 60
709 63
555 43
324 89
1449 74
19 22
464 55
958 73
892 39
741 78
565 76
55 22
419 85
1466 6
830 52
1202 71
931 98
922 32
614 26
1187 28
979 13
616 42
1496 64
229 37
22 6
1191 90
1258 83
1122 90
579 44
954 62
1184 58
86 45
1397 36
403 42
596 40
302 67
216 94
301 62
197 60
342 18
855 38
485 15
1333 92
15 34
1012 99
862 81
1281 83
761 45
70 89
1393 34
251 13
1171 65
84 77
980 76
495 91
852 79
72 78
1055 4
488 55
1395 63
261 80
525 67
792 52
632 74
1468 41
1046 73
125 38
1133 66
675 81
1414 61
10 36
1112 35
569 70
1220 20
17 6
1068 42
341 74
562 90
377 57
854 74
168 66
2 76
573 48
460 78
951 12
264 63
1117 48
659 76
1407 51
1432 96
1023 26
1394 95
135 84
776 82
164 15
373 20
673 19
1351 82
162 2
338 28
849 33
1121 97
291 67
346 86
1463 66
227 47
40 16
842 38
164 48
1120 40
236 93
590 21
445 92
122 78
773 54
352 100
1498 92
403 94
1038 67
524 80
166 84
693 36
693 45
1491 69
715 1
1304 25
880 39
898 38
1248 24
858 22
562 79
356 55
397 78
1040 61
489 96
831 5
486 88
427 49
1180 82
889 25
216 53
1314 86
588 53
458 34
746 87
550 100
541 69
787 100
181 29
1449 8
1502 49
718 14
1378 24
1166 52
360 13
138 83
1113 1
677 98
719 76
433 5
1066 9
610 68
416 20
699 6
930 80
1249 52
77 35
187 28
1410 61
75 81
405 19
1243 91
447 70
595 26
515 78
1152 79
746 32
1177 43
837 4
281 35
937 35
1099 45
873 68
35 19
227 88
532 71
809 89
402 18
867 63
1493 32
646 89
1110 60
393 87
51 70
76 84
1159 51
345 44
856 38
54 3
1292 68
1136 81
1107 26
43 88
1096 25
212 71
1404 58
514 4
190 91
1288 85
472 15
1005 89
904 85
1003 88
952 14
810 33
968 93
234 27
1092 17
195 14
394 33
318 83
578 91
853 76
277 88
76 98
98 87
1343 8
1200 31
520 1
1171 78
880 44
347 22
636 5
405 46
252 8
1298 21
572 16
749 66
178 28
441 66
93 36
363 29
1385 96
1312 7
817 48
922 67
1323 59
432 14
97 57
194 71
505 54
509 6
246 96
1519 62
58 47
1144 9
941 71
784 76
733 21
366 95
219 78
980 70
1366 78
706 20
1 70
386 17
1216 11
1121 50
1184 25
1059 44
741 32
496 98
356 62
455 57
780 99
139 24
738 90
543 33
847 100
362 30
1206 33
511 36
981 25
933 90
985 17
475 94
244 78
870 6
978 68
1149 1
642 36
262 4
1142 81
1462 67
658 20
1180 37
1107 9
162 9
1396 61
510 36
1394 60
1435 52
879 71
622 88
740 9
695 55
497 16
557 82
1508 64
1434 26
743 97
1051 23
79 100
35 89
1171 47
501 12
1455 45
127 84
604 48
1407 7
514 81
340 16
659 16
648 31
986 100
1000 90
802 26
837 78
285 98
761 47
55 60
1460 61
84 56
457 41
538 25
1409 28
448 80
327 47
1127 27
304 40
275 48
973 51
1175 15
1533 46
1076 48
168 88
1063 70
84 62
871 93
1231 66
977 5
154 40
1354 19
1466 42
1314 43
1034 98
303 65
184 84
116 71
604 94
1047 99
129 36
760 40
1263 68
9 51
1023 18
313 83
313 53
903 87
1413 9
1071 52
482 3
1095 24
90 50
133 20
575 36
1515 80
1069 49
1189 23
1164 37
1308 5
860 51
1459 41
313 4
774 1
1527 10
804 88
581 82
826 35
624 39
188 15
143 53
323 66
325 96
198 31
962 64
1211 10
756 2
333 57
548 35
46 69
1472 30
538 32
779 91
211 41
796 71
813 87
1206 36
1320 83
1004 8
513 72
447 91
590 35
134 83
50 65
438 35
408 17
554 55
1088 40
39 99
4 30
616 37
1414 77
830 12
887 34
1386 2
14 91
835 100
715 23
1054 29
818 81
93 99
1425 26
574 5
932 79
991 9
693 5
461 91
451 37
167 62
880 8
591 60
1070 7
202 99
498 97
1296 6
1491 26
649 67
38 87
1038 6
152 14
1098 80
1309 71
200 20
26 70
697 93
457 84
674 17
660 5
514 76
502 58
694 87
788 64
1002 63
990 30
202 27
1191 47
1407 5
996 67
868 63
348 5
1403 86
213 79
107 27
335 7
804 16
1480 1
1018 10
797 86
1499 24
1147 50
697 65
780 40
561 47
257 10
247 90
1162 14
784 92
986 23
681 86
1052 41
897 44
850 77
511 70
1094 25
1341 77
505 13
291 82
1451 65
1425 30
24 78
176 71
1250 3
689 20
1368 22
960 2
857 54
915 50
569 41
1369 88
220 53
409 29
451 20
752 28
1462 68
670 4
72 41
1130 61
1419 16
213 53
1290 93
404 80
793 90
569 18
285 10
1058 51
1466 53
257 6
336 14
800 57
1503 84
833 92
431 37
834 52
1222 60
440 7
1529 85
1350 27
415 24
1236 23
1371 50
756 25
324 16
1168 59
632 56
298 30
988 72
1183 100
1429 37
1295 57
1406 72
83 62
929 17
639 27
1207 58
89 81
119 58
620 100
1484 49
829 3
338 36
145 67
1016 1
995 58
172 65
1149 58
424 47
174 65
312 62
679 100
715 30
678 56
658 42
1090 56
906 56
174 22
88 33
597 86
1093 35
943 15
846 6
562 30
180 82
1428 58
152 15
1233 61
577 22
652 81
588 25
632 81
640 71
1144 81
549 87
1354 80
1144 81
756 48
678 56
660 15
35 85
924 29
1499 71
427 63
699 24
850 81
1329 57
574 7
245 20
559 61
1446 83
1270 87
351 2
684 36
981 96
1307 53
1482 75
1068 57
1490 21
334 15
551 50
1063 3
1397 47
1013 98
487 45
823 98
1066 68
1360 52
748 85
1144 84
1231 74
149 49
622 68
817 14
538 90
1433 46
226 87
826 39
1347 57
1037 59
13 38
683 78
482 22
1003 31
1175 91
875 76
210 80
173 78
101 78
536 92
229 96
1207 77
1211 60
453 81
925 80
454 55
731 47
347 98
1455 77
1397 95
185 7
1053 1
183 60
849 85
1295 33
1267 89
1103 72
969 51
922 48
730 98
189 54
1166 14
297 78
478 95
1445 91
828 65
1016 3
1046 90
1411 97
1137 37
1206 90
363 82
357 23
1424 55
181 21
613 44
1349 21
405 40
216 90
1520 7
145 25
1310 35
1121 4
553 53
819 38
288 18
716 70
1028 56
967 59
83 70
225 29
789 95
945 67
1150 81
826 17
1217 24
410 93
340 52
1211 52
1455 90
34 2
602 48
230 4
82 64
792 32
1060 74
1228 84
1519 5
497 27
1384 45
991 86
1286 51
1395 29
419 67
721 61
927 55
1034 45
40 72
823 67
116 47
1233 61
60 50
1085 4
866 53
806 26
1274 6
577 19
500 78
1405 8
327 29
338 10
1055 59
1110 47
752 1
870 74
306 29
818 30
1355 10
193 1
139 80
309 61
154 20
1501 16
425 18
893 77
1132 20
228 80
1049 23
679 20
675 19
1356 57
381 88
63 54
893 1
1036 55
1085 4
724 92
143 6
890 7
1231 100
1526 19
1252 71
210 51
1036 2
41 100
1313 73
463 68
20 32
391 3
950 62
1044 98
265 85
1297 14
550 19
304 60
1362 35
1150 23
1271 64
559 75
1163 94
1345 77
303 68
313 28
958 69
157 18
943 45
851 41
222 22
1082 54
230 91
391 58
228 51
369 84
1200 58
9 58
817 20
1418 77
57 22
151 42
727 76
656 52
931 84
198 33
376 35
853 2
1076 35
264 92
829 14
906 79
1395 80
685 70
1030 24
983 90
384 44
921 27
1525 18
964 42
985 62
442 61
766 81
417 87
1483 47
1234 56
1231 43
488 96
1007 22
636 2
496 48
853 29
444 5
733 46
1212 18
694 81
1150 24
551 7
91 30
1338 17
58 41
252 26
267 43
247 28
773 45
753 22
1249 65
620 99
770 73
876 61
630 81
1431 92
950 50
768 17
1020 1
553 99
484 39
199 9
1149 43
196 19
1239 15
713 26
187 77
583 16
139 97
324 54
944 24
1418 75
814 94
403 28
961 10
527 88
599 65
1295 80
582 5
713 74
391 5
866 37
1139 7
407 8
1118 54
613 93
423 54
410 9
804 92
88 78
903 10
113 14
957 74
1087 91
1175 74
470 54
1452 68
247 2
922 40
264 65
228 38
1410 98
444 77
1487 78
366 15
1172 36
185 36
361 45
629 97
769 32
732 8
1524 39
605 19
983 99
212 18
368 14
1451 14
4 13
1150 40
559 43
24 78
995 37
582 91
756 77
1405 91
1451 85
1172 39
1293 95
1153 82
278 8
1381 16
392 13
1010 13
647 63
51 61
1170 61
1189 34
1346 19
1261 55
202 9
130 58
1130 36
1440 87
1239 11
68 91
1309 43
42 81
755 67
1203 45
863 29
1159 22
1081 72
1289 47
1346 45
117 82
1102 42
467 41
1413 53
402 2
275 10
384 83
1021 55
961 51
1248 18
530 30
480 53
226 39
891 47
626 37
839 14
236 86
1386 62
1387 67
868 87
366 95
244 61
306 76
943 81
1099 97
512 7
1251 42
1026 41
1260 87
1159 83
27 51
784 84
1289 28
1094 40
1038 82
832 42
358 40
588 21
617 42
1047 30
1013 49
1457 28
1061 77
1447 97
612 3
1361 12
1179 14
607 79
973 3
899 69
1168 8
547 2
328 98
1164 15
798 40
1085 96
161 67
618 20
937 86
1256 90
1059 96
1482 9
1122 1
503 4
1467 46
827 32
856 38
1271 56
1187 79
505 53
553 36
683 51
701 76
893 98
111 1
354 28
250 85
475 19
1032 82
1413 96
196 18
50 13
529 45
688 2
647 7
803 40
1360 55
395 67
671 27
883 46
1055 65
725 61
1121 4
113 47
542 64
378 55
38 54
222 3
1238 69
1230 30
65 5
82 67
976 76
130 34
734 100
454 16
1334 4
227 67
590 1
698 70
888 74
1036 96
260 1
636 17
1033 8
1119 74
1275 84
116 31
41 66
85 46
1031 66
1139 91
977 38
1228 32
1317 39
69 75
1460 19
819 66
403 42
1148 5
1129 71
957 47
1266 87
1023 96
154 50
1283 48
1255 26
345 97
1324 26
1274 94
266 7
1269 63
1310 9
251 17
1445 5
1460 41
360 75
1290 27
1355 84
1447 65
863 37
701 77
1166 6
986 95
179 7
196 63
226 94
1264 68
800 75
360 42
6 90
791 8
310 92
1068 16
461 12
58 53
811 71
676 60
1526 2
207 74
1348 99
97 2
47 73
30 88
47 96
1333 52
927 32
502 76
959 9
623 48
1158 58
1343 13
1396 68
1173 20
818 98
1164 95
1047 24
184 59
539 98
654 54
1421 34
104 68
1341 59
1072 23
1070 87
636 77
663 22
16 4
875 66
234 22
219 80
1142 88
1147 82
1144 54
86 6
1205 14
937 84
1090 42
588 67
196 93
1132 42
839 20
227 95
1383 96
1443 39
882 63
1494 71
1284 99
884 79
1066 50
61 89
836 13
220 75
737 69
517 43
1182 71
1133 100
1254 20
611 84
156 63
161 26
1302 61
471 86
146 37
1058 18
659 8
1150 86
866 79
574 88
1503 50
572 34
797 82
132 78
1405 10
422 52
1218 82
692 20
295 17
1385 21
115 53
982 32
840 12
982 45
1215 3
150 7
473 42
216 19
185 81
439 40
1194 69
1301 73
767 79
1438 76
279 10
383 94
323 5
235 1
491 94
464 18
1290 11
846 8
1237 20
626 67
283 78
1332 36
1186 3
857 50
733 65
224 9
1363 77
82 1
476 50
1077 24
132 42
701 57
27 64
181 54
916 64
711 12
1409 85
1040 85
48 92
1049 91
611 91
1412 98
563 96
1395 1
599 74
956 79
39 69
391 97
775 57
143 79
1405 95
1424 27
111 42
549 41
462 39
1187 56
1431 45
1521 24
201 73
1409 77
1430 3
1125 30
715 49
322 79
286 86
442 46
842 90
877 91
233 91
177 10
209 37
1009 73
705 30
788 35
763 33
963 22
129 38
1088 81
879 22
849 4
506 51
1392 47
557 39
1444 25
1455 23
324 63
216 25
47 90
1071 43
825 18
606 92
1339 46
1021 90
25 92
1478 81
49 40
623 7
75 92
523 80
1375 54
408 51
1429 78
821 13
656 50
750 74
194 73
448 68
1404 15
1116 24
237 36
820 32
281 96
1224 22
154 47
1326 75
951 23
1257 11
323 63
1 95
33 86
902 98
815 5
1199 48
1255 2
257 17
1419 3
542 29
81 43
359 55
1256 11
928 100
425 55
355 38
45 58
1182 35
1495 17
44 13
107 59
1490 68
1403 90
22 87
1237 69
1115 72
1214 93
304 1
1223 83
468 99
820 65
1533 96
635 16
1218 27
68 34
748 89
1038 100
30 43
693 32
771 83
501 62
581 35
1528 81
1325 11
415 9
199 5
948 70
273 38
160 37
1262 25
453 61
561 68
1198 13
737 6
463 69
639 3
631 17
1225 44
123 1
795 45
995 27
1217 9
1169 5
678 23
1459 54
995 2
598 23
355 47
947 20
27 63
261 21
1442 27
321 43
798 72
215 65
742 84
22 12
904 60
451 57
463 79
28 77
969 5
1194 31
1129 86
931 37
803 76
1201 53
1374 60
797 10
1056 39
1492 24
1265 10
564 16
508 46
1305 30
72 28
582 5
196 33
1085 36
780 57
1376 35
1406 93
450 47
457 94
1509 68
1404 57
41 31
992 71
1369 61
932 93
1038 61
710 31
810 36
1324 90
454 73
1104 14
1195 80
936 27
817 70
1030 75
162 81
403 21
1224 82
1214 42
934 41
1258 96
458 41
967 86
194 46
1114 32
1133 61
366 41
775 33
922 52
1239 76
37 98
511 98
172 98
867 82
281 61
1444 37
371 89
188 64
672 1
1332 63
227 47
19 52
1016 87
1102 3
100 55
356 70
303 46
1133 49
75 47
1280 40
54 38
1359 8
606 6
1203 91
1039 11
121 59
1240 16
1531 20
468 16
1265 80
1463 67
830 88
1301 71
1301 52
603 65
271 83
573 74
254 74
512 78
506 17
1444 98
1408 80
153 81
816 14
366 78
535 5
250 3
4 30
234 24
1139 28
1435 46
1016 72
91 50
131 74
554 99
582 7
1234 49
531 58
1431 28
1237 29
481 58
659 100
867 88
83 79
1296 44
1118 69
54 75
500 35
1395 36
547 66
554 70
279 40
178 15
655 77
1503 70
906 35
913 90
239 21
935 24
1202 22
1489 83
839 100
587 72
1045 78
1509 16
1109 71
498 50
201 61
1043 88
77 21
1329 44
457 83
1310 66
1357 19
543 34
329 84
666 100
333 75
125 96
1503 82
1041 46
995 40
318 28
1125 89
1443 27
644 15
831 98
1249 82
601 72
887 73
65 84
1114 45
239 1
263 77
177 90
59 2
456 57
706 79
172 98
874 26
719 16
798 13
85 46
521 81
795 16
777 61
1505 83
1186 45
952 20
1263 62
245 86
563 77
1334 68
1528 7
249 21
667 63
946 89
711 55
903 19
318 84
180 69
473 48
1063 63
786 68
341 61
417 11
609 6
722 1
121 70
1414 41
375 24
217 2
535 73
4 100
752 67
671 2
1327 34
1113 78
56 79
1333 9
1494 2
1342 92
708 55
318 88
270 97
121 6
1415 43
1003 63
118 21
1216 94
227 97
141 69
1223 46
288 55
200 52
786 89
1465 94
1321 45
677 26
1307 98
1284 11
1080 66
434 45
168 95
1410 49
285 93
1326 13
73 6
268 30
923 47
610 28
966 54
383 61
1051 92
131 57
1086 16
1086 2
1086 94
575 46
542 54
268 10
318 72
984 34
1263 85
17 39
1255 78
1351 48
257 25
527 81
191 25
142 49
883 76
738 40
165 38
1432 28
1157 81
97 26
609 10
1040 59
1246 34
818 11
868 81
174 34
101 35
858 95
1370 21
1514 5
528 2
226 3
1436 39
1310 16
1201 100
947 93
257 9
1265 34
1164 74
932 88
159 73
1001 40
591 89
1532 68
942 67
1030 25
1190 29
486 79
415 19
235 23
643 9
1232 9
1026 39
798 80
1128 50
633 80
219 57
544 10
711 67
1476 46
698 48
1501 37
1073 98
923 40
870 66
1195 36
326 64
238 8
1194 30
1328 43
609 30
865 99
437 84
355 97
1365 38
516 69
1219 70
592 12
356 70
608 22
66 91
222 38
397 63
1234 75
580 68
285 30
169 49
2 44
1375 36
1388 98
1162 70
477 67
1446 61
1241 57
703 33
1144 42
1068 26
914 42
1074 11
156 99
857 17
525 77
1252 49
36 52
837 46
1116 30
1512 63
1344 18
1061 15
358 90
1316 100
645 52
304 86
612 68
1405 93
1228 90
1089 40
187 61
990 40
933 80
1501 30
1044 3
1216 94
1027 6
1176 14
36 76
955 91
823 56
565 5
109 16
1147 45
1323 48
635 94
952 97
477 78
402 100
667 98
504 24
794 78
365 75
1139 53
435 30
718 28
869 62
318 30
339 53
851 50
20 7
81 60
1107 97
635 72
1215 25
1245 78
515 87
1178 93
1255 22
562 88
959 80
385 4
636 79
1345 41
811 11
414 81
437 87
992 98
906 28
47 52
984 7
170 64
956 43
313 69
1252 62
95 18
1083 93
1433 75
745 58
570 70
690 93
415 64
51 72
636 13
121 56
1162 18
1418 85
216 67
506 93
782 93
706 100
92 53
1398 10
28 23
1408 47
1463 7
34 61
819 47
197 91
445 45
650 49
1412 44
1328 22
19 11
563 64
638 13
274 38
1427 29
1378 48
453 60
198 62
750 84
546 33
750 3
1072 54
1326 68
182 67
93 3
385 89
907 64
398 50
705 17
851 24
734 57
1233 65
1492 50
453 12
945 54
327 86
877 45
1034 48
962 46
1310 58
432 47
817 25
789 27
1199 35
1194 14
802 6
148 61
1469 50
867 23
889 31
1452 9
609 38
913 11
65 20
343 32
1020 8
1254 59
1418 3
1446 53
1248 30
1278 47
1421 22
