1036
113 91
171 49
131 46
176 76
92 12
166 80
108 85
13 7
31 8
147 14
109 77
38 33
22 78
154 94
181 91
128 2
100 96
184 18
48 75
103 83
190 18
176 40
185 59
111 71
76 21
48 50
137 37
75 56
37 19
102 23
88 22
15 35
47 90
42 41
116 22
23 21
93 71
6 14
200 41
79 85
196 10
47 6
42 54
135 34
157 57
71 29
103 55
38 34
7 50
12 10
167 20
177 27
191 23
190 56
110 42
180 75
184 4
156 51
25 37
94 16
199 90
42 71
43 53
36 37
21 45
40 83
42 36
9 24
2 90
74 68
161 41
106 44
6 99
195 90
152 92
73 68
152 81
134 38
69 19
140 95
52 97
165 88
180 73
139 4
125 39
78 48
188 14
170 70
110 99
2 84
204 36
68 39
1 54
18 100
41 42
154 81
123 43
52 61
152 39
65 69
206 62
174 95
55 45
203 80
162 15
126 33
28 61
145 8
4 66
82 73
95 61
161 62
183 1
51 93
126 73
53 75
24 46
134 66
94 78
7 84
164 7
39 38
153 80
186 48
86 16
56 52
126 29
118 67
85 3
193 63
134 89
90 35
181 46
50 79
24 27
167 41
20 76
102 50
25 94
190 73
162 10
111 55
43 20
143 98
109 68
157 59
140 57
124 62
185 15
162 11
73 70
144 65
59 52
9 55
110 73
196 32
115 52
49 54
90 97
56 46
179 67
64 98
89 61
206 16
80 80
140 17
63 7
155 82
190 47
95 59
10 31
8 52
72 57
50 92
97 75
188 72
102 66
159 82
146 48
183 79
104 8
144 66
18 83
87 81
68 7
180 78
142 49
67 50
59 7
149 73
177 5
91 48
143 19
204 3
139 96
134 25
39 77
154 14
160 75
115 69
104 43
141 22
133 38
117 59
67 87
55 27
153 90
31 86
150 61
119 36
193 11
144 14
133 16
207 89
40 20
21 62
104 52
201 70
108 59
66 89
37 3
77 34
153 41
32 26
19 84
115 3
51 16
77 35
173 95
124 60
163 67
157 55
100 37
163 49
175 27
32 99
80 58
99 100
128 60
177 39
4 78
20 19
177 72
3 43
169 57
12 69
66 32
148 58
197 69
18 36
199 65
96 59
39 13
114 1
22 8
73 28
49 40
65 25
84 21
160 22
104 53
108 6
164 35
192 64
50 7
176 71
195 97
23 58
190 16
58 30
88 8
175 29
34 94
134 13
39 86
58 79
58 78
78 8
76 5
199 55
151 52
65 94
185 84
158 95
99 84
46 81
98 31
135 100
10 98
9 48
203 98
62 95
6 7
100 27
59 46
176 40
155 77
15 39
183 55
39 14
42 32
44 80
63 85
120 77
31 14
164 89
57 47
197 95
192 27
134 14
141 86
20 35
82 59
123 31
89 8
3 84
98 51
56 11
116 25
61 14
44 76
37 1
36 60
175 4
179 68
193 68
199 8
89 10
124 12
8 45
76 94
185 41
195 76
81 83
205 95
114 96
131 41
26 61
31 57
130 6
3 79
8 99
2 59
45 10
107 80
147 13
185 14
125 96
84 45
158 2
200 1
34 31
191 48
126 96
127 12
37 73
82 80
70 84
9 47
107 100
96 54
123 46
128 47
196 76
197 100
150 33
162 98
130 86
152 18
157 7
155 53
198 60
173 100
117 37
14 2
38 88
184 1
172 43
28 72
117 31
139 76
156 23
139 90
109 14
203 82
206 42
183 96
162 55
89 63
109 78
119 12
29 29
58 60
86 26
177 76
170 58
2 29
159 34
57 71
85 51
171 42
111 93
42 48
2 30
198 28
199 98
16 12
14 38
29 91
154 95
34 71
110 70
180 70
32 18
159 13
89 88
76 57
15 68
48 10
138 98
176 69
154 100
187 99
91 3
94 4
84 40
140 50
39 79
58 84
130 68
59 25
187 38
175 69
56 70
194 63
183 6
188 22
135 28
55 73
56 64
94 14
160 5
5 22
67 30
89 9
41 54
47 4
84 19
50 31
95 8
29 60
120 17
159 73
160 72
175 88
98 27
100 19
127 49
30 18
201 94
115 28
72 31
181 81
17 23
77 40
70 26
40 63
37 59
57 15
108 93
55 33
124 28
60 6
176 40
113 21
123 22
84 79
39 59
41 80
66 41
58 53
100 16
114 93
131 86
168 81
135 44
64 83
174 56
85 55
33 19
101 69
199 78
154 14
96 28
195 28
121 63
98 54
123 6
77 36
113 15
99 7
56 57
45 96
103 24
131 82
178 48
92 80
26 14
164 70
87 84
146 38
164 88
190 11
33 59
66 14
13 14
10 32
196 12
1 4
28 80
196 30
81 35
166 85
50 87
192 67
60 90
149 88
16 57
15 7
52 15
103 26
115 18
3 72
118 95
91 66
43 48
165 100
136 39
187 76
126 5
69 25
186 59
17 92
96 73
84 79
201 23
203 64
144 91
199 37
70 47
80 40
178 76
67 18
149 37
55 14
161 1
52 24
67 28
35 13
8 45
62 36
31 6
105 16
32 43
119 91
90 85
204 90
70 35
123 41
75 63
160 30
112 41
13 65
153 75
35 91
165 45
2 81
165 55
127 21
69 13
149 96
35 84
163 75
94 9
81 8
95 60
204 14
36 46
173 90
55 78
156 85
32 78
34 32
175 32
125 87
186 94
205 82
104 9
176 32
61 34
52 59
98 52
8 15
109 71
80 93
199 46
160 62
66 64
156 92
156 27
171 58
13 38
129 58
95 17
14 63
181 76
75 45
139 29
49 58
47 47
105 77
162 55
108 64
61 20
28 60
198 60
95 56
123 58
69 9
190 52
159 78
115 19
117 96
194 87
126 68
123 87
204 1
180 67
95 55
73 33
29 2
204 69
149 16
7 47
149 51
200 97
206 57
13 7
94 90
207 33
193 80
142 66
161 91
109 59
141 32
139 29
171 60
74 44
61 65
164 43
131 93
17 32
117 77
151 73
149 80
38 85
114 38
165 51
101 97
137 53
200 33
57 40
24 57
109 47
177 48
159 49
75 31
153 67
49 12
112 92
88 58
46 25
190 35
44 42
96 76
73 64
189 45
69 70
158 100
108 76
4 23
5 43
116 42
37 53
191 97
99 70
24 96
86 41
35 83
89 73
73 90
89 6
102 75
125 38
157 9
92 28
1 99
204 69
126 9
130 23
169 90
162 73
125 80
207 25
72 79
23 51
39 67
117 95
11 19
64 63
120 6
14 25
122 65
67 35
140 28
80 40
124 84
105 83
102 66
47 72
78 13
203 25
48 43
127 21
168 25
16 7
150 15
51 57
60 52
119 82
206 28
95 22
5 51
183 63
187 22
29 22
53 69
154 54
81 63
11 47
57 24
203 41
51 77
105 37
147 6
132 70
62 17
95 59
40 11
30 22
118 23
84 25
19 50
62 96
47 96
65 91
16 16
71 58
102 51
10 34
14 71
79 4
138 38
147 67
149 91
118 5
54 88
122 69
94 25
94 15
133 61
119 44
189 40
165 32
161 59
90 92
125 92
21 32
77 78
141 10
55 49
40 38
118 54
206 78
82 81
39 53
155 77
28 26
134 11
101 98
85 19
31 42
156 77
68 28
10 84
45 4
62 63
197 60
55 3
151 42
138 87
88 26
187 95
192 37
110 76
173 95
154 97
201 65
153 87
206 65
132 68
157 87
124 36
4 96
101 86
15 69
60 31
117 75
78 99
20 89
178 96
159 83
50 92
133 26
33 71
190 96
190 33
42 2
120 23
45 24
188 77
168 86
171 55
109 53
30 29
138 47
207 59
161 20
103 34
51 66
84 25
87 95
19 37
205 50
191 13
161 33
111 59
206 11
153 2
160 92
100 88
180 34
129 87
38 64
14 22
187 53
201 34
104 47
63 21
79 92
176 1
110 46
54 16
153 23
97 75
195 27
29 82
118 75
107 81
63 75
118 65
77 41
140 81
95 45
185 10
156 25
45 98
156 26
13 37
29 26
122 75
110 3
4 26
193 73
28 6
105 47
198 82
88 39
50 50
47 19
144 55
110 70
15 74
31 46
37 73
145 8
194 31
85 10
187 73
106 26
129 86
84 45
71 23
57 16
163 2
18 71
147 75
165 66
16 100
103 98
180 72
67 89
108 97
64 92
152 34
107 51
195 87
154 90
14 79
23 31
140 65
98 13
120 81
139 77
151 23
156 65
74 23
120 16
141 28
173 81
178 48
85 1
72 48
164 55
145 61
75 70
121 33
91 34
119 50
167 76
159 15
173 55
156 96
175 88
81 89
52 36
100 82
41 95
177 69
131 29
109 34
7 5
144 29
180 30
19 8
201 17
145 52
107 7
106 90
20 92
189 8
142 27
128 68
190 59
205 58
39 36
20 8
206 96
106 53
71 8
69 84
179 78
60 4
115 80
38 36
133 66
14 88
23 63
109 86
20 55
77 100
7 46
173 72
196 74
52 77
91 79
39 70
18 43
80 15
159 57
89 49
22 38
98 52
124 91
104 34
82 31
78 37
72 40
196 38
118 41
189 42
30 100
114 50
207 32
17 8
169 11
17 45
23 44
175 36
191 95
195 18
140 40
50 83
34 75
141 68
134 49
81 99
181 48
92 35
32 10
195 51
106 4
99 10
179 9
90 13
4 63
97 59
135 98
119 13
139 66
132 59
45 84
207 61
47 65
46 45
67 13
125 92
94 39
50 3
12 5
117 41
155 10
159 45
203 49
63 19
84 55
193 23
19 53
159 32
188 80
115 1
3 19
75 91
158 33
17 9
3 61
182 49
12 87
188 50
94 38
124 36
166 93
113 6
3 58
176 27
39 83
65 64
100 93
7 87
66 64
53 62
6 15
177 78
158 75
51 62
37 1
102 100
40 29
25 24
170 91
45 73
189 26
199 54
165 26
194 75
22 27
173 4
68 81
161 71
4 75
100 43
117 27
127 47
117 15
67 62
13 25
1 16
176 3
109 44
190 63
74 90
58 100
68 43
108 4
144 7
185 34
79 17
108 3
103 38
73 1
116 8
71 22
205 74
165 23
1 42
25 5
31 13
110 13
80 31
108 87
204 6
27 14
173 72
1 65
182 48
141 88
36 98
143 48
85 45
48 3
11 73
50 9
153 82
109 96
64 23
24 99
49 63
206 77
191 79
31 64
186 48
186 66
8 92
84 67
49 93
41 12
154 44
141 93
121 92
182 94
164 95
16 59
75 72
1 97
176 58
58 77
107 57
36 59
86 99
125 5
137 67
101 5
203 9
103 57
114 74
205 98
205 68
2 10
180 51
73 66
23 44
38 56
20 87
95 73
122 4
190 58
112 40
111 29
24 23
115 88
106 49
191 50
13 92
164 65
119 42
19 76
82 5
92 79
5 50
168 35
158 64
126 42
108 39
187 89
151 63
195 1
159 87
124 27
22 61
27 24
142 72
118 25
30 99
12 91
190 18
206 19
48 27
71 65
33 27
177 99
126 43
168 6
2 53
11 89
143 41
157 52
156 97
55 44
3 63
22 91
21 89
149 91
58 85
25 94
131 72
176 47
157 27
111 1
187 17
140 14
26 45
117 14
91 14
92 86
169 28
193 70
140 64
179 60
26 78
175 97
106 92
77 26
49 99
2 61
104 80
87 2
180 36
153 13
122 59
145 73
39 73
163 27
79 84
165 19
107 94
15 78
174 22
101 11
137 52
59 30
120 13
162 92
181 29
61 85
91 19
36 52
100 27
139 32
48 99
197 49
86 76
177 93
144 96
137 72
123 7
205 92
49 57
29 27
112 78
61 41
7 98
73 39
145 16
87 80
2 50
12 93
193 84
97 42
161 35
45 76
8 4
106 75
52 81
193 40
2 29
63 6
144 75
57 25
160 7
202 44
53 4
99 64
109 29
159 55
75 63
186 83
58 86
205 84
93 47
35 85
172 63
16 92
181 91
172 53
118 96
116 12
91 65
127 18
165 13
22 31
23 98
192 41
102 23
78 79
38 24
86 25
110 26
26 77
42 29
167 71
127 91
62 10
29 67
195 69
99 29
37 75
32 81
153 87
33 33
155 52
11 9
164 58
84 30
160 21
133 15
3 83
140 1
190 30
144 83
32 26
51 91
105 26
177 74
180 39
119 32
171 1
3 31
166 74
179 5
187 57
173 77
110 9
36 9
191 96
143 62
141 9
155 66
82 86
119 85
39 71
142 29
12 64
86 50
112 79
28 54
54 25
56 42
104 30
84 77
153 41
33 24
60 36
155 78
197 91
128 24
205 84
93 2
106 85
166 91
51 84
164 70
6 72
178 87
146 25
30 33
84 57
143 88
56 40
116 60
162 34
94 93
158 82
126 81
77 4
83 45
153 19
136 7
184 18
62 44
5 87
90 79
94 83
39 9
9 71
55 37
187 13
9 40
78 86
90 95
112 34
192 100
182 16
206 79
196 65
3 79
169 27
135 36
163 41
193 38
44 36
164 83
151 39
192 82
117 5
29 50
167 74
55 59
127 11
143 31
18 52
22 56
60 48
201 17
197 67
102 94
161 89
67 81
24 86
72 40
120 67
144 35
98 72
107 57
47 76
141 19
70 33
39 70
84 12
82 5
32 83
57 9
101 31
106 2
50 39
29 58
38 74
169 17
143 49
24 87
126 97
51 1
108 52
163 19
44 86
97 46
141 24
102 67
13 14
95 17
61 7
12 62
170 8
66 91
16 27
91 38
205 67
111 31
47 84
81 2
105 14
48 47
184 20
4 23
14 17
146 96
135 90
119 75
46 68
69 49
205 79
85 8
28 15
175 14
166 70
108 70
157 93
55 59
154 30
24 98
70 61
202 58
68 66
64 14
147 11
145 69
76 32
196 30
207 49
89 94
68 87
17 86
184 13
85 31
50 35
129 78
155 7
116 99
127 54
64 56
142 23
87 79
179 71
180 49
171 53
102 77
2 28
1 25
97 9
13 52
56 35
82 76
98 25
165 86
3 78
173 20
102 87
25 34
77 58
129 27
169 30
56 47
38 22
89 29
174 63
57 89
207 81
35 26
45 51
61 88
182 62
101 4
49 76
103 43
44 40
163 91
181 79
133 82
132 47
117 2
173 11
81 12
6 13
159 61
41 83
138 34
165 64
119 50
71 86
144 20
131 72
185 50
189 100
22 98
71 50
9 69
44 92
203 5
136 41
24 89
35 58
50 75
60 86
14 46
55 22
9 12
142 37
152 74
172 75
183 50
23 45
139 54
109 41
78 99
23 45
116 36
200 77
89 98
135 62
16 95
97 69
161 37
141 44
196 48
86 70
124 78
83 18
109 69
41 41
172 30
65 34
161 62
101 17
79 88
68 90
93 63
53 69
18 30
10 96
15 23
108 42
70 5
21 20
121 98
73 18
17 91
55 58
201 19
15 66
177 97
134 47
130 20
167 74
25 52
169 12
64 26
59 26
144 90
193 53
98 8
195 47
107 59
28 32
109 23
78 42
38 7
157 69
45 89
108 41
100 10
50 49
198 52
190 38
195 28
107 81
187 47
79 6
195 38
97 88
114 70
36 76
124 75
43 95
203 23
129 36
118 9
80 90
23 12
145 49
183 32
50 46
10 96
162 72
152 2
163 12
102 70
85 15
62 41
66 60
119 99
100 48
82 76
145 82
162 46
57 67
181 46
6 88
160 79
109 26
147 32
186 30
37 40
143 42
200 8
179 37
43 60
140 33
149 94
146 55
185 88
132 24
43 77
136 70
161 33
176 50
157 13
90 89
68 57
152 28
192 16
131 48
106 62
204 79
121 46
174 78
203 47
127 50
58 68
112 73
58 67
50 9
150 88
167 87
161 96
104 64
176 26
113 87
197 44
75 96
29 80
201 43
185 75
107 39
124 20
137 50
143 41
85 30
17 60
127 15
53 7
23 39
29 42
185 62
162 6
10 72
139 12
127 87
167 91
89 60
23 75
25 46
3 17
187 50
114 4
197 57
97 96
100 57
50 26
1 25
159 7
190 44
193 24
137 59
161 7
97 35
193 39
43 16
99 23
126 92
88 6
200 96
169 92
105 24
196 6
103 69
24 98
41 48
158 35
144 93
202 60
141 34
99 90
124 87
201 43
206 27
166 56
71 74
103 25
37 88
50 83
27 36
61 85
16 72
47 56
114 50
6 17
57 99
166 68
27 62
75 13
133 93
4 85
41 24
29 68
147 100
43 76
34 15
169 33
83 2
113 20
187 70
11 44
60 39
201 49
92 27
32 21
81 86
17 27
184 9
201 74
2 61
148 20
143 86
33 18
109 25
143 86
161 17
163 79
125 37
135 78
29 91
196 88
100 74
193 3
11 57
166 74
90 28
98 43
143 92
4 58
70 68
146 80
16 41
161 97
53 82
82 14
141 78
14 8
137 12
18 81
55 39
36 76
54 95
93 100
31 30
200 64
41 82
188 97
196 83
169 43
72 56
180 71
146 90
151 77
136 17
48 69
93 73
78 47
79 52
6 6
84 90
106 14
193 85
42 43
157 75
28 61
193 83
49 43
77 49
196 31
137 48
57 50
145 16
92 34
136 78
192 30
36 19
84 32
160 74
53 5
14 21
83 48
33 3
151 62
41 15
33 70
19 86
23 22
149 15
45 41
57 56
154 43
75 77
152 5
34 43
15 7
176 51
199 42
61 30
33 80
188 81
60 33
29 37
19 27
53 77
29 33
92 43
156 7
180 65
171 78
176 86
199 42
189 73
6 50
23 5
46 88
23 15
62 89
140 1
14 14
205 32
146 8
110 8
87 3
96 39
190 77
198 49
161 21
127 18
80 40
27 48
159 80
73 31
75 45
61 88
132 29
140 91
17 34
155 32
135 58
167 95
97 47
87 7
184 33
60 54
99 11
21 87
157 41
91 57
171 15
15 59
120 7
177 37
32 1
80 78
65 22
176 72
180 44
148 14
207 11
3 63
164 3
27 73
160 61
68 41
93 53
71 10
134 46
176 45
89 67
104 13
169 45
170 61
94 49
7 66
159 42
9 21
172 99
68 43
90 94
5 10
132 52
51 31
126 94
17 51
146 58
141 58
27 96
155 38
5 53
193 86
35 78
152 77
146 36
173 3
193 47
197 65
152 68
175 41
28 67
91 52
62 25
134 8
157 18
146 46
14 10
128 75
152 26
27 84
136 29
146 33
134 87
30 5
147 67
9 100
140 93
85 2
47 12
170 47
70 26
127 80
39 44
13 81
103 15
3 41
83 49
64 96
190 74
42 82
171 20
80 96
30 34
120 7
107 27
168 1
61 6
59 24
162 96
142 93
174 41
33 47
131 49
75 95
165 90
81 27
1 52
168 88
82 89
112 75
58 5
64 35
173 11
9 92
200 23
186 77
89 9
6 41
24 68
2 12
167 11
24 3
194 89
115 59
136 50
118 11
152 18
30 95
165 55
55 32
117 43
53 49
138 58
52 28
183 87
109 54
143 10
164 48
5 52
197 53
84 69
45 95
170 35
164 95
182 2
172 26
131 10
29 19
60 44
142 65
200 10
174 53
173 4
184 86
72 9
51 71
200 72
102 95
62 75
179 12
103 95
108 16
78 37
162 25
95 5
29 27
16 37
98 63
123 14
86 55
59 21
200 86
103 23
103 30
140 59
137 67
115 97
83 85
148 46
175 24
92 36
68 12
119 2
32 49
15 60
69 40
36 1
160 58
141 25
10 64
59 33
103 79
58 47
145 90
13 87
162 47
157 16
31 31
27 82
39 3
69 22
45 99
34 43
82 5
30 63
90 78
148 69
201 28
164 87
156 80
192 1
6 80
27 57
187 46
100 92
197 25
118 66
101 68
38 32
201 80
92 72
129 4
147 96
194 61
91 27
60 95
170 57
91 45
108 100
121 24
82 73
189 38
99 29
45 19
150 47
133 86
179 45
55 37
18 45
48 55
27 10
3 26
45 24
143 76
60 94
202 10
47 4
205 61
143 36
22 36
14 48
103 56
143 59
23 64
69 22
78 10
6 9
204 76
27 12
177 74
115 90
53 46
54 99
187 34
22 19
45 9
149 44
126 81
115 74
37 20
16 51
53 59
200 18
178 59
171 89
119 65
191 65
129 61
192 77
1 56
124 45
56 45
42 50
101 14
95 60
168 30
77 32
131 38
5 73
91 22
103 53
204 51
191 31
97 14
68 71
59 64
101 51
79 2
122 5
156 37
5 36
127 59
18 48
91 87
149 93
131 67
91 28
5 28
46 56
18 95
137 77
74 66
137 68
105 19
141 50
190 48
161 31
200 67
147 85
176 56
37 25
150 44
133 55
107 51
51 6
11 66
76 10
125 47
156 9
20 64
15 87
83 79
35 82
124 90
113 2
126 50
62 12
147 10
168 11
123 2
191 71
93 18
32 69
31 28
50 21
193 66
139 80
124 35
163 22
167 16
185 52
80 85
110 2
59 55
118 86
62 70
136 19
103 72
144 80
48 40
173 2
46 74
77 83
106 52
119 76
37 45
50 13
201 38
206 63
69 14
124 90
191 40
47 19
153 57
120 49
149 21
16 66
16 96
52 91
150 88
22 71
83 96
150 17
130 82
128 97
65 91
104 43
63 17
107 13
42 45
39 53
110 100
174 52
16 67
104 78
75 32
106 11
54 60
174 18
160 13
65 20
171 35
26 61
165 6
5 89
91 13
167 89
40 81
143 37
131 13
25 47
114 52
35 26
131 89
198 49
206 57
123 34
114 80
169 97
49 47
87 25
143 2
41 38
183 40
41 18
47 55
60 23
132 21
83 98
57 82
174 57
41 73
58 57
162 26
99 5
83 90
66 51
194 45
134 81
97 4
204 30
95 36
64 94
172 53
79 25
166 50
99 81
96 79
145 35
33 18
72 59
90 82
111 66
116 6
181 16
126 98
203 98
28 46
29 1
102 41
143 63
11 87
180 42
14 37
195 96
171 1
13 100
72 28
115 39
172 68
11 8
112 59
148 33
26 16
136 36
48 40
31 30
73 20
61 67
17 26
74 58
105 100
130 57
11 94
105 75
66 45
50 96
95 4
35 23
187 51
140 4
79 80
