4382
531 5
377 74
663 1
391 38
547 84
595 49
237 35
131 4
66 11
291 68
810 12
21 39
858 76
115 13
343 72
165 40
801 52
7 98
657 17
44 47
262 64
710 78
368 46
127 67
143 81
851 40
480 26
560 85
428 94
534 1
15 33
691 12
326 84
693 91
673 49
603 89
666 10
290 73
182 96
621 42
554 62
771 57
77 58
101 74
308 87
344 18
831 82
571 6
46 9
634 19
576 61
598 83
743 41
353 17
474 69
258 42
836 53
247 20
174 15
253 12
759 7
407 7
518 53
759 2
725 36
469 62
807 51
73 40
326 65
790 59
389 45
77 95
378 10
12 39
840 85
181 18
24 10
13 3
61 83
185 27
181 3
669 70
772 80
832 26
486 94
326 30
94 47
188 84
661 45
345 57
519 12
93 12
115 59
770 53
183 19
214 75
798 23
766 14
803 58
153 12
214 63
66 70
689 5
207 76
761 6
796 32
256 3
485 95
25 44
805 25
456 11
231 82
53 37
495 56
729 51
577 79
459 80
733 97
526 58
401 2
821 59
323 35
764 17
851 42
86 3
451 39
38 89
682 56
691 8
43 63
825 82
250 7
306 48
342 97
502 5
292 19
647 7
98 75
124 58
381 71
230 63
137 100
150 9
568 100
32 72
64 94
29 45
487 89
226 16
104 51
227 35
763 90
656 43
826 3
493 87
559 90
332 11
42 73
271 26
710 89
3 15
624 59
553 40
106 43
334 68
377 3
600 73
287 13
471 94
128 98
185 7
439 84
147 48
237 15
603 53
615 8
439 18
306 100
238 5
89 55
463 37
25 61
609 65
162 16
247 65
526 61
394 43
269 53
412 62
289 44
124 97
796 42
355 20
27 23
426 70
684 88
505 46
805 62
195 79
123 28
187 82
258 72
424 59
341 97
204 92
235 89
507 58
765 20
52 55
646 24
202 17
550 15
404 88
532 6
616 12
19 90
705 4
29 35
853 74
431 79
785 8
496 17
746 35
553 44
266 25
542 52
742 52
67 4
544 1
751 72
136 96
79 12
330 89
94 73
277 42
679 44
847 52
749 11
299 65
406 56
717 60
718 76
559 79
285 24
520 67
335 99
328 50
515 99
617 24
327 84
3 89
374 33
167 5
176 4
194 28
114 92
609 100
233 87
345 15
24 69
138 5
436 24
701 74
634 92
871 74
129 1
474 49
545 54
219 88
518 10
858 74
451 57
577 23
362 5
493 64
282 63
263 49
10 94
359 92
174 89
682 70
53 81
339 62
793 37
215 18
437 60
318 73
845 8
590 95
745 42
393 84
163 52
503 85
850 19
240 27
36 33
150 2
66 57
532 75
211 83
484 96
493 94
582 53
604 91
671 18
333 8
331 47
450 76
373 75
741 18
770 81
725 17
110 49
45 49
674 6
673 93
694 85
667 1
44 64
778 16
12 28
617 93
165 14
840 56
581 19
501 39
608 34
784 26
121 79
359 44
363 87
628 45
182 27
133 19
484 22
706 42
640 99
569 94
623 69
494 47
596 42
538 93
27 91
648 29
414 89
791 30
530 25
231 8
282 41
340 16
180 78
109 10
215 25
776 76
173 68
823 71
7 59
21 87
469 21
124 58
288 26
242 42
807 59
620 88
650 27
748 69
794 91
177 81
251 59
56 39
706 7
366 87
770 9
459 95
836 9
272 52
865 18
102 32
652 84
759 27
856 83
105 5
478 22
300 99
666 87
672 3
366 20
207 83
324 37
29 74
265 93
162 47
136 81
377 55
876 89
820 77
660 21
131 9
697 37
631 65
63 84
672 74
308 21
338 1
145 30
720 34
536 18
744 9
410 63
693 67
241 24
161 45
16 32
782 65
286 69
436 48
374 8
372 58
278 57
503 74
255 89
12 82
171 79
497 16
715 66
279 78
649 28
697 25
666 87
657 9
96 86
811 6
116 30
151 69
367 12
651 9
497 15
89 50
364 75
246 6
619 93
746 9
820 77
481 48
122 84
723 80
128 87
233 55
567 89
849 88
254 12
421 3
334 25
447 51
252 90
465 23
661 19
570 8
435 4
114 64
49 76
628 26
708 39
441 59
324 4
298 22
98 92
169 76
644 59
435 27
638 1
816 66
643 20
414 4
107 92
651 5
16 17
645 69
490 91
384 100
226 74
88 54
36 40
423 45
689 23
806 13
443 39
20 50
459 31
443 5
172 21
687 47
747 20
23 4
206 22
467 14
471 78
405 22
149 94
129 68
665 95
2 59
262 93
220 69
21 59
872 44
331 32
374 69
776 52
708 37
811 53
138 85
400 96
124 13
486 43
495 19
525 36
641 16
35 96
736 47
294 37
461 43
123 75
181 88
575 1
240 88
430 60
704 77
183 75
766 100
637 14
718 70
88 94
427 74
29 48
178 97
829 80
47 64
405 44
263 26
368 69
136 1
485 41
173 69
803 2
195 51
703 54
157 85
643 54
443 7
152 30
728 78
538 99
74 47
53 45
661 77
297 88
649 37
351 55
277 57
308 82
607 41
398 39
344 52
241 26
7 81
226 50
603 45
479 52
756 14
659 30
37 3
682 26
248 28
507 16
89 8
509 84
391 39
345 42
655 56
855 49
150 4
751 93
406 15
308 86
320 3
550 56
286 82
680 81
659 71
289 44
579 47
707 47
531 24
27 92
123 7
71 30
184 98
868 43
796 69
372 74
359 1
8 66
409 100
834 28
148 78
615 42
375 88
719 68
160 89
871 25
705 35
344 17
569 47
575 8
127 13
455 80
39 39
264 59
762 88
229 38
449 17
83 78
283 67
415 68
441 67
265 57
447 21
214 48
171 37
490 56
276 69
291 58
433 1
190 68
763 54
165 99
482 64
787 70
660 1
872 90
421 36
606 21
345 27
712 66
297 97
568 44
459 26
705 86
60 51
3 34
772 62
805 75
545 6
579 3
416 68
396 13
578 77
32 40
203 50
197 48
384 86
528 9
141 4
853 90
545 29
651 58
79 92
587 53
755 28
795 67
611 64
409 4
90 98
150 79
365 7
227 65
75 87
224 66
115 8
701 49
849 12
710 92
426 70
489 42
32 69
8 80
869 14
218 8
158 73
369 62
349 50
583 80
161 96
146 90
555 85
703 96
675 74
424 50
698 68
147 29
420 34
809 58
639 32
762 46
471 47
80 24
703 62
77 87
248 72
800 5
88 58
618 7
80 42
699 76
74 48
598 65
357 54
112 26
337 93
168 80
68 30
601 87
57 63
780 81
595 24
228 15
359 38
486 38
214 77
766 27
432 46
538 34
161 99
67 76
665 61
283 37
427 17
175 39
63 46
832 42
169 45
119 65
755 2
757 74
349 13
775 77
464 87
341 29
731 82
397 57
126 92
588 62
262 29
833 39
857 99
571 83
314 54
274 64
79 18
447 98
875 26
873 36
138 85
779 34
521 73
184 68
829 61
818 100
868 81
678 12
813 32
267 44
489 54
348 58
741 25
789 99
875 42
514 84
108 54
47 22
189 65
16 96
517 84
341 6
182 72
219 32
535 44
717 67
807 89
35 24
84 58
52 81
75 18
48 27
115 100
838 50
37 68
85 58
785 72
844 55
457 28
347 56
267 33
89 100
527 6
550 36
219 49
719 34
640 14
165 30
735 22
50 32
570 25
415 91
273 91
245 26
589 42
809 58
868 69
8 50
716 100
505 56
603 35
718 49
836 19
602 84
525 89
450 23
735 42
769 85
72 16
453 13
351 73
779 63
168 10
191 88
724 62
349 89
390 16
40 25
130 87
281 24
701 50
768 72
458 27
798 92
537 98
237 24
393 41
177 83
421 63
252 93
516 39
535 60
587 89
389 9
497 58
163 53
708 80
552 56
760 34
88 12
91 90
452 54
277 39
473 31
359 83
618 2
465 93
347 2
112 96
224 2
423 17
177 16
828 66
769 74
711 55
516 17
441 18
794 86
159 96
179 67
294 86
769 85
400 18
272 78
99 84
118 96
672 13
338 55
81 100
343 79
277 53
337 4
574 61
44 7
497 47
59 67
363 70
527 58
12 40
503 15
3 23
75 96
113 8
556 72
199 65
242 31
379 81
185 57
292 19
71 20
805 48
100 50
131 77
778 31
493 2
666 81
179 21
403 63
307 61
193 6
320 57
87 89
353 80
39 91
397 17
115 48
39 96
871 16
506 84
149 93
428 78
93 57
122 3
525 22
309 15
219 86
42 55
287 59
428 82
598 92
360 32
292 99
300 18
738 96
50 96
569 83
680 8
242 18
827 99
797 68
272 1
668 78
376 43
636 84
119 53
405 86
419 32
527 96
758 84
320 39
358 68
594 17
23 3
392 56
611 71
358 45
366 27
348 83
165 7
36 7
861 97
766 22
376 2
261 93
618 79
146 40
370 29
196 57
782 90
364 96
281 67
733 14
24 3
99 47
726 49
329 47
329 45
121 52
657 2
769 37
254 67
709 52
441 25
103 40
542 28
838 58
92 86
612 36
148 8
160 95
696 13
834 69
784 55
864 63
569 44
542 69
91 75
765 80
865 95
536 81
859 81
607 41
457 26
874 75
774 36
30 68
755 42
190 34
402 34
592 67
600 31
800 65
423 45
297 58
721 23
633 8
555 94
819 79
193 100
532 44
403 85
227 60
480 98
585 97
769 73
560 28
104 51
288 6
675 97
189 58
11 14
566 69
177 91
295 80
846 17
183 58
345 90
208 74
28 68
67 49
400 61
61 59
655 88
502 72
608 93
48 85
299 100
847 32
125 56
158 28
128 97
449 87
686 63
74 80
796 8
400 53
414 2
629 44
11 29
767 11
228 4
55 56
785 44
57 74
631 95
158 73
127 41
588 9
419 57
630 35
43 14
815 52
190 96
7 65
198 80
342 68
367 68
320 37
863 97
315 40
230 17
166 22
395 98
783 53
301 89
356 55
171 53
68 62
655 42
853 20
55 90
735 14
216 42
179 99
6 91
543 23
27 4
837 63
527 67
763 83
568 77
571 46
300 20
4 58
440 20
147 26
48 19
317 70
34 23
481 44
784 15
36 18
24 51
749 56
177 45
251 64
856 37
473 68
385 83
377 29
686 31
457 38
340 3
509 72
98 61
480 89
104 14
41 84
805 41
357 75
560 91
537 6
871 81
103 67
819 79
751 28
869 26
522 79
733 95
791 71
189 2
568 93
788 100
202 39
632 48
205 4
749 38
134 22
737 50
254 47
874 6
589 10
181 20
252 48
272 91
309 31
671 62
521 10
131 70
159 31
697 58
203 84
95 9
733 75
797 47
321 74
542 89
420 49
335 97
433 48
45 89
154 77
90 9
855 7
305 33
809 51
786 43
581 69
490 99
39 13
743 18
336 38
759 60
323 16
550 70
88 4
599 86
677 65
110 57
198 39
354 83
861 49
743 18
570 43
869 5
685 50
583 96
143 61
214 44
258 30
594 72
693 31
459 22
244 19
92 99
190 88
211 55
167 84
771 45
681 6
450 87
16 90
130 21
140 67
599 5
689 2
11 89
709 100
342 50
750 30
855 81
504 92
662 67
343 21
228 54
85 32
201 62
157 84
429 18
586 8
776 100
128 43
345 36
386 43
257 23
12 67
287 52
441 36
512 5
95 80
397 44
626 37
349 3
394 16
64 10
486 84
303 18
203 71
371 30
636 40
714 53
275 32
529 77
571 53
687 82
248 22
471 65
653 39
491 2
660 21
262 66
115 21
766 56
89 34
282 92
544 96
301 3
251 81
840 4
827 36
487 50
565 80
614 47
861 42
450 37
271 60
289 98
255 70
490 25
5 6
533 36
791 38
213 60
544 59
166 84
190 32
327 38
100 38
704 6
34 63
596 57
461 92
315 99
726 69
657 15
874 11
11 35
537 13
63 11
787 66
579 30
574 30
384 98
580 37
626 31
137 24
490 70
783 69
162 76
849 74
256 2
666 78
859 67
653 92
451 6
637 76
4 59
651 58
280 44
258 81
501 7
500 12
300 29
434 65
652 37
266 67
100 39
52 99
717 35
94 52
158 56
505 98
243 89
810 81
23 89
352 67
325 78
189 8
473 42
289 55
448 85
827 53
110 39
497 77
223 7
732 32
518 58
156 91
759 99
134 100
828 79
118 27
588 41
755 75
658 17
388 71
850 67
606 61
95 55
732 70
646 59
407 8
274 2
378 30
633 69
485 20
702 53
69 22
292 86
84 24
456 61
329 54
734 89
98 25
671 10
7 36
648 48
518 25
253 43
797 96
205 45
658 10
357 81
577 82
220 48
53 47
249 59
565 94
47 82
519 93
576 6
177 65
409 69
658 71
426 59
829 54
862 47
200 97
209 63
736 21
316 32
241 71
32 34
240 17
668 31
603 76
53 35
288 16
207 73
806 76
38 26
202 20
192 89
166 50
567 65
769 58
239 33
572 1
253 70
2 70
76 52
159 10
191 61
262 59
770 83
865 2
396 39
435 40
324 14
169 41
349 53
527 78
829 54
595 75
269 9
784 49
23 62
379 17
59 37
340 50
23 97
410 39
498 94
692 66
161 90
739 27
784 55
812 91
718 70
692 1
677 38
294 69
115 95
592 38
240 84
41 66
599 73
876 91
91 83
772 29
369 40
773 26
118 15
744 29
732 99
123 30
210 22
582 94
768 39
264 100
222 53
276 7
570 92
504 49
219 58
109 45
466 40
492 30
443 47
351 68
30 63
832 91
180 53
759 21
851 30
385 70
159 84
647 20
545 22
10 82
228 72
630 36
851 27
83 87
451 85
664 46
446 2
835 64
491 89
422 81
717 51
544 57
205 79
727 74
526 63
221 83
194 82
629 83
212 20
301 50
104 94
873 94
100 17
428 42
798 2
65 84
289 35
671 21
437 41
114 100
278 19
407 29
58 81
152 39
217 17
505 53
480 40
187 20
364 84
88 23
608 13
623 97
251 67
243 82
255 75
494 49
293 55
65 97
617 57
208 23
370 40
271 93
768 58
485 94
87 31
517 88
584 54
8 3
559 13
344 22
258 92
736 94
115 50
764 64
813 27
238 62
401 42
638 99
708 18
626 7
413 51
835 21
215 36
752 34
726 65
858 75
488 35
533 53
512 80
7 69
772 25
358 56
95 45
207 61
540 96
800 46
817 21
556 59
598 14
693 18
467 77
434 88
66 92
172 52
88 41
525 84
648 78
458 32
406 28
768 7
503 4
655 1
525 67
330 100
820 7
381 53
671 82
436 49
571 10
422 100
394 82
111 39
337 60
27 77
786 78
226 54
359 16
768 67
701 38
374 41
24 71
299 19
695 4
674 22
781 32
227 1
772 66
442 54
66 89
159 55
167 82
322 89
206 66
148 97
208 84
335 58
410 17
285 56
619 98
562 66
48 10
250 59
115 52
521 14
759 99
16 70
30 91
162 10
219 78
40 30
121 40
74 89
102 24
422 94
361 26
528 12
563 24
459 75
370 27
306 11
704 56
55 13
626 75
168 46
59 68
814 29
826 57
651 78
738 98
635 82
458 42
435 96
217 62
292 96
357 18
571 38
749 68
618 75
157 16
34 22
706 67
562 45
216 36
444 64
867 90
239 99
665 83
301 10
778 32
197 59
528 21
742 74
492 29
283 85
202 58
375 82
524 85
64 62
556 64
402 42
313 13
602 57
726 97
743 66
364 7
390 43
6 73
796 97
490 27
497 20
412 77
553 75
167 9
807 68
14 17
343 5
465 42
847 85
656 99
300 74
143 65
653 68
606 36
522 39
558 14
35 69
541 15
660 21
208 47
35 16
236 63
11 82
847 62
380 53
776 46
271 43
587 18
31 55
12 2
869 99
780 49
234 62
421 39
695 69
726 34
452 39
362 95
60 5
468 43
649 50
248 32
375 28
15 50
564 31
324 43
95 15
9 60
581 30
476 92
499 4
558 62
347 92
427 2
161 66
199 13
284 11
13 23
501 60
282 63
551 58
148 82
714 65
558 38
302 72
775 8
50 46
340 85
248 93
705 43
721 28
549 11
46 10
208 77
391 21
168 71
689 8
111 12
552 8
512 60
151 19
426 75
515 24
859 46
839 10
353 74
601 25
874 97
377 87
248 18
580 32
728 62
23 79
132 24
658 67
672 17
251 29
247 100
306 17
516 32
67 55
724 82
644 32
546 74
392 10
318 59
854 26
56 66
405 71
799 25
741 46
721 46
603 42
825 26
850 12
862 12
41 86
593 69
821 31
75 95
635 24
644 13
856 22
556 35
324 11
428 33
730 68
275 48
176 42
45 29
776 81
678 60
115 66
455 68
710 74
852 68
162 79
481 99
704 86
726 48
130 69
768 24
785 32
415 20
374 47
380 11
173 22
829 35
156 5
383 6
635 43
40 47
339 95
647 7
530 5
364 11
414 37
813 48
323 31
523 64
695 88
489 19
403 51
556 65
529 64
487 77
702 40
836 81
342 43
786 91
521 22
626 61
237 20
579 5
432 1
190 36
431 79
288 13
220 45
744 27
755 87
185 68
763 8
808 94
320 45
701 93
220 80
274 28
232 83
376 56
785 63
266 45
738 43
317 95
736 84
584 30
337 7
141 24
511 2
247 37
212 7
781 95
528 76
714 59
853 3
829 16
405 80
838 27
395 100
64 85
300 31
346 12
531 64
315 39
803 41
695 28
26 37
130 55
836 68
122 29
540 40
589 54
586 7
271 38
814 90
252 4
735 100
775 26
539 28
659 83
485 4
648 72
164 81
291 52
848 21
50 62
137 2
120 82
123 13
453 68
378 37
241 77
77 94
87 61
724 19
38 60
229 74
78 96
126 51
201 20
66 51
493 54
736 65
367 41
114 70
456 12
592 93
334 69
132 91
467 24
118 43
746 34
298 22
832 60
668 3
339 24
776 5
235 18
417 54
307 15
210 100
270 67
596 5
251 79
748 12
430 16
113 41
220 100
199 90
249 50
64 74
628 11
741 100
280 79
122 16
67 41
79 63
659 97
49 56
555 84
236 11
22 61
172 88
170 76
555 5
36 64
271 62
80 37
705 19
135 50
302 60
178 24
862 83
111 64
470 41
363 15
57 3
530 54
225 38
858 4
681 2
518 57
232 20
88 60
395 25
627 76
851 92
865 20
468 61
429 41
230 57
416 65
391 60
326 100
549 83
723 10
128 54
866 100
451 21
736 35
361 16
245 13
256 15
351 49
381 54
407 86
81 27
563 28
314 82
108 33
827 7
628 61
657 45
573 17
425 32
153 35
736 45
602 26
829 57
774 34
730 83
479 94
76 91
386 35
111 69
547 97
750 9
339 44
852 38
474 1
62 87
613 86
344 93
158 83
817 12
663 30
83 61
826 5
252 45
378 24
229 21
73 85
24 26
484 60
157 47
841 42
7 39
61 58
397 77
449 30
390 9
69 26
517 69
201 35
521 26
136 22
231 87
556 30
875 5
653 88
714 79
210 74
115 37
147 42
641 63
6 17
519 23
357 72
781 28
165 46
436 72
565 5
659 89
379 61
477 90
313 26
307 31
60 80
681 36
732 88
757 73
81 25
283 80
876 27
343 38
197 75
437 12
483 3
839 74
131 83
386 4
761 98
553 70
251 97
506 16
173 52
203 79
617 96
535 84
859 61
20 16
615 78
667 38
54 68
99 17
813 23
745 36
280 44
304 89
696 66
161 15
283 55
326 25
278 32
164 33
367 35
203 8
863 6
486 26
183 32
592 86
680 2
642 47
415 49
134 11
416 23
467 20
124 48
868 35
99 92
191 20
264 60
375 9
193 81
445 6
525 30
624 54
309 25
219 15
302 58
61 5
850 93
332 93
756 36
486 29
306 54
59 6
404 43
406 32
392 29
636 68
97 45
228 83
858 96
169 16
635 58
155 54
345 27
278 31
652 71
24 36
841 90
569 80
338 100
354 10
217 8
129 16
70 45
574 74
429 3
813 95
215 52
294 68
62 90
269 77
61 17
358 61
279 35
433 81
531 22
617 92
488 76
629 91
773 4
305 57
260 12
315 72
224 30
294 21
634 62
46 11
474 78
281 31
754 55
124 100
731 60
683 68
735 7
309 33
143 71
561 3
523 100
668 6
23 82
553 44
513 2
333 14
698 63
505 77
853 57
148 99
154 100
694 37
775 76
595 52
147 97
98 52
11 78
170 20
630 19
624 67
312 72
197 36
219 21
403 76
290 47
96 62
104 89
220 44
76 44
562 45
661 96
330 5
858 46
311 37
839 44
240 95
571 8
42 74
353 16
377 78
106 19
677 58
690 72
255 95
82 93
852 84
700 56
819 60
567 67
311 60
365 82
149 94
147 53
624 6
337 38
872 75
27 38
398 89
177 96
37 64
305 57
277 49
872 82
136 43
759 10
338 94
410 84
270 89
776 63
861 43
177 75
9 7
285 43
196 45
180 17
677 38
734 61
685 20
740 38
332 76
482 4
95 45
355 43
571 44
142 99
627 59
387 43
519 71
785 7
2 20
357 79
78 12
731 37
798 35
741 53
80 45
567 74
833 35
752 6
769 77
205 77
469 26
722 41
187 76
369 64
357 48
55 69
197 79
540 83
234 83
678 40
780 12
535 33
132 99
651 94
605 22
343 86
536 38
26 30
736 13
521 96
197 60
508 72
113 20
14 5
540 27
147 75
407 84
154 85
180 81
163 66
472 19
203 63
449 80
519 72
746 28
628 23
11 65
241 53
242 7
148 97
138 41
273 92
401 63
658 60
529 31
494 67
132 25
718 51
734 43
45 31
692 84
710 16
98 98
509 14
97 82
442 93
638 91
447 63
730 79
678 67
479 80
114 85
558 45
399 72
691 49
110 58
480 80
351 25
164 2
464 25
405 49
590 2
32 51
117 35
812 59
393 82
821 84
251 46
564 63
605 29
377 42
728 50
787 35
348 60
179 41
163 35
523 10
399 51
10 72
772 6
44 48
650 44
821 70
648 28
249 8
73 12
441 91
818 22
531 61
234 86
809 58
49 53
82 64
212 92
402 97
660 9
497 16
812 91
28 45
172 23
510 51
158 63
415 54
22 8
60 58
81 23
776 63
720 67
844 5
827 1
451 42
442 12
466 23
137 95
64 26
283 74
