3984
544 57
204 92
547 44
406 60
683 14
67 41
680 71
334 56
355 33
649 68
136 69
457 89
146 20
114 53
604 94
61 79
594 40
616 92
71 61
236 3
304 33
320 8
557 60
189 80
365 47
514 27
294 15
701 96
339 72
162 13
450 79
374 74
196 26
57 23
95 94
126 40
783 49
508 46
266 33
729 23
785 37
168 68
572 76
609 43
205 54
392 43
633 16
132 95
674 10
779 33
106 51
150 84
736 88
302 95
71 31
767 34
721 50
164 4
72 99
415 68
178 34
35 8
59 77
791 18
568 82
535 11
522 68
594 16
332 42
378 8
63 85
121 49
251 36
443 81
390 53
479 72
647 1
558 91
617 57
746 77
388 73
565 5
263 52
253 62
506 30
162 99
359 53
300 27
740 11
268 17
272 47
723 63
659 37
637 13
288 78
242 50
205 31
575 12
400 90
162 29
236 39
661 52
2 87
786 86
136 74
314 10
793 85
766 79
534 3
299 1
590 35
191 83
468 35
658 63
583 14
181 53
9 8
304 36
795 44
794 65
205 21
390 73
38 49
768 28
471 65
527 84
262 15
290 55
344 54
777 99
513 87
640 85
49 11
304 34
84 38
283 80
67 80
596 65
137 95
687 100
20 40
120 89
17 8
703 57
446 79
340 29
34 1
651 17
557 100
89 77
129 47
540 35
713 17
213 27
630 37
93 12
343 21
209 3
311 61
558 21
254 75
80 50
779 17
670 64
217 63
63 66
29 11
501 71
541 66
676 55
424 30
417 81
760 19
769 30
579 15
333 64
273 36
133 90
792 71
480 38
17 75
64 23
367 93
541 62
106 67
404 23
417 26
786 71
193 8
756 34
760 32
544 59
213 40
128 64
289 28
683 23
466 26
492 44
639 4
43 48
636 58
103 99
239 100
649 10
728 60
664 86
479 67
418 41
409 90
139 34
580 25
422 3
72 26
255 96
117 7
215 58
554 54
400 77
435 68
562 80
417 32
293 56
712 18
711 10
249 24
540 33
245 78
290 28
623 8
100 63
346 54
424 50
64 14
555 91
42 91
657 52
680 55
242 54
748 29
296 47
280 94
542 79
118 62
762 70
628 82
99 91
759 82
746 66
435 73
327 7
134 13
546 30
730 26
381 44
650 37
708 98
158 28
215 35
207 81
582 100
288 96
409 78
491 6
170 31
587 87
367 23
478 31
296 76
1 72
632 88
442 47
135 93
497 29
340 99
374 39
40 93
598 88
208 24
641 54
656 81
325 50
309 58
163 94
379 12
637 81
419 26
434 88
579 97
324 35
433 99
260 44
344 89
72 2
639 51
487 87
477 62
416 66
634 35
779 42
408 59
502 59
517 32
407 14
209 44
115 7
220 80
332 47
571 75
131 9
267 54
5 12
564 98
661 15
403 44
81 29
255 60
134 77
391 85
301 14
52 11
512 20
199 90
778 87
332 50
119 43
613 19
191 63
720 42
717 86
458 46
509 99
145 67
256 23
447 24
562 87
167 75
707 6
24 36
694 54
776 81
395 87
92 33
200 14
90 32
308 93
670 56
573 83
776 22
139 69
585 67
325 4
605 3
57 48
187 30
345 29
27 16
489 71
400 97
614 36
182 81
528 11
18 33
636 89
371 88
410 65
358 18
262 98
386 96
281 24
432 32
161 73
702 74
769 43
526 6
104 58
606 49
707 95
342 59
441 72
234 50
544 20
573 46
448 83
150 39
259 78
385 40
596 79
205 61
130 78
189 74
545 66
218 11
199 33
431 72
47 77
137 42
633 30
627 58
149 12
186 23
719 8
526 93
558 37
354 88
354 78
169 84
227 93
750 37
101 97
341 46
152 51
169 52
356 23
565 81
189 39
189 83
473 37
17 59
438 95
746 67
520 78
100 59
97 88
310 45
208 38
505 79
49 46
714 53
276 29
571 92
256 19
461 10
424 86
397 8
559 22
670 28
649 33
712 84
320 37
91 82
476 12
333 69
673 62
189 54
715 39
583 42
207 86
553 32
348 50
568 8
647 91
512 85
647 40
588 49
796 92
706 74
543 7
499 82
687 17
721 10
503 50
268 16
399 89
348 45
574 16
479 31
777 100
285 47
252 19
10 7
271 54
649 66
362 99
765 91
314 49
736 78
50 93
411 36
535 93
291 75
738 34
510 73
207 81
278 62
123 40
465 65
132 67
484 20
433 30
45 73
560 96
530 31
296 58
542 47
718 18
727 63
149 4
761 39
111 20
472 58
659 56
134 33
770 31
410 37
564 16
475 73
538 77
236 45
18 53
475 56
401 21
29 67
259 24
249 90
331 99
339 18
97 31
145 28
668 20
1 22
62 47
341 50
300 3
210 48
734 1
272 3
125 47
497 8
603 13
274 91
735 10
680 25
57 45
323 43
683 74
88 68
456 63
407 36
701 64
22 4
253 82
57 30
312 44
460 3
680 43
632 53
361 94
79 66
7 82
162 16
525 57
502 39
56 2
771 38
67 6
165 39
88 77
582 55
562 55
346 61
144 30
645 7
201 21
260 94
53 16
648 51
272 15
644 19
472 24
764 30
584 18
595 5
102 68
340 61
58 1
753 78
423 59
40 13
238 19
476 19
175 31
750 90
193 7
263 89
571 57
223 66
149 11
604 55
120 93
51 98
217 3
136 95
482 61
204 49
129 7
442 85
88 46
32 62
759 33
295 73
54 2
344 35
443 2
172 70
384 79
535 77
444 82
698 54
27 45
336 20
743 15
156 81
650 31
409 77
444 35
215 41
501 94
10 90
430 43
191 12
687 5
643 58
689 69
625 57
324 37
566 21
581 24
684 44
682 47
217 24
509 42
655 14
3 62
512 33
699 26
433 39
611 63
134 89
386 62
370 49
218 43
414 20
734 75
266 74
57 7
784 94
737 29
81 23
527 49
420 60
654 80
639 98
86 77
543 57
1 47
544 49
524 35
23 37
549 84
340 11
719 4
112 33
311 54
556 85
248 65
644 98
774 16
658 41
196 56
221 65
313 96
682 50
381 9
75 98
662 45
454 1
718 35
546 92
463 21
254 35
295 68
774 30
496 20
91 44
538 14
481 57
484 62
329 5
757 14
8 70
57 80
131 54
44 94
712 26
457 9
651 59
311 1
747 72
421 19
486 38
161 83
35 53
526 86
626 72
504 81
563 73
399 85
306 61
730 61
322 18
763 32
459 10
452 45
287 46
770 77
230 11
425 79
457 9
58 9
3 62
320 15
50 2
574 28
42 2
468 22
273 34
34 99
193 17
147 33
497 9
465 90
81 80
321 53
790 86
470 81
579 2
397 8
563 59
716 87
377 71
584 24
530 82
96 78
122 33
764 7
344 57
630 35
794 35
121 19
191 69
177 16
349 4
532 35
582 41
412 45
51 16
409 27
200 33
404 89
345 76
613 55
432 54
518 74
786 18
712 19
387 92
501 25
244 53
489 34
11 39
257 62
265 31
390 58
317 11
181 34
93 23
320 24
109 64
562 30
149 77
539 52
758 18
425 91
495 62
529 3
297 1
47 14
91 58
95 30
327 48
69 20
305 3
607 86
418 10
753 16
695 81
404 40
566 29
80 48
773 100
369 36
411 27
427 56
438 100
695 94
665 62
170 47
689 16
156 43
406 69
727 57
647 15
365 4
251 92
72 33
51 69
767 85
17 37
197 100
703 71
739 7
83 6
726 75
66 92
134 80
219 57
647 65
193 95
459 19
291 24
38 84
417 4
581 62
655 39
133 57
496 36
166 67
328 88
519 72
50 1
163 51
394 22
23 43
172 11
449 26
770 75
416 31
287 90
393 88
36 38
150 3
529 96
593 11
582 50
664 57
364 6
553 95
42 31
785 19
605 77
99 82
215 63
417 16
275 82
743 47
649 43
38 72
696 30
369 42
692 16
340 60
788 90
506 68
740 36
26 43
46 65
403 83
444 45
731 27
19 76
716 39
668 38
234 48
643 8
692 82
301 84
286 61
725 85
361 51
494 8
91 73
70 99
778 91
701 18
405 36
618 28
695 41
24 11
740 94
527 32
12 5
580 28
378 75
386 2
146 65
311 43
133 67
10 70
417 32
643 66
129 53
229 34
502 7
372 92
172 29
199 98
204 84
169 28
407 94
602 55
81 41
655 52
329 1
204 84
143 74
576 11
58 55
389 27
653 97
319 29
601 46
368 86
188 95
442 32
7 39
64 37
353 27
488 81
242 28
792 39
781 48
577 56
155 78
166 22
511 29
374 91
268 63
567 11
449 49
162 85
162 40
83 36
700 1
514 78
390 16
514 42
217 3
569 47
719 59
757 8
87 27
738 1
551 15
667 37
692 13
402 79
661 47
476 85
96 15
515 25
410 52
20 46
275 7
321 81
274 35
3 95
751 66
166 16
136 95
561 45
549 98
252 7
87 69
403 38
340 17
567 46
156 13
633 1
788 64
305 22
202 51
116 44
71 35
670 71
184 51
433 79
88 5
571 5
584 78
627 94
461 44
350 32
193 35
600 72
639 3
725 99
18 81
500 34
610 69
546 30
246 81
101 7
376 13
241 24
112 48
117 72
758 1
333 13
560 26
252 64
404 64
656 85
750 73
350 85
69 63
191 65
294 31
643 37
28 22
745 84
440 100
281 10
218 67
410 99
380 53
456 12
594 93
182 72
38 87
476 99
621 61
154 12
610 77
501 17
155 5
388 11
114 71
766 80
635 15
713 4
514 78
392 9
282 12
112 78
499 49
740 87
639 68
554 39
177 79
13 56
347 94
326 72
590 4
457 81
26 64
599 39
191 85
410 78
278 56
218 83
95 25
270 43
747 76
530 30
656 46
319 19
393 95
489 62
427 70
624 61
200 83
276 29
713 95
388 34
482 80
107 48
744 11
326 34
763 98
33 70
634 68
479 13
65 50
285 74
789 54
37 18
504 60
437 100
145 81
507 65
745 84
633 97
105 62
336 82
773 19
375 71
596 42
5 20
83 36
592 97
391 67
77 52
517 80
690 42
545 17
278 40
411 99
401 24
349 13
274 24
245 87
162 91
683 17
383 54
443 50
763 52
179 92
289 27
543 82
592 37
188 81
713 4
786 34
481 25
455 52
766 27
478 39
16 91
155 66
67 18
117 82
783 2
59 94
245 2
731 37
797 4
265 62
597 81
147 51
709 49
592 24
179 67
633 39
573 91
9 42
409 48
56 18
494 90
712 74
322 25
594 96
512 90
228 49
214 50
598 53
430 76
121 26
217 6
550 12
190 99
588 27
440 74
601 14
309 30
395 86
490 74
510 74
299 94
138 8
90 33
531 14
752 13
161 25
267 33
490 12
230 64
214 60
455 16
359 28
184 86
307 49
315 22
702 74
631 45
121 44
649 67
515 52
387 97
466 79
115 94
287 60
150 8
637 2
29 78
765 38
705 48
587 68
714 95
636 62
785 59
718 44
290 85
420 41
418 58
756 28
722 83
647 64
594 2
352 22
379 13
22 94
778 39
405 99
470 72
550 40
300 82
409 22
168 39
549 73
53 4
378 24
500 10
254 82
323 26
515 60
671 78
449 28
380 25
122 2
257 67
321 40
135 92
433 65
41 47
133 24
726 74
26 40
222 17
228 89
200 58
167 62
539 20
621 97
782 42
521 18
616 19
749 48
159 85
142 5
337 71
715 88
127 40
526 99
100 5
486 76
462 44
585 43
643 73
698 9
755 30
706 27
691 90
775 42
134 100
634 62
519 53
74 12
419 43
147 59
442 66
781 98
493 27
527 88
773 2
763 6
633 9
654 72
263 92
206 64
611 97
18 83
404 94
172 12
445 26
379 34
34 43
745 29
663 11
72 3
415 62
338 73
315 36
198 43
203 99
51 27
601 31
651 66
332 25
649 38
414 33
547 56
87 26
298 44
718 27
127 96
3 28
498 10
233 49
132 14
155 84
461 98
63 58
540 64
446 25
612 43
680 65
346 76
10 24
640 57
63 89
772 3
190 9
32 25
361 56
593 71
216 19
158 96
535 64
590 22
637 5
574 76
21 70
383 66
495 43
481 15
108 79
630 69
616 92
392 36
153 72
314 92
715 49
95 70
498 8
330 14
410 90
454 70
728 5
140 51
422 76
578 63
288 95
604 97
658 78
466 81
630 9
187 96
632 22
374 84
735 54
762 22
8 25
414 87
627 15
70 13
64 74
773 38
785 93
571 39
188 34
143 73
110 78
61 16
174 11
633 95
196 70
576 16
216 44
142 93
249 31
309 79
11 66
686 34
771 15
518 97
661 34
16 57
240 96
202 88
550 18
316 72
507 43
675 18
369 100
605 47
670 37
201 31
590 16
278 87
679 56
637 46
139 61
210 33
182 10
24 69
631 40
305 23
14 75
215 59
295 56
209 82
321 32
329 66
549 100
335 89
656 21
342 24
739 75
191 62
37 26
283 25
200 65
310 36
58 46
447 42
290 94
295 27
738 71
281 94
48 94
776 3
370 1
213 81
682 75
792 11
739 14
149 7
159 55
77 61
597 40
364 99
194 95
662 76
692 17
185 90
14 28
436 3
125 64
373 73
287 39
28 62
295 88
226 78
745 17
35 59
242 32
731 89
147 6
282 8
724 93
4 89
27 66
308 10
511 68
624 52
392 55
578 36
388 91
572 74
612 22
1 87
308 97
617 65
333 95
614 87
188 71
341 26
422 51
302 20
560 95
124 8
606 59
540 9
482 57
658 36
765 43
446 62
774 75
518 72
320 100
587 66
602 40
223 89
599 71
187 11
535 16
87 87
355 77
216 29
547 85
738 95
573 58
328 60
717 79
171 91
360 94
14 93
261 2
742 89
325 14
667 5
538 4
673 58
545 77
651 85
155 14
359 34
334 52
23 29
312 37
626 17
330 51
597 77
550 77
575 32
267 64
647 56
249 95
719 34
116 93
521 32
453 97
138 25
617 12
90 7
763 66
582 85
728 40
518 73
673 12
747 23
624 9
75 18
356 58
265 82
701 36
465 91
452 46
38 72
392 22
419 98
230 10
256 49
344 35
255 97
152 14
694 79
470 30
405 28
675 27
221 50
69 94
68 83
141 76
77 80
318 92
693 81
616 81
638 51
42 68
739 27
680 29
797 97
89 21
378 68
346 44
712 27
748 98
39 55
604 30
242 30
420 29
715 40
18 2
326 23
345 89
714 6
459 49
288 35
492 46
650 78
440 84
345 2
226 61
585 57
300 48
49 9
654 22
618 43
451 23
677 59
75 18
9 25
198 24
593 85
285 97
727 75
582 24
224 52
560 91
571 79
568 28
665 56
201 96
281 79
169 58
333 59
668 88
735 28
672 75
523 36
536 35
264 73
68 72
606 28
671 82
167 33
558 76
787 45
271 26
49 4
130 69
367 83
159 18
528 64
511 98
422 95
101 75
98 76
157 87
779 55
115 51
796 13
286 72
318 24
233 22
717 87
167 45
791 9
661 38
189 99
613 55
315 60
545 57
796 43
521 54
229 86
167 15
738 4
241 51
565 24
350 10
107 23
643 4
341 1
93 99
122 95
200 63
397 32
96 8
525 87
268 68
393 66
66 52
32 11
306 95
138 62
67 78
138 40
240 88
611 41
480 45
484 92
636 56
48 55
759 99
442 59
692 69
73 17
343 74
653 53
759 53
595 98
549 33
492 27
360 94
29 14
728 71
268 29
473 65
427 46
567 75
581 58
22 88
90 58
616 53
320 77
404 67
743 76
381 79
493 81
234 29
693 23
591 54
339 34
751 28
379 34
536 52
753 58
755 64
305 99
467 46
30 73
23 59
422 2
328 8
516 90
549 92
775 36
202 50
367 72
155 85
754 69
224 96
791 69
593 89
677 13
231 82
151 20
584 71
202 74
783 66
317 92
674 88
20 84
451 6
42 43
408 74
691 38
665 74
296 20
384 4
612 51
553 69
19 38
600 68
776 10
635 12
32 48
789 25
69 73
462 85
127 22
86 93
606 89
402 74
266 13
736 98
742 94
23 46
325 67
348 48
339 65
746 38
538 61
724 20
583 7
602 58
463 73
733 42
1 21
575 86
59 49
395 69
284 49
627 31
629 86
134 67
259 26
94 40
290 68
658 74
604 48
758 45
44 39
643 50
365 57
392 7
377 37
221 55
93 85
611 31
84 63
87 61
52 56
6 53
319 68
680 51
379 47
325 24
244 31
780 85
103 74
448 28
676 28
60 11
718 61
751 97
616 30
177 84
340 16
285 6
579 67
217 39
79 70
269 64
525 98
434 13
712 92
340 59
199 87
127 75
613 62
560 82
120 32
702 40
655 16
67 49
234 25
115 83
144 14
409 81
415 54
58 34
31 89
265 70
502 90
572 78
313 97
647 75
741 55
510 100
687 9
538 23
537 83
642 45
706 66
361 35
242 43
493 10
362 55
171 70
438 75
623 68
265 100
403 49
7 79
763 91
701 78
592 84
615 39
349 8
549 5
707 20
668 59
327 70
35 38
411 31
353 92
681 4
366 33
171 48
756 78
701 18
438 86
681 47
305 83
309 6
138 65
277 9
459 91
45 41
194 38
583 86
345 89
488 52
523 3
78 7
220 89
669 22
491 90
627 56
484 88
743 55
119 81
261 43
437 8
36 54
678 5
584 51
620 11
196 22
433 60
262 27
723 31
185 89
551 66
82 34
397 7
153 33
178 22
702 82
458 61
666 10
524 52
254 42
527 71
627 59
445 91
701 66
8 99
631 53
473 68
481 58
794 36
146 24
351 17
209 95
361 87
331 17
38 48
64 75
486 13
575 11
754 44
570 25
703 43
517 1
140 77
298 39
480 74
364 58
30 89
264 19
249 75
291 24
144 16
465 98
352 55
112 79
683 78
789 10
797 2
13 77
549 54
252 89
217 20
677 67
435 59
28 44
510 75
639 23
646 96
768 73
130 29
295 58
789 74
446 42
676 48
686 65
681 17
322 75
51 43
581 88
30 60
508 50
359 42
136 3
671 78
611 48
629 45
715 40
659 99
327 9
536 56
123 12
321 83
791 13
319 96
118 22
596 4
202 69
86 7
407 41
576 9
70 93
187 84
479 68
459 17
658 34
402 100
766 94
21 10
237 14
2 30
220 47
459 43
239 69
631 19
542 57
605 45
418 18
380 5
327 23
580 55
523 78
313 73
669 81
497 45
640 28
460 19
214 19
461 89
508 98
635 30
337 97
134 94
268 41
90 61
442 50
211 36
84 81
85 12
477 81
136 1
158 18
306 81
504 3
696 35
751 21
121 64
131 68
193 87
310 18
49 38
107 9
304 29
144 30
157 28
257 18
266 75
452 30
404 87
654 7
750 17
312 96
430 41
206 48
634 84
704 56
312 2
471 10
796 74
464 96
678 84
243 85
602 73
415 19
204 73
772 17
72 18
710 91
618 61
94 90
179 84
408 20
488 89
199 60
219 92
554 27
56 11
597 48
686 65
619 30
302 94
261 91
251 4
578 95
261 73
776 66
544 32
294 98
517 27
221 84
632 18
298 17
340 74
31 86
278 23
464 100
772 44
203 23
713 88
785 20
783 91
443 10
682 57
446 67
777 28
246 92
239 22
566 10
725 86
138 73
477 41
554 18
542 35
206 81
318 26
400 79
472 11
273 81
247 54
162 48
340 2
205 27
430 71
699 61
104 56
556 83
438 56
482 76
624 10
466 34
392 23
62 24
138 42
752 55
308 85
230 2
368 21
174 36
267 73
40 64
675 20
118 61
501 56
57 40
706 75
640 97
492 99
792 43
333 76
509 55
129 98
571 19
675 24
429 91
134 5
359 95
427 49
219 8
652 58
593 36
501 29
242 31
301 84
690 44
37 10
205 78
33 20
426 61
683 72
291 72
738 42
731 78
217 44
611 35
163 54
777 52
285 100
18 98
92 11
652 59
324 70
190 27
295 54
745 76
241 17
155 60
223 77
497 66
81 39
555 37
79 51
308 39
711 47
635 47
394 11
320 19
132 49
27 64
578 30
389 4
733 17
407 79
366 70
687 40
276 88
198 84
680 12
566 80
311 100
485 26
656 94
225 61
660 23
380 68
74 63
772 63
758 17
768 1
531 22
654 72
374 37
601 45
485 13
438 70
266 99
455 91
476 26
487 42
312 44
595 99
319 88
457 52
84 85
134 13
126 42
518 72
749 42
75 27
390 49
564 79
708 36
232 28
590 90
566 78
134 81
297 84
691 64
600 87
781 80
542 99
778 42
615 86
313 15
350 81
101 68
680 56
95 98
787 29
744 60
487 27
512 39
158 77
353 18
388 16
240 28
785 55
25 38
629 44
791 99
334 56
122 2
473 65
144 84
530 24
170 32
444 61
543 73
232 21
529 11
301 55
604 83
550 83
95 94
659 33
267 51
588 11
331 14
622 20
746 36
70 46
424 81
351 85
234 83
143 61
434 71
423 16
62 84
743 30
468 100
697 65
142 59
331 18
282 39
60 27
151 43
63 7
17 45
308 27
651 100
664 87
650 51
529 76
186 56
388 59
766 42
765 94
321 18
218 77
343 68
281 21
34 56
168 39
155 24
125 70
671 34
330 59
609 74
349 42
139 39
146 1
339 15
367 41
476 78
738 82
686 31
225 2
710 90
187 66
672 48
96 43
744 14
541 48
196 14
623 36
662 4
169 72
278 93
454 82
646 65
25 15
508 10
414 79
793 80
637 74
324 77
218 81
181 35
214 90
371 58
474 88
714 45
60 29
308 78
28 27
288 30
45 50
175 27
516 89
321 47
153 52
713 41
358 48
629 3
247 29
549 66
764 85
209 89
75 91
372 9
514 44
40 81
325 17
694 23
54 35
397 43
656 74
595 75
244 82
558 59
194 46
169 87
236 73
477 88
199 25
227 35
427 73
516 47
492 32
37 52
756 39
56 83
154 18
512 83
499 82
100 79
375 45
299 68
20 82
3 97
88 54
727 30
241 53
562 86
60 73
350 49
680 90
134 89
401 77
681 56
267 79
436 68
148 52
688 18
338 53
454 64
366 99
633 61
337 93
58 24
414 58
96 47
446 4
440 75
320 43
463 63
530 16
530 25
4 77
341 4
565 42
47 26
639 75
122 71
573 32
258 50
716 41
481 68
578 47
319 36
576 34
727 82
775 88
121 91
29 34
768 82
60 86
