2265
197 15
56 73
335 65
67 91
39 8
221 66
184 8
183 77
352 82
395 90
314 85
20 15
12 48
453 94
115 37
121 92
126 61
443 30
64 39
199 89
305 91
364 27
274 43
224 97
182 29
33 64
141 26
135 1
450 59
118 95
150 75
312 66
310 67
387 98
289 36
17 10
34 26
443 36
109 45
237 68
355 56
75 2
170 27
445 64
139 41
270 41
106 52
240 61
110 8
311 77
210 9
367 31
340 58
138 100
333 20
382 74
276 61
15 27
286 46
388 27
23 79
422 61
283 53
91 37
226 31
330 43
312 10
271 38
32 41
382 86
368 89
331 53
351 13
232 35
284 9
234 83
225 7
172 48
56 33
29 11
447 86
283 78
214 88
331 26
338 50
63 46
5 45
168 82
337 3
255 64
334 9
382 53
189 63
354 51
94 90
238 53
17 28
434 39
142 34
406 53
244 89
35 10
408 87
149 36
47 38
253 16
444 39
65 38
405 84
46 81
375 98
70 93
370 60
196 60
210 36
46 76
402 30
22 74
306 15
290 6
431 72
30 97
315 36
277 29
236 87
6 22
235 40
251 36
398 3
291 95
155 27
70 44
235 27
182 50
408 73
303 87
344 6
413 32
54 65
106 31
352 11
269 7
134 50
420 60
210 50
117 17
99 44
51 74
41 80
371 91
167 51
321 1
376 41
403 42
12 26
216 55
159 68
250 58
88 77
4 10
52 40
213 70
287 86
140 44
366 23
140 31
405 61
93 72
192 98
432 43
240 67
422 90
218 9
3 19
253 13
163 81
286 17
52 82
48 88
253 93
398 8
284 13
258 42
298 90
298 42
196 48
121 27
170 82
7 68
199 9
300 93
87 68
449 18
98 95
296 2
301 8
373 65
137 89
177 34
407 25
433 46
267 59
252 17
412 32
347 78
398 82
86 65
206 53
43 78
389 42
411 60
225 4
1 14
151 66
173 43
75 74
180 49
227 79
364 56
121 68
164 74
357 91
189 58
322 62
137 73
240 47
136 37
201 78
245 41
437 48
134 24
196 19
275 93
327 87
239 84
12 33
207 4
409 47
275 82
453 52
16 80
264 52
194 7
367 92
93 8
410 33
429 78
87 58
296 96
61 39
126 75
64 78
240 58
339 21
55 14
119 46
442 54
424 17
425 26
375 9
124 93
365 56
352 36
108 23
452 1
199 53
352 48
85 33
391 80
422 53
43 21
348 29
206 89
74 11
70 9
95 54
289 79
268 16
330 31
386 76
145 80
243 79
84 18
16 87
21 41
107 32
140 49
446 4
136 100
297 15
98 47
335 29
45 91
380 25
177 32
145 28
282 91
238 27
441 32
263 87
39 21
157 68
134 65
138 49
210 64
403 13
303 84
362 96
356 76
433 23
102 13
140 50
69 74
244 32
161 12
44 57
111 77
34 50
434 16
344 46
44 63
89 67
388 8
11 55
351 4
203 28
427 65
389 77
84 81
26 44
213 94
91 60
275 3
101 9
218 97
116 41
128 75
428 97
264 90
418 79
389 19
62 25
446 55
345 24
236 9
265 74
249 22
10 35
255 17
408 20
380 93
445 38
41 5
50 32
218 87
145 8
170 71
295 82
365 18
330 11
56 5
442 78
179 52
426 63
426 89
326 1
438 35
301 53
257 52
81 92
33 87
74 71
178 77
182 35
451 27
90 43
316 98
37 35
291 66
364 59
297 26
165 25
261 72
249 73
133 85
394 42
318 5
85 75
338 53
325 67
102 70
124 37
406 8
233 53
329 96
403 15
431 60
333 14
170 1
408 55
429 63
27 82
353 21
163 73
232 14
36 62
288 36
74 92
134 25
101 36
337 81
259 25
30 74
108 90
67 76
239 49
451 71
442 83
391 79
234 37
142 85
331 46
327 50
64 53
109 7
297 13
193 68
228 22
323 41
164 16
168 20
201 48
116 79
453 13
174 36
376 81
236 91
378 55
146 9
266 96
290 34
169 47
399 55
424 11
330 86
190 52
173 30
237 63
165 81
20 100
211 15
333 76
57 35
257 53
203 55
167 16
362 71
133 58
86 7
257 93
396 43
66 34
24 15
388 62
307 38
436 97
302 93
287 20
435 64
24 6
452 21
357 25
256 87
297 45
70 36
356 70
198 30
67 27
416 57
295 78
29 19
32 25
105 21
46 97
343 68
107 30
218 51
77 27
258 23
123 22
103 43
375 68
155 41
98 37
97 80
36 33
282 14
438 18
264 55
151 12
210 83
442 21
82 52
417 50
125 46
4 15
300 12
111 24
377 34
451 84
259 10
108 75
105 26
20 12
378 96
262 37
435 73
153 17
224 95
257 5
376 65
103 66
91 17
264 10
63 35
276 32
58 51
137 74
143 68
138 17
45 36
401 89
285 39
402 81
257 1
194 93
395 76
361 79
380 77
444 88
381 78
393 79
295 89
3 76
101 89
225 41
203 46
266 58
182 17
412 99
214 55
168 75
27 66
358 32
208 77
180 3
290 24
235 47
54 13
360 21
400 75
239 23
217 27
49 1
174 89
387 15
338 86
396 81
60 8
69 28
353 65
436 100
352 5
214 95
51 77
253 20
42 14
348 38
301 88
272 32
210 9
95 1
38 62
308 84
51 91
283 56
262 79
96 35
15 2
162 51
148 77
434 55
98 53
63 20
98 70
231 76
380 60
422 53
123 80
176 17
196 93
201 27
398 78
186 15
296 99
137 42
357 2
25 99
159 38
125 52
308 48
399 11
382 99
113 31
409 73
70 84
234 7
432 20
27 77
145 3
56 32
370 88
92 19
404 23
26 82
169 82
358 63
39 80
30 23
378 83
103 71
256 78
236 33
42 90
254 66
217 13
313 30
240 31
63 96
185 24
197 25
426 25
84 15
130 8
312 43
244 96
436 44
175 44
252 59
373 42
293 52
71 42
425 48
222 35
164 82
385 69
180 97
118 95
408 33
169 70
436 37
67 48
387 96
177 7
42 26
99 20
99 60
280 84
150 14
86 34
417 51
98 91
352 44
122 75
147 49
10 10
27 6
272 95
155 76
293 54
128 77
105 62
396 4
326 7
26 94
349 49
149 68
112 98
404 58
104 68
284 88
444 76
53 11
278 69
415 94
446 100
177 28
185 77
434 36
201 59
248 78
28 36
359 93
384 24
151 48
334 31
198 18
262 85
212 63
12 1
381 36
364 3
265 56
97 57
435 31
157 26
182 91
155 23
310 81
377 47
133 54
208 11
168 54
8 59
371 91
332 84
280 2
257 12
243 17
438 79
5 35
37 90
75 63
196 48
248 31
290 54
2 35
336 66
351 10
196 88
254 22
205 9
188 71
364 61
276 65
291 83
91 7
113 70
177 7
256 79
337 85
128 38
328 35
11 7
155 6
201 77
402 78
446 40
300 73
205 45
218 81
397 28
445 67
66 37
313 95
8 58
15 75
381 65
148 54
284 94
368 74
319 81
143 94
424 79
275 36
133 39
362 43
236 86
420 71
4 82
155 89
59 26
40 19
427 40
92 92
21 74
194 50
390 3
12 44
123 86
293 72
411 73
194 58
384 76
191 23
322 58
369 99
129 14
350 35
35 25
105 29
450 95
420 50
234 24
143 11
400 37
396 66
21 47
67 24
214 3
228 35
348 57
288 75
451 32
237 62
291 28
338 62
335 80
395 80
360 87
269 68
341 56
385 51
388 9
36 11
54 100
309 48
443 22
250 8
4 74
267 93
193 71
191 2
42 15
25 40
340 87
342 12
302 63
266 65
86 75
28 4
245 45
86 37
299 64
85 28
338 91
451 97
355 63
74 59
212 71
432 26
435 43
134 14
135 98
307 32
195 39
179 94
299 76
101 61
446 39
384 38
222 19
155 99
124 48
431 92
232 35
57 51
286 72
435 45
301 46
63 50
97 90
56 49
300 72
215 55
259 69
176 11
282 2
87 37
77 3
104 25
432 86
23 73
201 24
121 16
316 46
21 91
136 72
241 57
191 51
258 52
378 44
361 22
24 62
255 63
107 98
74 61
89 61
372 98
227 85
217 7
196 51
406 57
183 90
224 19
228 37
358 89
397 71
443 5
426 93
131 3
310 62
280 17
19 7
234 92
39 58
91 46
404 99
390 54
214 17
84 7
444 59
25 53
262 61
1 83
399 71
163 31
431 70
47 100
175 73
107 50
376 63
261 61
367 43
67 21
27 9
425 39
72 23
148 32
90 35
171 69
359 79
42 6
2 12
392 46
7 83
238 95
335 71
382 49
147 78
35 97
364 3
312 67
255 8
157 18
206 88
214 27
150 53
370 26
208 24
340 31
350 44
66 18
235 36
118 79
254 63
342 85
248 28
195 51
440 59
348 13
265 29
274 97
159 16
155 97
63 57
249 27
64 55
259 15
128 91
378 89
345 66
452 87
260 8
273 24
85 59
432 21
173 58
169 25
41 69
16 100
342 79
413 29
136 62
386 62
24 55
442 81
58 75
182 68
82 92
188 26
396 21
69 38
33 16
70 55
110 66
390 10
54 91
411 78
210 81
228 23
265 11
122 6
51 18
323 61
98 4
352 76
432 22
332 82
93 21
58 98
132 18
385 90
110 82
188 50
418 80
388 36
448 69
402 48
223 12
61 70
333 22
241 6
139 99
211 3
453 85
56 51
63 28
397 72
102 58
432 41
100 62
234 17
423 12
25 39
102 27
294 40
394 83
247 17
47 14
175 75
231 26
424 38
120 43
310 13
263 96
400 98
204 79
120 9
78 81
130 32
341 12
318 32
284 57
52 48
406 40
348 50
78 34
96 78
320 42
38 21
339 82
299 29
99 11
130 53
362 15
119 63
291 79
441 90
304 18
393 45
20 46
224 48
105 4
311 41
115 46
287 91
392 62
156 89
153 16
10 77
194 81
55 84
33 37
412 34
388 43
269 41
259 95
302 12
380 88
47 44
450 80
68 33
78 24
321 11
132 10
305 99
116 96
243 60
33 84
453 71
76 55
237 35
217 3
317 100
56 4
303 33
425 83
86 83
17 91
210 20
210 65
25 83
345 45
323 33
431 13
217 68
402 47
189 93
54 91
303 76
163 22
185 77
187 58
391 92
452 63
211 68
80 72
104 61
202 36
443 87
194 7
358 25
48 23
31 30
150 100
368 84
170 67
69 6
304 10
363 11
161 57
196 50
281 49
187 17
293 30
96 8
372 42
405 7
162 58
227 61
155 46
250 10
182 92
336 56
224 91
303 15
406 50
208 24
239 43
360 84
125 12
44 8
124 79
279 13
158 35
233 4
277 80
216 100
355 99
314 87
145 16
108 45
207 44
178 4
43 23
396 11
334 54
296 13
320 18
308 20
417 74
286 48
13 57
124 85
61 29
151 34
145 32
169 24
278 60
341 10
348 62
115 22
51 94
211 86
159 93
355 81
180 9
293 83
259 34
255 28
357 52
322 90
82 15
340 83
307 61
224 64
152 79
237 14
278 8
394 6
206 46
400 27
286 35
256 68
359 52
276 8
66 44
169 14
133 5
264 67
66 9
312 35
190 57
85 65
159 32
63 55
65 62
159 88
101 99
382 42
40 62
101 55
273 53
107 11
159 56
63 35
192 11
247 79
206 93
444 22
330 91
281 43
301 10
197 94
114 56
168 27
424 82
56 4
344 74
252 62
32 51
450 1
57 31
414 23
191 67
451 43
441 45
369 89
225 14
379 51
127 52
145 58
224 35
313 100
160 8
256 4
128 99
208 65
217 16
208 65
144 58
289 78
267 28
413 84
296 10
36 11
195 35
449 61
121 13
123 11
413 35
75 77
394 61
118 34
406 76
87 32
139 72
41 22
145 59
309 31
447 60
419 39
390 12
319 17
28 22
242 16
411 86
387 44
410 99
213 2
350 91
102 16
38 4
90 90
86 65
141 70
206 60
92 11
214 62
295 14
48 99
44 42
2 30
92 69
265 71
350 71
329 17
64 90
32 19
276 66
354 60
318 92
27 28
369 11
305 53
319 79
43 86
402 32
54 20
151 69
105 39
136 25
412 11
364 30
147 61
130 83
402 94
379 64
450 2
298 50
24 4
114 87
172 82
361 49
215 65
167 81
22 83
325 32
266 72
58 50
143 49
333 31
444 28
47 68
210 91
297 71
208 7
448 97
159 15
306 68
352 40
241 13
258 84
167 90
282 17
382 62
30 19
33 73
166 40
71 49
203 1
368 91
89 77
269 82
267 83
67 90
420 8
105 95
434 6
244 62
320 56
170 17
2 12
218 48
329 33
17 20
450 3
155 91
146 16
433 51
121 71
268 97
45 19
256 32
2 88
245 4
373 5
294 95
66 92
132 50
172 56
35 32
94 75
2 75
208 77
189 96
275 5
36 18
422 10
224 78
339 83
39 94
228 93
243 55
438 38
269 83
64 98
396 67
163 77
415 47
315 86
151 97
37 95
448 73
410 98
190 92
282 16
261 7
14 60
234 69
288 97
200 12
194 99
370 19
202 11
413 70
244 14
28 70
430 40
320 23
101 38
164 52
126 36
405 29
111 29
142 29
393 8
25 92
119 6
219 20
225 18
151 98
208 48
415 54
104 83
237 10
150 49
274 63
389 36
171 40
144 75
264 78
98 63
46 46
3 78
99 58
297 71
234 65
396 45
249 36
437 45
282 42
98 95
347 45
140 31
41 10
202 3
156 97
394 34
30 48
122 29
62 60
153 38
297 89
39 52
57 97
408 18
255 61
310 12
432 10
132 91
164 66
215 36
339 1
411 41
103 71
180 19
107 28
135 58
102 57
171 41
374 55
256 38
403 71
256 24
230 21
363 23
93 55
19 36
231 19
315 48
232 77
46 78
422 86
250 95
76 17
349 63
133 18
135 28
124 39
247 28
392 56
383 20
243 37
199 37
239 71
203 81
439 92
300 98
318 89
34 97
416 17
440 56
205 16
309 97
309 49
125 61
436 74
60 19
391 94
376 4
108 43
339 57
286 7
132 39
43 84
20 98
399 44
333 1
384 98
51 52
56 74
368 94
276 49
81 13
339 86
431 88
240 64
173 78
368 91
303 49
14 93
118 11
21 74
212 41
226 73
135 96
421 89
60 64
164 53
41 89
233 45
245 4
124 10
223 51
85 97
336 69
187 53
399 48
244 58
69 85
52 57
148 4
90 41
128 41
437 7
22 14
183 72
434 72
453 80
69 95
204 7
381 72
342 24
429 51
161 5
398 23
428 82
349 16
442 55
1 86
400 79
62 92
69 24
386 94
243 38
434 43
350 78
196 33
13 92
56 66
357 69
435 94
79 82
210 4
251 89
148 69
286 98
165 81
56 41
37 26
374 23
327 28
327 30
285 10
263 77
233 11
441 97
366 35
436 95
36 30
20 88
349 10
178 63
326 93
25 77
73 23
410 67
389 100
21 78
129 28
141 22
305 74
355 98
273 13
413 6
422 39
162 52
65 70
211 15
374 96
312 71
326 89
186 51
453 52
350 33
56 30
389 49
281 95
153 93
105 85
192 79
32 61
265 36
11 8
375 29
184 56
76 85
61 92
253 52
338 9
155 87
207 28
400 66
168 27
203 46
109 2
422 91
268 26
153 34
280 98
375 93
330 99
99 80
378 10
434 14
154 16
425 53
131 70
335 95
155 37
291 73
159 82
35 39
147 52
134 71
371 61
390 36
259 21
271 9
179 99
242 19
80 58
121 12
198 18
38 93
97 87
63 99
56 18
36 43
297 5
190 19
164 77
346 99
356 1
328 33
247 30
114 71
427 28
332 62
430 72
343 69
308 74
314 50
229 23
228 3
303 60
134 26
432 15
388 51
382 64
393 15
123 78
98 37
255 2
84 28
85 86
115 91
323 75
67 88
407 57
7 51
58 83
223 97
235 43
331 94
40 1
285 15
287 79
367 16
274 77
424 28
415 48
135 36
345 4
329 79
362 69
10 85
354 48
273 3
304 18
345 49
116 70
132 69
5 84
115 52
44 10
445 19
174 5
124 88
257 79
59 80
31 18
165 1
435 98
20 74
205 60
18 47
110 38
129 41
193 28
310 13
414 91
342 76
159 65
271 74
296 1
179 56
178 25
228 17
376 30
156 78
81 67
352 4
210 5
283 10
122 100
103 80
398 36
289 61
124 82
121 18
35 2
3 30
286 57
22 12
418 6
124 40
388 15
257 34
130 76
433 12
156 19
290 95
214 30
177 88
127 64
266 65
97 61
336 29
195 6
115 13
13 19
433 15
435 24
146 74
183 25
444 69
383 63
108 46
14 40
449 42
64 23
418 33
99 34
450 44
347 77
345 46
240 53
443 14
229 17
435 20
330 47
335 90
81 33
164 51
336 39
144 60
267 47
202 22
64 80
379 30
1 36
382 81
21 88
96 51
364 37
44 23
194 38
22 11
57 84
402 43
55 71
355 56
254 50
330 2
415 99
151 21
337 53
163 89
141 27
220 8
240 86
122 15
244 11
190 54
434 86
224 12
211 56
184 92
442 18
230 3
150 32
447 38
313 11
84 60
382 47
232 20
143 28
266 50
100 55
54 50
410 59
32 20
439 62
28 54
162 13
318 47
56 28
199 95
290 66
24 56
91 78
15 20
106 84
417 7
300 25
283 20
267 65
234 80
235 44
443 31
331 94
320 88
175 62
32 93
40 40
277 57
3 53
107 69
234 91
124 82
86 49
50 1
250 5
410 28
210 54
417 77
13 86
57 33
448 68
84 94
160 80
233 50
435 41
139 44
56 76
443 84
436 45
264 52
136 41
119 57
245 32
392 67
159 11
63 74
423 49
125 13
343 25
202 31
288 95
36 2
172 75
117 28
222 77
260 87
201 8
49 86
420 30
312 87
25 71
286 14
99 60
128 61
431 24
336 99
202 57
88 18
232 51
178 71
338 80
438 1
424 63
321 100
120 66
117 70
307 70
34 67
99 12
328 8
427 58
351 34
71 79
57 65
344 97
306 26
348 57
117 31
107 65
137 57
131 18
216 43
267 69
29 58
385 93
316 26
136 29
95 92
209 80
109 93
31 44
101 73
429 99
62 19
379 4
220 73
142 6
404 33
420 36
260 94
2 17
443 59
69 25
345 3
149 97
262 79
149 11
354 59
421 91
213 19
18 90
340 98
435 94
416 28
98 58
334 37
292 65
239 63
223 11
414 29
372 63
384 53
294 33
397 3
51 60
356 72
49 35
408 74
145 92
196 80
359 6
241 67
243 65
136 5
275 56
127 78
422 74
274 77
162 100
22 79
80 54
377 83
46 13
91 58
272 88
220 8
431 23
428 69
330 44
421 24
49 23
77 4
228 59
145 15
223 1
185 64
52 17
369 81
58 2
28 42
191 49
24 12
283 84
286 11
282 89
296 98
143 34
259 21
302 7
192 87
252 64
208 79
41 77
285 85
127 71
149 97
353 1
283 50
164 31
176 56
181 96
278 89
131 49
108 50
46 15
99 26
331 93
39 52
145 44
247 38
315 72
235 11
32 98
76 36
53 32
354 9
310 51
443 82
109 9
290 43
149 74
353 73
326 32
379 92
403 57
64 6
377 67
243 17
215 50
112 60
331 68
19 60
255 89
90 23
447 26
418 93
441 30
35 19
46 15
31 3
339 56
229 37
272 87
336 93
53 37
216 67
408 1
426 6
333 7
211 61
320 20
46 53
352 91
131 63
1 27
47 23
264 71
300 58
385 14
159 7
336 78
436 93
14 83
223 43
103 45
87 91
7 82
234 83
254 60
275 76
451 47
112 84
216 36
398 46
443 27
375 64
103 44
176 90
295 89
257 23
381 88
79 35
407 92
21 36
379 66
360 23
61 29
253 99
119 90
39 90
311 76
435 10
164 95
285 64
377 40
330 90
394 60
434 22
451 4
284 10
279 54
275 39
194 73
80 1
189 71
78 26
442 42
167 53
54 53
138 29
390 9
174 51
395 83
307 63
379 36
319 31
275 80
325 26
34 53
175 42
185 16
173 68
143 57
412 21
298 13
367 88
287 69
256 83
350 99
230 10
436 55
118 58
278 69
89 7
76 79
84 56
328 35
64 54
238 92
294 24
8 12
332 98
301 43
163 6
369 17
383 21
62 68
177 71
376 34
390 49
94 12
106 30
90 77
166 31
139 60
198 40
249 94
201 67
152 30
259 87
355 78
171 53
6 64
81 7
260 60
200 63
103 93
187 73
250 74
34 35
22 9
342 28
51 74
37 51
80 14
20 37
443 10
416 90
167 23
447 85
331 6
108 51
325 85
453 71
206 33
10 62
184 56
140 88
266 33
383 9
98 84
69 46
4 86
4 88
254 72
331 58
119 2
150 24
101 40
292 25
329 21
140 15
272 18
354 1
112 52
210 30
128 24
335 4
408 13
10 50
316 42
152 63
36 6
264 6
376 88
312 15
37 92
411 91
67 14
428 11
192 47
445 18
319 17
93 14
30 54
272 89
393 88
325 23
279 1
86 1
81 43
155 43
425 54
190 76
207 79
14 98
240 67
333 79
255 98
149 75
155 68
320 24
41 32
165 57
265 96
115 36
244 25
50 16
368 68
62 23
391 79
137 97
435 6
347 40
314 57
194 72
46 92
30 16
280 97
209 57
409 86
355 48
22 91
17 48
232 93
453 94
54 40
367 70
207 36
167 14
95 54
368 34
419 9
30 100
136 58
102 68
45 26
317 71
44 45
120 67
313 43
343 99
84 15
430 1
88 83
224 35
436 40
69 6
202 79
417 10
350 40
223 38
281 64
343 93
196 85
414 97
350 76
229 95
114 49
70 35
137 46
180 37
7 21
25 46
327 94
369 53
221 19
295 13
290 73
49 55
379 52
97 10
151 33
413 69
357 15
449 56
187 24
124 59
303 100
316 72
79 80
253 11
448 100
126 51
54 25
108 59
241 55
160 85
349 23
187 62
325 32
22 75
29 54
253 51
362 37
75 28
374 72
42 19
403 98
208 23
448 49
86 48
17 91
90 41
67 74
378 56
152 11
188 93
146 87
35 19
232 65
176 5
5 62
346 29
301 41
51 55
404 67
446 82
328 75
48 86
49 97
244 81
173 25
76 21
78 73
351 63
414 82
252 92
183 56
390 6
27 33
25 95
378 83
127 88
262 9
380 64
417 84
356 40
238 9
297 49
57 20
115 20
440 73
138 56
200 50
39 86
390 80
349 50
326 85
333 28
270 33
444 16
202 24
215 32
164 93
123 37
92 8
9 52
394 1
