5273
955 45
385 66
517 26
868 100
526 6
172 52
536 43
489 82
662 98
330 12
791 36
427 73
717 20
897 57
677 9
961 38
875 31
828 48
643 26
1042 89
705 5
813 41
1002 77
84 72
385 79
967 49
1008 84
372 25
75 45
123 11
748 56
447 88
21 32
995 53
230 94
951 12
188 51
422 3
602 25
488 89
998 75
389 53
228 83
862 17
965 18
534 29
24 1
304 86
952 24
165 60
216 79
14 30
812 14
127 42
1027 82
274 90
364 28
613 77
255 70
614 24
399 9
421 46
772 25
547 90
998 74
318 8
962 30
817 66
236 6
746 55
185 3
404 60
872 8
12 61
378 37
395 7
858 34
1024 41
566 92
905 100
682 94
1007 59
1003 49
618 35
299 64
321 76
830 9
1036 67
215 87
202 89
991 37
888 87
231 11
776 15
936 19
502 31
169 81
987 60
199 56
239 71
257 3
926 35
752 47
491 29
269 90
68 59
869 71
74 29
741 29
107 22
267 46
1039 62
60 65
1002 37
45 24
87 22
410 79
97 38
798 77
886 28
798 10
383 45
617 24
475 83
618 82
192 91
765 19
712 12
752 17
616 51
247 97
294 94
916 48
571 1
1030 29
664 50
876 86
263 15
947 84
541 6
463 58
130 97
602 98
622 16
277 80
1051 31
161 87
225 58
22 12
532 71
925 83
424 80
1031 73
705 68
645 69
540 32
280 27
683 93
77 35
977 56
355 65
462 78
95 2
1000 14
373 93
738 97
515 57
318 36
567 78
525 92
1045 57
509 63
694 93
971 5
201 54
549 34
719 59
483 66
459 69
1041 90
89 77
197 81
865 21
58 58
45 59
83 51
188 24
399 38
619 26
330 56
457 96
1018 21
253 23
806 40
249 40
19 85
173 30
624 60
992 26
598 15
430 89
320 82
762 23
819 77
305 75
906 22
173 1
48 46
927 37
410 82
120 80
524 43
711 69
1019 54
259 27
387 64
588 69
356 53
995 98
112 61
929 43
350 91
961 41
743 20
281 41
1018 36
1009 33
864 57
36 85
143 16
980 61
500 91
967 64
743 50
935 25
719 32
547 20
564 67
396 21
973 54
593 91
71 26
557 18
121 68
986 36
918 50
607 94
209 44
947 91
507 20
894 71
286 4
42 99
487 70
223 77
1020 94
960 70
772 11
272 99
616 59
263 92
110 23
121 4
385 84
551 59
380 3
254 24
55 61
221 16
439 95
1044 82
376 57
54 45
973 37
194 16
367 47
71 40
415 100
85 68
735 25
1018 54
582 74
330 5
742 46
1040 19
171 50
351 3
537 11
776 40
376 65
841 29
368 26
390 63
730 82
379 65
282 86
872 64
10 70
112 31
150 66
62 72
681 38
509 69
331 22
896 12
571 21
863 59
967 3
862 65
945 77
570 26
58 7
296 80
692 83
829 51
200 15
106 48
401 25
227 32
493 9
637 15
1041 17
21 74
144 90
748 13
851 74
776 96
1021 79
918 60
739 21
168 81
659 64
785 88
95 44
314 48
78 32
731 44
128 80
169 13
196 24
292 61
551 4
290 18
501 15
415 55
410 1
295 29
138 32
741 67
890 19
634 69
1049 49
876 31
393 9
24 10
25 40
848 59
164 23
889 78
514 10
889 57
255 69
600 68
936 24
341 71
81 49
85 86
735 76
469 35
415 30
391 66
873 51
359 9
769 73
180 94
674 61
724 41
220 32
1010 76
324 29
588 18
184 71
544 86
156 2
327 48
789 60
511 40
135 73
453 44
814 58
11 73
226 63
582 13
924 1
487 51
244 88
85 49
786 64
1021 58
926 11
369 57
936 11
93 54
887 26
231 50
574 29
196 79
728 86
813 24
258 9
542 98
106 19
1053 66
303 64
39 94
147 46
497 25
595 81
477 80
1022 53
920 7
893 95
716 54
921 17
885 33
230 25
689 34
1032 85
973 80
600 92
177 63
889 44
906 21
204 6
653 19
784 45
437 5
796 28
433 94
47 35
417 81
949 73
415 44
233 32
613 9
404 22
657 90
1047 83
232 16
744 68
104 22
897 32
649 5
554 30
553 46
912 89
45 48
499 43
291 33
969 80
1051 64
464 54
165 88
501 1
98 51
957 42
511 78
302 90
537 43
699 11
77 57
1000 55
914 78
996 18
469 60
911 40
513 33
410 81
709 28
648 51
815 71
556 58
628 93
303 52
892 64
402 44
461 91
136 22
981 4
351 41
698 52
820 82
957 4
280 5
941 88
341 100
592 36
483 95
452 12
618 73
10 80
512 46
627 33
500 38
1010 73
966 94
852 67
113 42
186 81
447 6
147 33
324 63
521 27
235 32
889 77
863 84
409 18
277 75
497 90
128 19
165 18
52 62
814 92
830 46
116 49
960 12
632 24
488 38
753 6
17 70
18 84
969 70
743 79
492 95
186 33
878 76
432 36
563 75
846 35
581 91
893 1
1016 78
405 55
357 57
419 21
568 29
790 43
224 4
991 84
501 17
612 6
142 76
996 53
710 86
624 16
50 20
952 92
480 69
145 70
439 79
971 8
116 60
767 32
952 20
431 42
88 33
62 35
748 52
369 78
368 21
150 51
547 26
400 77
704 25
785 49
917 5
713 74
794 77
545 98
165 37
170 7
623 31
535 42
308 11
130 14
28 83
700 96
44 10
1016 9
844 4
909 26
490 18
636 73
748 61
852 71
1028 25
860 64
777 98
546 82
921 19
336 7
469 96
88 25
824 17
104 59
359 5
14 65
815 81
23 99
921 52
989 16
50 80
324 78
339 29
118 89
488 58
44 32
66 42
473 66
1017 57
440 100
269 55
909 44
655 29
26 39
962 8
919 36
46 46
455 8
961 11
287 26
663 41
1006 22
49 22
1011 93
39 38
676 35
706 59
712 40
599 99
1007 38
523 55
166 2
540 13
306 54
278 7
1009 71
299 11
238 38
324 85
964 98
498 51
504 87
770 91
7 29
825 14
643 18
766 65
845 94
393 93
128 64
312 18
690 4
608 100
369 44
11 89
1053 28
505 46
790 89
978 34
122 28
145 75
1006 88
330 93
263 34
867 99
1018 12
602 7
208 42
490 28
265 42
56 89
645 34
51 44
876 71
608 31
52 83
121 58
290 76
248 23
51 77
579 64
148 16
790 53
987 33
59 83
278 40
279 12
1049 15
451 68
599 11
263 75
158 15
982 21
160 80
165 17
465 41
615 6
818 55
785 5
492 51
272 86
809 66
262 68
550 5
465 47
679 8
753 90
125 58
922 21
869 55
660 86
230 1
165 42
616 20
174 17
171 71
563 80
497 80
924 82
483 82
389 97
665 43
79 72
234 97
787 12
746 58
43 21
462 3
814 27
803 76
851 60
1048 58
244 48
353 83
612 35
275 38
234 54
260 21
335 67
168 19
31 49
20 6
202 84
587 70
23 21
644 97
488 86
721 33
113 54
71 51
891 87
156 68
596 8
72 33
997 11
969 16
842 28
116 41
548 58
243 90
375 20
387 89
35 73
938 1
934 42
25 35
364 100
614 87
553 38
323 39
51 24
557 5
755 62
447 73
247 87
1039 20
980 40
471 22
232 7
816 93
859 92
3 6
770 83
180 15
459 2
90 4
447 11
222 17
212 59
296 35
964 68
664 95
88 79
602 12
270 9
544 76
1025 43
718 16
918 67
5 98
700 44
370 58
375 18
435 34
927 78
111 76
614 83
889 82
434 37
996 93
127 29
240 62
941 45
464 58
839 86
649 28
849 2
149 82
536 26
100 1
419 14
1009 69
552 10
344 96
327 30
527 24
701 11
627 30
461 73
153 54
548 3
384 51
87 32
191 94
988 4
78 54
1047 19
158 75
13 40
715 77
247 47
544 79
723 2
898 52
826 29
725 11
960 27
76 83
971 73
261 81
483 62
101 59
456 24
279 47
301 87
698 2
66 87
187 33
201 75
172 37
795 88
675 21
31 72
713 12
992 5
937 51
975 34
195 77
945 16
236 72
91 45
1007 97
980 6
354 88
246 98
833 89
936 16
914 22
998 50
681 8
34 44
616 19
1003 25
827 60
452 5
895 18
149 76
455 36
781 98
796 69
56 98
938 99
419 51
570 90
401 7
56 67
735 53
623 100
486 83
914 28
20 42
102 41
659 38
283 28
171 79
1055 14
504 91
101 45
667 52
711 98
75 34
169 65
687 16
191 99
336 22
589 23
899 82
777 21
315 55
232 66
605 16
18 54
109 57
260 60
961 4
7 69
55 53
982 3
781 98
824 20
654 92
162 82
195 84
13 48
539 11
437 66
715 84
287 47
130 70
478 35
259 68
881 97
599 93
1032 21
379 58
757 16
643 99
638 65
850 90
130 42
528 39
385 98
751 69
459 61
474 65
66 26
878 37
231 50
692 82
732 26
436 37
902 61
609 65
174 48
57 87
354 21
1013 22
912 27
897 73
97 10
608 61
871 12
439 100
839 58
585 43
615 6
357 17
750 64
402 24
170 31
128 5
930 97
434 60
784 99
120 79
28 63
703 98
733 93
304 12
905 64
753 32
183 29
844 8
458 47
1052 67
597 95
448 30
633 65
198 97
270 23
721 43
566 46
1035 16
547 20
65 74
1027 1
579 12
713 75
670 65
698 55
365 51
322 86
788 64
418 17
754 76
493 79
967 41
808 28
103 46
740 34
489 66
1054 9
99 57
277 96
792 79
574 79
488 25
700 90
723 65
786 97
568 23
815 28
643 52
169 44
1015 25
77 39
1036 1
385 24
752 11
383 86
998 68
895 74
333 30
777 49
859 97
318 67
47 80
923 12
669 15
940 72
607 37
26 83
570 39
825 61
341 43
312 80
134 15
423 96
1012 45
719 87
474 67
844 97
467 59
624 90
374 23
948 27
707 19
768 73
172 16
554 76
773 47
615 28
1040 32
839 49
652 69
351 62
963 100
112 98
773 66
431 73
948 29
49 81
845 83
930 60
978 65
814 48
375 88
502 2
1022 34
206 64
587 7
509 92
491 41
54 94
845 70
821 38
48 89
814 43
792 53
845 78
879 28
497 87
196 33
688 57
517 86
7 36
388 80
1040 86
867 77
195 30
905 72
284 31
81 86
958 57
235 57
661 8
931 22
3 52
356 19
716 8
398 45
877 69
776 1
680 15
886 47
10 79
1007 3
804 67
606 42
45 40
640 83
612 25
894 47
347 88
376 41
706 52
305 50
797 5
120 46
628 14
886 49
512 17
872 13
501 89
662 57
121 57
528 72
510 97
85 79
184 1
598 23
17 52
774 16
351 100
916 81
73 34
172 94
376 72
601 56
78 45
955 24
692 22
616 1
627 76
17 49
691 10
962 69
2 33
344 71
108 63
316 11
1021 24
882 68
592 49
417 66
841 64
161 58
205 17
17 15
577 2
150 8
488 16
353 33
459 85
561 49
866 48
807 59
604 31
194 32
968 73
543 51
539 55
763 94
947 30
207 66
953 95
1054 87
141 11
500 32
748 100
185 20
390 2
304 63
613 47
856 2
207 58
23 10
32 28
75 67
357 56
883 41
571 25
627 49
651 16
995 88
148 25
1045 89
842 89
449 98
795 5
478 27
365 29
476 70
412 10
574 1
162 45
166 10
328 98
267 35
400 55
888 43
324 76
1015 37
667 53
637 58
229 92
1052 6
1 88
14 12
513 46
300 36
750 22
805 72
880 89
231 47
428 43
308 6
1015 47
976 7
56 89
798 100
191 28
604 50
198 44
975 14
928 80
640 31
801 47
398 24
860 27
832 41
504 40
969 44
739 62
911 26
222 44
960 74
500 71
246 35
846 52
543 62
223 20
454 11
669 70
321 95
582 29
655 14
430 57
912 11
757 92
809 6
662 40
913 62
560 23
886 19
373 42
950 97
493 81
729 34
333 59
501 1
741 35
633 56
373 56
431 8
231 97
279 28
932 79
763 27
171 44
596 80
959 86
916 69
356 12
491 88
147 46
36 97
390 51
711 6
204 53
9 47
1004 37
929 3
673 18
487 24
100 34
87 50
13 29
15 16
50 42
353 93
936 94
860 78
187 70
1004 69
303 17
339 23
731 98
690 1
406 98
1023 65
679 39
755 53
457 27
795 37
108 48
938 7
408 74
1020 56
382 36
73 4
584 65
830 93
522 48
528 83
959 91
539 33
325 13
466 29
347 67
285 84
199 50
230 70
910 73
115 25
261 76
255 6
120 44
409 28
836 33
358 43
257 76
540 5
562 91
77 48
862 48
507 52
846 29
517 14
452 79
912 26
123 48
851 26
762 45
91 97
934 69
1029 32
195 100
961 4
897 53
408 84
241 48
185 21
474 18
893 82
314 80
69 94
638 35
729 23
922 82
90 3
878 74
971 91
278 76
221 31
795 65
250 72
939 62
369 74
303 53
785 31
735 71
264 3
882 7
60 49
344 73
968 15
591 23
995 1
978 91
376 17
19 72
266 61
357 74
809 29
970 75
295 16
928 45
531 16
777 17
78 16
257 65
1020 86
741 20
550 43
138 99
734 79
407 84
276 9
919 39
672 38
1001 2
789 82
742 22
880 34
349 8
589 22
635 71
314 69
620 3
913 36
129 26
51 45
63 64
31 3
409 28
838 81
77 48
312 9
836 94
265 6
887 84
549 58
275 4
1001 57
651 75
643 84
288 58
295 23
881 13
464 29
610 65
496 71
404 71
741 90
1026 14
449 5
247 65
542 12
665 63
702 12
783 83
743 4
856 38
968 22
321 79
363 6
239 53
754 95
1008 59
973 75
599 88
316 98
313 94
332 21
803 76
346 1
926 94
637 12
779 34
939 75
530 8
796 20
458 14
300 79
753 92
540 7
787 70
862 72
1028 89
60 75
246 28
860 5
593 55
138 23
269 30
171 23
59 77
478 14
922 84
246 6
441 66
833 10
473 84
919 86
507 28
566 81
709 88
864 50
202 87
925 95
257 54
512 56
842 38
212 96
263 52
257 100
689 79
957 32
531 46
995 60
863 19
370 4
335 35
828 35
380 53
394 73
509 40
248 45
991 29
199 22
566 35
261 58
211 82
740 11
402 88
723 5
492 32
87 93
212 99
865 12
880 61
300 92
882 68
427 73
198 90
36 42
95 21
507 72
887 19
408 86
734 57
905 56
723 31
338 63
70 29
318 90
953 95
586 79
436 53
263 19
701 25
604 73
714 33
916 53
73 20
1055 87
118 80
260 97
662 80
639 23
739 19
390 34
194 51
150 10
932 51
372 2
385 94
919 11
825 64
669 23
399 33
680 89
350 88
17 12
78 9
850 9
82 88
890 5
991 69
563 43
682 21
65 60
842 77
237 6
659 22
328 99
1001 29
444 56
913 38
304 27
610 59
382 10
256 23
149 25
11 49
94 88
883 17
955 16
211 4
491 82
520 73
1048 77
32 66
674 90
238 98
419 91
74 61
559 75
753 91
739 99
400 75
528 93
579 83
564 96
648 42
508 52
940 70
69 86
537 16
523 81
905 53
339 43
316 77
285 58
744 25
21 37
324 80
30 92
17 53
643 93
133 15
89 95
746 77
501 12
432 74
245 30
210 36
634 67
1012 47
999 80
440 63
802 52
553 62
289 92
735 40
631 25
950 7
1027 57
232 54
519 55
944 44
150 100
9 38
70 52
519 33
774 75
464 72
136 40
827 12
726 62
471 15
94 56
195 81
943 23
343 55
595 78
291 79
898 33
647 63
445 7
473 46
291 14
47 71
402 20
371 38
462 32
1043 28
962 16
576 90
520 96
299 19
612 91
243 7
87 20
529 2
932 58
740 77
332 29
856 13
774 76
708 46
1013 31
134 81
768 4
954 1
91 21
352 81
568 22
942 45
730 3
134 19
455 91
513 82
374 38
661 45
235 92
624 39
159 30
71 95
863 68
792 43
437 84
721 97
644 86
71 11
110 6
341 13
454 86
464 38
221 39
621 51
530 4
528 73
57 12
788 71
734 96
663 47
446 65
807 81
960 73
7 22
946 84
482 44
930 9
717 94
319 56
387 93
472 97
307 91
1007 70
264 50
138 21
242 69
569 18
96 87
1010 59
302 97
678 44
663 52
930 24
68 4
913 3
684 21
615 41
605 4
838 41
37 33
481 8
373 77
298 15
186 45
390 33
949 93
959 79
728 56
968 11
786 60
882 61
122 14
562 78
858 76
944 21
624 3
78 42
742 7
841 84
80 90
316 32
683 70
348 30
49 69
590 58
943 63
978 84
1025 73
380 73
272 51
287 42
205 79
423 18
305 37
674 88
337 49
993 26
631 69
559 57
116 36
406 36
453 40
1041 45
993 59
408 28
873 86
521 45
1003 5
460 41
897 10
1049 29
319 35
929 100
100 96
493 90
797 37
881 82
213 6
849 71
623 46
556 60
1049 48
867 34
173 92
457 43
311 67
738 41
689 93
842 26
60 75
922 92
583 57
746 17
949 14
38 64
246 66
51 64
378 42
769 95
296 84
1013 37
39 82
893 84
197 49
795 13
156 19
760 38
566 68
961 45
769 15
1007 18
869 89
489 72
479 16
723 5
895 17
290 7
841 41
536 70
298 14
52 23
959 84
406 74
40 43
474 14
574 50
820 39
884 27
391 32
504 28
413 53
1031 56
1013 55
336 56
554 89
74 93
496 52
25 66
909 35
811 84
800 11
44 39
108 32
340 42
182 43
442 61
615 97
190 15
18 55
694 66
729 45
52 47
557 5
375 90
702 41
460 21
618 8
125 4
14 60
218 47
798 54
526 87
654 9
811 25
329 1
950 50
487 54
403 90
379 87
603 3
718 49
812 99
651 63
547 19
758 35
911 11
931 14
242 3
480 42
17 30
302 80
510 6
1054 98
869 85
570 21
394 66
1012 41
631 46
937 54
59 28
327 93
582 82
952 77
788 30
649 64
884 12
873 58
538 90
546 18
1036 33
748 46
645 64
1044 15
907 51
196 29
531 91
432 70
427 34
325 25
484 50
219 60
754 25
586 65
255 56
286 46
951 95
724 21
376 4
836 8
752 9
823 51
159 17
724 58
245 44
420 98
881 97
343 83
970 42
252 58
751 70
86 47
132 45
541 69
99 5
626 24
241 71
868 57
300 42
290 64
894 56
666 39
318 77
1042 26
521 29
968 100
146 85
865 36
214 26
601 19
513 67
402 81
1039 77
107 37
1023 55
1046 33
329 38
945 60
137 12
53 26
76 34
247 97
238 21
5 86
851 93
125 2
881 53
471 19
262 6
542 63
114 73
579 84
283 30
833 16
565 22
766 92
301 36
35 82
604 40
402 66
12 3
370 86
786 17
418 89
1011 76
242 65
319 84
523 12
250 72
667 32
933 8
420 11
204 78
771 29
116 18
925 37
892 91
289 21
155 13
549 9
98 48
800 93
442 85
583 7
940 3
504 36
775 21
760 4
850 46
69 55
1004 48
467 45
301 26
804 80
324 78
861 46
1012 17
949 10
1018 29
722 25
109 84
128 97
837 49
63 60
1025 46
277 6
527 83
515 60
676 69
522 63
705 82
829 98
223 69
730 62
416 55
909 45
283 68
626 69
485 50
903 11
387 9
473 13
704 14
880 96
951 58
605 25
257 97
501 1
322 49
173 41
120 80
503 27
449 46
121 28
919 52
665 19
1006 80
66 11
1014 26
588 60
609 33
419 61
955 90
331 99
772 17
27 87
335 27
339 83
701 40
267 90
160 67
627 65
977 76
371 14
993 30
762 49
370 81
290 27
971 22
645 45
383 46
799 25
22 78
588 40
487 46
650 29
884 23
409 47
100 56
500 52
487 43
65 18
320 19
544 66
347 37
968 53
375 29
138 5
260 54
1053 81
488 89
299 8
864 89
81 28
908 58
171 65
133 15
677 30
636 60
33 42
460 72
940 21
263 56
239 31
1045 61
292 92
272 15
285 14
40 62
673 96
199 99
278 91
721 71
809 18
1040 36
360 32
68 91
761 59
153 74
914 59
207 18
660 93
381 17
222 15
632 34
310 71
697 7
1017 70
392 1
554 8
60 60
778 65
102 41
162 73
760 88
661 89
801 29
43 42
584 97
682 27
968 62
1006 69
404 62
61 29
248 28
932 23
32 21
120 43
646 68
15 45
381 81
544 79
1041 77
909 20
154 89
515 13
424 2
474 60
894 56
360 98
457 76
762 62
719 31
545 97
928 86
623 7
493 43
797 44
664 73
131 45
914 44
468 43
1042 20
431 3
237 41
835 89
362 95
128 38
529 96
806 98
141 89
268 24
136 92
573 42
658 79
614 71
210 66
40 25
347 28
923 46
216 12
482 48
593 93
128 93
895 27
748 19
930 13
697 48
961 48
618 63
156 26
670 69
778 1
783 82
775 72
27 36
798 97
456 63
451 84
845 75
335 4
385 36
71 74
467 13
199 62
359 80
980 14
112 95
640 86
92 95
220 40
917 80
521 84
889 51
982 18
357 81
836 75
350 30
970 70
154 6
376 49
481 25
63 44
746 34
837 68
323 84
1010 61
694 22
589 95
830 32
543 53
931 32
1013 24
684 95
905 96
1047 2
811 35
1 71
416 97
453 66
959 97
946 92
841 18
2 88
633 44
410 1
66 74
351 42
926 40
495 43
248 94
744 92
1025 82
636 80
604 83
106 1
491 88
876 24
68 24
10 5
170 98
371 3
156 11
601 21
942 95
951 15
679 48
15 37
847 43
220 6
332 95
645 67
687 57
308 44
325 73
685 3
167 98
679 49
979 27
340 32
842 29
87 44
499 43
413 51
6 44
519 96
623 45
749 2
188 23
394 78
877 60
62 12
21 66
926 28
256 56
935 8
524 46
883 59
900 28
650 45
215 83
855 32
559 35
615 89
626 21
651 96
983 51
1014 45
532 13
316 9
460 100
894 68
457 71
89 47
494 50
767 99
863 25
615 76
167 34
66 41
102 59
273 42
455 96
105 9
554 12
515 27
101 82
395 65
198 46
668 24
217 12
941 4
420 69
421 34
502 43
480 77
386 36
556 87
560 54
278 28
662 50
990 68
922 100
769 33
250 37
796 67
353 22
63 24
484 35
861 65
10 43
213 21
504 23
1017 17
881 42
548 6
1015 35
557 86
734 20
368 50
160 12
421 56
626 4
80 46
987 8
707 90
130 95
613 24
597 30
76 39
333 61
603 94
827 5
272 75
554 49
650 8
1030 44
99 18
734 91
186 71
332 79
930 9
616 98
256 36
621 93
89 60
924 11
100 52
496 74
850 94
672 13
825 26
907 82
234 12
801 90
995 28
9 99
530 95
607 25
766 22
37 95
123 24
259 46
491 33
163 17
492 76
160 86
282 46
509 42
365 44
594 40
159 70
425 59
559 16
309 97
551 67
913 9
186 62
172 58
564 92
260 49
493 31
