7967
983 65
36 4
519 85
1214 26
961 29
1282 8
1109 29
580 78
1363 100
1437 34
1584 42
66 29
466 39
308 10
822 94
836 82
186 69
1412 6
145 55
997 60
406 78
345 14
1125 61
1145 4
711 89
1045 36
946 37
1372 55
230 71
1361 18
1083 7
554 27
15 54
1052 69
964 72
736 15
349 25
592 77
938 66
1412 65
532 87
633 28
520 45
1587 71
261 31
124 74
401 38
535 43
1376 72
472 70
1586 31
1357 27
1122 100
385 3
398 44
1107 9
1568 3
16 86
1397 82
1452 22
137 84
1106 4
1341 87
412 42
1189 16
888 64
1385 99
897 97
401 14
951 53
735 67
577 90
777 48
88 55
1172 55
844 49
193 11
1386 49
1079 23
85 63
1417 27
537 81
548 32
1245 90
608 71
1193 47
219 51
707 50
174 32
111 49
1540 15
707 34
741 4
1168 90
602 90
780 17
880 71
34 12
1292 12
1460 48
879 64
902 36
1027 81
226 68
1060 37
296 29
1574 63
1019 81
558 76
362 30
780 83
346 51
1284 88
15 95
34 31
1128 57
58 88
207 35
783 64
1396 37
1500 37
430 69
744 88
390 48
1233 88
1176 28
1064 95
1527 53
472 22
977 66
861 35
637 47
339 83
119 54
53 61
339 90
446 3
781 35
192 29
799 72
1443 66
1002 38
661 10
1095 33
1115 64
1484 53
563 43
24 40
620 74
1368 62
451 33
795 85
1012 20
1362 75
1506 21
142 53
710 3
344 100
39 41
969 49
1430 64
1143 6
1486 53
270 53
1280 11
998 23
1393 35
1236 72
1274 67
832 61
999 46
1422 64
68 17
351 83
1198 74
1105 29
538 100
851 35
166 64
1166 75
1558 54
739 56
273 30
346 65
690 65
6 82
25 25
1326 97
609 31
989 43
359 12
471 79
1148 70
306 65
238 91
908 23
134 16
1533 57
231 78
82 83
252 42
77 92
198 97
1330 22
381 80
491 16
429 5
502 74
121 67
1337 52
1344 90
1576 91
575 20
635 17
1255 82
1367 45
1518 55
778 93
901 68
445 18
900 90
959 53
1178 49
1170 52
330 84
192 34
676 4
1292 44
1535 66
325 80
1582 23
873 8
974 11
1554 39
1559 32
1251 61
1078 12
597 28
798 51
980 82
889 64
1143 76
955 57
1554 8
1411 3
959 95
885 57
1560 56
892 91
358 66
1278 53
325 4
1212 2
1523 94
702 52
277 47
675 8
848 5
758 72
621 6
1529 32
1251 52
206 70
1382 41
337 71
1247 49
1254 60
617 65
738 54
595 55
1133 29
489 100
1373 80
198 72
50 38
747 66
686 92
1029 19
1444 89
325 53
805 64
1112 35
182 87
292 35
1089 70
151 71
270 88
1460 83
151 90
778 15
609 94
1052 90
1419 11
968 96
1423 41
3 53
314 19
246 80
1570 10
753 44
1460 65
227 73
1044 70
406 48
569 72
375 19
1275 69
488 13
727 94
598 99
1513 67
991 32
1461 17
1182 21
1230 74
1067 11
1135 74
1432 13
1540 100
409 9
161 64
468 68
846 42
1531 76
848 68
1372 12
32 87
1577 22
529 62
998 48
183 61
970 8
1388 38
440 13
425 68
1032 84
359 87
107 45
1135 3
1266 33
1126 73
437 30
983 41
772 26
711 71
106 86
38 37
797 61
1544 45
64 82
738 65
1340 65
721 57
378 81
1236 11
741 25
1527 4
1114 44
186 35
1005 38
159 60
1539 39
519 28
850 22
512 22
1048 63
1476 13
1521 31
1160 90
1048 81
28 27
1263 47
1391 1
937 21
604 83
988 6
744 72
641 96
209 45
721 51
1452 75
170 63
641 37
839 27
1333 48
707 1
709 30
782 60
999 34
358 55
1274 88
1441 9
1044 11
921 8
1062 42
1192 56
603 53
1033 90
296 65
892 31
62 2
1402 65
658 99
1154 64
1525 79
238 92
1257 65
1313 4
1574 94
1531 81
500 60
247 64
652 33
25 22
43 96
102 17
1129 46
714 79
1335 71
885 63
540 25
1314 29
28 80
326 65
220 9
727 1
554 71
1094 61
152 74
690 17
98 91
1583 14
1353 67
1072 58
135 70
1407 77
986 59
54 39
1355 15
1168 78
579 5
404 10
701 69
1121 9
645 39
534 29
345 49
367 74
1593 50
59 32
1146 78
110 61
11 32
272 75
63 99
1309 50
592 65
604 91
1161 25
607 94
984 76
268 61
187 16
818 10
1469 80
49 77
1049 65
261 7
841 42
529 31
915 80
1571 83
189 88
1469 72
1562 86
336 97
762 92
1212 17
453 62
1437 95
39 56
189 21
473 37
339 19
503 51
248 49
716 19
1302 52
49 41
1315 33
452 80
409 57
709 71
1 53
714 84
180 4
1277 64
1278 21
1312 82
954 62
745 48
592 66
1541 75
1231 81
4 40
359 37
89 23
1169 7
1545 11
506 23
1013 36
490 33
226 85
697 82
1235 41
1378 32
660 75
378 52
1474 90
738 74
375 80
1359 7
329 39
1066 14
381 41
1111 33
114 33
790 26
797 86
1332 76
1455 92
981 76
835 43
979 11
143 41
910 73
695 5
1329 61
545 17
1279 46
458 98
274 42
993 73
457 66
904 73
1104 91
1465 65
761 99
301 88
386 5
749 14
1434 89
236 91
1107 97
16 90
691 58
306 76
52 5
1069 11
1201 61
1388 98
1153 80
218 21
398 17
401 83
2 10
1212 25
1078 62
422 7
286 98
677 85
960 31
1265 90
1413 75
737 49
1457 70
205 7
509 73
458 2
627 6
1064 48
469 4
395 13
563 57
671 4
831 67
1569 12
828 45
625 67
1009 31
434 15
740 96
540 63
411 38
895 44
742 17
6 22
400 58
822 36
80 95
291 47
927 36
102 1
41 76
261 64
83 15
1564 62
193 42
485 40
1239 25
277 27
449 2
720 9
1473 90
808 83
1101 72
976 5
1493 9
780 71
401 96
500 45
1097 95
864 16
528 56
937 19
1164 8
1073 10
180 25
1213 98
1476 71
850 7
1238 25
404 36
816 41
922 75
1515 87
506 56
1427 83
1121 6
282 94
1481 59
815 61
1435 21
687 83
781 86
312 7
964 49
57 12
713 9
2 94
208 49
182 99
960 43
524 44
1000 1
55 56
200 16
1581 34
263 52
485 96
227 79
389 39
1452 44
403 60
66 35
1405 81
1264 72
112 19
621 40
482 16
864 100
956 53
977 47
1592 74
1103 80
1126 43
1451 29
1233 17
439 76
770 96
222 93
446 25
1446 49
1583 62
395 46
1034 15
456 27
1332 7
419 91
673 42
979 90
759 26
1275 32
72 25
263 91
36 27
599 81
1221 86
900 49
237 81
913 18
1487 44
105 37
1396 27
104 85
827 33
619 56
276 77
1307 77
495 46
1381 38
89 1
1033 76
763 95
100 15
179 2
485 48
728 20
1338 34
1190 53
1318 68
1126 77
818 3
210 88
757 83
259 79
213 1
168 38
8 28
1506 43
665 64
425 81
287 27
889 99
105 47
932 92
69 69
988 41
509 46
149 66
1348 6
1121 12
347 40
1422 48
1526 78
813 75
1238 98
108 14
1249 37
33 82
1113 85
709 34
1538 2
66 7
567 77
1162 15
1484 16
784 68
572 42
44 17
1085 94
270 13
895 74
1066 73
93 9
108 92
515 38
93 68
273 39
525 81
884 69
262 4
151 32
1407 31
836 49
654 91
1034 26
649 75
869 83
169 16
1464 70
1510 54
644 91
107 98
1121 87
1166 67
617 32
767 79
490 81
67 83
318 97
701 2
1208 32
1128 47
1056 60
347 92
474 27
834 98
1432 60
1021 99
54 87
488 23
103 23
1566 54
1252 79
658 2
984 9
1138 16
1479 39
1223 96
7 88
408 51
911 65
954 51
178 37
881 88
1344 12
1058 60
892 5
1058 81
616 77
1434 42
1255 62
207 91
306 64
1041 37
585 74
956 24
873 52
683 98
1103 52
1017 25
99 49
1114 21
729 32
166 90
370 39
714 22
963 49
1079 98
795 3
879 83
200 68
843 14
1106 24
1352 85
560 89
460 59
866 87
1149 32
166 48
620 75
1322 59
1201 56
295 42
346 67
803 82
1192 47
1555 54
181 82
1061 76
1331 9
81 52
999 100
868 69
478 54
153 74
340 92
1216 71
887 24
266 97
1427 68
1037 2
1459 63
1239 54
1154 12
1380 30
259 16
1403 4
1556 36
325 29
1591 52
1097 93
72 87
860 70
815 64
1040 5
935 28
1530 12
1023 56
1301 71
1062 11
1324 33
890 23
1177 67
1230 51
711 42
743 82
421 50
1534 22
863 95
67 62
232 91
513 53
1586 2
613 79
675 74
1282 43
267 74
476 48
1296 1
910 56
1197 44
64 2
73 83
136 29
1307 33
1367 10
1296 78
972 83
814 12
1581 77
169 39
587 98
842 43
1437 54
784 85
1182 25
521 93
1587 57
223 69
154 80
778 23
1171 61
1503 95
833 94
196 76
741 20
1031 28
876 44
1094 94
821 87
35 12
1292 72
25 83
177 100
180 40
586 95
713 70
1353 72
360 90
839 10
818 97
770 68
419 68
941 22
30 43
184 18
371 87
762 35
369 8
774 40
1172 40
97 90
1319 33
1124 51
407 51
577 1
863 9
873 6
391 63
9 26
271 35
865 71
1152 2
412 10
1262 49
767 94
1163 34
1375 82
946 2
834 30
488 83
1038 39
854 72
1210 99
971 85
1025 39
403 71
1499 55
663 16
1547 38
544 47
615 64
23 70
984 40
28 75
143 17
807 49
1019 97
69 100
1189 39
667 15
792 28
905 32
816 55
1110 57
847 63
1267 40
1517 12
1554 88
554 56
438 44
250 31
1039 91
1355 18
876 100
1210 70
357 93
510 30
575 95
106 40
894 26
379 13
675 46
1006 59
606 56
444 31
294 3
521 9
666 76
1033 8
726 15
652 48
617 54
966 63
95 33
1499 55
1040 6
549 76
330 55
1210 49
1309 74
1388 88
1195 5
464 51
1300 43
762 25
640 45
1333 20
1025 16
1331 74
1343 93
938 61
52 86
611 69
1339 7
333 17
421 50
176 22
162 37
417 20
781 85
969 57
1064 73
550 74
1012 78
1150 39
1389 70
1305 52
267 18
1479 54
876 58
1435 71
409 47
1037 45
1120 89
1230 41
398 76
326 96
378 66
1192 38
89 30
1127 17
1505 4
816 68
77 63
902 15
1515 3
579 50
384 96
1073 38
496 53
306 19
565 95
1349 29
77 20
1127 96
102 16
443 49
438 6
390 8
400 74
189 89
751 9
156 75
1558 69
632 86
46 79
754 14
1256 89
425 96
5 39
1515 44
550 4
58 79
956 53
1280 27
983 31
169 71
580 64
836 74
1486 5
826 13
1339 14
1053 1
559 15
913 48
1400 80
375 48
626 38
627 79
795 33
1383 25
22 13
647 65
1161 81
359 36
220 81
1014 21
689 83
33 60
1592 46
376 3
718 23
345 6
294 92
587 82
1185 94
1510 1
55 52
882 87
1239 7
105 86
351 46
265 49
744 58
1417 18
415 90
1193 88
463 45
193 63
557 44
635 41
55 9
696 54
437 89
394 88
890 6
1298 62
654 60
1339 79
1209 23
849 24
872 37
453 5
8 46
1250 14
681 8
73 6
1489 42
409 44
991 40
1320 96
125 24
1253 96
1348 70
1379 80
1414 93
706 71
1259 19
343 35
286 25
228 40
916 3
1534 12
134 99
1501 8
951 67
1242 39
1310 68
1520 80
917 43
1439 42
515 69
787 71
607 91
1505 46
885 84
659 66
1493 71
436 77
1 62
464 44
229 99
92 54
323 12
717 15
1514 61
1472 80
154 21
756 48
1545 43
317 66
1444 19
1560 91
1355 90
688 77
417 55
1320 15
828 10
926 17
1224 33
63 15
908 34
1245 7
1034 8
504 86
378 87
1364 86
1282 58
877 5
1309 95
268 67
811 6
268 42
582 32
1501 10
450 74
905 44
1589 75
868 64
660 76
1327 17
36 93
182 74
365 65
1231 80
988 50
602 36
1144 47
1214 36
568 50
801 59
125 82
1233 77
1089 19
268 86
805 3
942 5
1 24
1430 86
1253 59
1550 1
748 68
1279 7
379 3
904 33
1488 95
859 96
1383 90
40 63
521 95
1126 67
312 77
965 2
1017 78
443 78
1329 56
1061 59
836 14
99 81
1168 35
773 29
680 86
555 92
785 85
1105 68
136 48
247 40
196 19
559 51
395 9
1429 38
874 85
370 97
205 28
1308 64
551 51
1492 95
1591 44
903 23
773 56
797 83
601 33
352 96
829 27
418 72
418 8
656 67
1263 72
1110 84
121 64
1431 14
342 52
446 97
1151 12
1418 73
1221 35
487 38
944 99
469 96
286 99
1134 8
1587 3
1455 62
929 93
1089 33
1520 54
876 94
657 23
192 17
1204 96
610 56
561 29
593 5
47 16
939 44
715 81
310 71
153 61
972 59
997 98
518 21
851 86
673 23
396 28
1032 57
386 79
1404 20
134 40
379 70
627 16
1573 57
1295 48
741 7
1037 60
203 15
27 98
974 42
182 100
1220 65
55 63
376 33
631 53
1095 53
168 50
1036 72
977 49
1275 100
982 82
854 30
1231 32
349 19
339 38
477 89
591 39
1305 46
1437 7
29 13
981 57
1018 64
979 82
111 43
1391 5
1149 3
1254 82
942 9
85 45
917 27
200 60
1407 29
463 8
1016 66
113 10
1034 50
61 75
1593 54
471 68
779 11
145 90
547 35
1117 80
380 95
570 73
1179 42
351 59
746 73
1330 83
381 82
724 80
294 11
1285 10
35 26
188 38
704 82
1101 99
902 42
317 26
1145 17
1307 34
134 66
404 50
922 65
1042 39
289 3
689 42
1134 99
169 91
913 79
183 84
38 53
85 32
900 48
1023 51
724 51
1001 13
1123 7
232 38
841 75
1058 88
939 62
562 99
448 37
1049 5
71 84
712 22
1104 71
573 76
1125 44
447 73
1040 47
257 8
560 83
1042 28
1200 63
1043 44
871 58
1093 16
247 97
1017 76
676 95
1279 26
1107 42
1066 39
358 85
1585 59
1086 60
1082 46
131 47
1234 45
916 87
1419 48
1023 89
975 68
1565 9
354 17
266 63
224 9
1396 79
348 93
211 46
538 29
1335 85
884 41
860 73
939 76
141 72
869 28
685 42
582 64
1321 44
727 50
278 94
691 29
945 60
24 100
414 24
431 22
406 8
211 22
372 77
1255 32
41 11
496 69
703 64
415 81
683 97
1468 3
656 30
581 80
939 37
1225 34
391 41
1313 5
809 9
424 12
1375 65
5 86
868 25
140 99
322 90
1031 91
1035 67
1319 1
855 43
1153 96
1498 28
1026 99
198 59
1507 63
1354 28
531 95
163 59
721 19
620 63
496 61
1517 34
1366 98
683 29
1491 29
1050 68
397 65
124 15
1101 27
1510 88
643 5
749 85
1058 67
1073 12
504 46
1162 10
239 20
35 88
483 30
390 48
332 28
147 87
280 36
658 72
946 19
530 35
1063 87
276 49
9 46
243 95
908 4
342 15
103 6
454 8
644 23
861 69
607 9
613 28
1439 46
596 28
1153 31
1375 50
1217 14
1173 84
1087 76
1188 59
607 87
1061 97
769 23
328 87
1457 58
1096 47
95 90
142 67
378 1
1523 61
605 10
545 87
813 53
38 7
624 48
52 82
215 47
967 44
369 95
13 1
772 62
715 66
128 16
1079 55
407 56
604 78
872 61
443 16
1070 36
274 87
110 74
1479 4
1265 85
980 12
981 43
954 84
1591 69
680 16
815 93
1316 4
35 89
1411 83
1091 79
1585 31
806 62
975 10
1335 100
295 94
232 35
1205 11
294 55
624 24
144 18
188 96
611 52
40 64
585 81
682 44
1512 66
1471 94
116 35
775 76
282 67
521 97
631 15
799 95
395 66
1351 70
742 26
1574 19
951 82
579 17
778 75
80 99
1219 22
279 35
103 72
1589 68
476 42
700 52
159 99
1432 63
1413 27
881 6
227 9
754 71
1032 45
909 56
1352 23
995 33
1527 71
543 74
481 93
1340 4
48 65
978 49
858 87
1106 34
1385 74
1520 1
669 78
1196 27
359 35
1477 86
396 37
192 17
249 16
1491 82
694 89
963 74
655 42
306 14
105 27
622 1
412 9
800 25
1227 85
165 55
590 40
1543 13
42 92
513 75
100 62
522 11
631 74
901 30
1535 21
710 87
1532 53
1480 75
835 79
1168 71
1196 82
1344 60
684 4
1530 89
538 43
249 98
597 12
1369 91
1313 75
456 99
1086 41
461 3
551 12
345 16
370 80
1447 73
1259 29
84 46
902 76
711 36
866 99
1133 81
993 59
722 73
95 3
367 37
755 72
676 78
648 87
800 13
701 46
605 30
310 17
382 52
551 66
1130 30
391 69
581 9
603 33
1383 5
791 28
1078 32
995 70
1361 53
1255 21
695 85
1121 58
1008 13
1498 94
816 31
254 94
1395 2
283 72
622 34
73 49
574 20
1351 35
507 81
1555 8
726 25
1027 28
698 61
997 46
865 77
1458 24
11 30
1124 35
810 94
791 97
340 93
639 1
1230 95
1445 91
905 100
144 92
1100 57
1459 73
1561 54
1396 68
860 44
790 98
635 17
446 45
1487 84
295 7
217 30
523 93
1188 25
234 81
49 46
802 9
1033 13
954 44
961 48
715 89
362 33
1243 14
123 38
19 76
524 97
651 21
842 98
1101 33
1005 33
451 28
211 45
64 13
31 1
220 94
654 35
391 60
1163 24
619 2
981 33
389 56
1045 36
1542 98
938 5
10 80
916 11
1077 94
1229 23
308 97
152 81
1545 79
1216 53
1239 20
920 32
187 89
177 71
1461 29
59 27
1298 79
63 14
1427 32
1284 11
1310 49
1276 84
1023 97
66 19
13 95
1484 90
264 77
391 36
1453 96
908 66
80 41
1226 85
1073 27
149 74
934 70
807 12
1023 33
1019 13
22 97
1254 77
1422 48
282 52
910 88
596 26
1191 90
59 71
1376 94
651 3
1157 96
1319 70
808 90
1395 64
768 38
752 84
91 99
253 74
526 77
319 93
1065 96
698 54
1593 76
762 12
409 76
1534 33
1412 26
811 11
1209 58
1530 54
11 11
392 65
640 62
403 16
644 5
1084 45
408 17
1393 54
882 22
224 63
1108 14
1233 64
1176 19
457 12
901 96
471 21
1106 38
217 48
1027 14
559 34
550 100
1481 20
87 63
1134 4
1205 15
75 60
24 98
227 39
780 27
716 100
1080 59
1108 51
1103 95
1000 7
1044 83
311 86
201 17
1581 99
1118 35
1275 96
1527 74
276 92
1138 70
390 74
1047 36
155 69
1217 39
1508 53
198 51
1318 24
525 91
931 92
157 96
21 47
1264 98
491 78
59 16
326 41
1055 96
1579 75
983 6
1350 83
1360 73
1540 34
1447 90
1433 55
352 69
976 39
1129 1
1502 61
1370 94
328 6
776 45
153 14
901 34
1046 37
193 77
1566 37
263 96
581 25
929 63
210 61
1249 11
1593 79
672 62
932 80
660 24
110 88
347 50
525 44
534 99
32 84
1556 87
1063 17
11 90
310 39
492 79
1331 35
1490 64
1055 99
316 84
1395 32
1524 67
1025 61
118 14
760 24
205 90
1363 92
655 10
1243 69
350 38
169 56
392 42
629 71
227 80
1102 28
794 53
503 23
781 25
249 69
1191 52
368 91
273 47
930 29
1530 48
205 41
691 85
170 66
613 85
565 28
1191 42
1515 7
1 79
728 37
1147 14
1020 18
1276 52
1064 28
1363 90
1326 31
1435 97
796 26
1065 28
1209 60
1438 62
173 32
732 5
433 83
699 59
510 37
596 97
438 16
454 1
82 74
811 72
1054 87
717 77
9 48
1042 55
475 38
506 76
1427 19
671 16
1247 18
1023 45
858 90
599 64
1178 89
1346 13
1577 35
118 21
634 60
333 43
947 6
1432 4
1279 98
10 29
1390 46
1476 89
386 17
1494 34
1295 80
1369 29
1546 72
557 52
127 64
435 19
605 56
511 3
1157 94
1170 37
496 1
386 33
1170 99
173 94
5 49
412 100
72 36
705 22
778 21
1094 24
1443 34
102 94
983 75
1438 19
1543 71
130 1
968 35
1187 45
1407 84
419 15
134 4
717 62
11 47
1486 60
922 72
1207 26
1293 57
326 11
61 69
888 11
51 5
569 72
360 46
1439 83
1283 90
737 57
480 26
540 47
82 44
788 44
796 15
375 96
1366 48
1318 56
16 47
275 47
616 93
1419 21
1312 19
160 34
803 22
1470 11
1305 14
1122 25
624 65
560 67
303 39
370 70
338 97
551 98
265 94
854 51
1033 56
1452 59
227 18
123 44
426 70
11 63
1309 59
868 74
135 2
1498 1
1555 98
505 29
463 100
1092 33
1187 97
30 30
1270 74
1247 79
1400 67
354 65
1057 90
1298 20
1182 90
399 44
334 94
794 92
710 77
1337 86
1593 44
349 13
1371 33
1443 16
1432 65
255 34
689 51
211 2
165 81
354 24
35 58
853 25
948 73
1574 64
282 59
179 84
1343 50
54 43
849 80
466 12
1336 33
1498 39
1392 63
701 73
924 22
1163 1
1222 87
230 46
1079 82
1374 2
51 25
1297 76
1586 50
1334 60
1032 100
919 9
370 74
17 93
125 53
49 5
109 89
448 43
573 85
379 6
1190 60
566 12
947 43
911 76
236 96
1364 85
1280 94
1274 12
1330 22
1470 1
608 98
485 28
1574 84
934 81
784 50
562 29
246 93
691 84
295 3
179 69
255 53
1435 26
1507 80
1537 4
524 34
220 20
1007 56
455 18
1172 65
268 12
468 24
100 83
231 29
1544 59
1065 94
258 50
511 80
647 61
673 67
1352 40
1194 33
552 31
568 34
1559 36
1091 26
1248 17
1358 68
573 59
892 33
1219 21
1179 85
1039 54
78 22
1557 66
242 86
1166 19
1547 99
132 47
752 28
1377 54
1285 85
1499 1
264 57
1370 88
69 45
1131 33
1030 70
343 57
206 17
554 54
1011 45
913 70
1498 66
563 29
954 9
604 75
521 2
539 89
349 84
103 73
233 36
30 3
34 10
974 26
207 48
1310 95
1503 42
264 52
586 22
1272 35
878 63
993 79
1341 62
1447 90
1513 44
778 25
1301 50
389 31
1477 28
301 17
792 83
370 39
49 71
369 96
454 72
960 23
6 42
688 43
612 98
1008 27
215 53
1479 38
372 90
504 13
1283 85
1513 26
1049 78
134 75
1363 72
374 60
763 63
39 41
317 46
77 47
424 98
768 15
658 37
767 25
534 82
113 25
1495 54
609 71
251 15
1046 99
17 51
1251 31
1478 68
980 77
102 13
250 36
1471 46
783 62
310 81
1323 18
24 8
1374 86
218 15
1156 40
1128 32
974 7
730 22
985 27
521 100
1366 9
233 36
1244 100
771 43
633 58
1088 63
117 62
598 57
827 66
1249 42
1498 10
321 20
430 65
1564 92
667 66
153 94
150 79
1426 33
1277 96
997 56
1515 58
729 67
1227 86
648 32
1175 80
331 68
517 80
1016 29
27 68
344 90
1339 23
265 90
892 91
620 65
330 1
787 59
1521 66
1151 27
1142 9
831 42
1033 82
199 33
344 90
324 29
519 64
536 28
594 60
658 41
700 83
896 88
193 90
1013 37
1378 51
127 35
644 99
245 94
1261 1
1193 100
1553 35
1516 89
1157 58
27 48
1374 46
489 93
420 46
63 88
1529 93
1300 18
1570 73
1129 82
425 45
1399 64
527 29
1029 50
1428 3
1095 94
1462 7
914 41
290 56
592 80
919 66
324 36
1218 27
631 97
1131 16
95 70
419 96
1216 1
92 9
630 46
1028 90
1322 11
1460 39
380 2
1097 68
1039 67
85 45
903 92
1244 77
112 31
464 27
256 22
675 3
77 87
850 94
1076 47
351 96
813 56
1258 18
754 19
587 26
1015 65
834 58
874 34
336 55
911 27
939 37
978 65
1570 7
1004 44
729 54
940 44
713 21
592 42
943 94
1300 75
1547 43
1092 72
1027 66
132 91
1341 74
34 98
132 79
1028 54
