4799
190 70
181 86
55 83
938 33
717 77
107 8
94 78
832 82
713 72
9 87
174 66
494 32
206 25
10 25
771 96
654 79
139 42
795 28
396 61
758 18
70 18
117 48
882 53
847 49
598 15
340 59
161 79
656 1
264 20
820 78
746 24
66 6
409 54
557 94
526 100
472 3
931 80
731 65
341 97
545 67
572 62
142 64
906 23
278 9
751 65
405 38
349 20
875 1
888 33
386 40
236 69
344 20
60 25
272 42
861 57
924 73
423 82
554 51
189 14
410 54
866 2
951 44
370 26
354 26
952 99
599 60
956 21
652 81
351 57
819 16
790 49
16 78
365 7
421 31
138 69
30 94
208 71
154 59
606 18
514 59
751 9
710 10
245 53
152 16
19 21
682 13
879 86
353 74
450 2
361 12
849 63
1 93
771 77
342 31
230 13
651 54
491 96
538 77
854 13
283 75
563 93
813 16
360 78
14 43
893 15
361 65
280 93
671 99
99 92
932 22
504 30
906 77
553 15
66 7
624 78
523 63
805 43
478 24
822 43
904 63
861 65
15 69
181 9
838 6
783 94
63 75
339 23
883 53
742 53
720 57
782 70
893 5
514 7
212 15
780 27
788 15
227 69
960 79
213 12
778 84
928 71
378 61
150 85
128 50
253 8
88 84
740 66
825 35
172 54
732 80
857 65
343 64
236 88
953 41
336 45
339 40
288 25
165 64
351 54
452 64
261 25
387 68
907 11
919 82
495 15
557 97
130 86
109 92
450 73
945 16
235 36
113 28
760 67
692 99
894 6
885 4
870 88
936 9
681 42
94 31
247 12
816 69
718 82
187 36
695 4
431 73
171 14
585 15
894 32
484 42
863 17
434 61
52 33
360 100
862 52
159 97
243 27
267 63
936 28
834 10
839 83
242 15
52 61
387 93
145 68
283 92
277 6
304 18
276 59
885 13
644 87
232 40
90 90
316 19
466 14
368 90
437 64
730 96
322 36
826 81
501 32
226 26
829 97
338 29
813 33
903 73
845 11
712 26
147 65
368 12
101 28
5 55
852 64
779 17
135 1
923 74
502 55
126 80
714 81
753 9
236 43
430 45
48 85
3 99
902 26
300 71
315 35
484 61
72 58
181 80
523 73
836 74
781 10
650 95
229 88
854 7
839 90
459 10
629 46
84 61
139 81
193 19
24 62
23 17
374 60
735 30
766 84
295 6
787 50
753 12
643 18
948 89
73 48
709 4
585 68
880 7
199 91
386 92
503 35
690 79
368 30
629 55
723 49
110 30
270 76
569 28
666 71
42 43
651 69
654 55
609 72
757 12
650 17
550 44
85 41
19 71
736 87
734 52
160 9
448 84
796 94
394 56
118 36
503 87
352 20
485 32
612 58
909 12
626 98
490 28
851 82
940 20
32 47
34 61
328 44
613 52
214 57
805 36
911 28
595 51
941 22
50 31
271 50
242 80
797 40
572 6
362 63
736 92
419 10
376 30
686 54
38 77
529 14
196 13
301 97
522 89
751 98
708 1
388 92
789 95
292 5
739 6
364 82
166 18
602 74
128 71
42 70
146 83
874 59
76 64
551 12
699 88
39 67
265 77
818 84
177 52
67 70
913 14
424 65
469 68
383 50
421 88
685 73
94 15
569 65
580 43
23 19
651 70
814 33
200 79
337 68
169 17
705 50
716 79
932 97
214 51
35 78
725 55
226 70
87 10
397 60
366 8
787 20
177 38
617 44
591 60
284 87
747 66
58 61
366 96
687 37
83 15
434 40
339 43
712 99
157 62
349 21
824 30
184 98
816 32
503 23
908 68
40 18
279 43
896 15
336 90
515 45
604 75
235 23
314 19
850 35
570 4
559 14
109 18
508 48
711 74
57 52
733 7
141 39
920 95
205 25
18 97
244 65
75 21
562 17
594 81
735 28
915 27
708 79
219 13
107 83
754 55
358 93
534 17
950 13
9 22
466 94
890 94
229 88
514 22
266 93
415 61
251 65
172 99
12 60
839 38
702 50
303 74
857 7
842 36
932 98
112 57
830 30
343 11
877 59
269 12
922 80
651 76
309 43
36 15
241 94
799 65
83 31
59 16
147 65
878 35
88 48
683 69
350 57
729 21
538 19
139 26
460 15
451 33
175 98
206 66
161 89
772 24
438 18
355 35
581 23
113 17
857 69
871 97
240 48
513 75
691 8
410 17
609 27
126 17
390 37
480 64
60 19
479 5
388 62
568 25
653 38
803 14
421 84
189 52
39 43
231 51
351 6
564 17
199 75
343 78
473 10
327 88
101 33
239 73
357 19
334 32
279 14
67 30
6 25
825 44
660 93
901 85
786 24
369 78
233 38
441 79
375 28
461 63
212 82
877 88
845 97
387 26
84 55
326 1
494 1
671 14
236 65
581 73
932 74
123 16
703 4
246 45
927 93
445 66
125 48
753 12
777 39
867 2
259 24
323 68
324 80
378 84
379 62
244 93
857 70
219 39
781 78
812 100
606 11
903 6
685 20
20 98
49 36
951 68
722 92
910 50
690 63
128 21
631 58
550 80
676 53
284 64
170 81
250 70
339 46
434 66
143 87
30 10
588 25
608 16
157 38
576 64
785 20
97 32
356 37
152 49
820 33
956 49
426 76
93 88
321 8
350 100
421 58
640 80
648 2
767 20
596 75
183 61
930 74
364 12
931 12
770 68
445 69
751 37
747 45
427 35
228 14
457 22
732 4
385 42
203 3
142 61
838 42
2 59
367 16
247 45
720 77
665 42
950 21
16 69
623 52
245 29
58 22
199 66
513 70
142 67
698 92
270 70
95 29
2 44
248 99
269 78
256 95
433 27
225 90
730 44
196 50
387 67
424 59
686 30
318 6
292 14
124 89
339 78
188 100
353 72
909 16
465 51
472 31
645 6
842 9
522 62
819 25
403 67
824 35
44 69
460 70
126 72
266 34
589 97
377 23
718 16
731 89
926 18
30 24
809 97
738 74
920 50
591 100
875 50
452 83
245 30
650 32
70 1
710 93
409 47
324 49
360 67
709 61
758 27
807 50
877 53
788 30
170 64
700 77
539 46
823 51
860 85
166 11
169 81
239 8
184 22
391 11
724 35
918 10
148 35
901 59
308 39
347 78
529 52
403 81
568 80
848 56
493 15
831 35
231 20
386 13
180 93
472 89
412 69
444 97
216 78
255 96
460 80
939 87
118 68
85 40
533 33
315 29
696 51
786 50
534 83
649 89
267 55
929 51
790 13
609 17
419 44
385 49
479 93
821 71
38 60
474 88
589 85
836 75
442 80
568 99
176 37
723 90
662 32
783 19
816 6
16 45
579 38
273 24
509 45
917 62
490 70
18 72
651 26
698 11
411 48
449 65
663 44
806 55
790 80
777 42
808 9
690 21
473 28
260 100
578 16
321 37
357 92
139 91
411 87
345 48
786 44
81 83
23 22
762 3
834 47
571 34
712 97
844 90
456 73
247 47
651 74
938 43
592 23
219 59
250 92
906 91
635 78
506 29
911 26
246 12
862 7
845 57
322 8
339 33
628 45
132 9
819 71
396 2
881 18
885 6
704 6
611 28
277 12
836 9
498 76
889 96
81 23
501 95
42 67
293 98
378 3
82 96
315 10
36 68
933 2
180 14
1 97
582 76
58 81
872 83
129 47
173 48
317 80
238 82
199 91
93 47
798 50
627 35
735 62
397 63
461 46
476 99
314 71
82 7
680 7
447 81
694 57
250 58
763 82
583 41
213 28
209 14
497 32
496 30
403 89
942 14
902 76
421 35
847 99
219 48
234 83
114 39
866 33
458 25
315 29
125 100
93 16
44 35
27 76
113 70
109 2
530 83
357 9
11 25
550 7
549 25
582 76
373 95
395 41
959 19
335 47
696 52
468 82
797 35
288 17
533 3
627 77
351 39
139 89
403 14
136 90
562 36
826 70
451 97
425 16
6 33
509 17
326 5
706 84
629 17
637 51
227 58
669 80
465 64
179 83
641 59
430 21
193 2
340 32
795 9
14 71
24 85
627 2
328 73
299 42
74 56
937 97
521 98
825 15
667 5
705 23
63 16
286 3
926 42
16 85
416 20
868 58
8 26
137 29
804 96
636 80
926 36
10 87
877 16
869 64
647 2
727 63
218 25
276 8
788 14
243 58
232 27
486 35
4 50
233 47
472 21
914 67
859 10
663 50
408 29
44 83
471 50
640 78
141 16
189 50
67 94
520 59
632 5
754 45
358 32
23 81
546 25
723 88
791 40
442 80
463 15
478 90
542 58
209 22
642 17
551 65
128 85
220 95
870 25
862 37
244 52
630 68
220 52
538 68
749 21
355 80
356 32
716 32
518 42
560 49
582 68
370 76
200 92
243 68
209 67
620 18
334 40
826 57
694 51
199 42
633 49
728 7
374 51
253 90
224 30
18 88
253 59
521 17
664 56
830 52
740 60
113 49
576 85
601 36
186 33
512 91
737 30
231 19
240 3
500 66
202 2
913 64
859 43
682 75
103 46
252 55
4 25
412 12
618 17
252 79
930 96
468 32
713 70
398 39
596 11
281 30
364 59
134 26
397 10
950 52
218 90
934 44
820 27
616 55
182 51
450 16
158 32
622 38
432 2
354 65
780 5
77 11
884 43
399 52
492 62
782 89
433 19
322 97
705 38
13 47
475 85
751 41
664 37
383 25
691 92
697 80
226 67
902 4
740 44
58 72
89 63
244 59
372 57
337 17
480 91
137 11
751 86
849 76
671 43
105 69
47 88
794 41
485 12
519 87
677 55
271 15
19 70
54 30
431 93
39 76
371 75
207 62
697 77
886 42
591 93
293 17
613 14
176 59
531 53
85 25
905 75
367 70
111 73
628 16
687 40
258 59
766 68
326 5
181 50
385 94
867 26
482 60
34 11
38 38
514 53
13 3
35 20
343 15
921 72
945 59
315 76
516 28
161 72
355 26
71 83
604 85
46 96
798 7
711 96
910 21
430 97
631 3
553 84
574 11
860 1
443 69
424 43
382 55
328 61
454 64
112 60
665 64
508 28
645 12
417 99
552 25
166 68
329 54
930 76
766 57
57 23
518 76
246 100
260 20
502 85
880 30
35 39
769 75
298 25
86 58
817 47
723 92
68 35
147 99
954 57
943 82
203 5
420 87
239 34
699 75
301 36
267 78
884 4
555 50
763 98
492 12
465 24
629 61
767 61
885 97
86 95
773 31
791 18
219 45
673 95
513 47
683 32
245 9
844 40
855 52
235 24
494 71
673 91
233 57
185 54
436 89
345 12
780 41
342 96
227 91
726 40
921 72
903 73
111 98
68 48
197 69
647 82
946 57
774 22
505 23
239 53
411 39
923 73
726 70
687 76
799 27
722 81
535 19
487 60
774 7
215 55
109 33
229 13
216 78
394 99
78 65
235 64
410 59
237 52
221 13
717 59
252 22
166 18
334 66
91 57
453 21
674 8
320 29
671 38
383 32
451 98
768 58
745 74
695 18
234 62
765 78
649 21
679 58
93 14
696 67
575 53
367 65
88 39
196 39
850 74
415 78
451 91
248 32
595 75
605 7
857 26
160 62
708 21
27 98
688 6
898 38
943 35
176 42
134 69
345 54
353 75
446 69
945 34
347 6
887 3
311 23
306 43
102 26
225 57
176 38
512 43
740 86
436 50
884 74
883 53
861 35
672 84
596 7
836 2
664 5
362 5
800 28
521 22
391 78
287 96
840 1
284 56
205 49
379 10
299 84
871 78
615 85
595 52
798 26
371 65
556 16
317 11
199 92
760 67
222 15
186 78
400 81
263 20
313 66
204 46
417 93
130 82
714 89
80 6
326 10
797 1
887 66
8 12
570 75
507 16
9 11
760 48
529 35
427 82
555 99
776 69
212 31
222 67
902 10
817 54
518 41
588 66
134 93
349 18
20 88
79 43
238 16
625 59
887 7
584 59
631 91
442 93
204 70
772 99
121 7
327 51
125 96
287 90
908 17
670 37
317 8
656 43
122 40
690 28
398 45
483 13
317 34
463 12
256 19
29 10
734 48
536 65
316 82
129 100
780 71
225 51
560 52
696 14
338 59
76 37
715 48
425 73
744 52
341 34
316 57
309 18
771 23
627 20
472 10
5 63
212 92
315 9
806 70
901 56
132 23
427 80
745 34
497 69
880 80
669 52
350 24
90 62
856 36
177 68
311 24
805 92
201 67
572 10
520 20
894 100
727 93
926 62
147 90
730 49
150 74
84 20
212 96
6 69
720 27
408 86
454 4
352 47
880 79
486 64
499 45
208 14
230 72
724 55
99 43
43 69
257 57
246 79
561 5
165 6
460 81
869 82
290 24
878 35
549 14
761 42
852 29
624 92
944 79
692 84
944 51
833 53
560 35
553 40
825 43
164 29
445 2
755 64
755 49
510 45
474 26
531 65
577 78
2 65
551 92
164 89
683 75
671 11
779 7
897 84
225 86
313 75
356 43
523 28
610 56
488 100
118 31
723 88
934 28
370 67
103 27
560 70
637 6
327 85
696 7
54 24
665 46
731 73
325 15
516 54
120 50
732 21
56 78
273 56
78 43
710 13
447 55
378 37
434 58
812 86
881 13
922 58
312 8
804 48
292 64
845 10
697 24
555 15
163 59
690 17
66 49
488 34
923 40
434 57
924 14
133 17
367 42
476 70
439 62
883 42
587 11
434 34
17 3
699 53
58 62
834 91
640 67
237 94
635 59
626 83
130 36
856 57
207 20
84 50
546 42
41 43
20 19
894 63
433 1
482 13
786 84
16 94
793 32
663 31
311 67
112 93
310 73
448 90
890 70
331 26
452 79
169 5
297 34
790 64
780 68
614 62
791 49
163 7
609 93
925 11
891 5
336 26
24 75
312 25
613 18
419 5
592 66
127 66
738 83
335 28
118 29
46 29
455 58
898 4
788 23
176 34
797 65
638 15
762 35
32 15
842 77
436 89
811 77
869 35
922 5
571 47
370 16
118 75
461 34
952 85
342 52
250 11
924 77
372 79
55 24
337 96
417 2
851 63
37 27
791 54
385 26
230 45
189 17
757 63
278 82
729 87
202 88
421 23
70 65
234 31
527 95
8 28
573 62
576 67
127 1
281 85
933 22
187 65
519 30
376 36
306 30
406 60
738 45
476 72
248 8
718 65
503 13
824 92
736 87
490 42
211 38
743 75
578 49
921 63
148 48
549 15
826 45
301 66
650 49
255 52
678 30
281 94
900 51
435 98
893 8
43 76
954 44
161 16
420 1
905 95
862 94
283 34
460 89
390 91
494 8
508 86
361 73
737 90
856 77
844 24
597 20
649 66
585 24
784 62
789 67
109 14
308 85
641 53
838 34
935 48
615 96
841 92
426 35
533 57
92 72
876 53
428 14
367 85
438 53
821 38
818 61
607 29
186 70
760 6
489 37
796 1
902 18
802 54
234 99
110 82
311 29
416 12
804 22
819 28
291 41
172 19
252 83
299 40
459 30
215 41
213 90
237 24
109 78
483 46
610 90
527 37
133 69
923 46
402 45
268 5
853 87
315 11
925 31
142 26
81 20
19 13
908 30
842 47
455 54
770 16
718 29
124 83
423 38
458 18
391 54
157 17
543 69
727 66
229 73
66 83
536 60
504 4
574 54
330 62
427 66
249 18
385 59
912 96
221 64
294 24
668 20
279 8
912 84
577 11
377 44
516 76
102 9
519 33
586 1
737 98
898 7
363 47
955 86
846 13
933 51
786 1
909 20
677 18
887 99
157 27
264 13
919 76
409 9
906 52
745 83
382 81
495 13
631 57
166 95
637 83
12 83
164 49
96 30
623 46
893 100
710 14
621 6
917 46
436 18
862 60
843 84
337 80
136 98
924 74
103 42
947 57
832 83
496 27
713 13
358 79
106 91
819 56
944 5
907 99
316 69
345 24
352 80
374 74
637 17
47 30
541 16
683 53
160 11
941 70
201 81
525 22
360 88
324 98
545 31
214 93
272 5
727 33
456 100
370 62
50 29
330 26
175 4
603 94
165 7
954 11
169 40
508 68
455 25
839 32
394 68
559 68
630 24
889 97
771 91
223 87
390 36
429 89
66 73
509 90
295 6
179 51
318 83
82 67
679 42
306 96
599 82
854 83
158 60
395 83
909 30
291 42
360 76
15 27
575 29
854 80
250 74
4 40
14 97
788 80
70 12
925 86
641 34
244 16
939 82
86 81
535 82
439 56
329 41
583 53
74 44
220 7
23 60
202 53
591 29
731 46
223 48
466 22
332 44
773 67
360 25
196 93
55 93
198 10
696 35
39 49
290 59
908 68
430 45
150 98
814 49
189 75
637 19
909 95
372 99
903 76
30 16
483 25
757 21
473 60
246 24
241 90
146 48
1 14
859 8
232 49
740 34
340 99
129 67
265 69
931 92
653 37
508 86
865 82
21 6
777 85
628 3
215 85
444 16
163 69
888 31
355 44
697 7
859 72
262 32
116 23
615 19
481 79
744 60
53 1
455 46
580 54
290 86
780 43
543 81
109 41
473 47
581 74
217 30
866 97
61 76
656 64
252 19
707 34
397 100
44 96
345 60
531 87
412 21
29 37
852 88
320 51
121 12
264 29
538 58
681 91
554 16
475 19
261 26
452 21
812 23
949 81
263 55
718 78
447 54
795 70
809 22
332 47
410 95
103 14
274 56
455 96
854 53
696 66
748 45
487 19
472 51
282 92
682 4
231 95
287 76
588 88
496 89
504 37
643 25
698 9
765 18
793 94
930 98
651 89
670 51
452 86
524 54
99 70
226 19
165 61
805 32
14 46
729 99
838 64
223 35
83 88
791 76
208 58
175 15
912 12
194 97
945 5
67 67
52 13
211 18
454 81
45 86
133 43
635 11
255 70
330 7
616 3
570 7
2 58
867 63
892 50
738 70
532 19
892 1
230 34
582 68
58 84
846 24
88 31
579 54
495 89
132 42
959 81
402 59
642 79
132 61
785 37
417 80
48 62
846 65
661 2
788 27
49 84
927 62
468 24
529 6
506 42
642 24
897 18
58 2
172 23
928 28
56 34
928 42
443 35
47 32
477 63
402 42
719 43
515 94
908 91
867 64
407 43
409 16
249 55
278 33
359 6
657 21
685 74
935 5
576 39
31 85
750 20
370 100
356 28
94 63
487 77
708 73
8 35
838 27
810 32
733 60
161 60
87 8
117 22
152 20
190 81
881 77
708 48
395 20
278 20
601 4
835 39
633 12
403 35
265 63
358 75
382 51
755 22
274 24
698 2
440 38
413 26
101 59
610 65
380 95
695 58
241 27
379 11
403 95
701 73
110 28
909 70
43 83
652 49
130 18
407 60
862 74
158 42
148 46
488 58
897 63
534 91
612 90
673 52
346 47
269 56
90 6
646 88
444 67
299 69
742 81
762 16
39 81
648 33
960 69
861 87
490 92
380 62
316 58
146 78
258 91
295 25
883 13
701 70
115 93
363 38
586 1
675 67
253 20
718 2
61 45
187 90
108 13
275 73
798 14
827 80
289 2
615 41
67 19
20 22
223 57
77 12
211 83
844 65
898 68
656 32
644 23
906 56
728 10
639 20
891 73
135 3
61 20
925 82
167 66
739 50
630 49
947 71
889 26
714 95
371 98
764 64
335 21
55 8
457 87
82 40
199 24
24 25
809 49
180 12
552 37
875 80
15 76
97 7
868 58
324 16
240 69
609 82
427 42
20 26
203 48
351 93
621 59
118 28
438 92
809 1
448 26
569 2
802 56
503 79
902 11
298 96
372 90
738 69
173 18
579 65
500 19
717 8
807 10
542 69
479 36
664 16
485 34
721 18
255 5
368 2
950 90
62 100
481 31
476 23
678 54
435 15
187 44
832 48
873 99
881 7
549 49
224 97
441 55
289 78
112 43
303 3
218 28
155 11
433 7
30 38
362 24
30 76
392 79
490 19
459 17
800 77
420 61
808 38
253 93
289 12
41 71
546 24
262 54
54 70
598 7
266 90
340 54
926 9
607 16
551 95
484 27
650 14
903 72
928 81
769 48
364 74
847 28
910 44
610 29
808 60
206 68
654 40
613 69
195 44
915 6
915 15
185 91
292 82
260 17
752 50
162 44
139 36
827 61
691 33
829 74
353 23
939 58
587 9
348 90
174 32
347 63
163 38
378 67
654 44
460 70
213 96
524 66
410 41
265 1
953 36
159 69
50 85
632 77
185 32
630 69
577 8
381 45
761 7
417 33
428 51
795 38
128 54
804 83
566 45
236 71
645 90
915 31
7 69
652 51
328 68
557 71
240 4
366 11
456 89
194 40
926 51
396 85
183 28
123 80
95 69
554 3
467 82
115 76
245 23
756 92
638 13
842 66
439 5
695 78
258 1
191 15
663 63
276 14
359 67
644 10
100 15
338 28
229 85
480 91
348 21
91 32
639 44
387 11
784 99
2 74
719 26
417 56
363 74
835 86
571 93
660 37
768 84
84 90
19 97
283 34
620 40
801 41
707 39
621 4
530 4
808 31
230 29
791 97
279 69
105 69
895 100
544 100
328 60
508 56
549 62
230 83
391 7
286 52
144 27
551 43
170 1
277 61
921 96
908 80
770 42
555 60
80 12
105 63
336 100
53 7
684 75
361 22
711 11
118 35
675 25
689 74
867 47
107 55
783 91
828 76
440 29
86 38
360 2
928 48
240 57
817 52
892 26
806 62
95 3
542 82
262 51
4 21
386 16
592 47
923 99
670 24
147 34
859 3
396 36
480 8
678 3
574 26
805 20
409 75
807 73
669 68
399 17
51 98
934 91
616 77
337 39
33 65
600 18
727 100
918 73
440 59
350 50
558 25
442 5
593 57
919 77
805 25
370 53
2 11
835 3
565 49
84 38
696 42
18 91
81 49
503 74
426 25
543 72
43 73
21 88
462 13
740 39
638 89
670 83
523 44
24 65
89 88
154 7
196 25
305 37
959 8
30 82
182 84
649 70
941 50
692 22
399 75
927 8
472 66
318 1
833 76
183 65
50 41
318 49
915 36
445 23
449 36
248 66
90 25
365 99
378 35
119 77
761 24
326 13
400 64
582 26
274 25
338 100
614 43
547 29
905 10
52 66
483 18
298 33
218 63
889 33
204 52
789 57
594 82
930 96
798 56
476 48
316 48
862 59
793 94
203 88
76 68
811 17
618 35
730 53
358 88
531 87
820 83
605 57
782 75
603 51
621 34
924 32
733 40
14 66
848 58
303 80
721 97
82 3
322 44
438 11
90 48
862 27
304 3
619 57
394 94
944 51
556 64
343 31
335 3
524 73
494 61
106 68
746 27
774 51
782 86
670 7
214 67
924 16
600 24
224 6
379 37
270 30
409 53
807 47
24 48
