8965
1684 73
1576 6
1669 6
348 21
1508 18
459 40
1057 82
627 31
1573 22
663 88
1053 36
779 55
312 49
755 32
352 68
1490 81
229 47
1142 79
736 53
1087 74
1721 91
767 69
810 87
1307 58
1438 19
328 40
1070 30
1074 100
1028 8
1580 67
1710 79
1366 7
1051 82
223 100
892 21
1228 33
1274 36
734 50
760 10
591 26
1681 81
1307 68
325 52
292 39
1729 78
106 95
1565 11
922 19
1116 64
686 87
100 100
308 20
1494 60
913 38
560 17
364 93
1377 20
1508 22
1320 49
644 96
1672 96
776 86
255 74
167 99
1556 71
308 24
1512 59
1075 34
1612 15
615 42
962 31
351 17
800 15
960 18
79 22
107 20
1083 89
1203 66
762 33
821 20
1086 72
285 65
578 17
1481 89
895 9
20 45
58 20
803 37
331 12
36 35
555 55
300 83
1022 100
648 99
803 35
1349 92
651 39
1058 11
1224 39
1317 83
715 94
1329 29
1550 96
912 57
1145 62
130 66
64 88
1245 11
1018 21
1747 53
1190 98
304 69
1482 44
85 85
669 1
1061 21
1705 49
1036 54
525 39
886 92
290 97
229 50
451 56
1560 1
1311 1
92 82
198 4
1732 1
635 22
734 34
279 95
576 65
420 71
1791 22
280 24
187 51
807 9
664 67
500 99
1210 79
15 94
1772 70
800 98
570 63
1485 57
1189 2
1100 25
148 15
23 46
1438 34
1648 79
1116 34
697 18
904 13
1660 95
5 5
2 87
486 10
1006 45
1477 5
725 65
429 83
1390 63
115 20
597 61
1578 4
1018 33
995 88
692 17
1309 85
1218 79
193 74
1008 7
1646 38
1046 11
934 51
1278 3
1064 18
74 61
953 93
1138 34
882 92
137 76
774 72
528 51
1128 81
749 45
4 30
1203 12
614 75
500 62
1217 33
1533 30
97 30
657 38
997 33
654 9
1494 56
1392 34
900 11
200 89
553 21
398 81
1565 28
220 90
1323 74
680 83
117 4
841 62
1663 7
895 31
1518 45
182 94
963 78
592 22
1296 19
1548 89
1355 44
1715 77
765 86
1502 1
1300 100
405 8
526 93
1709 93
1078 77
922 72
1006 7
570 35
965 28
240 64
1577 96
1484 100
921 73
439 82
1485 16
854 68
1063 72
20 36
671 45
85 24
1091 30
1466 87
1741 65
603 60
1781 67
1445 69
701 29
320 92
1783 74
1296 10
203 8
1211 12
97 33
1699 70
443 80
239 79
13 52
1716 31
77 10
10 34
641 66
123 21
1274 2
831 5
848 56
424 52
528 86
848 97
1703 17
20 11
75 10
571 1
952 87
1088 90
1113 38
269 41
1339 47
658 31
654 3
1360 91
534 5
480 79
500 16
778 76
1754 28
1412 79
986 89
1575 23
672 52
360 85
1779 11
1238 89
96 84
1722 77
952 27
962 4
1159 87
509 92
1001 53
155 78
618 70
1717 34
246 35
1056 58
289 90
1419 67
1713 13
1487 86
1678 76
16 31
591 5
1401 99
1073 71
380 56
908 38
6 23
963 76
656 9
1001 37
1650 62
1218 37
1733 98
1454 40
831 47
1554 63
521 20
252 78
1664 14
374 58
1724 49
326 10
914 49
1032 53
814 76
1722 49
1486 20
1281 7
1534 88
1395 84
262 88
169 48
1693 92
1261 83
1339 71
213 61
27 12
716 69
154 69
31 67
1109 95
485 34
1745 31
317 90
1125 16
1260 39
278 96
551 11
476 17
1129 84
650 47
548 32
564 74
1094 92
1623 7
1097 70
232 11
1314 19
1621 1
1385 57
77 95
1101 18
474 94
805 87
1769 39
881 36
1489 95
504 74
747 95
1547 69
1326 60
1659 51
557 54
1586 39
1570 39
1134 60
1582 64
1225 14
757 37
459 4
428 69
31 58
1581 20
131 59
80 83
1421 19
608 34
1431 40
311 34
1015 83
501 60
1162 53
989 24
199 7
766 36
1723 55
1346 71
559 22
1213 87
597 12
907 96
129 46
359 9
1370 68
1640 95
365 84
1350 59
286 15
1613 4
226 48
679 49
1189 73
793 33
350 41
723 88
1105 18
108 76
583 3
38 81
122 79
585 89
110 48
179 77
263 64
613 95
1010 50
157 4
1137 75
762 85
467 56
773 89
1623 57
593 80
1682 35
939 59
367 12
1237 73
165 87
529 34
853 44
1336 47
1551 29
220 58
183 22
529 19
911 56
1528 19
19 60
564 28
393 11
224 57
1702 46
1417 68
706 68
843 25
1449 25
58 92
1251 23
1559 4
1286 39
1765 15
1156 20
1784 74
1745 22
1253 36
1006 83
1661 2
628 43
727 25
657 11
1102 96
445 74
762 88
1609 12
1664 30
865 67
1107 95
1602 94
712 16
1365 90
322 83
853 8
456 99
106 50
1743 93
115 28
1419 52
667 98
760 23
1510 11
485 37
1489 75
858 94
943 8
1398 2
1477 58
775 49
100 87
710 38
627 81
1042 4
1108 31
1416 72
1550 49
868 1
1481 5
1022 61
1380 100
258 94
926 3
914 52
1101 4
1099 71
129 6
1518 4
1534 72
1464 70
1343 85
573 32
1586 43
1219 5
1018 23
131 72
624 2
443 28
748 12
1275 32
898 92
1048 35
1299 90
1445 53
1707 67
935 96
680 69
114 65
397 98
1246 90
1102 36
688 16
914 10
1027 61
227 37
1790 98
209 73
1196 11
340 20
1001 22
697 17
1199 77
574 42
1384 77
1388 81
1186 69
760 80
527 10
950 61
185 63
886 20
439 90
675 69
790 88
206 87
1399 7
100 29
438 25
648 77
282 88
492 16
194 71
1276 64
208 20
1672 38
1093 24
1134 59
1420 40
409 74
679 96
1616 41
416 90
1627 49
1501 37
1745 14
602 59
1232 12
471 29
905 14
1085 38
123 90
404 85
777 12
1670 65
1394 90
156 16
1674 38
1300 15
415 61
1027 47
89 38
1752 84
623 42
1775 31
957 33
1499 5
1253 51
1190 55
450 17
223 32
547 5
700 85
413 61
1677 52
999 54
1552 85
692 62
1008 90
1782 46
1520 23
1595 61
873 29
1191 95
306 78
659 33
325 45
1444 34
1152 32
478 8
1318 58
1453 47
1490 68
221 49
1633 7
954 30
386 23
1278 46
687 51
200 35
259 88
1570 61
344 11
1599 25
1556 42
794 55
803 58
1774 54
815 81
626 15
274 31
1571 92
1793 92
754 80
930 54
978 73
736 68
1791 21
43 11
446 6
1490 91
919 27
762 4
739 27
1056 77
454 95
1657 24
434 59
1146 26
1148 94
1174 74
463 23
52 78
1131 70
1469 61
789 56
1031 95
893 42
426 12
306 96
1054 26
365 13
687 95
630 52
1342 38
906 51
103 22
777 86
1672 73
1180 32
1115 78
1166 45
1184 35
166 41
1049 27
285 92
214 87
872 50
484 8
899 39
177 18
926 83
1279 18
711 63
529 36
1669 62
1083 46
595 45
1403 17
125 86
1561 1
1025 1
1008 100
1706 88
968 56
908 31
1775 28
66 56
1687 79
148 85
1625 78
797 98
1247 99
1697 2
650 79
1486 72
1262 69
239 57
1428 53
251 33
46 54
807 54
1078 83
822 26
1649 65
1668 83
113 69
1267 10
1155 76
808 31
144 28
499 99
139 81
108 44
642 70
638 31
1724 72
779 53
936 25
270 15
1149 31
252 71
488 46
1222 56
1612 29
883 56
43 40
985 98
97 46
1639 88
795 74
1304 76
1032 59
359 98
1052 27
315 55
492 68
105 15
1271 60
409 11
409 27
1356 73
128 93
238 86
436 84
941 23
1552 82
1781 5
155 66
1514 83
518 36
853 54
1287 13
1210 9
1786 58
792 5
809 86
586 62
391 97
30 94
5 94
1655 89
1503 95
661 4
1114 21
1671 18
1141 15
191 7
350 17
1445 33
909 90
1088 14
1618 54
114 58
1186 41
889 89
843 93
719 95
1064 97
1334 99
591 2
1027 54
1406 95
33 68
1147 21
667 72
935 13
1557 89
582 73
522 93
1673 91
1487 17
1443 46
803 11
560 59
191 98
500 26
1019 76
1722 86
162 46
1017 9
324 52
1408 13
1465 48
1454 99
238 18
976 45
1300 79
1701 25
175 19
25 50
1053 78
835 43
680 48
361 52
245 62
1255 41
892 74
202 33
1338 70
1196 65
111 59
292 33
530 10
40 97
630 23
1042 88
491 34
881 4
1118 55
1343 62
297 40
1468 77
1138 64
212 5
1593 79
1492 72
1186 9
451 68
981 46
1276 71
671 21
1045 65
1412 87
1790 35
1000 72
1526 1
187 30
935 82
1126 73
956 4
1678 8
517 33
1725 95
314 40
1673 92
630 55
1338 36
1262 10
413 6
728 29
1789 38
765 3
192 80
133 7
804 58
952 64
856 60
1711 54
337 63
916 7
315 32
1140 4
1572 81
577 32
340 11
1283 96
1111 26
709 43
1517 89
853 2
1606 5
1446 44
220 54
1708 96
55 19
784 89
1755 2
1598 13
886 31
453 73
1430 31
43 67
1508 45
1749 71
1451 33
1024 44
1634 51
575 28
236 91
425 89
541 84
889 40
950 14
35 7
216 10
1131 17
329 69
1572 34
1601 9
254 92
1452 56
1259 64
1723 22
1733 16
1354 83
1065 33
1001 2
1272 40
891 53
1020 17
1374 9
242 19
788 49
321 20
363 49
1707 46
923 88
1088 63
1684 55
2 39
151 87
147 88
1274 49
497 55
788 1
460 54
1253 25
377 80
298 100
1268 59
1020 58
704 35
1449 41
985 92
1078 40
232 8
733 82
217 93
217 64
1550 66
1455 60
1225 14
266 63
997 44
1604 36
773 39
734 52
1220 38
1358 51
946 61
231 54
964 12
1251 94
379 20
1763 62
1199 51
1706 87
314 11
1691 7
1136 85
1233 98
743 22
902 45
1017 50
97 12
1095 46
1046 70
676 5
1447 98
720 8
312 81
808 55
144 66
741 10
328 90
111 46
917 37
1773 10
362 73
589 31
627 66
1721 32
568 88
1287 89
1052 49
1528 31
792 22
1502 23
1597 73
1480 95
332 52
1776 94
485 7
1145 74
850 72
202 58
1427 25
651 49
416 65
790 58
1103 50
567 50
20 5
1271 95
733 58
1396 18
1333 89
498 63
404 23
467 71
1095 72
1459 55
1443 50
1704 86
49 90
667 42
746 73
894 75
149 33
12 44
1542 22
274 49
898 55
1314 88
1611 48
1705 70
1707 90
236 32
1318 26
1275 85
1747 40
1611 14
1010 96
269 34
1656 9
532 2
770 31
415 33
1123 33
590 71
295 84
1137 34
1091 9
1224 56
1200 68
1001 24
779 87
1510 75
1187 11
1159 95
751 36
857 11
1337 14
1190 37
200 86
1049 35
1673 80
164 96
1044 33
68 76
100 60
1198 32
207 24
137 58
1009 95
836 22
1193 35
1368 93
1197 35
510 57
13 74
243 46
269 5
80 77
843 12
1243 95
634 57
914 26
1512 62
1213 25
1584 72
1254 29
1671 81
531 23
663 18
1441 42
91 51
218 97
1076 6
15 86
1721 98
30 29
1081 67
403 94
602 42
1318 31
140 29
1471 30
1522 77
1450 11
241 28
1184 3
985 47
457 77
1521 31
1361 56
1174 77
929 26
1699 91
73 30
559 65
459 85
1789 64
450 7
1189 81
1666 60
567 15
948 30
1600 23
195 96
847 88
747 42
1528 39
1543 18
1120 98
1117 78
1171 18
1718 3
926 73
257 21
392 100
208 66
165 98
469 67
144 48
947 52
1589 25
691 91
1132 41
1334 85
1357 25
1167 91
1291 74
1572 20
461 4
765 86
1050 37
1276 40
1102 75
1601 93
421 8
336 20
389 29
1048 18
264 15
524 26
1611 88
1651 17
788 23
509 52
1566 11
117 87
880 64
1091 62
386 9
15 25
716 22
805 84
855 63
509 64
1439 95
318 10
1523 85
1256 91
1788 28
385 89
741 22
508 43
857 22
1661 30
1214 1
430 40
1180 53
183 88
1722 48
1088 87
565 64
1746 10
894 31
1767 69
371 63
280 79
1393 35
12 24
1641 8
770 48
1382 46
1448 16
1082 8
327 46
17 25
937 1
934 76
492 69
502 49
43 74
225 25
1716 47
972 45
1694 59
1617 30
228 61
713 73
1696 17
495 87
682 23
1580 16
130 48
1700 92
1221 83
1250 38
774 48
809 77
188 91
1258 4
238 48
1038 78
714 24
783 61
1536 56
1602 46
29 1
1711 88
1304 72
726 89
1009 85
918 23
20 100
1310 2
741 37
441 41
1039 21
1076 43
585 54
632 62
466 16
1145 100
1070 83
1740 31
276 2
1435 40
785 73
237 53
1516 92
1558 46
1692 35
1293 56
822 1
391 84
969 68
1152 75
1065 13
712 83
1658 35
1442 99
1132 26
143 79
1751 28
304 97
1278 70
175 20
1279 64
1261 58
409 4
554 13
317 27
1274 88
1753 90
1700 67
1009 17
1390 18
34 55
463 69
1591 65
1581 98
1635 6
1235 65
426 46
497 23
1644 58
111 41
1390 75
1598 93
440 95
1063 84
1522 43
786 16
587 96
235 46
1064 24
402 56
1521 16
360 87
962 12
177 19
1697 86
591 90
751 75
519 70
1021 74
1008 70
623 96
353 65
257 70
1261 7
996 84
903 52
451 54
1556 40
956 36
208 66
858 49
251 55
1293 69
1752 16
281 59
1361 95
1238 37
1744 75
201 39
1360 99
598 44
1511 30
1767 26
727 79
502 9
1740 93
30 40
1025 23
1006 48
1289 24
522 22
1743 34
973 78
863 51
1642 33
741 10
946 31
50 71
1021 88
562 64
64 23
1514 93
460 50
1789 83
274 3
746 68
1167 59
451 95
957 10
452 85
1483 94
1149 17
622 16
970 65
1417 75
122 78
945 69
560 5
158 90
1336 80
1482 42
1414 45
1642 14
1588 59
1295 72
351 63
956 2
703 21
1679 54
92 4
880 53
1262 69
405 39
1484 41
604 45
1137 26
1383 86
511 26
1001 24
746 100
123 45
724 88
1547 45
1415 28
1314 8
1760 62
498 99
1251 70
496 66
1268 76
959 52
556 70
1323 8
322 21
1339 71
1606 66
1094 87
1773 100
438 86
200 82
992 37
1277 39
380 10
1500 98
620 51
995 70
706 74
1065 21
912 77
998 6
53 33
1434 11
1710 73
1377 98
1466 36
767 25
821 59
1191 91
597 39
1538 57
1446 92
219 50
995 66
1258 73
234 42
1159 63
1691 75
163 43
1419 84
19 69
1399 93
961 90
804 88
1520 58
625 49
1643 35
562 47
637 70
1174 69
408 55
1481 33
51 81
886 41
352 66
1558 68
1396 10
1532 75
1095 88
862 99
1558 48
509 36
322 42
260 77
1707 50
756 41
152 25
1737 76
1049 47
883 81
1090 42
1563 16
1408 26
1332 60
972 35
931 47
279 66
453 83
1080 55
898 82
197 96
525 13
1596 89
1319 72
762 7
49 90
1400 85
222 37
1379 7
939 73
1655 9
1790 31
1214 3
1078 69
1620 16
1760 54
1139 71
990 51
1418 59
1733 51
1088 10
518 3
1135 3
870 13
1786 46
1029 89
707 75
182 93
212 43
1568 1
779 89
425 75
466 40
275 45
761 59
384 51
1167 35
1373 13
354 99
731 96
449 73
1333 42
1229 1
1001 10
1031 14
1632 45
955 80
30 31
420 94
949 68
1008 51
1083 73
1442 6
1159 68
1167 52
606 44
405 85
1261 99
1020 56
1613 24
1733 64
1775 84
374 47
1442 41
811 40
1356 39
450 6
1704 77
1464 14
705 1
702 49
144 24
999 86
686 54
518 36
953 2
76 85
1565 88
562 39
1235 16
1240 9
382 12
1696 33
1621 76
188 56
1051 1
1394 33
255 21
997 83
30 47
440 59
1221 39
1723 20
947 41
56 32
360 78
356 60
966 9
186 20
26 31
1108 7
838 96
687 51
742 61
801 71
678 86
1035 4
1164 19
1507 76
1344 46
1015 61
383 5
1386 30
606 57
1049 18
1491 93
1754 13
1009 7
1243 69
1335 23
648 19
1726 56
319 54
790 93
136 69
529 59
505 32
638 32
340 28
1503 70
150 61
1436 88
1271 26
1530 69
496 52
184 21
473 7
1728 33
1335 89
160 85
1179 10
1229 63
696 68
1352 13
494 79
502 97
850 49
763 15
1420 16
1539 71
1007 80
918 99
1562 30
1177 37
428 64
1418 14
488 89
1062 55
1339 9
1623 72
1070 27
847 31
15 44
1502 91
1609 53
1184 49
39 49
639 35
529 89
1094 4
514 51
238 81
1744 77
421 93
977 47
423 72
1457 5
1121 7
1327 44
564 99
1332 45
590 28
1457 36
478 88
1552 76
924 7
929 9
1521 80
449 73
143 98
283 41
446 62
1473 7
28 28
96 96
1349 1
1516 22
748 43
512 91
1490 88
589 76
355 10
1555 12
1068 38
614 70
323 18
1315 61
1324 80
940 18
1504 88
1153 22
273 13
1780 100
288 72
234 26
175 55
835 62
55 39
1110 16
1033 10
1137 88
1625 76
408 78
457 86
1365 3
1422 67
454 28
1181 22
900 26
1351 49
140 95
658 67
1064 81
1375 77
687 96
82 94
48 72
1079 50
534 58
1759 91
1221 50
525 58
1625 30
1510 14
1558 60
402 97
506 17
538 80
918 67
954 91
121 41
1658 54
747 3
14 12
1249 40
180 59
646 73
1075 33
1548 47
1715 74
273 87
660 4
130 73
177 42
1157 83
941 55
1043 93
1081 43
194 9
618 87
675 85
1474 74
1676 65
296 47
1064 15
1535 23
669 66
557 99
1500 12
496 70
73 23
1659 38
1181 14
1290 84
808 30
1297 45
1201 33
411 7
105 99
164 39
1316 50
1341 92
1492 51
1600 83
259 27
659 78
1199 12
1197 33
1609 56
829 53
1147 2
769 70
1277 65
1505 89
1663 96
1544 6
1393 53
1141 94
292 71
95 94
150 87
1675 7
463 93
766 43
826 57
1218 29
433 71
554 41
486 92
646 64
1726 48
214 97
352 70
302 41
397 30
479 14
3 81
1562 24
1307 91
984 89
1170 46
1617 2
468 23
96 89
1583 63
1530 78
1264 84
17 44
1675 45
691 47
1702 83
1054 68
885 71
707 57
921 10
1035 89
159 62
1724 69
1757 91
223 56
525 81
546 82
1604 2
26 24
301 53
1263 98
434 25
1427 75
257 50
1405 26
1015 10
1598 19
1449 42
847 6
1635 58
990 70
340 8
498 33
25 97
298 92
498 18
1389 81
1578 92
848 46
654 57
503 15
1637 11
1485 88
575 86
425 24
1057 38
1403 39
997 98
1650 80
404 52
286 32
490 89
1449 78
223 19
520 90
1221 58
202 71
323 30
647 35
1165 59
1584 76
375 58
1393 82
537 69
316 5
1685 18
348 100
1651 64
1464 46
1322 11
1474 34
181 34
1774 33
1465 98
878 20
775 59
1243 68
440 72
982 3
397 87
49 20
227 59
990 90
819 51
1099 24
1648 26
692 73
1374 14
1453 67
710 31
1527 32
238 22
1361 23
1422 80
1682 33
29 62
1376 95
243 68
1035 76
1060 7
128 23
14 70
1753 49
770 92
455 98
549 12
1403 62
435 95
568 11
1053 19
332 17
1210 80
90 10
1536 60
1353 82
474 50
1730 12
33 23
1754 47
852 100
622 78
389 29
84 93
763 25
1430 2
308 40
1555 4
1189 6
1380 49
1167 9
1707 29
807 33
1494 17
1158 46
235 20
791 64
47 68
1703 22
713 2
1239 54
819 61
134 64
990 9
981 46
1467 50
360 74
1657 72
1093 71
1333 37
327 55
1523 3
1708 37
1003 2
1351 33
262 3
57 78
1351 35
1791 1
373 53
107 37
436 23
1334 71
558 89
928 38
1652 69
1631 43
1656 5
1128 62
1265 9
1147 77
1550 97
751 18
909 61
1153 35
1696 90
663 20
515 58
484 41
801 88
720 38
719 37
1775 95
883 88
1386 14
1193 73
266 24
756 4
1586 93
811 23
808 52
560 7
874 3
1707 95
1211 72
551 76
314 27
715 84
103 44
1092 5
890 78
172 46
1727 35
23 99
1198 46
87 44
1640 75
1259 31
959 76
1207 16
801 96
930 68
196 81
922 37
1394 91
1572 58
248 32
10 10
878 10
254 87
1219 68
1162 50
1449 31
1562 79
1374 51
473 92
1586 11
1194 17
1734 4
475 25
917 44
1369 42
925 18
1621 11
291 88
303 55
1223 2
1451 4
442 23
1041 87
1595 23
900 44
263 42
261 56
1181 57
1383 13
575 25
142 20
916 79
137 36
357 37
1366 32
957 55
1120 65
1765 82
571 68
1479 11
542 46
323 76
1356 46
1385 21
1339 67
1039 37
1130 12
1289 73
167 2
1755 34
1591 50
1681 55
1762 20
730 93
1459 61
787 44
8 78
396 56
1096 99
180 60
949 27
130 9
749 80
852 25
593 5
776 65
912 45
767 60
721 52
1510 68
947 86
1343 45
237 13
300 27
663 62
988 85
695 69
29 27
562 25
1696 60
986 54
1688 13
1452 23
558 87
1565 47
309 42
455 31
1738 83
1670 58
899 71
837 37
1227 26
854 33
447 12
614 77
252 50
788 44
654 80
217 73
59 86
207 91
139 34
1550 17
1630 26
1466 72
410 47
873 29
334 43
1569 9
1393 49
896 32
1436 4
10 78
1275 16
1731 90
919 90
1 84
1781 33
438 36
1456 84
1716 24
707 49
1190 69
217 92
362 81
1449 74
1450 88
828 35
1255 73
1791 13
271 48
1575 76
1168 41
769 99
1003 72
907 53
1151 81
168 61
1179 9
540 93
1743 32
375 19
1468 86
642 6
1710 73
321 61
747 27
1213 83
1489 84
216 86
1194 44
416 7
1787 27
1049 37
753 4
872 27
1332 78
1444 70
245 55
514 59
490 97
1695 5
774 85
1346 57
1445 40
1631 11
866 31
1082 75
13 30
1735 23
948 50
617 75
294 65
1000 99
1604 22
17 99
578 53
1173 18
509 26
866 43
813 16
1058 91
452 56
1306 87
1341 83
282 87
1742 61
174 73
86 27
320 64
323 59
673 34
1264 73
825 88
1102 53
1104 72
1633 93
1032 75
294 63
935 4
1189 45
390 78
476 28
1724 16
406 2
621 83
1341 75
695 67
1356 38
1702 3
784 51
663 30
810 12
1362 63
627 64
1224 41
1199 94
336 99
1476 83
173 38
1478 27
949 78
957 18
1238 97
1124 17
1139 4
336 65
794 66
583 73
340 9
668 59
1053 81
863 65
357 77
475 74
1741 5
301 12
255 91
1250 7
1735 6
908 70
930 95
595 8
1059 88
624 58
1644 7
400 99
1283 2
1487 3
959 56
539 7
1310 58
1509 78
976 79
1622 98
633 11
552 96
1313 11
148 31
1728 80
494 57
627 6
290 82
1347 99
1298 9
963 17
165 84
746 49
1506 31
1400 45
1564 53
1577 50
653 41
275 10
1143 100
1110 82
311 52
1426 44
483 61
844 83
1760 50
1025 26
582 53
1265 80
17 20
1071 3
221 4
619 80
1592 47
304 100
1247 42
437 47
1470 85
1190 86
1508 69
1355 38
1349 23
845 41
278 89
1085 45
1662 32
319 83
435 27
878 87
1134 30
602 90
921 32
192 6
536 54
1573 38
701 63
670 37
1040 11
825 98
685 47
1496 99
465 10
68 9
400 35
47 45
1387 76
1032 46
229 37
283 47
1465 66
669 35
358 18
995 22
620 5
1360 66
1272 53
588 14
921 100
656 37
1533 69
678 49
395 28
193 44
563 90
1715 92
1177 6
966 36
1453 97
1364 22
119 57
1113 82
1744 78
108 55
1487 34
1106 13
1754 68
49 7
1341 75
557 30
495 9
1197 87
1412 69
594 3
337 72
1048 73
86 66
588 94
1601 59
748 94
950 88
1407 9
1117 40
968 9
145 19
21 17
1194 72
645 3
1492 41
461 86
1249 19
1435 36
976 77
332 10
1694 73
367 5
20 30
908 47
941 48
1510 50
705 50
781 72
373 42
643 53
1449 22
1405 86
148 26
225 57
1308 54
751 49
939 26
1311 25
1773 8
792 39
1386 83
293 50
3 5
89 12
1132 40
196 44
1238 63
422 65
924 20
109 98
1186 89
628 43
646 71
1327 61
1247 73
596 7
1641 43
1539 54
1578 9
812 65
277 27
1096 51
4 82
82 24
502 38
1498 6
1372 30
1583 58
1693 8
911 31
1321 15
1617 14
109 96
792 34
1663 52
879 82
361 28
481 25
1519 93
1757 23
969 99
1604 85
1572 46
700 31
913 72
1013 22
1054 47
1009 6
407 53
1149 74
199 22
262 47
1281 37
514 4
1388 90
1233 65
1195 50
1506 81
624 39
1764 78
269 79
553 84
1713 71
601 47
