623
75 87
88 84
66 68
21 25
66 72
85 61
4 41
23 62
105 30
23 12
70 44
119 21
32 36
21 74
94 14
78 63
46 57
125 87
15 57
56 49
60 74
120 68
69 12
84 46
120 95
114 57
43 61
17 89
67 55
14 89
9 18
103 87
115 46
90 57
113 16
38 42
17 5
48 28
29 97
28 86
93 28
119 90
49 70
66 54
39 92
91 58
64 79
57 18
93 67
79 73
44 40
118 52
16 31
16 10
97 85
75 34
115 41
114 33
6 39
47 14
43 5
41 56
118 9
37 29
10 90
89 8
116 48
14 78
18 30
64 89
66 78
110 14
45 3
115 2
42 88
77 24
47 28
81 40
44 21
43 86
28 46
58 23
99 100
44 61
7 8
26 55
79 24
107 90
54 21
50 87
103 6
15 52
34 3
58 5
62 33
94 35
102 1
47 33
67 98
56 76
17 37
19 12
97 60
56 25
23 21
47 42
1 76
106 53
55 9
107 29
49 91
105 36
91 40
21 43
24 42
12 86
115 61
71 34
49 41
37 26
46 82
63 18
29 56
51 90
121 13
99 91
12 26
22 53
13 21
44 4
49 46
28 86
62 63
99 83
79 35
70 91
95 39
74 100
93 63
29 7
32 71
36 98
2 37
18 27
62 35
56 91
111 32
4 43
22 97
33 64
40 43
96 26
58 31
46 51
9 31
48 6
99 20
37 27
84 80
50 99
52 1
40 15
16 93
37 4
35 21
58 96
101 61
115 14
80 56
115 52
113 92
1 4
74 74
47 1
92 73
84 64
67 72
71 35
14 71
41 76
35 74
20 90
116 28
102 89
2 80
23 20
52 38
120 46
39 84
32 4
83 45
65 64
76 28
2 7
120 12
63 87
117 76
100 16
81 21
3 23
74 89
5 79
32 94
80 48
8 16
46 94
68 82
41 12
96 29
18 6
28 91
54 41
36 59
40 20
59 91
73 29
9 3
3 15
113 61
53 4
89 9
32 76
78 73
121 8
123 67
89 26
65 92
94 96
105 56
99 43
104 49
64 72
80 77
73 67
72 36
39 38
38 78
27 11
95 31
39 53
79 65
66 80
7 9
116 51
97 78
106 12
100 24
104 33
11 11
52 33
111 86
46 18
87 59
48 90
66 15
117 31
54 18
50 54
53 73
12 3
6 80
95 47
121 49
125 78
98 67
95 99
66 49
93 32
53 11
27 29
35 15
62 56
28 44
12 14
18 84
92 41
33 49
50 89
25 43
100 83
102 9
11 19
66 59
95 33
94 13
6 16
111 80
63 78
72 42
52 62
68 21
18 43
22 93
99 78
117 80
16 20
88 45
1 79
70 98
118 35
110 46
75 24
115 77
98 24
85 13
93 16
84 60
9 52
60 42
48 83
88 80
11 56
105 90
121 57
14 57
116 60
25 8
15 14
42 65
81 75
77 19
71 82
17 43
70 27
106 69
121 80
46 23
117 96
74 78
89 5
121 18
67 33
31 11
33 81
25 42
52 79
90 75
70 19
4 74
104 40
112 76
89 58
47 88
38 23
65 28
53 9
78 24
120 78
116 60
85 49
57 57
63 16
61 85
23 73
106 80
15 96
73 52
89 61
108 90
2 1
103 40
75 43
84 64
66 53
101 34
110 31
49 26
15 84
28 94
115 57
14 16
77 93
9 95
71 60
21 40
7 55
124 53
102 91
113 49
110 55
18 94
54 73
86 69
44 44
5 14
114 9
2 80
112 89
30 53
35 64
38 76
75 49
97 95
119 13
41 37
44 14
79 75
52 91
85 49
75 61
29 48
18 87
83 41
26 62
57 2
119 94
24 37
17 19
59 88
55 65
35 64
35 4
86 65
82 45
79 86
88 61
120 55
31 7
66 53
104 51
24 32
57 2
63 26
4 12
24 12
98 12
69 61
89 69
64 99
103 56
36 33
72 11
45 1
113 49
104 57
91 10
92 88
1 24
39 4
76 67
118 51
53 80
119 60
21 93
63 24
9 44
29 83
32 41
36 66
63 98
31 73
37 78
77 57
54 91
36 84
101 83
77 7
112 76
35 98
109 68
1 93
81 59
59 49
78 12
89 55
53 37
71 7
21 56
15 94
35 45
122 86
6 100
95 29
119 79
80 85
7 88
1 88
58 78
23 13
98 32
8 6
65 28
118 79
109 79
124 6
45 33
75 49
20 49
100 86
76 14
7 84
30 28
99 22
52 96
46 50
94 86
108 86
59 22
123 23
47 61
103 77
74 85
47 80
52 14
24 74
67 53
125 43
5 55
30 93
16 70
63 35
6 3
48 62
118 45
108 70
37 30
86 55
82 20
36 81
42 43
19 68
48 49
13 84
81 56
29 57
110 69
56 76
79 84
79 1
60 15
42 52
93 95
116 79
119 79
37 12
106 53
37 13
9 34
29 68
34 41
18 11
71 14
49 55
87 11
51 7
25 46
11 34
77 55
22 95
120 47
6 62
81 35
125 47
13 59
108 3
107 27
119 23
117 79
123 3
43 96
29 70
33 44
39 96
72 56
103 70
78 59
98 40
70 22
37 16
86 97
88 100
109 73
67 19
103 10
27 18
36 83
78 52
14 32
93 87
88 53
30 60
84 77
116 57
45 39
28 83
48 75
70 96
78 1
40 53
95 5
32 26
89 16
1 10
107 19
15 10
67 83
21 73
70 4
66 63
123 72
15 74
20 98
74 3
80 12
49 24
9 91
21 92
31 19
70 22
55 47
1 47
73 59
65 29
52 99
124 4
30 20
39 34
18 57
48 1
7 3
35 52
36 31
110 92
91 24
76 48
113 70
58 17
43 91
48 68
35 26
38 18
38 12
34 7
118 32
43 52
92 68
109 13
88 38
36 89
8 55
56 70
18 14
97 61
90 94
10 81
8 64
10 100
98 54
113 39
113 83
2 69
22 95
114 60
40 49
18 35
37 75
26 72
47 5
94 51
112 56
29 44
96 11
42 94
96 47
63 17
72 88
72 70
93 14
59 18
64 42
34 13
6 1
14 98
98 9
28 33
37 99
104 30
33 1
83 26
5 18
87 93
117 52
18 39
118 41
93 1
118 80
108 46
76 92
43 57
8 66
83 77
69 70
29 24
24 99
55 32
4 19
90 72
93 46
85 69
61 2
96 26
27 40
35 24
41 22
31 54
69 80
55 100
19 43
25 69
78 23
101 55
79 82
46 62
16 86
72 77
15 74
15 87
97 12
19 21
123 59
28 84
124 80
6 51
91 91
82 86
82 19
57 72
62 7
19 61
119 96
66 14
12 24
2 46
58 5
48 2
61 27
77 65
77 4
97 58
95 35
78 38
3 39
52 81
9 34
12 55
16 67
98 36
9 17
71 40
119 53
109 59
38 90
65 25
71 4
33 65
24 41
15 70
42 75
82 28
39 19
93 51
69 5
22 61
104 28
59 60
113 21
54 54
38 100
34 32
1 91
99 9
7 70
119 31
123 61
121 61
12 15
10 8
116 17
83 16
112 34
6 86
90 90
47 16
122 59
33 21
1 84
55 90
13 40
80 62
42 97
87 40
66 90
96 39
59 62
1 58
83 52
77 21
47 26
41 31
91 36
31 58
10 71
103 98
24 4
81 27
86 93
122 2
20 85
71 31
116 100
88 28
117 91
73 89
3 51
80 5
30 79
64 98
55 18
112 6
86 92
50 76
124 41
48 59
7 96
86 26
68 100
59 67
74 12
37 67
31 51
70 63
41 41
31 40
11 54
24 28
2 80
83 95
38 55
47 64
13 86
13 68
43 55
122 65
48 64
89 23
99 79
18 31
45 26
62 18
112 44
29 37
74 72
123 53
111 68
86 24
75 18
23 94
13 24
69 62
21 15
51 27
114 54
78 30
3 55
79 89
85 21
64 23
5 54
85 69
100 30
119 85
76 74
113 25
21 18
84 84
93 86
11 28
120 86
79 70
40 50
46 66
19 19
77 88
88 92
21 4
16 84
37 11
118 14
48 27
44 15
58 81
40 33
89 64
62 68
11 24
2 29
23 76
63 13
10 23
114 10
67 83
99 3
116 99
12 83
111 32
8 42
62 92
67 89
12 68
53 19
94 28
5 67
2 11
94 8
65 4
76 85
4 97
100 10
44 94
21 68
1 36
60 34
77 48
14 70
123 77
113 97
124 87
26 96
24 35
90 52
32 12
63 12
36 32
23 31
17 61
109 29
62 21
23 89
74 47
71 39
103 32
60 71
88 17
87 99
54 30
56 54
33 72
48 59
12 23
66 26
100 87
74 58
38 4
17 80
62 35
85 34
119 40
57 27
124 43
12 76
57 24
15 65
18 74
23 51
105 60
23 2
23 45
87 3
52 3
36 32
111 92
112 67
118 27
13 73
116 21
87 91
107 46
42 22
111 76
89 19
43 16
120 19
84 38
93 99
101 66
1 33
23 89
14 6
10 83
4 39
108 64
30 59
10 25
31 33
92 43
76 57
120 29
125 6
25 64
11 74
9 11
23 22
56 11
46 5
47 63
65 15
32 55
30 7
120 72
89 90
85 7
80 8
108 89
105 66
111 2
108 50
45 76
25 48
89 20
118 81
37 90
89 39
52 93
75 48
11 100
118 72
20 88
47 77
67 60
110 98
44 79
116 90
95 65
96 97
45 72
112 48
71 56
16 40
35 34
90 57
90 53
55 49
70 80
114 19
19 92
15 56
76 61
20 33
56 36
44 23
88 39
7 75
98 59
109 31
122 16
97 12
121 13
31 76
90 58
87 73
77 95
6 16
14 81
74 85
61 43
57 24
15 82
66 23
56 88
69 87
21 99
111 65
100 45
106 56
110 49
54 36
73 42
44 99
45 12
104 30
96 70
99 82
38 33
125 15
108 70
119 29
32 15
6 72
48 20
92 75
88 92
74 100
19 41
105 83
97 43
94 38
80 90
37 50
69 88
30 62
34 3
87 43
91 67
24 21
117 69
36 83
56 13
16 79
116 14
94 95
110 25
122 83
30 71
38 89
51 59
8 86
73 10
100 85
44 72
8 42
30 89
42 9
1 16
42 3
69 66
95 69
70 54
5 65
72 28
45 51
26 78
90 79
43 17
25 65
108 32
64 76
75 74
1 20
69 32
37 77
90 33
111 38
58 98
50 29
31 18
65 60
111 50
73 37
62 67
29 7
25 22
33 60
10 44
8 7
77 59
97 86
27 15
110 25
43 97
81 85
105 50
102 57
40 89
35 66
18 26
63 78
42 49
68 78
80 43
42 59
105 12
72 9
124 34
3 50
16 28
47 49
7 3
105 33
45 71
63 36
20 90
52 2
11 70
90 3
65 78
82 80
22 98
24 57
28 63
103 9
59 78
15 31
102 17
112 91
6 85
50 67
69 83
117 100
117 70
32 34
74 32
9 21
57 83
45 43
115 57
43 81
28 25
88 54
51 2
6 51
75 88
118 13
102 81
24 86
91 58
116 58
108 23
37 24
67 87
97 42
85 61
41 17
105 23
116 41
116 59
31 68
94 60
64 38
82 13
88 13
13 89
33 86
6 33
30 62
103 69
43 10
110 48
72 20
22 42
86 13
100 37
108 32
61 38
52 61
30 14
18 21
59 98
27 2
5 49
73 6
66 94
75 49
34 54
108 29
77 93
97 48
38 51
94 83
12 34
124 11
53 91
116 68
94 87
63 54
54 95
18 46
52 37
100 46
60 57
73 67
41 78
124 44
88 25
81 39
5 85
115 56
1 46
7 98
42 99
47 28
125 24
101 86
40 81
122 85
19 13
39 59
23 17
110 3
15 20
84 52
58 11
113 59
107 28
111 80
24 28
55 86
125 74
64 49
98 25
17 34
6 93
10 12
9 77
89 39
56 75
74 65
30 39
31 5
103 46
67 56
12 67
121 98
46 82
47 42
32 93
10 20
50 74
101 6
72 3
63 89
111 10
51 29
8 8
110 71
66 17
58 21
53 32
120 51
33 1
10 81
37 85
4 58
67 75
100 31
72 40
42 32
60 91
110 12
47 94
8 3
68 42
63 31
8 52
109 45
58 13
6 34
72 1
46 7
100 80
32 33
25 3
22 20
75 64
55 83
86 40
43 22
60 60
56 76
23 61
83 72
102 17
44 39
122 29
56 24
98 13
74 15
24 10
44 78
79 68
115 16
120 70
47 36
107 89
120 12
65 92
120 54
65 88
120 6
45 69
64 87
21 63
24 47
72 86
36 23
3 19
113 41
22 12
11 62
105 8
76 95
124 31
58 56
115 15
98 18
105 88
37 84
111 37
120 27
81 20
114 11
95 35
38 99
3 93
68 80
70 20
101 46
124 89
39 92
91 65
10 82
87 79
27 16
107 32
50 58
41 93
59 19
3 14
107 15
108 61
74 96
72 38
53 92
6 92
113 72
42 67
75 59
68 68
44 67
117 84
77 73
84 40
76 58
7 91
97 87
12 100
74 73
92 31
121 68
79 39
60 77
110 49
63 76
67 50
28 38
41 60
122 33
101 7
2 100
107 23
71 72
120 2
94 81
66 63
25 83
120 79
73 19
63 16
3 41
116 12
10 66
25 71
83 27
44 79
25 50
29 63
49 43
55 3
54 80
20 9
96 61
71 9
36 92
27 1
31 37
63 76
96 97
119 60
14 20
3 26
23 13
55 21
38 99
12 82
20 44
66 13
47 74
29 26
114 4
79 29
26 40
107 95
36 9
57 6
32 23
101 49
120 30
86 50
30 28
95 46
98 96
56 87
10 4
57 44
112 9
110 27
42 69
34 35
109 51
118 52
9 21
104 67
24 100
17 9
50 25
124 26
81 45
46 40
43 7
34 82
59 38
48 83
122 3
24 46
18 69
109 50
83 73
32 78
64 67
70 89
116 28
86 51
94 33
40 18
113 10
97 92
108 28
74 90
104 20
1 32
46 30
118 94
18 90
60 84
49 98
72 78
32 49
50 44
26 66
51 95
73 9
27 94
35 56
32 40
48 76
77 70
21 53
43 17
12 86
35 19
88 48
75 19
111 45
16 97
122 25
59 85
119 20
53 9
5 46
70 17
104 95
40 80
123 81
19 18
117 1
78 23
12 59
46 82
24 22
103 48
29 93
74 98
34 25
123 2
80 50
125 83
7 18
92 77
28 62
76 61
2 89
114 35
16 4
43 5
5 97
103 81
50 71
47 66
109 99
58 49
19 1
51 15
79 74
19 66
110 93
80 88
21 75
124 73
97 31
116 100
114 20
47 98
21 39
72 15
116 13
82 66
120 7
101 19
27 1
43 81
79 55
62 64
11 51
33 75
111 49
119 53
116 21
117 11
108 29
6 95
95 3
75 50
106 100
85 21
75 11
39 9
78 77
93 91
23 68
3 56
85 50
30 86
27 100
78 36
69 92
81 53
83 23
20 27
118 88
62 76
17 65
30 6
25 32
59 25
55 55
54 83
100 54
23 47
105 5
61 22
52 54
14 60
47 29
42 23
125 75
89 33
65 44
16 83
103 41
3 83
107 28
37 56
66 98
19 45
35 66
64 87
91 60
122 11
10 61
56 84
1 60
75 48
1 97
1 22
78 92
82 45
115 80
125 97
113 36
51 92
47 94
34 18
71 96
108 20
25 45
41 54
107 95
33 53
66 64
85 21
11 87
94 25
54 52
56 26
103 95
49 62
13 31
125 86
43 32
33 85
110 59
116 94
79 6
68 44
41 83
36 16
67 23
46 54
24 77
24 63
95 11
119 35
104 6
60 39
21 34
94 4
22 91
118 2
107 99
32 6
7 57
107 14
66 7
34 57
67 44
86 91
17 63
92 98
59 25
2 21
30 83
64 67
60 65
21 84
56 13
117 43
66 3
59 57
32 56
117 71
40 37
52 45
111 62
123 10
103 100
88 27
111 28
65 23
79 4
41 21
42 69
21 46
83 82
54 55
97 43
66 79
77 90
21 13
110 27
96 55
49 48
7 15
88 53
34 66
59 2
9 52
67 58
4 3
123 74
96 54
107 96
68 45
100 84
100 50
58 46
97 86
121 87
37 89
37 42
6 38
14 86
43 72
11 92
15 60
125 97
33 54
77 3
74 98
16 67
23 10
90 43
47 74
112 64
77 36
12 34
79 78
17 40
84 99
77 51
117 26
38 85
32 1
99 6
43 55
92 42
98 23
17 51
118 52
77 20
117 49
76 33
9 2
71 51
15 48
115 40
74 51
16 55
74 59
31 9
20 33
6 96
15 80
42 68
94 59
67 65
78 95
27 5
4 22
100 47
27 19
11 5
36 73
79 16
33 77
73 39
93 60
24 94
107 33
16 36
74 92
10 96
10 28
37 75
98 41
102 25
123 48
3 69
85 9
99 39
98 42
56 58
78 42
19 56
124 27
107 22
106 97
82 34
87 10
67 9
17 30
87 22
26 89
68 76
113 3
53 20
22 58
104 29
110 69
49 54
14 8
17 8
61 5
11 24
100 28
71 78
41 37
49 31
2 42
41 76
13 35
29 55
88 86
43 55
108 74
106 82
117 63
37 46
109 19
69 67
68 92
88 5
87 95
4 41
19 85
115 91
117 2
74 53
47 18
80 97
62 9
69 46
11 61
15 20
10 12
20 31
85 68
112 26
66 66
85 81
77 55
55 72
117 4
103 61
105 93
121 45
20 53
83 18
59 76
36 13
54 78
14 34
112 23
81 66
1 17
21 29
85 91
4 37
60 43
79 63
77 8
54 59
73 59
44 24
106 67
73 25
106 90
61 7
71 26
56 57
61 86
42 39
88 70
2 50
4 70
108 84
102 29
110 18
84 13
72 81
107 63
62 6
74 47
96 60
57 21
4 67
66 67
24 87
15 14
66 66
64 42
19 41
16 98
111 53
114 31
76 19
53 69
63 5
94 78
14 47
91 1
23 55
120 29
75 36
28 95
70 51
27 42
30 28
7 44
41 90
119 2
46 85
108 89
70 18
41 29
116 96
34 2
94 44
79 82
123 69
123 74
117 70
90 53
12 39
80 61
91 8
37 91
84 40
43 3
13 57
101 49
57 20
90 90
91 75
13 78
40 69
59 71
14 28
66 74
118 23
88 10
45 17
118 19
58 63
125 15
23 64
56 98
7 10
102 82
60 32
122 5
35 24
31 56
102 72
73 6
41 50
102 58
96 17
60 21
42 61
56 64
34 96
7 92
9 100
54 58
37 8
91 61
88 74
100 73
124 56
106 71
38 15
107 92
38 7
102 2
55 76
90 10
48 73
125 78
45 20
40 6
118 5
8 37
68 44
87 25
106 89
40 78
91 78
20 60
59 11
3 88
82 48
116 80
104 57
74 22
117 23
24 76
65 1
51 41
63 89
81 80
39 3
27 63
94 96
55 51
83 80
68 18
11 63
125 82
18 92
28 100
50 90
33 75
16 62
120 9
98 6
8 35
4 82
66 62
109 77
82 68
36 4
38 81
93 19
24 70
121 29
71 39
119 70
101 11
37 73
104 21
117 6
32 23
33 14
89 53
75 7
68 29
4 22
120 16
23 60
107 9
67 22
52 76
74 65
117 26
39 30
86 83
7 10
2 89
24 16
40 33
54 7
95 15
13 74
76 32
74 86
106 21
91 52
30 81
91 69
37 21
31 60
112 54
121 96
39 11
57 76
7 44
97 67
70 26
93 53
48 53
76 85
122 29
89 36
36 27
119 8
2 96
40 59
10 87
117 25
34 12
89 45
49 29
104 39
76 84
83 25
108 55
43 45
22 37
44 65
114 37
40 48
93 50
64 13
56 72
123 32
37 56
119 41
84 62
77 60
92 36
55 91
75 76
90 39
110 84
63 31
105 28
46 11
58 36
34 10
47 94
87 30
23 50
8 98
104 50
57 13
3 75
25 38
113 49
45 48
57 57
111 49
6 30
59 82
38 20
75 78
45 73
96 5
100 53
30 58
47 44
94 60
117 31
38 95
33 48
117 52
41 76
100 67
38 29
92 78
56 94
19 46
13 67
19 100
74 74
32 54
117 19
94 31
105 48
55 81
83 70
38 22
81 86
20 72
65 1
1 56
77 5
98 76
58 96
80 84
3 33
58 75
4 64
91 87
4 92
20 40
32 36
37 36
95 71
94 67
83 82
12 99
52 66
93 81
108 25
30 98
82 45
93 61
106 58
67 42
48 82
45 55
95 5
1 58
53 78
107 97
118 28
7 18
99 69
98 83
119 15
1 4
22 99
112 22
31 16
118 52
50 30
35 7
62 48
120 92
18 9
110 55
51 62
65 91
48 57
121 96
106 14
119 87
8 34
24 37
12 52
55 22
73 29
123 64
115 4
89 46
48 12
60 19
9 94
42 50
85 22
81 80
5 63
37 56
97 10
96 3
17 54
86 62
93 37
32 85
69 11
120 36
98 24
72 57
54 86
84 85
4 80
66 18
110 75
24 9
15 94
75 54
17 16
25 42
3 18
92 57
36 5
58 30
87 59
100 60
10 32
110 24
47 82
42 59
123 17
74 30
78 31
99 7
107 23
101 33
71 98
63 54
85 68
101 65
115 41
14 20
52 39
61 8
18 64
110 4
26 9
92 28
57 5
69 41
118 71
118 18
45 16
81 41
84 84
18 87
44 35
72 89
66 94
71 58
91 53
103 6
89 71
121 83
47 7
71 56
65 42
74 90
76 36
42 7
49 42
48 74
18 34
72 14
14 97
18 89
105 94
7 30
110 86
76 33
95 48
113 75
124 40
49 93
60 56
91 11
14 22
46 31
64 54
89 18
43 82
102 71
106 63
120 31
52 71
121 17
43 2
102 14
44 28
107 27
8 27
6 47
116 78
49 98
116 9
30 52
60 56
31 23
36 31
9 24
31 25
49 95
95 11
41 81
91 43
19 58
125 65
65 90
58 86
106 73
96 60
99 34
17 16
96 5
53 67
117 5
94 41
118 21
65 28
8 58
89 19
91 64
6 52
100 9
34 82
22 51
41 15
92 75
5 9
64 100
36 66
93 35
5 51
60 47
76 91
114 23
124 70
102 8
116 17
53 73
77 70
120 56
14 11
96 79
89 42
102 92
95 22
71 43
110 26
32 3
73 41
50 77
14 95
34 71
123 85
101 50
86 24
124 98
72 67
120 35
61 40
15 50
19 6
34 94
20 16
88 9
21 44
19 77
24 23
45 13
58 18
88 37
22 83
115 23
81 30
75 29
14 77
81 6
104 36
121 100
59 73
80 91
120 55
30 17
87 63
53 90
98 66
99 76
57 51
104 72
51 56
79 39
27 1
56 46
54 89
66 57
73 92
71 8
90 73
121 70
105 50
93 23
85 99
61 75
76 28
74 16
92 56
68 63
76 37
62 96
103 49
57 52
31 80
59 83
111 88
82 27
125 2
114 39
59 55
9 53
66 32
77 73
44 30
62 67
91 82
113 34
35 55
60 88
62 3
12 77
92 66
78 14
73 92
85 77
9 81
36 54
81 99
13 55
