126
9 34
3 25
24 60
2 20
21 100
17 62
4 42
11 89
1 14
8 83
5 46
18 10
22 84
19 13
23 2
25 42
18 12
21 4
23 68
14 44
6 57
22 80
5 67
13 41
20 73
3 2
16 28
15 47
13 55
21 49
4 57
19 91
17 98
9 89
16 56
16 32
6 17
4 76
3 51
25 89
10 34
22 28
10 75
23 4
8 76
5 86
4 48
5 19
24 55
21 3
7 18
20 94
10 26
13 48
19 60
23 32
18 34
17 85
11 29
6 88
4 72
16 21
20 14
6 52
13 35
24 3
18 27
19 93
16 81
2 24
11 92
17 21
12 79
7 88
14 59
18 73
1 3
22 59
10 19
4 25
18 23
3 2
5 68
3 77
25 6
12 12
23 33
7 31
13 15
1 57
2 90
1 39
7 91
13 99
20 5
13 70
7 50
14 83
8 10
19 74
6 85
3 64
19 3
23 46
10 45
5 41
6 10
3 72
12 32
10 85
22 62
15 26
13 77
16 42
15 89
18 23
13 8
9 11
13 90
10 10
18 17
5 24
5 60
7 8
1 18
18 33
21 52
2 5
15 88
9 41
19 86
17 86
6 97
3 64
19 78
23 45
14 91
11 45
3 98
23 5
11 61
9 80
6 45
14 27
11 49
18 90
2 31
2 14
10 60
1 22
17 56
9 62
10 21
8 3
8 42
4 50
15 19
13 10
16 90
23 19
12 11
24 96
7 96
11 62
22 67
3 72
25 74
24 19
4 87
15 97
23 61
2 17
1 96
3 71
15 51
6 13
9 66
19 18
2 76
3 26
18 58
13 72
22 51
5 28
13 69
17 38
2 71
6 65
21 2
16 92
8 10
11 63
3 69
22 42
19 64
9 74
4 63
6 4
8 29
1 14
24 8
12 26
12 57
4 26
9 19
5 98
24 91
1 51
22 36
7 82
8 66
16 48
17 17
10 62
15 54
16 15
12 89
23 6
11 86
11 90
12 53
9 4
6 38
23 50
14 19
9 91
24 6
25 86
10 86
15 65
13 6
2 34
11 53
20 30
6 38
14 82
6 20
23 40
11 75
25 20
24 36
3 24
8 15
10 74
7 86
20 87
17 96
2 24
20 12
12 10
4 6
23 44
20 66
23 34
3 43
25 70
7 69
25 13
2 35
17 12
20 65
21 86
24 18
17 94
2 40
17 46
11 63
18 21
6 23
19 33
13 83
12 85
8 44
13 73
21 75
5 3
17 31
7 100
16 34
15 79
12 11
20 38
8 10
11 78
11 67
14 91
20 72
18 33
8 20
19 87
17 2
9 60
18 97
14 60
4 79
25 80
13 5
6 68
20 93
8 24
20 39
21 64
6 55
5 40
8 56
12 53
24 95
2 2
24 5
2 21
6 46
23 35
10 76
18 73
9 27
6 70
4 78
17 78
11 3
21 93
2 94
16 33
19 27
23 99
12 7
22 76
10 45
20 54
2 34
11 47
19 89
24 78
25 79
20 67
8 95
17 50
22 29
25 27
10 3
6 56
24 36
13 86
23 47
19 40
17 34
14 90
3 15
5 25
2 90
11 5
24 4
24 91
5 3
1 44
8 18
13 19
10 75
5 38
1 31
8 66
19 11
5 81
14 76
17 99
1 26
16 64
17 42
21 38
9 16
14 92
11 41
10 88
2 19
24 51
16 95
2 88
1 96
18 100
9 29
18 18
25 10
17 86
11 10
11 20
21 28
12 73
18 96
1 92
10 53
10 12
11 75
24 66
22 72
12 96
16 18
9 19
16 32
10 27
15 6
18 60
16 86
21 95
4 90
6 4
18 72
14 66
9 1
11 10
10 73
17 16
4 2
21 53
10 90
2 43
25 83
11 89
25 90
9 49
12 77
1 48
7 28
11 39
11 17
16 54
10 73
18 7
16 33
2 85
4 87
17 74
16 53
21 92
21 5
4 56
15 85
3 87
13 88
1 36
10 94
14 67
9 33
18 72
18 77
14 74
25 75
12 42
3 16
24 71
7 66
9 88
19 83
18 26
1 21
3 31
14 18
9 71
4 54
23 45
23 68
3 63
17 67
8 12
1 45
19 14
12 66
1 91
4 79
8 72
11 56
3 21
24 51
1 83
19 87
19 99
14 45
5 80
15 12
24 7
5 54
2 52
7 53
5 63
6 88
5 90
6 61
11 12
14 73
6 97
6 91
7 66
18 14
9 58
19 80
24 92
6 20
3 44
18 30
1 77
23 99
8 60
2 45
21 14
19 52
8 44
4 90
7 85
22 32
20 31
15 88
6 36
25 21
8 7
8 88
10 29
14 4
1 86
2 18
12 89
19 66
6 97
25 66
9 71
5 30
7 83
3 13
11 55
12 11
12 2
23 100
25 41
24 53
18 34
17 50
10 60
14 100
2 34
20 1
17 90
19 63
2 79
25 43
12 36
4 17
18 86
23 6
2 57
5 14
3 90
5 4
2 69
1 39
8 60
19 96
16 92
25 87
11 44
11 72
3 25
3 60
11 70
1 99
12 96
8 93
22 44
24 97
25 11
15 18
6 77
18 43
5 24
7 18
2 84
3 51
18 36
25 45
19 32
6 24
16 72
18 42
18 75
9 20
23 45
21 83
21 65
10 14
25 14
24 67
3 30
7 88
7 66
22 65
24 57
12 59
9 1
20 97
5 13
15 46
16 75
13 58
5 77
17 26
4 76
20 40
21 75
21 31
21 58
23 82
2 33
8 44
14 47
17 58
18 51
6 79
1 96
25 17
8 87
14 98
24 77
20 82
23 59
19 6
19 97
25 75
20 27
15 55
24 5
7 21
14 18
15 13
7 1
7 77
20 62
24 57
16 67
21 84
12 75
4 94
22 52
21 33
6 44
20 20
1 21
11 74
9 22
8 91
9 79
1 52
7 11
13 83
19 89
1 85
2 51
19 1
21 77
4 17
20 41
18 16
4 23
8 42
18 13
11 13
11 54
21 63
24 81
6 60
18 5
21 39
9 64
25 21
8 67
5 68
21 60
4 80
4 13
21 53
10 66
24 85
14 27
15 35
24 21
18 55
17 12
14 16
23 9
4 15
2 90
1 69
10 71
20 75
1 73
11 73
8 37
9 38
18 81
5 74
12 55
21 80
21 61
16 100
15 2
9 98
24 33
11 37
16 7
9 23
7 78
21 49
8 48
4 79
5 15
16 56
5 11
5 15
10 49
22 97
6 69
8 59
9 69
15 35
4 71
10 82
6 88
16 59
7 86
18 30
21 6
11 30
15 31
14 46
19 71
7 76
17 13
21 5
21 44
4 19
6 17
19 59
16 30
2 6
24 11
22 72
18 76
1 8
10 20
20 74
16 87
7 89
24 61
14 5
23 34
25 23
16 21
19 12
25 87
12 56
22 53
20 48
10 90
6 31
2 87
13 31
6 14
16 99
9 18
15 40
25 35
20 2
22 40
23 68
9 74
18 65
9 58
11 23
6 64
19 75
13 61
19 1
18 43
3 52
16 91
8 19
22 93
21 72
25 5
11 1
12 15
7 73
6 19
22 50
10 80
8 65
8 31
14 24
24 88
5 23
18 90
4 73
5 73
11 30
23 11
3 75
13 30
10 97
6 2
24 96
5 58
1 13
15 60
25 19
10 94
9 86
5 20
11 95
4 76
1 98
17 88
3 43
3 73
25 32
5 77
20 75
15 52
10 18
15 17
25 96
3 74
20 26
10 20
10 64
5 47
21 47
6 85
5 73
1 16
7 100
5 10
23 30
24 8
5 71
6 47
2 46
18 86
9 46
18 41
21 26
22 77
24 30
2 30
5 39
4 82
24 74
7 51
1 47
12 91
21 86
13 50
25 81
20 27
18 59
24 86
19 95
7 97
18 97
15 42
2 61
5 40
5 7
21 20
19 57
1 3
23 88
18 85
4 22
19 21
13 49
4 13
23 33
1 28
4 8
8 74
16 91
20 56
6 94
5 66
25 10
15 91
12 45
19 99
12 30
14 54
23 45
11 78
11 93
12 79
22 98
24 35
25 83
3 32
10 12
24 43
17 74
8 23
23 73
19 53
14 20
9 33
7 46
20 85
9 96
18 78
12 43
23 24
8 12
1 22
8 20
18 80
16 16
15 41
21 27
3 4
11 83
5 73
14 61
25 98
10 41
18 29
5 6
9 100
12 62
7 62
20 44
9 87
20 42
4 83
1 59
14 11
16 20
3 71
13 90
25 74
8 55
4 94
24 44
15 26
18 80
12 67
22 85
1 84
4 21
10 18
6 54
20 60
12 42
13 88
7 14
7 84
20 12
9 60
4 20
9 83
6 90
23 19
14 40
9 52
17 20
18 9
25 55
25 22
19 7
10 36
8 99
2 69
25 77
8 69
7 68
24 99
10 31
19 14
4 4
10 83
10 100
17 81
9 72
2 64
4 78
13 62
23 27
19 81
5 100
20 73
14 59
8 21
18 71
6 68
13 10
11 96
4 61
2 45
15 50
19 42
25 69
23 79
16 89
15 24
18 26
3 44
3 70
1 74
17 53
8 60
2 17
22 49
7 5
10 71
5 96
19 16
4 75
19 5
1 76
23 26
8 6
24 64
17 85
1 93
4 58
25 63
17 15
22 45
1 33
22 50
25 90
4 94
11 84
3 61
6 54
14 9
8 52
10 47
4 99
22 59
12 63
15 60
2 49
16 76
17 81
15 40
14 46
16 94
18 98
12 12
12 22
1 58
19 25
21 10
12 9
3 72
6 88
23 59
22 16
17 93
10 88
20 75
1 84
12 5
1 89
14 42
17 68
23 38
25 45
17 99
18 67
12 24
13 60
10 28
19 86
2 97
6 79
7 46
3 75
25 93
18 60
11 49
17 47
1 80
11 42
13 69
14 24
1 30
22 99
8 78
11 55
17 71
20 71
3 53
8 73
22 48
5 29
7 56
6 51
13 38
21 73
16 13
24 84
20 28
19 28
8 12
8 45
11 81
5 88
9 91
13 54
22 55
11 18
17 62
6 96
10 79
25 51
9 36
16 27
7 51
9 85
10 10
15 29
9 93
25 59
2 48
6 95
12 32
21 60
12 93
20 54
11 39
15 62
5 19
5 23
3 53
17 11
1 40
4 54
13 71
11 93
10 81
16 13
11 24
24 12
2 2
17 52
11 61
13 57
23 94
16 71
22 7
18 45
16 27
11 69
7 66
10 24
10 6
11 85
24 70
16 92
1 12
2 38
4 53
11 35
16 97
10 6
23 80
2 65
21 34
7 59
6 9
1 77
2 47
11 64
8 2
20 1
4 38
9 23
10 99
18 60
3 96
1 68
17 85
25 89
7 96
5 93
5 24
4 59
7 98
2 6
6 6
3 7
1 36
7 55
8 49
10 51
3 46
22 13
7 27
11 100
22 85
11 55
6 88
7 96
18 99
10 55
8 2
20 87
9 64
2 95
2 13
15 31
21 74
14 69
6 24
15 39
22 97
25 99
20 62
8 65
16 96
2 40
10 73
6 99
17 41
1 18
20 34
22 19
17 90
24 74
18 25
10 9
22 54
20 88
3 18
14 65
9 17
1 75
23 53
10 40
24 43
22 50
21 47
13 39
5 79
13 70
17 33
19 96
17 76
3 53
12 87
2 21
22 60
16 57
25 12
10 27
25 54
10 1
8 43
3 27
3 63
23 26
20 70
9 98
9 6
13 83
11 73
16 17
4 24
17 59
4 60
25 41
4 49
19 36
16 93
4 91
3 16
19 81
21 5
16 85
19 70
9 59
9 90
17 59
12 67
4 97
19 93
20 65
21 11
1 42
3 91
11 33
23 80
23 72
2 19
6 62
13 73
17 88
17 46
11 47
1 25
7 1
17 71
25 5
3 18
13 2
7 53
18 37
1 35
25 79
4 58
7 91
14 30
23 32
23 75
12 38
1 71
13 24
17 19
2 48
18 72
12 72
21 27
9 12
16 22
14 19
12 98
17 16
15 61
17 63
6 64
15 42
5 16
2 22
3 47
14 28
16 27
24 24
17 35
12 85
24 26
18 29
18 97
2 49
19 31
23 51
1 47
10 75
18 3
5 15
12 3
15 92
21 24
21 63
6 53
23 57
14 28
20 65
3 80
2 5
13 60
6 8
12 25
10 66
16 7
17 96
17 40
25 24
25 33
22 4
5 55
6 78
10 48
1 21
2 60
11 48
1 44
2 69
1 6
20 63
8 96
20 57
3 54
8 32
6 4
13 1
24 38
16 48
25 17
3 60
4 65
10 46
14 54
7 48
19 27
24 41
5 56
21 44
16 13
8 35
19 47
25 18
7 39
24 46
4 30
9 57
21 32
14 33
3 35
4 35
11 28
14 59
11 68
14 48
1 16
1 68
18 68
19 68
2 81
19 86
19 42
9 49
9 66
16 17
3 76
21 37
12 79
13 26
13 8
22 20
15 2
19 22
7 72
17 96
2 27
19 87
10 44
7 94
16 16
21 78
24 69
5 78
6 78
18 78
17 66
7 77
18 36
16 56
15 70
4 79
19 69
19 61
25 61
4 9
17 89
24 32
2 69
24 83
17 77
2 20
24 88
10 52
17 97
17 39
14 64
17 63
13 51
25 4
16 76
4 40
11 21
19 52
18 96
20 2
17 37
17 7
13 78
16 16
15 89
25 4
12 83
12 41
21 37
3 4
22 40
15 31
15 16
12 34
20 4
25 10
9 2
11 96
2 42
7 94
10 89
15 69
21 51
15 79
24 92
17 85
16 67
25 63
6 26
2 55
11 46
12 98
5 62
11 83
6 72
4 37
5 97
3 81
7 26
14 27
5 59
11 83
10 33
4 14
25 45
18 69
25 42
24 10
14 3
8 98
6 15
9 85
23 52
23 33
6 80
22 99
17 36
22 47
24 42
17 41
4 17
11 36
11 21
11 88
20 2
19 99
22 41
10 14
13 10
12 89
16 13
2 10
14 25
18 43
25 25
7 60
7 14
9 23
21 41
14 81
9 10
4 73
24 61
24 29
23 50
16 28
3 58
22 5
8 41
22 14
1 5
3 45
7 73
7 41
21 64
16 95
25 73
3 34
17 81
20 7
17 94
20 64
12 8
7 85
9 57
15 20
13 86
20 80
11 41
6 96
25 17
20 51
16 10
1 72
14 1
8 10
7 9
25 24
20 28
4 85
1 26
15 85
23 37
14 72
8 2
21 68
6 77
3 57
17 66
4 16
18 3
23 25
6 76
10 29
17 52
11 35
19 6
9 85
2 72
17 79
22 11
17 45
13 92
1 84
12 62
18 37
18 32
23 8
1 5
23 61
24 40
2 21
2 94
24 5
7 73
11 11
20 14
6 74
15 18
8 31
3 30
6 21
15 19
22 28
17 10
4 61
14 84
6 68
12 47
17 3
5 68
4 48
11 42
20 36
2 31
18 75
23 90
24 7
3 98
11 64
22 77
24 81
6 71
17 29
2 24
16 18
17 99
3 31
6 64
24 100
25 12
4 9
20 31
25 39
13 66
20 65
4 76
19 97
2 68
5 69
1 94
16 98
22 26
18 28
19 78
13 16
19 30
1 87
12 89
5 87
5 22
23 23
7 98
8 41
3 5
13 96
10 55
6 96
5 10
7 16
17 51
20 40
23 7
17 54
17 60
15 51
15 36
18 80
19 78
16 61
18 90
14 45
20 14
16 32
12 11
9 45
8 57
10 39
23 68
23 28
6 78
2 42
4 13
18 41
18 96
12 99
13 47
18 9
12 39
1 25
8 63
9 21
22 94
22 86
6 32
8 17
13 46
25 15
10 23
5 46
10 18
8 78
8 26
7 31
15 24
23 13
1 71
5 42
20 33
15 46
7 99
8 25
17 19
10 68
25 19
7 13
24 26
10 9
10 46
16 28
12 8
14 73
21 54
12 55
2 55
10 91
3 27
13 35
16 67
8 87
21 8
12 21
15 41
12 64
21 67
4 86
18 60
19 85
10 74
13 42
10 79
25 63
23 47
9 23
16 81
9 95
23 33
18 63
10 21
24 92
1 70
11 27
10 40
6 85
12 60
10 20
11 23
22 15
3 44
22 63
4 27
24 65
6 80
6 32
18 29
2 97
23 12
20 87
11 87
2 47
17 41
5 77
2 45
9 51
23 6
16 4
3 77
23 97
4 40
18 94
1 64
8 48
25 18
11 9
17 65
25 39
4 58
10 86
19 67
7 90
5 2
24 55
4 87
18 11
7 4
12 68
25 57
15 15
13 90
2 95
4 35
3 7
22 74
5 48
22 59
10 100
16 57
11 80
15 12
10 3
11 78
4 8
15 38
17 43
17 7
19 26
4 82
20 98
10 92
5 4
7 4
19 33
15 60
1 31
22 34
14 59
16 78
11 13
15 77
1 72
17 36
9 12
25 82
14 41
13 32
23 53
22 90
10 23
20 91
13 7
3 90
8 26
1 1
2 84
3 56
22 59
14 63
11 29
9 74
2 84
10 20
10 56
13 18
10 5
2 59
9 53
1 68
13 12
21 15
1 33
19 10
6 66
11 5
19 63
16 17
9 41
10 74
24 13
22 70
13 95
15 54
21 33
7 57
20 93
17 91
3 26
7 30
9 71
16 95
17 93
4 80
13 47
5 13
5 10
12 57
14 93
6 94
11 30
11 60
22 49
1 89
11 69
6 25
9 63
4 35
8 43
3 6
3 67
20 30
21 45
24 52
12 33
11 19
5 57
7 76
10 31
20 40
1 86
15 68
24 54
21 39
21 76
16 86
22 93
7 33
12 42
22 15
4 100
13 73
16 6
11 11
6 46
18 83
10 86
9 40
16 22
18 82
9 26
22 27
9 48
21 83
3 10
20 71
11 44
10 11
14 30
9 50
24 29
18 87
12 56
19 95
5 89
22 27
21 22
20 20
11 7
3 57
18 44
7 96
12 80
24 2
19 24
9 13
11 3
16 81
19 49
17 26
18 26
21 29
18 60
16 90
23 15
8 24
1 93
15 42
8 59
16 80
8 24
12 15
24 29
16 66
10 92
7 76
21 84
14 96
14 32
24 3
16 10
4 89
22 21
25 83
21 17
22 42
15 70
16 100
2 31
13 28
25 97
10 41
24 18
25 7
7 26
16 100
10 62
13 81
7 98
18 33
15 74
11 66
20 54
18 32
15 35
25 47
17 29
23 91
10 67
15 2
3 18
5 26
8 46
5 67
2 61
3 60
25 85
1 86
8 42
3 11
14 67
10 42
7 51
8 85
21 85
5 92
18 49
17 71
13 40
18 99
4 79
10 68
9 70
1 66
5 39
10 11
20 70
23 47
23 88
12 96
5 54
5 59
9 92
4 91
9 64
15 22
14 9
25 1
17 40
13 34
11 35
2 59
5 71
5 52
15 92
3 6
3 80
1 57
3 80
24 70
18 100
3 17
11 64
25 64
3 75
21 76
17 94
2 82
6 24
6 86
16 45
13 26
17 77
25 40
10 9
17 37
16 17
21 61
18 17
18 84
12 2
21 80
23 36
17 83
13 51
25 49
19 3
6 80
6 59
12 73
25 85
13 21
10 16
19 38
18 84
16 44
16 16
4 28
19 83
23 21
6 15
9 58
13 41
9 25
25 30
21 4
16 85
23 29
17 50
22 33
21 5
17 20
21 21
6 50
16 81
3 48
9 85
11 26
14 20
11 4
17 68
8 89
10 72
24 33
15 35
12 95
23 3
8 90
22 18
19 40
22 2
24 41
4 71
6 91
15 53
24 95
14 55
16 48
11 67
11 7
24 20
1 19
17 80
20 31
20 88
7 58
12 98
13 41
11 48
18 58
22 45
5 79
12 99
16 46
19 20
12 46
16 2
17 78
12 58
18 98
24 46
22 99
13 59
23 5
20 75
1 4
14 97
18 80
18 73
14 88
21 15
9 1
4 5
20 11
1 64
19 11
2 74
21 16
10 94
18 85
5 49
14 5
11 98
9 36
21 4
22 49
10 58
14 86
11 5
8 80
4 9
9 76
22 88
16 24
17 9
25 34
17 91
4 39
9 67
14 61
4 95
18 93
24 39
8 56
25 13
2 32
12 21
1 35
11 58
8 57
11 6
10 82
1 21
17 21
14 10
9 24
16 60
22 27
2 85
16 51
18 97
20 43
14 33
1 86
9 53
21 56
4 64
18 56
12 72
14 34
20 84
8 23
9 11
9 95
13 89
17 32
1 77
1 38
20 28
24 45
14 90
4 23
10 19
8 4
4 19
19 21
24 92
15 80
16 100
12 24
25 84
9 9
13 68
10 76
17 82
19 67
5 20
2 57
8 87
5 20
13 6
16 66
7 75
1 99
18 67
1 28
23 58
11 25
17 88
17 83
3 75
3 66
12 34
6 13
6 65
6 80
10 80
2 13
16 37
20 5
11 74
15 36
11 30
17 13
13 85
14 61
17 64
5 24
2 49
4 57
22 21
6 6
3 55
13 81
10 36
3 53
8 31
14 17
12 92
23 71
22 62
2 15
7 32
21 46
24 88
4 38
2 27
18 7
16 95
1 72
10 76
5 45
1 26
7 60
23 3
19 37
20 28
23 6
20 16
19 32
21 71
8 52
16 20
14 10
15 46
10 74
24 16
25 31
5 36
13 33
11 30
2 93
25 3
18 91
12 26
5 95
22 2
18 30
12 21
1 89
19 80
23 9
10 92
10 87
18 12
3 9
25 30
23 3
18 29
16 17
17 62
13 56
1 82
23 11
12 2
12 16
14 94
3 100
6 15
25 12
17 17
18 15
23 29
3 30
10 31
7 76
18 35
21 40
2 91
23 97
3 91
7 17
6 65
22 75
7 61
17 20
25 89
3 46
5 11
11 65
12 47
16 64
17 30
13 39
9 17
19 38
15 79
23 91
18 81
23 14
13 12
25 97
14 35
3 84
4 36
21 25
19 90
21 60
17 27
6 49
8 84
7 41
8 20
19 96
23 87
19 78
11 2
10 52
15 58
25 31
6 32
19 90
21 5
19 44
21 31
22 1
15 17
19 83
8 27
10 24
9 18
1 67
5 57
3 41
16 4
12 18
6 16
10 53
22 61
4 89
17 46
12 95
15 66
1 74
8 66
1 30
16 85
3 64
13 67
19 86
25 82
16 74
18 2
20 6
16 5
12 60
12 64
12 21
5 5
3 21
15 16
8 31
4 68
17 47
2 96
9 75
13 15
13 98
20 97
4 24
1 77
11 59
11 97
2 66
6 13
2 43
5 66
24 67
10 23
1 46
22 20
7 3
24 99
12 1
10 35
9 95
21 4
4 94
14 83
15 70
3 46
8 66
15 32
19 93
25 59
7 15
15 41
19 77
21 42
1 9
15 81
8 5
16 27
21 96
25 87
19 22
22 98
11 82
11 29
5 31
14 89
10 61
4 51
14 98
14 58
14 36
23 22
9 17
20 43
13 58
19 35
1 92
8 49
19 76
23 66
21 90
10 46
19 97
4 75
19 65
19 73
25 82
1 56
11 28
8 71
7 64
24 69
11 82
10 3
2 47
10 54
11 78
23 4
8 8
20 27
19 26
22 48
5 44
