4933
620 64
221 9
684 82
424 7
807 39
760 44
166 75
770 14
307 87
718 3
542 68
840 54
121 58
79 6
102 96
401 23
497 15
986 13
423 82
35 16
975 40
171 98
248 61
203 80
686 46
960 57
744 61
516 33
414 1
654 96
1 46
211 76
610 20
37 84
195 53
863 88
249 80
671 11
255 19
430 63
420 84
937 72
422 89
422 58
837 6
921 63
296 45
898 57
111 17
557 61
461 28
20 67
863 40
97 55
180 35
326 77
939 41
717 42
22 59
71 76
252 61
678 30
290 30
324 22
342 79
302 37
932 11
675 95
707 15
877 39
745 11
556 30
385 30
876 49
195 55
420 15
547 8
599 19
885 98
621 28
889 40
196 8
711 28
737 23
365 21
403 85
970 31
24 78
214 52
197 62
386 55
748 98
790 55
281 73
100 54
215 99
794 48
445 1
9 77
544 68
601 55
225 17
54 46
7 92
197 50
766 63
544 8
772 10
813 8
517 17
852 62
105 7
735 76
934 86
672 42
163 35
598 28
746 54
960 77
586 25
791 55
12 26
204 6
536 74
758 75
481 96
757 100
643 12
514 92
14 39
481 91
72 40
959 35
654 67
885 53
790 52
428 33
294 46
553 39
657 41
125 38
450 95
861 61
958 59
470 10
472 45
572 100
422 32
731 43
148 19
708 51
217 27
598 86
27 60
276 98
686 1
7 78
217 91
136 38
592 71
530 24
735 74
39 8
202 22
47 16
306 68
986 17
381 30
274 68
416 7
532 37
537 68
393 31
162 6
257 61
357 61
464 95
831 93
235 71
253 84
729 21
601 86
519 98
400 92
740 73
92 59
381 81
419 65
511 17
327 63
474 39
823 91
289 66
468 99
139 65
360 17
766 87
744 85
580 95
303 85
846 50
681 28
560 25
370 17
356 5
949 9
919 23
409 63
660 69
602 36
352 32
803 89
371 63
601 80
242 41
12 92
812 38
544 97
797 45
599 75
344 78
900 64
750 68
73 22
184 64
415 65
337 57
47 81
343 1
829 46
63 73
193 1
408 17
947 16
217 45
547 79
322 41
455 20
41 82
387 12
668 25
826 84
809 53
92 47
511 74
219 83
320 43
180 74
785 84
824 85
82 37
279 19
231 24
201 21
259 34
909 97
941 35
774 44
663 2
44 47
31 20
775 82
87 80
480 50
616 77
113 94
896 16
580 28
310 6
961 36
515 80
689 84
505 37
950 64
656 61
336 59
214 30
839 52
175 92
832 68
873 26
415 6
471 73
481 20
287 27
976 37
304 37
754 96
834 50
596 14
295 21
203 55
692 16
951 6
508 30
872 68
672 41
673 20
518 30
94 76
40 82
34 34
324 93
676 52
236 8
969 85
370 84
842 7
391 38
497 58
898 64
938 80
964 25
65 65
964 67
623 80
127 19
330 28
943 72
221 52
415 62
130 32
459 31
866 37
212 42
661 39
713 44
957 72
593 19
9 16
893 88
793 29
796 36
900 79
437 42
354 21
270 86
377 81
836 63
212 82
585 46
763 89
450 5
307 63
167 53
72 16
596 49
582 99
64 31
452 2
490 42
2 36
537 42
302 26
442 95
881 54
334 37
30 18
263 1
927 13
940 45
606 33
727 91
889 94
291 37
847 19
348 27
897 13
569 37
909 95
35 66
770 62
148 43
352 2
861 40
198 10
376 37
70 36
252 89
185 9
458 76
495 4
199 29
770 71
307 64
233 29
696 57
356 29
466 73
13 39
530 56
982 14
478 54
257 33
153 19
812 57
39 54
710 65
376 92
501 5
53 68
120 91
209 6
400 44
566 94
476 30
176 11
530 21
205 26
553 97
216 80
121 44
853 67
764 38
872 18
156 85
20 70
603 25
529 39
499 40
405 70
225 52
936 29
252 23
499 94
709 59
694 15
476 93
596 55
455 99
80 59
670 90
521 19
485 56
703 45
896 19
618 13
742 86
557 2
470 7
119 90
158 88
461 33
159 92
959 2
264 28
952 55
662 82
370 7
696 99
884 25
166 15
261 53
189 7
549 96
479 80
437 80
197 96
237 45
353 76
599 39
469 66
840 55
4 79
633 5
183 71
365 94
797 95
710 59
408 48
510 22
652 68
251 49
483 86
972 94
287 25
95 39
63 98
227 95
718 36
384 41
871 47
219 82
582 92
131 89
384 29
956 53
577 20
7 41
555 75
214 52
575 14
634 86
252 88
404 63
89 33
110 24
251 43
195 25
348 41
340 86
716 53
412 14
16 11
115 98
154 94
326 56
119 82
66 65
333 27
977 64
162 100
849 99
436 88
168 40
493 28
43 3
939 23
886 72
695 35
606 38
245 75
72 10
53 11
242 73
76 51
558 90
692 35
649 32
598 44
987 23
176 23
715 97
102 37
686 72
974 60
210 94
484 20
119 64
155 91
137 55
885 46
549 30
939 49
496 50
528 55
834 4
574 80
751 34
887 28
654 16
12 68
836 78
461 21
1 30
112 19
148 72
798 44
682 59
27 20
630 25
599 22
802 81
475 21
955 48
437 20
777 97
154 12
551 73
579 13
509 17
510 100
206 35
350 93
864 93
717 40
268 11
713 12
723 90
93 68
225 23
172 76
491 46
112 12
404 47
681 31
481 68
744 78
763 74
131 62
23 83
924 93
746 46
819 72
801 63
810 51
574 79
720 37
484 79
72 28
779 71
965 50
81 46
972 21
731 39
579 23
433 75
331 87
212 26
978 60
960 58
190 20
415 3
97 10
835 75
305 46
698 65
630 57
738 64
961 6
264 70
820 100
191 99
662 28
927 16
715 12
858 33
927 11
541 89
467 37
11 41
722 24
351 2
940 41
66 9
301 85
45 18
599 46
354 79
234 13
30 1
670 80
599 45
293 39
975 39
387 46
180 45
927 74
611 55
673 3
223 66
841 55
335 55
531 78
500 22
562 100
380 65
227 23
342 5
460 32
186 92
709 97
539 10
722 39
24 40
437 7
905 29
714 65
937 50
421 77
70 93
783 22
367 34
954 97
733 56
258 15
23 12
621 70
645 90
630 62
121 26
610 96
955 36
601 78
297 77
978 46
826 63
583 77
198 13
940 54
59 28
319 47
836 91
772 60
130 87
318 88
897 82
122 51
523 74
794 98
969 56
477 16
134 14
156 38
666 90
898 37
212 43
255 71
750 58
503 83
835 69
433 27
624 23
680 18
869 42
210 5
87 27
14 75
395 87
375 39
115 70
832 38
781 67
35 59
159 91
43 65
444 90
261 93
148 39
716 15
484 50
227 52
151 49
468 77
861 50
133 22
840 82
685 39
713 16
64 3
280 7
903 55
957 20
64 44
16 68
781 4
563 11
383 68
288 95
242 34
723 65
252 24
413 70
735 77
538 53
445 63
964 74
921 61
235 78
407 19
712 3
359 72
184 9
864 10
338 84
384 70
735 36
741 74
492 93
448 65
867 76
753 91
766 21
758 54
63 6
469 92
166 12
844 98
78 89
829 26
814 62
694 54
94 85
753 45
769 75
81 33
319 53
542 31
213 43
262 94
189 5
841 15
555 78
135 30
923 43
40 94
694 68
485 2
444 58
11 45
443 46
216 82
790 62
728 80
220 76
762 36
363 52
522 72
425 3
579 46
50 33
193 53
916 42
629 34
168 2
161 99
806 5
317 8
478 16
530 83
516 43
881 87
746 80
532 28
802 14
944 22
837 91
690 11
440 11
121 37
409 9
822 97
29 94
199 15
925 45
163 63
593 83
44 4
249 76
662 27
855 71
79 86
678 58
118 80
178 64
967 81
16 7
903 80
944 28
951 54
475 17
682 14
18 17
574 54
307 51
651 30
503 94
442 95
381 50
977 61
625 53
587 1
501 99
430 77
610 18
116 26
387 67
63 67
694 29
621 68
350 95
626 14
910 30
220 16
678 63
946 47
337 19
780 98
490 63
682 64
51 47
880 85
956 51
449 39
856 35
438 51
466 80
89 90
8 21
160 40
983 67
662 48
134 11
904 97
222 63
860 95
274 49
26 58
108 2
910 82
97 12
196 32
216 54
188 78
873 38
40 93
385 78
778 55
323 31
24 52
967 33
601 82
818 31
74 33
461 28
576 49
900 45
261 10
261 79
283 97
155 8
487 39
595 47
984 61
627 66
329 63
865 15
958 16
52 80
235 6
176 94
228 17
155 10
142 47
20 39
686 30
841 55
612 2
23 4
503 70
414 44
136 45
482 8
613 36
184 65
419 71
921 26
526 64
954 11
387 39
589 38
241 88
210 99
51 29
533 33
900 1
724 42
258 61
41 49
358 25
144 12
710 72
936 21
838 70
566 67
833 94
690 24
759 82
334 68
470 69
115 72
913 4
624 86
804 69
910 37
648 100
953 49
483 92
547 32
408 75
846 63
11 87
659 79
644 7
983 92
290 7
825 49
539 74
186 60
912 94
539 54
202 42
123 88
476 54
460 24
361 70
235 15
224 72
303 5
546 94
546 67
789 57
885 85
430 31
86 34
943 20
7 17
283 58
965 30
322 2
536 99
974 84
480 52
486 34
799 68
634 11
807 2
170 93
354 64
319 64
485 92
699 66
640 61
493 6
809 13
333 32
784 29
494 88
949 57
815 87
533 96
106 22
424 37
799 86
380 33
406 80
463 25
298 5
578 28
447 60
940 63
370 93
309 89
377 28
667 56
307 13
549 40
218 67
763 73
308 94
600 28
327 93
491 23
864 49
431 43
139 18
525 74
445 21
297 77
92 46
568 24
317 13
393 59
819 42
382 68
952 34
263 11
482 87
595 41
582 22
818 58
344 60
89 45
259 32
512 5
199 43
264 73
816 23
117 91
568 91
792 82
2 14
51 31
343 75
328 93
601 32
726 92
499 56
772 68
769 67
339 5
811 3
20 4
298 71
937 25
795 88
594 87
157 22
122 88
909 80
567 26
851 29
356 86
25 96
615 71
236 25
860 38
586 97
618 25
922 47
355 62
765 76
381 15
744 35
98 95
259 43
537 81
242 73
476 66
676 17
769 58
416 24
297 93
748 63
666 99
919 8
41 46
571 54
136 1
210 56
979 74
431 67
161 39
64 96
101 95
207 23
937 12
740 23
32 15
308 33
433 85
971 57
552 10
554 30
181 11
635 79
936 78
441 87
103 96
303 51
54 1
841 9
340 42
295 51
964 7
945 80
394 17
290 96
360 4
161 88
363 63
840 24
696 40
194 74
181 57
687 61
397 81
312 78
228 78
109 96
36 19
831 61
589 21
509 46
534 95
364 54
438 89
292 29
410 76
565 22
661 50
695 72
943 42
331 68
911 2
372 100
805 10
836 87
646 37
818 6
629 8
451 33
893 37
717 50
169 92
346 97
109 97
846 18
39 42
47 58
952 38
234 40
655 64
276 84
741 31
510 9
365 8
105 68
27 16
197 77
964 95
168 4
222 76
466 53
142 52
263 80
467 39
113 85
891 55
453 89
851 4
604 87
125 94
153 21
371 39
50 71
946 96
333 82
425 99
390 18
118 81
49 14
926 63
199 19
279 75
962 8
574 46
622 22
907 36
962 13
227 60
78 75
57 20
148 87
101 54
397 64
6 93
826 21
555 56
463 25
686 35
694 40
40 65
137 43
72 92
427 7
43 93
443 29
595 41
987 31
42 26
690 56
876 43
866 87
144 8
183 25
317 27
366 94
159 84
803 79
927 68
352 90
687 78
106 95
306 97
951 16
299 88
734 34
274 27
770 42
320 1
688 57
405 26
258 14
440 72
407 9
943 63
70 96
1 90
449 55
365 38
854 29
62 45
374 93
279 44
460 5
688 70
820 45
6 19
772 70
121 70
582 3
404 12
50 67
38 46
456 17
707 92
141 27
766 73
754 1
395 38
279 32
139 63
175 82
211 67
982 50
632 29
837 65
885 99
415 21
945 66
527 11
751 1
368 9
775 30
968 5
121 83
497 9
935 49
365 1
789 53
810 51
600 70
169 52
403 46
632 55
885 59
382 15
1 43
200 80
339 3
393 42
526 65
684 57
935 92
255 84
797 64
644 12
764 9
416 69
649 71
414 62
608 91
16 47
157 96
52 74
54 33
641 16
851 26
831 28
847 17
188 83
153 47
158 84
413 60
495 38
895 47
6 1
735 7
443 52
635 91
297 84
123 19
815 5
799 75
19 36
806 42
812 99
81 16
599 83
730 72
11 87
244 74
920 75
651 6
381 61
824 37
652 92
233 36
100 56
62 30
318 62
647 20
206 44
806 6
945 99
819 85
193 85
641 85
479 44
711 52
477 91
330 79
49 32
376 19
839 10
569 20
713 11
919 15
374 81
495 51
901 49
986 35
87 12
843 93
472 87
209 39
785 76
12 62
964 79
719 79
932 36
63 33
815 70
514 11
122 69
224 14
434 42
542 46
229 35
879 97
217 64
762 25
490 5
548 94
525 45
813 55
216 19
372 60
267 82
456 8
526 9
730 67
568 78
857 26
43 77
479 60
357 87
809 20
179 11
477 92
532 22
567 62
922 13
336 29
189 76
700 42
473 96
85 42
388 3
857 45
402 8
608 97
628 10
766 18
815 18
391 36
704 78
320 46
319 35
976 60
77 18
634 81
62 20
806 44
781 75
618 21
877 22
710 31
689 70
903 60
206 70
25 3
225 32
786 84
979 52
19 76
176 55
409 26
52 2
394 16
164 40
524 9
761 89
108 36
48 36
544 36
218 95
347 75
462 69
361 27
926 97
4 14
919 68
98 20
741 59
569 64
877 44
911 92
492 57
247 59
509 12
703 30
697 64
415 53
45 21
119 87
17 29
588 48
497 19
937 10
370 57
795 30
766 34
23 28
226 71
767 67
881 75
409 62
931 38
292 16
6 78
852 54
141 97
155 35
689 22
168 34
869 30
705 11
761 90
37 64
481 52
162 33
888 75
44 67
496 29
578 91
526 80
690 7
635 15
469 46
766 27
886 29
679 37
679 7
529 26
225 21
745 40
99 59
36 69
105 5
805 6
221 30
43 14
496 36
522 90
953 62
828 92
108 42
494 38
980 8
254 94
297 16
25 2
849 74
565 33
490 39
382 25
969 97
526 58
425 83
651 32
860 50
672 45
812 74
957 71
544 48
755 63
479 87
212 78
482 22
467 25
737 27
361 15
528 71
385 79
809 76
674 15
913 97
605 3
763 73
491 68
955 77
113 60
121 73
140 75
465 77
363 71
707 98
769 31
496 21
400 35
7 25
898 5
743 77
415 7
633 77
479 58
34 69
85 93
738 22
734 23
55 12
451 72
129 79
149 39
745 97
791 63
712 49
871 2
30 61
315 56
707 22
387 72
443 42
917 99
682 28
263 45
117 54
383 83
192 92
355 21
86 20
677 53
777 99
943 62
567 100
21 17
76 41
893 70
825 29
600 87
353 62
978 47
335 79
620 66
487 80
802 39
144 74
961 11
208 41
758 38
277 97
697 31
164 24
198 45
605 23
488 8
583 19
230 71
147 97
794 54
478 93
35 70
697 48
353 84
376 58
579 78
863 17
311 98
661 96
486 46
514 88
844 15
184 72
355 33
866 97
335 93
2 29
468 43
572 39
586 83
479 71
269 76
930 38
206 15
242 15
776 4
390 64
819 80
93 47
218 92
839 52
360 2
167 90
325 71
340 67
598 18
728 9
418 62
915 66
984 28
829 3
779 87
712 70
184 88
121 58
402 25
669 25
151 35
78 61
871 36
292 100
75 97
163 77
366 15
589 41
256 61
71 95
141 86
6 3
627 56
683 45
872 1
153 83
378 62
791 93
962 32
304 68
387 46
603 37
641 36
44 3
93 82
905 23
494 29
34 53
764 47
196 56
500 75
825 99
888 27
341 67
890 99
751 32
131 79
859 74
754 13
386 47
626 45
880 9
738 41
286 15
101 9
324 84
272 46
985 13
315 91
67 84
570 25
796 97
985 81
441 85
239 33
757 83
785 16
218 18
260 39
822 56
864 92
66 12
570 32
476 42
705 5
369 67
654 30
476 75
119 72
304 92
557 55
781 4
853 53
470 18
706 50
595 68
591 62
194 67
371 26
723 79
631 42
947 93
155 63
618 11
751 89
161 36
766 70
978 3
735 40
19 90
375 88
634 79
626 23
558 2
479 85
323 29
550 8
741 93
705 28
956 29
150 99
231 33
966 23
503 60
932 39
972 29
443 23
559 94
962 47
862 99
199 57
276 76
159 55
400 49
341 57
630 97
785 91
352 16
784 14
600 3
448 53
130 27
34 80
192 34
808 96
398 7
119 67
429 66
798 41
845 72
859 55
93 13
945 45
875 97
117 87
967 13
954 48
498 15
546 84
964 68
199 56
27 83
315 3
462 55
887 2
50 84
961 93
932 92
762 10
715 70
238 56
553 7
924 90
640 67
402 35
507 7
662 21
271 11
224 14
818 21
753 39
99 73
31 7
328 54
764 98
113 99
956 76
734 33
666 7
699 49
661 100
382 42
556 89
433 59
948 61
418 80
346 52
465 6
898 80
336 92
717 15
168 70
285 20
260 85
799 100
504 74
115 95
621 30
918 50
215 21
722 8
399 13
724 15
566 33
758 71
630 28
44 78
947 41
423 94
773 82
676 88
774 93
472 98
404 92
458 63
455 90
144 32
412 16
748 6
877 31
789 63
13 66
942 82
653 60
778 75
478 10
503 97
190 23
230 84
389 36
731 15
624 39
115 9
171 84
654 69
46 8
692 93
699 94
334 84
177 35
106 79
619 42
12 91
758 53
881 3
721 3
840 69
346 82
251 16
548 87
306 29
839 62
198 70
570 74
23 41
580 25
38 93
282 24
943 8
354 72
396 50
432 52
306 76
221 48
642 30
496 65
493 33
759 47
817 54
498 44
443 55
589 22
5 79
402 97
372 25
74 68
972 9
286 64
618 36
470 57
957 44
510 45
237 30
102 33
655 16
223 8
566 55
789 10
49 20
394 30
751 87
574 79
234 3
678 68
530 47
326 51
537 36
953 27
126 42
336 91
934 49
599 65
103 4
656 56
450 9
916 17
227 66
662 100
264 88
91 37
500 45
839 63
480 65
510 19
282 89
186 54
131 50
390 55
939 18
177 71
196 39
180 45
349 18
140 8
249 2
240 72
785 42
576 13
219 94
65 76
458 34
586 96
805 80
578 34
572 42
251 75
579 35
406 48
521 67
642 15
133 48
204 21
232 8
920 38
686 44
345 22
776 51
238 17
631 68
441 10
462 10
854 99
77 60
214 94
693 59
229 89
137 20
569 61
697 86
728 43
985 10
820 60
74 24
851 74
92 31
415 20
463 72
797 1
450 48
269 7
916 2
295 80
928 48
680 81
617 16
717 30
11 75
356 49
199 96
504 57
649 33
715 38
811 14
477 98
54 71
33 63
771 38
604 92
446 73
366 34
411 65
150 95
322 29
693 23
416 82
225 47
272 98
181 12
441 85
49 4
652 92
460 18
278 15
311 3
10 70
678 86
320 9
41 68
568 64
871 48
945 9
818 35
489 34
345 85
45 33
783 12
109 57
938 16
644 46
870 17
266 6
664 34
417 67
670 88
298 18
541 97
440 48
438 59
800 87
77 14
311 89
167 97
139 68
864 9
899 95
326 75
791 27
834 66
365 38
130 4
163 30
330 49
980 10
655 89
186 31
476 21
731 29
516 86
739 21
909 15
452 99
436 75
105 43
274 40
3 9
780 37
29 87
262 51
508 86
824 98
281 76
68 50
619 70
420 7
387 90
100 26
744 44
329 55
888 75
810 92
280 10
97 91
80 76
336 50
273 77
778 2
921 27
672 79
246 83
584 19
220 64
169 79
36 72
154 75
2 82
425 8
381 42
40 83
95 76
702 49
566 87
70 53
702 75
468 36
309 42
424 34
98 11
518 55
541 14
666 23
485 73
837 69
77 21
271 13
875 52
73 61
482 19
575 49
46 14
464 7
173 61
802 3
845 63
497 80
869 32
652 91
684 67
400 10
569 54
824 81
911 56
269 26
492 52
475 73
874 38
885 55
358 82
550 45
832 72
783 56
416 34
321 99
977 40
632 60
171 100
170 26
643 51
846 35
162 63
140 80
903 38
963 54
376 64
918 73
594 81
575 46
597 83
747 100
498 61
52 11
681 21
685 46
403 56
258 33
468 26
522 25
697 84
567 4
616 1
504 91
330 19
733 89
554 51
97 46
964 96
653 73
729 77
136 6
609 33
716 4
982 38
945 36
688 25
451 8
58 68
611 1
26 78
914 30
881 23
165 56
414 29
746 69
335 55
142 36
228 9
346 94
567 60
148 12
350 42
720 68
710 2
667 11
347 21
920 92
631 100
535 35
313 33
771 19
865 98
879 46
423 56
81 87
272 52
112 15
556 83
94 88
371 43
489 44
117 47
573 2
347 62
79 26
453 87
227 86
936 91
489 42
886 53
753 5
750 34
101 10
611 38
218 66
245 22
299 65
355 16
409 85
546 62
110 17
768 85
843 1
35 57
128 24
230 43
181 79
349 77
291 25
416 76
579 1
603 50
96 57
960 18
190 1
795 96
1 73
148 99
577 65
193 41
344 64
470 86
337 62
675 33
214 20
311 18
5 33
584 14
346 43
563 81
663 53
841 13
280 42
681 80
951 56
517 97
622 12
242 1
801 10
321 26
224 49
543 15
696 5
246 97
254 87
337 75
83 21
871 52
693 10
760 56
215 17
168 57
590 61
621 91
37 68
5 54
140 9
354 82
780 71
147 25
931 66
395 6
712 39
645 98
465 9
597 58
298 77
44 3
931 6
509 10
189 12
37 80
486 58
904 16
113 24
722 80
971 96
347 53
302 40
46 2
751 7
553 88
417 41
855 67
674 6
4 28
950 77
251 83
340 100
420 97
655 68
237 93
838 28
742 57
319 92
111 1
594 95
969 16
329 80
341 88
508 19
197 43
960 28
904 14
368 55
37 30
36 2
863 31
828 85
948 47
816 48
216 79
354 88
205 29
64 88
628 60
671 68
495 59
587 9
400 81
221 57
837 52
781 50
613 57
555 15
622 29
978 74
200 4
110 16
668 62
136 96
15 16
266 62
892 71
232 71
732 30
236 61
616 57
679 40
894 49
182 23
409 26
475 99
283 81
174 60
918 5
564 68
650 39
413 6
306 79
772 80
595 83
523 22
957 41
158 12
774 84
532 60
660 74
559 1
293 69
623 77
746 45
618 8
281 99
841 31
200 18
421 57
398 73
779 92
377 11
691 16
149 57
208 54
447 52
498 19
256 62
982 44
105 2
83 57
67 44
551 57
719 20
463 97
391 74
637 79
634 67
370 74
908 8
981 48
628 45
227 70
825 78
891 8
522 85
780 50
460 3
773 67
633 94
365 90
73 14
257 94
299 12
362 13
169 97
896 7
866 81
334 21
307 39
600 23
918 54
649 9
392 26
727 53
166 49
563 52
937 82
86 64
536 31
806 79
378 78
393 52
382 8
774 98
324 36
308 80
473 25
41 15
718 45
344 87
295 86
229 21
295 81
956 68
335 53
581 100
518 35
911 99
183 35
379 17
400 48
491 18
42 41
455 32
120 80
