1771
180 25
1 89
72 6
330 64
243 62
142 92
309 94
77 5
351 49
72 67
281 85
47 26
194 30
285 53
206 3
81 16
172 17
167 60
163 15
287 16
268 58
58 70
228 15
260 3
37 38
290 73
116 26
30 2
151 81
297 65
90 97
145 47
47 34
88 44
85 51
28 52
61 26
156 4
281 64
320 47
64 3
17 69
234 26
54 88
7 26
234 61
190 83
323 78
242 71
69 38
111 15
207 68
55 88
275 31
322 49
172 26
69 52
316 13
111 6
244 38
112 8
67 4
125 39
336 32
274 90
203 20
187 26
329 96
306 89
310 72
118 63
231 75
289 1
222 65
349 53
32 80
9 52
337 95
31 83
237 21
39 70
10 82
152 45
112 2
95 56
122 9
309 56
252 5
213 90
288 75
188 98
316 69
58 8
108 27
113 86
186 23
294 79
179 51
243 23
333 95
209 96
102 97
142 62
165 79
161 11
252 96
331 4
16 33
97 65
262 89
94 39
265 94
304 27
67 82
293 57
227 58
348 62
330 46
31 68
38 16
15 18
284 27
277 55
319 46
14 80
181 50
59 16
94 94
196 24
13 51
133 97
247 94
59 45
343 26
109 47
158 51
342 3
256 79
265 80
322 91
1 46
313 34
209 73
302 82
134 86
26 77
161 88
302 79
5 80
167 74
20 75
315 29
221 52
219 90
306 22
349 37
22 52
251 90
98 75
170 39
112 10
40 1
15 57
261 72
240 43
82 13
315 26
155 12
176 53
282 81
299 71
141 69
39 29
298 9
351 46
28 80
252 41
318 47
43 40
321 26
198 81
78 1
100 77
19 62
334 71
272 85
254 85
344 12
57 25
124 52
209 33
302 79
304 14
285 32
252 31
319 26
53 2
23 52
50 96
91 61
95 88
140 60
215 40
335 90
270 77
16 4
62 35
142 71
74 100
39 69
53 30
74 22
173 34
64 12
82 6
208 3
326 50
306 26
146 59
278 100
125 59
326 2
246 75
240 11
343 39
248 7
326 56
198 8
17 57
307 39
264 95
302 11
264 61
186 22
86 77
327 60
155 47
146 85
140 59
67 54
37 70
147 97
151 82
318 89
13 73
336 75
311 48
48 44
329 24
297 23
224 82
81 91
153 66
329 93
17 72
342 26
76 37
352 73
109 24
17 45
180 33
32 16
10 8
92 16
25 80
160 66
202 90
270 46
346 1
22 32
75 38
250 41
180 6
68 46
241 10
206 75
328 69
342 40
115 8
272 90
345 69
132 97
57 58
159 98
278 30
195 57
247 23
215 14
349 89
304 68
49 93
269 18
183 21
288 8
255 65
21 92
305 11
6 16
146 18
223 65
121 76
342 80
182 88
316 35
353 56
275 5
225 73
169 91
291 25
150 93
26 59
57 64
133 19
199 62
325 9
17 4
113 64
289 80
200 2
278 24
183 62
188 74
41 59
25 46
346 77
248 70
240 9
218 49
343 55
113 43
196 73
103 73
77 50
72 98
136 28
2 85
34 76
136 32
254 41
102 65
310 73
118 9
244 22
105 87
288 99
298 79
94 72
14 66
318 74
233 2
341 100
250 75
147 93
145 72
216 65
13 9
284 3
207 38
156 71
40 39
300 30
343 66
121 97
237 18
229 87
303 7
21 46
24 86
219 99
116 2
188 77
156 99
193 12
7 18
244 29
291 22
57 77
277 80
232 72
269 21
341 62
141 21
213 57
243 74
292 57
335 20
229 38
81 79
337 55
46 39
47 31
284 84
86 100
94 81
79 89
49 3
215 90
208 80
301 64
246 34
206 76
216 66
193 84
31 22
20 19
241 16
91 42
243 18
174 66
218 24
162 16
150 73
67 64
1 7
184 27
190 49
220 56
258 36
27 75
64 79
196 99
326 94
344 85
50 12
266 99
45 52
184 70
217 29
316 29
143 5
117 61
149 6
283 16
258 56
54 21
64 55
55 29
241 28
101 18
250 11
194 7
116 81
250 23
115 13
205 86
123 5
168 79
80 4
221 9
105 80
111 96
157 99
283 7
237 9
256 48
306 82
325 59
189 81
66 41
314 84
128 36
89 35
1 36
237 37
238 7
338 30
100 8
312 2
28 65
264 76
325 3
103 56
221 12
130 98
13 63
188 56
293 45
280 91
247 7
182 27
125 73
182 95
255 45
307 1
338 20
349 74
257 5
236 17
203 61
83 12
8 81
167 53
330 49
62 93
286 81
209 88
159 64
57 55
278 74
13 24
323 67
125 36
92 13
23 87
109 47
159 44
277 73
267 35
328 93
23 13
17 71
292 44
340 94
233 55
97 70
71 1
193 61
98 4
33 24
89 27
309 93
288 73
49 57
264 75
222 12
115 86
30 6
137 94
316 31
248 6
225 77
236 79
258 10
51 23
299 64
141 17
221 9
256 4
57 44
112 96
306 65
127 41
296 47
339 95
277 64
197 98
76 16
7 20
198 87
241 33
81 94
128 16
217 91
222 89
66 41
331 78
310 84
112 31
195 91
91 70
27 56
205 15
306 67
169 77
54 4
261 64
205 69
148 66
61 52
149 20
288 27
47 44
298 11
38 58
52 98
57 59
142 20
170 60
171 61
39 18
312 49
348 17
37 68
138 11
93 54
209 54
39 7
110 78
258 29
38 44
97 38
98 17
295 68
116 51
60 86
311 22
1 94
53 93
95 27
217 8
275 8
59 11
283 68
284 26
241 30
286 79
152 51
162 52
254 64
184 29
246 42
59 28
155 30
7 97
40 27
96 14
210 62
106 94
15 49
312 80
78 32
41 45
36 39
178 89
128 73
282 76
134 56
197 89
336 27
85 94
189 26
164 37
320 29
255 57
145 67
328 6
61 95
330 18
51 36
233 98
152 84
286 59
248 29
141 6
330 41
102 82
294 74
272 59
275 72
100 53
131 12
270 9
333 68
105 57
287 41
58 3
22 48
55 40
166 75
293 22
108 28
75 24
281 58
166 85
37 81
319 16
260 63
345 70
309 86
279 5
151 19
281 94
241 83
136 34
254 11
37 42
346 63
161 66
266 34
227 99
349 89
7 69
259 63
120 74
317 39
327 72
195 41
80 65
89 50
303 2
353 46
278 76
14 57
58 64
110 53
109 47
57 60
85 18
306 70
66 99
46 68
176 26
250 2
53 60
349 22
14 68
257 52
9 5
247 89
207 4
162 1
218 11
132 88
295 31
145 27
253 7
159 15
222 71
50 37
136 54
128 11
246 55
311 11
298 20
165 15
75 97
29 83
155 13
69 35
305 52
154 85
11 8
273 45
227 53
119 22
143 62
191 45
275 90
168 66
269 10
263 90
272 31
141 100
52 16
252 8
232 77
131 46
199 84
141 93
214 69
162 34
125 14
309 77
288 63
163 3
171 51
74 1
37 7
165 51
110 30
43 71
220 22
115 1
5 59
326 88
55 73
171 12
178 59
274 2
75 99
326 2
257 98
316 1
29 86
96 57
263 4
269 24
303 33
210 21
321 70
186 24
44 68
328 62
331 61
204 1
102 31
329 46
311 79
2 39
326 85
176 6
67 32
67 56
130 25
221 68
217 4
290 8
195 73
323 50
336 33
39 77
39 33
66 26
74 14
274 24
173 54
49 50
276 96
247 4
171 97
184 65
101 37
195 60
44 84
339 54
122 30
207 2
234 79
116 67
33 46
124 15
30 44
27 13
186 25
119 20
278 63
302 49
154 90
320 36
169 14
82 67
52 64
30 19
78 98
351 6
227 36
97 56
250 51
127 35
314 32
255 68
105 37
310 65
187 43
202 53
135 74
132 25
143 25
18 44
284 41
191 5
75 13
153 17
129 93
299 85
324 82
263 51
121 55
337 66
265 42
26 78
270 10
201 100
351 54
193 59
13 66
289 80
230 1
214 48
328 45
337 50
107 17
322 78
105 67
45 11
215 3
254 96
227 27
262 24
30 57
159 65
138 68
218 89
341 18
278 12
265 74
227 94
162 49
221 86
98 61
137 25
215 34
279 55
28 17
261 20
270 81
94 22
198 3
244 72
124 81
219 8
5 28
31 82
107 100
258 18
341 63
67 99
225 48
108 60
134 3
198 29
16 47
70 40
148 78
193 57
200 37
66 15
288 20
215 64
170 70
29 30
3 77
315 47
303 23
34 90
161 19
279 98
9 27
31 72
158 38
33 99
345 86
6 39
289 27
55 7
104 98
175 81
338 3
228 4
16 92
315 14
56 62
288 81
92 96
18 82
86 52
30 96
315 62
19 66
344 100
208 13
252 42
70 95
186 61
307 66
110 2
168 10
15 51
60 82
119 5
312 9
50 43
177 18
321 5
89 64
185 61
298 58
178 96
271 11
349 61
313 46
22 61
313 35
69 47
167 33
291 81
287 4
93 97
109 4
170 48
330 26
259 34
13 87
351 12
178 97
252 90
256 95
346 14
257 19
42 98
274 40
38 51
139 91
330 42
86 75
300 25
214 30
25 64
330 79
181 63
240 29
122 69
150 43
309 82
333 92
215 5
202 3
206 28
137 39
43 5
168 65
203 68
298 37
327 37
229 68
322 70
85 48
133 18
314 46
298 51
240 49
211 87
94 21
132 16
290 47
14 89
188 65
47 39
194 30
255 10
46 89
125 13
144 60
76 78
82 65
262 25
25 6
223 66
27 82
264 41
206 17
95 73
150 90
161 43
71 39
183 35
90 100
111 84
271 46
49 18
184 77
12 1
28 35
281 32
193 90
311 33
341 89
235 99
345 36
295 53
143 19
332 69
56 61
95 73
294 2
186 45
102 59
192 29
329 79
84 10
48 65
33 48
157 20
321 16
248 92
206 31
83 100
57 45
193 29
165 68
39 96
241 34
309 42
114 72
61 67
26 43
178 90
344 52
152 31
20 86
341 30
19 81
210 83
107 6
321 16
106 71
346 83
226 29
170 60
322 21
179 1
307 18
36 61
295 49
326 74
171 33
209 87
72 72
267 3
265 46
54 76
354 53
186 59
151 9
244 38
326 33
124 95
46 41
91 4
181 11
53 79
56 11
325 97
39 85
274 67
247 27
31 78
242 57
64 51
276 14
85 53
166 3
264 83
317 6
195 71
193 38
217 56
77 86
67 95
214 96
83 7
348 77
100 78
156 80
318 23
319 25
182 78
329 85
340 98
307 39
156 29
207 56
285 69
48 98
326 14
319 90
261 81
17 70
203 82
127 87
281 37
174 48
211 56
323 1
106 74
70 54
180 53
134 65
161 52
73 64
197 5
292 64
88 7
82 44
3 1
244 76
214 79
192 88
264 21
182 24
72 68
179 72
86 52
327 83
243 58
41 4
118 36
70 2
54 8
21 34
249 91
287 56
295 71
109 6
336 76
311 28
72 93
128 39
341 92
129 23
199 77
52 44
38 64
101 66
129 41
307 22
230 5
152 16
303 81
222 1
228 17
351 99
20 56
311 62
331 34
310 67
224 91
97 16
344 31
139 6
236 66
177 15
287 7
222 19
349 92
127 87
135 70
128 19
49 13
8 4
281 74
23 82
182 45
150 7
83 75
192 34
96 76
300 2
83 78
258 8
70 6
195 29
128 83
283 5
56 47
63 17
229 22
194 2
13 37
65 97
26 72
325 39
323 43
350 78
187 48
226 95
206 48
340 21
305 59
321 43
102 41
321 81
61 62
47 78
329 4
319 100
204 4
338 38
170 76
207 58
130 64
162 93
271 35
207 82
221 67
26 91
202 45
145 32
249 19
175 72
1 86
1 75
217 18
230 71
207 92
92 83
66 76
144 76
268 100
251 81
43 47
32 2
309 52
204 20
210 27
269 11
272 42
120 1
299 60
2 17
18 42
134 31
303 11
71 50
348 26
255 74
330 76
128 67
228 95
74 84
211 70
43 58
8 77
235 95
198 29
262 71
172 81
57 25
353 4
6 27
163 3
116 6
352 7
74 25
142 9
143 47
43 37
211 34
149 25
268 97
205 33
99 96
340 93
352 52
254 97
271 43
87 94
322 69
264 90
190 24
216 53
187 52
264 59
280 58
257 19
105 67
334 25
339 80
268 26
93 7
353 25
89 29
339 98
326 10
192 81
325 19
316 17
241 27
240 59
257 10
95 26
293 52
308 84
234 29
58 94
301 35
238 12
102 17
118 56
28 33
228 33
171 23
286 91
318 24
141 12
142 49
167 82
319 18
111 52
169 58
40 15
176 41
331 42
210 71
68 85
3 67
210 48
280 87
313 53
66 28
278 36
25 12
144 9
62 2
352 19
97 61
238 100
81 30
29 21
19 67
321 30
49 34
320 46
215 28
332 22
211 30
207 30
206 58
74 14
298 45
231 93
236 76
1 88
105 28
172 86
165 2
6 26
159 84
161 2
133 94
251 63
124 4
114 23
100 65
264 9
279 3
114 37
276 35
213 79
45 18
195 7
85 79
185 98
320 60
14 35
145 2
308 57
268 78
69 83
336 63
39 100
276 98
124 91
29 97
130 70
348 36
318 45
290 57
288 69
67 64
106 1
81 99
123 61
137 16
14 2
56 29
263 26
217 38
230 55
232 76
192 87
351 22
35 42
168 21
249 84
222 15
268 80
293 70
190 98
346 13
200 50
216 19
73 92
111 6
318 13
152 6
341 98
347 49
24 92
282 51
340 93
74 53
217 44
183 17
28 62
291 67
265 28
270 94
283 86
220 41
84 72
81 17
308 86
15 97
308 52
41 82
343 100
257 29
96 52
112 83
283 33
116 55
243 68
140 62
147 68
112 66
328 32
22 86
284 35
245 25
120 65
267 77
29 92
238 41
204 16
226 50
69 33
288 29
143 27
45 23
223 55
94 99
235 35
133 85
213 54
90 46
209 58
78 17
346 2
125 34
121 19
346 43
184 90
32 56
339 18
139 62
210 39
153 93
181 84
244 51
257 98
290 18
259 25
131 50
8 78
101 37
9 94
55 85
56 64
43 97
107 85
104 25
119 18
299 41
186 62
260 26
69 88
124 21
176 67
104 59
235 9
45 45
205 26
306 80
242 86
341 13
259 67
215 73
123 57
145 43
59 20
139 91
292 92
260 83
111 96
298 49
201 45
302 95
228 86
217 90
310 20
106 36
67 99
93 34
125 86
87 50
351 96
349 64
107 53
157 29
19 51
338 76
303 38
287 68
43 77
192 28
250 2
344 85
307 15
272 54
331 17
269 90
55 69
264 59
141 62
206 47
236 98
194 54
122 66
257 98
250 21
82 42
48 5
211 5
251 11
324 84
84 63
158 84
300 38
232 29
115 66
174 19
18 85
14 97
4 3
3 81
48 66
244 93
282 20
34 47
58 7
73 92
260 73
142 56
120 30
259 8
191 59
92 1
72 39
180 56
90 7
125 42
286 77
106 48
44 84
334 11
95 45
133 60
340 97
192 27
243 94
51 33
337 72
348 39
273 92
293 22
214 53
196 7
96 56
241 78
35 37
61 78
172 84
233 49
329 45
150 78
242 10
144 16
348 65
3 59
250 19
33 41
246 47
13 74
207 31
192 53
112 27
290 25
275 79
39 14
142 35
221 44
100 12
70 97
342 72
232 44
78 33
195 18
79 61
47 4
331 1
283 54
34 74
178 93
40 38
256 56
198 71
344 73
156 24
111 67
56 17
180 21
70 82
1 97
166 76
345 80
347 64
210 39
54 95
304 82
16 61
158 51
129 59
106 83
255 58
324 51
203 86
45 27
337 7
311 17
40 83
61 49
97 68
176 73
14 83
170 99
270 33
145 100
317 53
102 1
333 60
96 89
207 2
293 9
135 70
130 25
122 86
38 32
333 38
213 79
36 44
249 68
128 93
29 50
290 29
242 98
102 58
264 97
289 46
288 92
280 17
331 49
205 77
129 77
39 72
82 17
131 99
185 30
43 57
94 72
175 37
298 64
73 81
189 63
99 95
214 15
101 13
5 97
114 50
238 71
80 96
53 47
25 41
235 42
115 37
241 67
60 83
266 70
14 34
301 29
256 41
222 56
250 39
23 35
125 42
79 29
88 10
270 88
223 72
185 57
127 16
125 22
147 36
239 91
257 7
292 88
31 92
338 72
99 35
117 27
11 12
256 61
264 29
187 97
83 61
104 89
324 86
152 69
48 21
99 10
273 79
146 2
267 62
74 100
203 80
238 52
329 47
351 13
13 50
95 15
178 61
28 43
325 46
126 54
119 94
344 34
252 22
237 12
19 49
179 79
182 25
252 86
260 67
29 59
354 95
342 20
55 14
216 83
198 87
211 91
18 76
102 94
58 40
307 36
1 62
22 40
76 61
196 61
265 82
315 48
131 26
155 83
7 35
333 10
142 61
215 57
213 70
281 22
292 80
5 100
336 31
30 65
102 81
11 90
325 20
323 71
332 60
351 18
266 98
353 57
63 61
36 36
208 49
70 92
243 67
96 56
150 31
109 3
107 23
237 84
137 56
105 85
157 38
231 16
178 7
10 37
352 78
225 71
302 86
223 97
261 96
199 57
268 75
314 20
26 3
211 3
223 78
182 26
304 83
55 80
305 91
39 81
311 48
298 62
150 2
312 44
72 80
289 31
129 17
297 4
110 45
199 87
252 28
322 31
261 45
28 42
271 16
63 34
55 57
281 30
126 91
74 100
119 92
290 84
245 29
316 73
206 54
277 2
229 47
325 14
215 1
184 69
47 23
216 7
53 32
353 72
353 70
27 46
313 50
293 13
43 25
164 49
85 2
217 95
321 12
344 21
234 12
348 8
27 19
194 32
316 16
161 70
195 24
230 24
300 39
79 10
126 4
192 50
292 54
164 3
196 52
189 56
16 58
35 53
3 74
247 41
53 86
73 33
251 68
22 59
114 92
35 30
164 18
242 72
33 70
349 54
227 98
157 64
48 34
66 96
101 32
66 22
308 84
314 88
254 28
143 64
258 16
307 12
17 96
182 99
322 88
235 29
240 86
24 41
297 65
107 27
333 50
280 63
176 62
338 14
83 59
119 8
121 49
49 64
90 27
49 33
113 91
337 78
291 88
184 4
300 93
115 78
59 12
104 77
41 40
55 79
179 76
50 51
230 45
148 6
12 68
180 37
33 21
174 93
32 90
239 62
234 41
78 61
182 67
2 94
297 51
53 1
9 29
67 99
2 92
170 75
258 72
240 40
354 86
243 19
85 28
134 94
200 95
322 48
50 75
344 89
44 98
277 64
173 31
302 6
233 50
50 63
154 33
124 21
39 2
211 50
250 7
298 59
244 2
72 37
251 97
256 61
181 7
232 49
152 76
170 46
162 35
340 86
295 61
42 65
334 45
324 92
180 89
331 9
105 47
257 11
9 92
327 7
230 70
34 22
296 73
70 49
38 42
247 90
133 19
162 68
97 16
314 27
75 46
216 96
320 70
84 47
66 35
2 97
112 39
102 55
102 79
317 15
260 44
82 38
242 71
290 14
166 90
247 80
276 31
264 45
278 81
186 70
312 11
139 22
253 25
84 19
143 26
271 69
194 52
106 35
115 76
234 92
109 53
147 78
289 63
242 95
347 50
125 13
121 47
346 59
282 1
338 25
67 51
298 44
74 49
244 89
157 98
105 76
201 21
35 56
323 28
100 59
46 93
199 76
303 4
164 16
116 87
248 46
347 98
269 77
188 82
263 60
343 27
48 11
38 91
251 86
318 12
45 92
347 67
281 92
258 55
122 45
148 83
249 100
33 62
72 68
273 23
16 74
136 82
310 53
298 100
224 45
106 90
65 40
42 89
115 1
15 10
221 4
239 61
145 20
9 69
66 62
158 92
326 85
340 31
302 80
173 16
175 18
173 90
256 16
214 58
175 86
235 69
12 16
21 29
65 79
202 86
152 69
105 59
211 12
279 29
182 81
185 23
208 20
21 100
263 64
319 66
129 35
81 7
144 66
180 55
269 49
316 9
151 87
137 25
301 65
322 65
166 19
9 30
216 71
34 36
240 54
213 56
180 28
310 53
102 41
354 11
8 26
335 35
52 39
106 40
237 56
177 94
269 61
14 5
15 94
8 35
241 20
300 17
350 93
60 20
331 33
315 37
218 85
96 72
335 90
203 78
252 91
73 67
108 12
265 90
58 73
284 61
234 68
202 13
104 54
315 32
197 45
339 11
8 72
65 99
114 43
338 27
159 10
158 12
130 54
10 62
246 84
242 56
231 73
259 7
262 4
179 79
50 87
9 54
300 83
246 52
40 1
129 45
58 91
97 31
127 20
100 75
119 52
172 5
338 92
87 86
236 3
149 90
94 66
244 33
310 41
191 24
49 93
253 4
166 19
26 20
260 79
138 47
142 31
350 94
120 33
199 42
264 65
313 93
177 72
272 34
350 97
214 14
87 11
20 87
248 34
193 34
344 58
213 95
278 76
89 40
13 55
342 91
265 66
148 96
235 55
161 65
21 27
79 81
35 36
221 49
52 94
85 55
275 5
97 39
247 83
19 36
124 4
226 35
157 48
286 7
157 12
75 67
70 27
56 67
176 44
64 6
20 59
70 6
328 76
273 53
140 77
245 13
303 66
225 26
191 8
91 3
135 6
229 43
223 99
238 15
72 81
91 96
12 50
118 4
82 55
104 87
279 83
241 56
243 100
343 8
88 29
63 43
162 27
36 33
284 54
299 51
194 50
123 41
291 91
124 51
276 47
24 8
73 36
227 62
221 90
203 62
252 81
192 25
291 76
3 23
278 99
186 44
290 33
199 65
132 26
305 62
326 16
134 19
191 65
231 2
281 22
218 22
117 69
289 88
84 96
168 50
291 78
345 98
99 6
215 41
79 78
92 16
340 70
145 9
193 24
136 9
209 2
161 45
63 82
90 53
150 99
275 62
104 15
274 100
12 91
162 17
184 7
19 4
39 79
314 18
94 71
315 49
124 44
135 67
42 59
232 11
143 55
268 6
76 60
261 91
266 82
347 4
21 56
284 91
171 82
170 86
296 28
218 47
248 30
97 78
288 38
322 26
177 29
179 13
251 15
261 31
82 23
142 37
127 13
270 49
301 27
40 56
218 51
61 87
34 22
36 43
343 6
335 58
32 32
273 16
32 34
75 92
138 72
187 51
242 33
173 22
197 84
177 85
122 70
303 92
64 3
82 20
102 21
301 3
110 71
196 15
253 43
169 61
224 90
303 55
40 83
254 3
71 89
165 64
25 91
250 89
342 2
1 38
212 82
238 14
235 97
108 80
221 81
59 71
25 31
202 55
171 18
210 98
304 3
85 76
263 64
203 80
179 46
115 73
21 13
211 2
95 21
243 39
213 40
135 60
347 82
184 94
229 57
256 96
193 87
6 94
41 46
97 5
99 65
50 96
197 5
247 15
52 39
75 27
236 84
317 52
210 97
214 34
264 42
16 50
334 61
219 9
117 82
329 16
161 52
336 19
30 52
349 22
102 25
169 95
322 99
24 36
198 24
42 83
40 25
69 61
176 65
182 55
310 18
173 81
260 84
111 45
262 92
335 59
260 83
303 78
186 7
310 70
130 37
269 85
143 64
152 18
36 5
174 87
34 7
24 85
167 37
298 19
188 88
90 84
72 9
89 24
14 33
73 70
349 7
184 83
337 17
21 89
213 20
171 92
145 92
222 9
65 45
37 10
245 82
88 89
265 75
