5390
593 2
687 67
429 76
266 58
600 72
733 93
530 38
460 71
677 42
406 68
753 98
960 6
776 79
34 30
926 94
907 55
40 67
839 78
260 75
624 93
1059 95
1064 71
140 85
859 30
268 19
525 2
160 60
408 49
344 87
185 2
706 44
1017 15
525 31
727 78
681 49
618 46
133 47
429 63
656 64
543 7
492 33
662 47
473 84
32 87
459 7
279 92
196 3
921 35
616 49
899 61
621 47
739 49
479 84
1055 24
6 11
861 13
118 88
479 72
873 29
652 31
1066 72
648 6
22 42
461 19
129 78
479 1
763 38
641 5
349 98
254 84
778 22
400 42
56 51
357 37
773 44
821 73
801 50
199 53
1007 59
971 76
255 84
609 22
442 70
113 15
490 84
359 77
127 48
206 57
626 32
750 15
622 12
435 56
403 10
943 83
1071 42
424 3
335 87
584 44
444 52
471 15
57 91
571 82
910 26
60 3
532 87
163 90
534 86
253 2
589 75
1066 24
156 84
116 4
154 43
41 64
587 35
589 26
795 21
861 13
634 99
865 36
316 27
600 8
211 4
818 68
648 44
465 69
128 14
322 54
889 23
241 23
1013 28
800 59
778 47
565 82
628 5
508 58
325 97
726 48
281 74
544 15
833 61
318 46
1039 31
9 2
668 90
1044 94
7 69
969 68
37 88
486 68
522 23
165 33
404 31
792 10
619 96
3 35
1010 15
85 47
664 6
138 19
883 82
790 77
96 72
212 57
836 24
169 55
838 97
327 70
822 47
882 88
309 94
466 24
155 44
6 86
620 49
142 12
629 72
328 50
24 99
780 74
217 92
251 19
657 32
1 67
670 46
672 41
37 27
413 18
47 29
332 2
950 44
86 72
165 41
234 12
1045 65
691 56
210 43
833 68
381 75
664 33
881 99
589 18
465 29
463 82
139 75
465 77
534 92
575 77
264 84
525 93
136 98
703 32
366 70
768 25
261 44
430 59
347 11
654 34
492 8
545 75
579 40
974 35
626 31
271 84
764 1
690 17
125 71
580 83
533 12
397 89
461 18
891 89
828 75
509 18
48 50
549 56
144 10
206 56
651 87
61 19
932 8
1039 96
966 32
852 51
904 11
129 95
432 42
284 99
807 55
274 73
941 33
204 59
1009 74
803 4
47 98
1078 81
977 26
378 67
590 31
1026 44
103 46
812 32
721 29
126 84
670 23
234 24
305 15
411 52
935 26
974 2
529 39
643 42
78 92
860 6
625 31
334 33
332 61
14 10
110 33
63 39
164 34
165 54
175 80
541 27
893 77
851 97
664 41
540 98
898 98
637 54
600 59
880 73
353 12
1045 68
458 99
389 41
759 65
383 44
345 89
785 17
28 9
13 90
777 52
595 71
1076 50
292 13
70 93
211 4
643 26
21 30
404 76
975 6
480 91
781 24
878 37
708 38
912 47
896 50
708 52
543 41
127 29
876 39
89 51
3 15
441 26
797 37
1015 95
180 51
871 93
635 49
790 11
244 41
393 59
424 84
751 21
285 31
111 37
255 17
487 13
368 15
304 55
103 84
1015 52
76 62
252 95
698 16
299 83
446 34
968 25
412 10
29 27
336 69
269 63
420 31
317 14
62 11
1024 32
445 43
411 10
38 69
35 4
45 100
194 100
669 24
606 6
433 49
44 84
59 69
45 61
28 1
918 87
745 18
618 47
456 93
599 71
239 71
59 32
493 78
482 77
227 28
1057 19
1058 46
21 60
945 82
517 1
282 92
843 14
590 10
287 56
1065 18
164 20
804 15
906 55
367 59
16 46
1022 60
435 99
46 9
920 83
723 89
597 75
490 7
420 30
210 32
837 67
97 93
176 5
736 89
598 52
837 97
903 73
117 81
835 91
56 13
924 8
1004 62
366 46
160 49
177 61
287 3
684 6
476 33
807 1
184 44
26 6
658 84
813 98
507 68
718 59
666 7
908 59
310 100
413 59
487 82
470 9
864 43
838 75
859 2
392 63
234 43
906 83
111 50
670 2
400 67
719 27
653 48
838 55
979 54
834 59
524 95
497 100
201 69
976 32
740 51
784 21
342 92
312 77
504 64
371 69
499 90
816 63
52 6
745 85
130 31
574 17
722 53
348 54
371 46
900 82
804 11
188 75
150 75
195 46
914 53
1018 20
709 72
70 65
14 19
788 48
39 27
916 20
558 95
963 6
314 86
436 100
830 47
1067 89
54 53
1011 22
1070 25
962 72
91 6
535 72
393 71
529 61
277 40
211 12
1048 66
688 22
526 24
662 10
590 74
303 76
844 42
53 68
670 8
53 12
1056 57
655 50
1078 51
522 37
50 33
845 90
964 93
1001 38
986 19
613 90
488 22
1041 28
453 59
744 74
552 61
362 100
364 4
200 92
642 76
667 90
569 3
693 34
825 29
74 28
658 78
857 47
100 95
507 80
300 75
614 36
327 18
1042 2
521 37
244 26
192 66
366 5
472 86
558 29
700 59
316 87
74 95
22 15
512 68
103 24
745 73
815 70
1064 39
93 96
559 76
114 15
1070 59
975 27
651 36
758 91
387 26
209 84
654 19
219 41
483 18
277 13
637 38
101 3
399 59
387 8
139 41
759 15
1033 22
688 7
972 95
827 35
422 54
201 66
831 73
645 62
94 68
251 32
463 92
15 12
1057 69
63 87
136 75
171 67
964 84
364 29
171 43
898 29
617 62
459 29
736 69
442 22
949 21
376 71
1050 66
796 39
689 65
903 81
138 15
327 74
871 19
378 78
741 79
277 22
395 6
657 62
881 52
509 94
388 41
866 47
1058 85
79 89
979 40
741 56
395 95
731 86
274 12
772 66
582 10
757 98
419 28
654 15
794 90
669 96
272 5
562 9
746 57
5 34
269 9
837 1
751 13
205 64
76 32
692 81
364 8
248 63
447 72
521 89
218 54
1071 1
1067 41
1061 49
763 23
565 58
128 41
475 19
630 72
246 54
953 15
642 90
953 51
789 84
1045 21
590 39
347 63
114 82
412 2
620 77
521 100
104 47
970 17
731 98
393 71
893 3
854 66
642 60
274 80
747 39
341 15
290 20
430 57
220 53
567 41
79 63
831 62
695 10
290 94
531 73
446 27
285 59
508 65
68 40
71 90
672 30
483 29
55 96
641 49
326 26
333 29
235 20
654 49
541 31
511 10
541 45
337 44
297 66
985 68
285 78
53 45
364 30
703 32
677 34
43 12
64 37
512 30
417 91
433 55
832 61
219 16
677 8
901 50
574 10
653 57
1010 90
279 55
29 47
986 19
525 26
116 62
985 79
817 49
362 38
918 71
337 4
517 78
635 27
306 78
626 12
1012 62
89 27
471 28
562 100
79 93
85 53
55 32
870 52
558 49
73 51
149 26
271 12
902 12
583 71
272 82
560 26
498 55
523 48
372 15
517 46
604 96
857 13
25 61
477 61
778 18
112 44
1029 30
372 25
275 29
333 8
667 55
51 56
448 89
885 32
756 85
875 59
331 71
90 60
435 81
78 66
1017 51
264 41
881 92
517 85
942 80
607 81
57 98
379 7
746 34
228 1
302 24
779 12
963 81
478 10
601 37
69 34
31 89
538 67
544 11
1023 80
408 62
479 94
968 100
56 93
803 29
825 33
280 100
411 33
366 71
726 55
267 25
316 84
274 18
350 58
972 8
464 92
129 98
132 46
816 32
718 74
964 12
561 12
743 36
755 64
316 63
236 80
156 46
48 23
900 41
416 51
893 57
517 89
856 26
528 51
145 89
513 23
939 73
20 26
78 58
770 40
725 8
537 39
442 71
57 51
544 96
805 20
404 95
21 64
721 27
240 26
660 87
517 59
1008 100
281 17
725 59
365 37
45 28
845 84
1005 54
786 23
110 10
751 72
564 8
199 43
68 35
400 55
641 65
620 75
661 36
528 93
440 91
582 89
138 61
922 29
719 26
1066 29
392 70
867 53
814 53
657 23
105 87
780 71
659 60
668 21
204 65
977 8
534 94
1042 80
362 85
345 4
137 99
1042 55
397 69
314 57
792 13
117 47
407 42
577 12
1013 3
89 69
107 100
848 59
416 69
205 46
80 26
101 78
711 73
271 99
746 86
802 86
472 22
202 1
658 3
941 52
483 95
279 77
392 5
951 69
1016 9
948 13
656 27
345 80
682 3
1029 82
108 69
459 33
391 19
13 98
938 11
571 5
411 91
214 2
135 100
57 31
769 63
366 32
1051 49
173 82
439 41
743 5
652 62
426 29
164 100
862 26
992 13
635 50
803 22
1015 72
267 71
1076 48
732 41
909 47
345 94
216 54
807 55
505 18
742 14
311 96
804 31
202 88
372 29
896 38
238 79
996 80
235 41
277 58
75 47
922 50
91 15
1000 92
193 24
972 24
417 65
894 87
866 65
854 95
744 33
769 79
1030 68
471 48
407 21
162 54
512 53
1004 100
370 31
194 71
899 26
142 45
393 59
416 84
174 83
428 42
1012 55
527 55
23 91
1036 27
145 36
612 71
236 94
373 25
704 19
11 98
554 11
845 67
508 77
850 15
968 18
469 49
110 66
440 20
82 72
617 66
53 79
1028 65
556 29
1008 7
670 86
1002 26
203 38
991 28
579 64
764 77
700 47
829 54
985 94
437 65
767 63
378 11
63 46
405 56
253 8
944 78
392 77
759 10
453 95
1047 90
368 85
805 25
80 30
1043 72
183 98
550 56
533 29
719 88
79 66
1002 95
929 68
408 60
735 23
10 82
185 57
925 39
354 24
312 45
511 28
150 41
814 3
43 41
924 80
452 74
1070 29
715 95
892 80
504 1
157 53
99 83
254 7
994 30
567 14
847 10
910 31
700 86
368 52
159 90
696 93
471 56
80 63
867 94
884 54
428 90
690 43
127 61
907 67
511 12
590 72
618 81
534 57
448 3
855 63
859 7
117 12
729 33
658 30
709 76
426 75
396 6
976 68
393 9
730 65
236 44
977 78
648 31
657 82
540 88
602 54
366 66
887 90
912 15
831 67
885 82
770 95
786 65
830 62
476 51
74 87
226 26
93 4
424 10
602 15
885 45
133 83
263 58
721 3
883 87
166 22
546 24
269 85
406 1
279 17
792 17
201 74
957 21
520 7
1035 25
281 55
879 29
558 1
186 37
795 58
930 11
45 65
274 51
621 47
486 90
362 43
779 76
406 18
946 25
1057 68
853 18
1033 11
1032 100
722 18
752 6
203 85
868 4
303 30
52 79
916 54
751 3
171 84
776 31
173 88
758 55
954 57
471 70
862 58
305 100
992 76
720 14
684 61
264 8
1045 71
880 96
1012 91
565 84
573 85
649 47
651 99
898 23
791 1
643 4
669 82
498 83
802 99
1072 63
1028 39
952 91
665 31
754 94
818 86
700 100
671 85
1017 86
407 10
290 10
367 81
423 66
350 53
766 85
441 16
135 89
1023 92
1010 36
113 70
528 97
547 32
416 25
688 52
702 50
525 76
131 17
435 45
315 62
840 35
1016 77
877 98
872 99
1067 13
86 78
254 39
831 85
626 41
743 77
817 47
802 10
612 68
57 1
378 21
910 71
362 94
169 16
10 52
896 59
505 21
322 31
824 45
117 72
117 29
296 25
465 42
493 92
581 30
196 68
527 13
385 92
218 83
340 34
631 59
456 88
244 31
92 81
428 83
962 82
822 31
304 38
594 66
522 79
311 76
251 79
816 83
181 45
370 91
111 55
47 37
970 27
990 70
995 94
959 46
201 28
15 21
519 96
785 91
1054 85
56 58
983 2
888 71
888 55
787 26
253 59
876 93
338 77
678 21
172 34
1044 70
574 77
102 52
408 85
295 38
882 48
329 1
499 3
552 15
512 96
810 19
950 18
873 11
186 49
461 83
43 5
1034 25
1066 68
487 21
360 31
102 20
190 91
127 86
386 46
315 72
335 57
292 11
813 61
625 88
517 27
23 48
579 40
133 29
730 97
259 12
467 78
632 30
758 73
190 20
550 21
568 25
586 92
949 84
882 1
475 88
936 22
738 34
277 57
71 82
927 74
723 37
1004 40
46 25
1034 52
836 94
401 42
169 9
154 12
1021 69
841 72
484 90
534 54
410 72
685 54
254 40
713 70
836 77
139 78
584 80
695 80
86 19
239 95
473 3
914 99
159 4
116 45
38 1
880 26
546 10
835 13
499 2
943 20
8 7
1052 21
491 35
879 17
44 97
581 59
236 98
422 25
800 90
378 99
199 26
88 83
944 30
802 20
92 85
519 29
902 54
465 5
506 95
856 54
607 25
839 2
1052 50
239 19
306 89
501 20
960 34
596 53
602 20
852 80
201 54
1057 19
447 2
1037 100
292 55
652 71
298 75
623 11
21 8
446 91
24 36
505 42
517 50
1018 90
893 37
236 30
80 19
672 26
32 24
586 98
787 41
485 80
882 42
1026 5
70 77
646 70
1064 35
712 47
191 84
250 80
224 18
42 51
880 40
787 33
65 5
192 47
17 49
795 52
501 90
81 20
482 61
492 34
900 13
776 44
891 19
681 26
453 68
477 14
842 46
391 7
276 79
903 28
710 6
135 44
233 49
700 23
287 5
454 30
602 43
321 33
767 83
885 96
484 91
547 75
669 82
104 89
610 15
550 8
398 16
926 64
377 1
358 85
9 56
318 63
349 73
769 54
605 91
1058 99
24 60
36 58
946 23
492 32
156 97
224 36
499 25
329 39
638 89
617 40
548 7
986 22
468 77
119 56
167 37
861 30
583 92
501 58
285 14
702 94
752 17
361 34
600 26
1066 1
667 12
815 76
453 4
898 82
537 9
597 68
593 67
999 3
108 25
222 41
259 35
459 21
823 41
547 33
528 87
873 55
108 17
72 54
187 18
994 45
133 47
168 73
314 66
608 100
643 100
247 64
638 25
828 74
55 28
665 12
164 72
983 48
1048 4
553 22
24 20
583 41
795 62
123 96
68 74
733 12
65 45
236 57
441 39
803 96
965 53
786 6
673 96
511 4
791 71
12 1
1056 96
1040 60
594 34
428 20
595 90
138 41
403 38
382 20
881 76
347 14
1046 46
740 49
58 77
606 22
965 14
255 95
76 87
90 96
973 70
171 37
493 84
225 69
657 38
652 84
948 88
716 90
589 26
876 1
400 30
643 9
143 50
724 12
526 59
836 76
406 74
314 4
13 97
302 98
351 77
177 94
16 54
784 72
710 7
526 74
637 86
190 67
538 11
1027 8
702 86
753 21
807 44
791 90
243 69
1014 65
905 19
584 48
502 72
1022 88
223 80
1046 78
698 97
148 13
56 95
79 68
367 39
865 81
17 36
150 32
655 80
419 36
629 16
994 93
924 97
972 46
112 26
1071 44
527 53
127 79
956 52
939 42
468 79
636 12
354 61
205 89
825 26
65 33
565 49
681 75
986 65
597 87
259 33
818 54
374 53
118 47
125 60
331 92
225 18
850 22
76 16
352 6
328 73
12 66
158 7
1039 69
525 64
689 54
963 10
919 50
429 75
823 66
76 44
170 38
77 67
439 18
1034 10
197 7
530 19
60 95
1007 76
246 100
363 55
11 68
903 100
680 39
724 28
437 57
371 52
1028 70
796 61
866 4
130 77
800 31
584 46
717 26
801 84
683 10
535 55
432 10
547 81
506 97
397 24
564 73
870 26
809 29
401 26
950 80
276 18
332 12
660 13
960 26
737 25
88 90
908 13
45 51
599 92
167 91
67 95
185 31
66 13
322 82
838 55
587 97
933 40
918 56
1006 23
940 82
262 84
1052 30
723 84
314 68
397 40
649 23
755 21
470 21
430 52
385 78
82 47
841 14
713 31
860 69
384 3
527 44
917 96
148 61
446 98
431 26
731 3
655 14
838 2
832 78
619 28
345 37
289 91
999 5
60 75
375 27
350 25
1021 60
969 80
1017 5
1049 11
18 16
848 4
123 33
817 30
518 54
1053 58
331 7
81 18
598 98
341 51
556 97
327 25
274 26
393 16
848 99
588 80
467 66
978 70
609 13
1045 20
1041 87
952 52
1042 82
53 96
1024 26
608 1
1055 17
1017 36
22 63
636 31
630 60
795 12
355 41
147 55
381 61
169 29
746 63
491 78
807 62
515 89
972 29
941 100
512 40
941 28
115 28
553 73
403 71
393 90
546 48
564 60
36 37
324 47
534 2
1070 87
256 28
201 74
686 97
879 67
590 37
22 70
270 57
725 36
623 48
738 34
1024 77
1037 57
406 32
302 92
88 64
523 35
105 29
755 32
201 34
147 52
913 62
504 27
417 12
591 66
1015 37
366 57
81 14
224 2
238 62
37 51
1022 57
73 59
635 32
1000 35
124 99
589 80
48 2
525 98
691 90
72 11
587 65
79 2
258 81
351 48
641 3
626 93
715 58
798 54
792 45
219 92
178 88
697 89
353 14
840 46
383 45
51 94
379 77
712 53
723 6
949 32
69 96
78 40
271 21
589 54
583 78
860 15
341 79
359 51
884 33
135 70
285 21
991 13
996 73
433 37
533 15
645 75
156 15
664 22
98 24
38 67
379 22
463 49
1060 24
498 82
182 96
297 68
491 7
816 39
554 42
565 15
57 50
947 32
781 91
476 89
503 15
362 56
280 66
636 75
709 50
21 54
368 67
1016 19
409 28
835 98
69 13
455 28
1056 75
341 44
381 56
481 23
1042 95
170 95
743 78
1027 43
222 18
621 44
452 1
809 98
365 89
835 26
945 41
917 25
417 21
516 47
998 12
47 68
945 9
1075 18
933 69
972 9
325 16
437 56
583 72
406 39
705 22
891 8
951 5
928 28
1046 93
1024 79
664 2
850 77
730 17
434 38
907 44
630 51
6 57
3 53
424 55
61 96
127 78
757 1
474 80
399 18
601 12
260 17
904 70
68 98
285 7
615 81
997 31
785 91
251 18
1072 8
65 52
1034 93
827 17
595 10
170 96
331 35
232 13
863 8
823 62
102 54
73 21
378 72
395 93
486 51
175 46
761 18
947 16
988 32
1067 86
592 86
850 47
518 76
373 82
622 20
388 27
190 93
1020 99
15 58
812 34
632 20
280 76
467 65
758 74
160 47
312 66
411 97
938 47
183 66
1072 39
546 78
844 73
332 36
904 96
261 43
971 25
341 20
914 54
862 35
558 85
411 7
42 73
410 27
36 68
921 51
844 33
61 81
808 45
999 58
627 30
983 31
338 59
579 1
435 99
968 78
52 8
174 41
483 16
884 91
452 18
977 2
727 16
805 17
443 32
187 5
1014 33
875 3
725 15
205 33
870 51
367 48
534 7
311 49
768 28
1016 76
932 89
943 62
683 60
163 3
799 68
888 100
172 71
733 92
35 63
489 46
273 60
788 17
563 8
179 81
509 65
760 18
498 19
707 85
55 39
12 71
1075 82
866 24
391 74
380 91
1009 38
376 52
499 81
621 94
576 70
707 75
921 100
1013 70
3 39
920 12
997 72
398 84
619 6
126 47
642 88
423 46
193 47
866 3
840 89
408 71
696 80
1069 83
740 69
987 57
934 87
870 76
68 52
255 36
665 58
160 64
384 21
544 84
67 67
955 46
454 45
622 86
67 75
1041 18
1005 29
867 36
731 13
39 100
26 23
853 68
14 37
938 15
612 18
778 58
281 91
1010 43
630 70
923 36
1002 75
885 83
701 58
609 15
1024 84
199 56
316 94
181 34
768 14
355 4
262 8
726 20
406 6
300 31
589 6
857 66
679 65
897 19
291 61
764 18
186 89
858 14
414 38
962 74
620 12
291 93
453 59
810 9
750 56
846 43
576 52
111 47
441 44
922 48
953 26
388 81
1042 85
161 25
603 6
837 3
640 58
1067 54
848 58
424 58
455 47
11 10
1055 100
167 10
401 58
791 47
731 29
317 39
550 100
133 44
665 62
462 26
15 54
700 39
347 76
576 98
534 99
321 38
848 91
997 83
913 10
746 36
126 95
673 84
90 71
882 28
630 25
882 88
113 43
61 83
801 30
494 54
330 32
875 99
1020 34
500 60
107 44
517 68
503 75
8 10
170 92
967 47
765 71
876 2
817 63
1024 84
422 54
967 11
1060 6
194 56
10 84
625 21
209 24
708 35
1062 81
317 38
337 56
504 74
555 66
295 8
619 18
310 67
606 48
602 79
515 73
978 69
639 54
1049 19
291 68
829 81
416 85
480 29
1074 79
891 21
204 22
194 42
675 19
1020 14
114 63
629 100
386 39
883 52
1052 42
874 90
187 20
1054 39
359 68
997 35
84 79
800 60
582 73
405 55
657 97
815 28
217 73
787 100
20 32
42 80
14 16
306 25
133 83
140 84
290 8
1058 3
67 49
601 1
464 95
620 41
326 90
568 35
731 15
296 33
709 76
536 52
1041 80
783 69
898 26
406 90
613 41
614 88
830 84
609 37
543 93
1058 49
538 32
36 18
192 47
165 76
843 97
367 56
1004 2
589 78
407 7
755 20
476 86
29 79
692 20
216 67
212 81
753 86
874 35
665 13
52 54
233 80
738 68
846 33
809 63
224 92
522 46
698 44
100 68
92 87
39 31
81 55
843 50
924 32
445 26
63 51
621 62
882 53
811 18
794 19
1053 60
482 87
442 64
667 76
221 5
234 73
615 58
28 43
821 58
83 6
271 61
171 78
922 68
940 53
705 82
76 30
350 99
801 45
670 22
717 69
428 50
834 25
285 6
135 32
937 25
1035 48
21 53
411 13
607 58
912 35
742 15
342 30
344 4
686 18
602 98
1009 23
484 8
379 18
894 67
1078 23
788 89
594 52
852 42
1068 61
923 58
25 21
537 52
809 33
467 94
504 89
132 15
425 5
1052 70
752 75
177 100
296 95
789 56
350 99
550 79
735 66
248 78
569 37
178 54
319 28
937 46
462 36
328 88
828 99
1072 49
591 21
532 62
1028 91
255 77
236 19
842 41
116 32
107 49
64 45
304 86
195 98
697 1
138 60
699 94
614 14
676 19
302 46
54 80
356 8
606 18
455 72
1031 43
12 32
657 7
230 100
860 96
35 91
1042 1
408 97
303 17
818 62
968 68
699 43
895 58
677 71
269 20
261 4
98 54
587 25
1044 54
621 51
502 90
768 72
428 39
267 32
848 41
66 37
798 22
13 69
363 35
708 55
525 53
1064 1
418 59
452 78
153 75
359 90
630 87
1050 89
157 28
973 45
259 12
508 89
1015 30
354 64
1020 73
188 10
335 83
57 34
870 1
885 65
393 33
806 24
746 5
535 56
356 80
1026 87
585 100
399 84
624 90
677 17
894 67
14 75
211 36
971 3
733 52
1060 62
133 82
543 52
1047 46
710 81
28 82
426 37
965 16
15 9
456 99
761 75
530 18
100 32
650 100
650 13
823 38
717 45
592 29
837 30
827 2
143 56
210 27
840 56
650 83
265 16
288 96
420 5
829 99
398 30
608 85
985 52
1053 46
304 42
1024 38
807 68
999 96
746 76
796 5
770 98
225 22
28 48
961 89
542 71
27 90
1016 11
945 46
368 39
741 93
595 43
770 38
952 40
364 64
787 92
52 58
1053 4
206 33
244 73
341 37
998 35
901 97
114 83
761 37
909 74
222 81
284 14
81 70
830 17
159 45
730 65
349 11
806 4
177 28
588 98
296 8
45 46
413 29
884 11
1030 84
330 19
1018 77
1026 60
169 64
800 56
600 44
783 87
60 69
943 86
226 76
37 84
138 2
214 53
831 59
203 78
871 32
140 14
654 64
417 99
645 41
555 64
645 32
780 62
548 65
780 33
580 25
351 43
38 89
954 22
131 17
412 15
331 86
93 69
377 68
937 53
824 6
114 36
320 59
45 50
736 60
570 34
