9530
254 87
1801 68
626 72
574 38
788 36
244 52
475 40
661 100
46 97
1725 4
821 48
895 79
1446 98
1377 88
628 84
373 38
1794 15
1 66
1467 75
1118 84
139 7
1809 93
984 59
1497 19
1039 18
64 94
850 94
1012 6
133 13
766 32
298 90
926 86
817 60
29 45
714 49
304 76
1849 66
1364 75
1588 22
1548 77
174 79
291 80
1592 26
1540 20
740 70
572 20
1522 31
1822 15
418 1
599 35
750 99
1788 1
80 91
316 1
369 58
782 100
1413 73
757 58
1265 29
563 66
248 3
1438 98
566 61
621 43
845 89
48 58
479 29
1473 66
1393 2
1161 23
1135 30
1364 56
1757 65
1488 89
548 23
1462 24
110 61
1184 6
719 99
1207 56
1359 18
279 67
1868 33
231 85
133 15
116 82
1397 93
942 88
1684 2
133 51
267 8
1197 90
1584 11
770 60
526 50
1218 57
1406 68
1625 65
1419 97
915 19
828 32
1085 5
830 52
963 63
1316 94
1667 33
1182 59
308 85
1441 74
1157 75
608 39
485 41
282 82
1457 75
1549 40
1185 65
481 70
1152 39
777 22
168 39
218 52
500 1
1507 100
316 74
394 40
1764 34
1329 47
231 47
848 1
1406 75
908 66
724 7
1619 13
1575 95
1040 69
1905 18
1631 34
970 99
400 10
1635 76
965 57
692 77
1519 64
1624 57
860 97
821 18
746 60
1148 81
84 65
802 51
1774 37
945 43
1136 75
1247 60
1002 90
586 40
413 38
1659 70
1287 49
668 30
1517 81
147 34
1561 66
608 41
1768 75
1558 30
1547 11
1399 1
1874 29
629 83
1527 37
1132 17
240 69
771 35
704 68
1369 82
45 53
863 74
1453 64
1697 15
513 38
264 27
699 61
781 89
786 78
1152 73
1553 71
568 44
939 55
1834 34
393 19
1499 26
1889 58
1501 43
1555 34
1429 7
1629 61
1320 89
1627 45
185 72
180 58
1452 67
482 50
798 12
684 16
1203 21
84 38
1134 44
947 94
859 27
1427 38
944 42
1042 7
856 13
873 100
1877 56
1775 29
1149 59
735 9
1612 6
720 70
1570 41
1118 23
623 76
733 29
58 85
1352 50
1816 71
358 62
107 90
1536 66
372 83
1549 71
755 35
1554 81
1798 84
1755 88
1513 24
1081 32
501 28
1744 14
941 1
869 18
12 53
47 97
1006 84
295 22
656 2
84 81
523 19
227 82
929 39
1139 16
1449 10
1113 39
1689 43
201 97
81 36
592 96
20 53
165 69
815 36
1095 80
1485 45
690 44
1710 81
1094 23
238 55
93 31
435 89
1619 29
193 34
678 57
1226 83
1672 67
1827 91
44 66
1148 54
895 91
1413 33
192 95
1461 42
1351 22
1142 50
1445 78
68 6
1004 89
1041 72
1695 51
1504 7
985 81
1082 88
1080 29
612 94
966 7
206 39
372 22
1121 75
1094 6
870 42
123 93
1318 48
571 64
799 29
435 30
123 87
1801 37
735 30
319 65
329 14
1853 22
702 1
1752 29
857 86
713 83
1625 2
337 41
352 20
847 64
210 49
379 94
1394 94
67 23
1878 65
555 73
104 42
1831 4
798 29
1521 48
1146 54
1783 51
1092 39
1747 86
909 69
1451 31
746 84
1 53
1762 95
976 94
1572 93
1120 45
403 10
1710 42
1563 92
1456 27
1513 86
731 87
187 2
634 40
835 28
321 91
505 10
1899 88
1190 4
355 34
393 2
313 57
1266 17
118 81
955 23
583 98
899 92
4 45
1813 83
1817 13
1692 49
292 32
613 53
950 82
1690 82
1064 55
1303 33
820 72
95 68
950 11
92 54
1661 70
417 70
1878 69
876 13
1284 73
716 49
1490 15
804 93
1552 59
1857 80
239 65
705 65
1433 95
1774 74
1178 76
1265 81
14 43
1856 75
1790 76
1082 55
1445 15
1251 24
583 27
1089 76
150 84
1298 46
112 100
731 24
393 16
1277 93
1719 41
927 48
156 7
784 48
1085 43
1704 12
498 60
815 7
1647 52
563 86
170 46
1888 17
1410 87
711 73
1757 30
821 91
999 29
923 33
1856 44
1155 97
1229 86
1317 18
1132 63
1037 21
465 2
1142 86
23 83
1173 46
1224 94
942 88
622 94
958 12
698 54
123 12
1678 43
308 14
1096 95
51 30
1500 39
1885 24
1029 96
1706 46
1215 51
535 25
1751 19
1545 35
1207 17
1050 51
507 13
241 84
1378 3
1557 84
118 81
558 8
1652 41
1801 30
1218 90
98 64
381 95
958 82
1747 16
1703 55
524 37
218 19
1877 84
1593 53
461 100
1505 57
71 97
1384 51
193 57
646 65
1494 84
1124 79
384 79
784 45
1354 80
374 61
718 64
1124 16
1066 77
1722 55
1141 41
1888 81
507 66
348 89
944 50
970 8
1723 73
861 34
1790 81
583 81
1828 47
227 31
899 96
1544 51
580 63
1279 54
1336 97
1881 13
1065 61
143 93
1418 82
75 86
1538 24
676 40
156 22
624 26
1696 49
1330 18
119 96
87 15
1802 85
1851 27
1772 97
1473 99
1613 64
1415 26
1288 11
957 10
996 60
493 42
1634 73
1416 46
74 46
1502 64
1183 69
1520 99
1464 43
1488 83
1137 32
636 4
1441 52
1456 27
343 58
234 42
452 77
215 22
1026 36
563 10
990 78
468 29
65 80
109 21
1060 79
1688 62
381 42
31 76
926 20
670 23
1250 44
879 90
172 59
1092 67
1808 3
335 88
1320 47
116 29
1060 100
1589 37
402 13
570 6
1359 4
600 76
755 74
1456 96
251 93
618 93
411 1
1105 72
422 74
1180 58
1098 74
737 62
1408 5
523 82
402 23
1646 10
1184 95
285 99
1642 6
150 10
834 84
1687 83
807 6
1282 5
701 18
1551 83
454 60
265 25
73 76
1721 16
303 1
535 17
1090 29
870 97
1640 65
230 14
1247 89
607 1
1073 54
160 73
309 1
777 11
1222 15
1355 73
1866 81
558 12
70 74
1849 81
52 27
727 4
1835 75
946 89
1039 62
545 40
410 99
1172 14
174 80
1306 96
351 40
1448 50
256 85
1660 14
459 6
74 44
23 46
90 22
746 7
40 41
435 46
1706 61
1678 95
958 49
1289 1
926 58
1275 15
1783 55
43 14
1096 38
1090 3
328 97
48 25
1530 99
1141 49
1210 89
1215 28
698 11
375 93
1796 41
1319 82
576 69
586 94
1363 62
202 36
560 26
1541 63
1596 70
365 24
874 66
90 71
1588 57
950 75
584 78
454 7
665 39
1713 8
325 48
9 27
1455 58
24 15
1594 78
335 87
1751 31
1847 97
680 24
730 93
1472 4
546 65
1216 28
1520 92
157 43
652 90
789 100
176 70
684 72
558 39
1724 1
1432 58
1890 47
1604 90
1061 26
827 51
1134 35
610 13
1687 77
1467 20
925 14
1147 56
1116 12
703 59
1553 4
1363 3
1163 63
1304 14
224 44
111 63
1757 65
351 49
1669 83
988 6
1862 15
538 19
220 19
1547 33
1279 50
1840 17
491 47
977 51
1325 45
52 81
1741 30
1215 56
1367 75
537 66
295 18
229 25
657 75
770 32
332 25
738 14
1574 36
391 25
581 81
371 52
967 20
1267 52
1871 78
1473 50
1742 85
207 44
1731 56
529 97
1639 60
1409 13
1789 12
979 39
1005 36
1147 37
242 83
858 80
1755 43
879 37
1587 19
813 13
1024 9
1319 74
1408 55
209 52
1416 84
888 24
1823 3
492 3
730 92
105 47
760 87
1635 86
57 75
643 33
1359 13
294 93
561 20
780 98
1761 67
117 59
1094 91
303 20
668 62
1723 28
1217 49
1498 84
978 21
961 60
1097 93
465 31
715 30
738 88
1067 100
16 67
1011 62
683 11
1039 38
74 20
1079 66
820 72
869 17
260 8
768 56
674 26
385 26
664 61
901 75
1840 56
155 58
58 46
621 8
981 54
1716 51
1271 6
879 53
1039 20
85 24
976 83
1528 32
715 68
1034 65
1266 96
327 90
1680 1
1882 61
1321 29
133 32
1407 70
1135 15
111 57
1550 77
451 79
1077 60
216 56
54 61
1649 75
603 91
177 32
648 37
739 31
439 94
1207 6
940 88
955 99
871 88
792 16
814 54
1241 62
4 22
1258 52
1724 42
1569 48
1895 66
1691 23
1764 53
528 71
313 37
1852 86
789 13
797 62
818 46
742 79
1544 40
273 61
1766 35
1311 77
1270 49
188 20
744 81
160 81
143 40
119 66
1712 28
819 73
1551 25
1112 53
1428 43
1076 47
1709 78
1359 37
33 4
241 32
1310 91
1899 85
1781 69
254 66
1338 74
902 86
1407 48
1319 68
1041 85
1592 27
1475 41
687 86
1015 76
429 15
1516 28
1615 2
695 82
1370 83
1393 8
825 68
654 98
1742 55
1060 64
779 54
532 39
1225 75
62 35
649 45
1669 61
1622 7
1799 54
165 13
1502 17
380 64
816 94
1005 10
1813 7
486 50
276 72
453 55
589 26
1822 50
949 79
1587 17
616 13
43 42
1138 85
1762 86
898 22
1168 84
600 94
304 17
1117 48
537 84
644 41
465 34
1552 26
1089 8
191 9
1050 74
1581 9
1634 81
753 66
295 26
1202 42
600 65
1022 46
1472 66
885 48
1711 16
1183 71
948 15
1742 90
309 51
1593 97
292 72
1738 54
187 20
845 50
368 85
17 76
1244 6
1515 39
1801 15
1704 73
1308 45
198 97
322 69
655 48
1847 51
516 71
927 2
847 50
1478 20
120 33
872 80
1776 89
1104 94
1285 61
1632 21
828 20
1601 58
938 72
737 37
1359 69
1851 46
1304 61
1684 73
1148 1
1510 68
793 51
598 54
383 65
1330 49
254 96
628 2
1725 57
716 45
1210 78
1278 64
1631 68
1794 72
1373 55
1267 84
875 91
920 99
902 82
1300 80
785 81
951 35
971 77
1261 59
827 34
105 63
1226 82
424 35
1049 96
1663 62
934 62
1328 72
1177 55
1667 27
1836 51
801 8
750 76
285 36
215 20
1590 90
384 61
1673 25
659 40
438 26
1736 3
1043 47
626 57
805 63
751 79
526 75
648 57
644 38
899 94
1799 89
324 25
1205 78
977 28
1161 88
868 91
321 91
1257 56
1831 65
1618 76
1323 24
1027 19
145 88
431 22
214 87
256 42
1317 22
66 82
924 63
252 30
1474 75
733 54
1195 56
1835 86
111 40
60 45
1632 30
1658 13
670 51
1128 85
945 29
635 84
41 20
355 52
672 36
1690 76
1425 12
1023 52
1618 57
1693 22
1500 65
1857 82
616 87
1324 33
399 43
1173 82
1345 76
1105 11
1414 85
194 63
1322 41
50 15
1571 38
1254 20
769 48
755 22
295 73
1362 85
24 18
1197 54
1372 60
341 40
267 86
751 5
374 95
1576 27
1486 99
895 29
850 94
1877 94
96 17
1008 63
399 44
1616 5
1751 87
210 3
947 7
1485 97
334 45
713 74
1687 74
1505 78
1066 4
1530 70
1878 69
535 72
828 19
322 44
1886 85
938 13
1602 37
100 31
382 60
1231 24
1028 5
1416 84
967 43
1296 38
893 33
664 72
1065 9
1776 13
1786 65
1453 19
280 43
963 46
1712 91
827 86
653 88
244 91
457 22
1270 88
1557 81
275 40
1497 97
1585 37
763 25
1139 30
1198 63
1729 4
1304 75
1209 67
1176 18
122 4
783 84
985 80
227 87
894 58
268 82
1691 54
318 98
524 55
1464 45
1719 62
1372 83
774 44
1638 63
359 68
1045 34
1555 15
757 59
104 60
1421 58
677 24
1342 60
1610 16
1038 7
1596 7
1061 22
650 24
608 54
1136 92
1785 52
33 9
1187 4
423 59
440 22
1764 2
586 59
1733 84
1781 97
1256 82
329 8
1670 24
1039 24
1427 69
19 91
25 20
191 64
1540 31
1164 33
1646 31
1398 62
1839 30
274 6
1024 19
825 71
1288 46
428 1
1615 81
1770 3
1127 22
1134 42
1234 93
69 91
1459 42
465 71
528 56
79 1
800 13
1578 82
1250 66
1548 35
1806 47
1058 8
1093 10
1725 98
77 37
443 70
74 5
1374 40
140 76
1618 4
1307 25
1652 94
1115 4
884 22
297 41
1545 58
886 19
322 29
1096 94
350 33
601 7
917 23
408 88
1719 45
761 55
1335 62
491 37
1349 9
1759 1
1141 23
481 29
419 74
241 71
1558 37
1535 55
253 24
1490 19
960 6
1436 74
540 86
1839 46
614 35
633 10
1308 6
1231 46
358 69
693 34
321 69
391 48
974 76
675 39
85 29
284 25
879 42
18 78
1227 10
871 41
658 77
1597 48
1053 9
604 92
804 98
714 46
544 30
970 93
1019 65
1157 85
262 55
91 36
747 74
325 90
1487 5
1788 96
285 58
518 20
909 62
1315 65
1551 29
1906 48
647 44
382 98
1786 12
524 56
668 60
1754 79
938 80
124 70
1640 21
438 43
1547 47
948 58
257 74
1848 34
130 64
639 99
473 6
1781 77
1099 44
527 34
1233 87
1897 88
1723 29
1261 39
105 53
1463 2
700 38
760 40
1211 68
1125 40
1740 39
185 46
333 43
603 48
410 56
1139 23
340 96
404 73
1742 57
1059 28
635 19
1781 47
1558 17
65 47
1087 17
875 24
1364 17
1223 14
1901 38
854 51
47 32
1272 90
1433 39
1875 60
1042 8
426 24
767 69
76 45
1170 60
192 68
693 17
1503 24
535 17
751 45
134 5
560 40
1560 6
581 36
1706 6
20 53
721 91
498 81
810 2
409 50
61 34
476 88
801 84
804 55
864 100
603 10
154 81
91 4
781 14
1505 1
532 16
1155 97
1462 89
636 93
91 39
1143 16
565 1
120 74
917 71
1587 21
147 87
388 78
1458 29
1588 69
479 65
410 74
1585 61
79 7
53 73
835 93
480 2
1130 5
1284 6
68 96
1273 5
949 30
1805 40
27 16
910 72
1495 84
1519 85
1224 56
1375 89
1182 22
546 83
1903 93
467 69
1552 26
998 29
207 24
401 19
85 28
1524 3
1069 79
974 19
795 90
970 79
266 20
1126 28
1532 41
196 59
159 41
284 2
657 96
1845 39
1778 75
989 49
57 54
1359 66
972 96
863 95
1833 1
1322 16
1142 46
734 64
513 83
1839 83
231 68
64 17
1312 51
372 98
180 34
39 30
1422 97
552 15
1699 37
606 6
1327 39
744 59
314 75
407 42
997 70
48 11
1341 31
262 86
1820 60
908 38
1268 26
1082 16
891 87
452 76
1439 66
1775 86
503 31
1886 36
1638 24
1340 16
1661 10
60 35
1261 65
367 8
1375 22
431 45
1818 20
1119 78
811 96
79 33
440 97
1709 39
840 11
782 56
1214 37
1719 8
1648 34
289 10
1781 7
1730 88
88 85
1544 27
561 82
1657 6
157 19
463 32
1248 78
104 62
485 7
69 7
1041 71
1228 91
1005 18
516 70
451 53
366 35
1008 79
826 23
1474 1
1887 63
574 96
384 9
238 37
863 88
1033 37
1720 66
1456 65
1880 78
1706 64
959 7
103 35
1031 22
265 95
1309 3
346 17
1840 61
240 21
1740 50
487 9
640 49
539 78
604 39
1321 40
271 82
430 82
1798 98
1866 69
1441 96
875 68
1461 28
624 51
1121 23
1541 6
818 75
640 98
829 74
1426 26
1733 79
702 42
1317 35
385 64
69 71
1507 74
1224 83
1343 92
993 32
660 19
140 38
796 80
1125 33
1584 92
1182 89
1686 79
53 54
1669 100
1055 2
1232 39
1861 16
60 100
1799 87
1903 51
686 12
1499 29
1684 32
449 55
84 14
515 47
491 46
1056 59
288 14
1006 95
1842 37
1211 73
1475 23
1517 65
1872 87
252 53
488 13
609 20
228 58
1271 13
1854 57
1102 82
1363 76
1098 7
1292 50
1791 75
1190 12
747 75
13 5
1789 13
519 11
20 4
359 52
1393 70
63 91
1257 35
548 40
252 60
1897 3
1543 12
1675 44
1370 78
1144 44
997 63
813 69
695 77
1853 3
1855 100
1750 12
17 48
881 29
1081 31
1795 24
990 59
490 51
853 4
285 23
1363 47
759 22
1868 28
434 46
1632 77
126 8
1368 2
1386 40
1205 1
1888 31
1734 6
1391 41
1512 31
1895 25
1760 50
1820 83
88 55
360 61
1366 46
1188 56
1572 54
1489 40
122 18
1254 86
346 79
1867 23
1843 85
1706 50
349 81
1699 30
1156 59
232 68
1588 65
163 70
905 25
1375 73
1329 77
985 83
300 15
1502 39
1169 16
457 93
1017 18
1666 6
1357 80
337 8
1436 35
251 21
1578 72
1074 30
1783 67
1072 100
82 88
1329 21
381 23
683 72
733 65
298 81
127 20
1641 49
391 68
850 48
1781 97
181 19
1622 62
667 49
750 20
1293 81
1113 93
1647 18
1207 27
1266 30
1794 95
26 56
484 27
446 33
204 69
1898 57
110 15
526 24
186 28
1804 84
317 75
638 29
1892 76
1462 64
1480 9
855 28
1133 23
705 67
1774 92
1346 26
1174 86
308 40
1054 59
542 1
345 14
167 1
577 20
179 58
1117 91
696 81
1156 61
615 82
636 81
234 80
942 92
1350 76
1162 24
1447 95
1349 92
1606 100
34 92
1507 16
652 11
1211 36
1723 48
140 22
1132 13
993 59
1170 67
1670 56
994 8
1596 71
1168 25
21 19
1847 25
127 60
1196 74
1059 4
1456 69
571 3
1707 100
93 97
306 83
1903 94
306 69
1425 20
1747 90
19 11
1784 31
1021 96
569 33
1061 57
1563 4
65 76
219 78
464 40
1503 42
752 99
1584 77
685 65
544 57
392 98
1516 21
1016 16
832 63
1745 92
1802 29
148 55
1279 90
1662 60
8 82
468 57
1279 58
841 89
66 51
102 5
481 61
1794 69
526 67
1254 17
799 28
488 5
1688 21
1617 2
1139 85
106 44
976 34
1035 61
1488 72
1029 94
619 1
1392 62
1328 50
1497 4
165 6
285 39
640 45
932 31
1118 42
1436 80
89 96
463 36
639 92
1424 12
432 35
1745 44
534 45
1336 61
1800 18
1795 26
3 51
312 82
850 70
22 76
601 17
783 47
1257 92
852 10
1206 79
14 16
6 70
678 17
1750 45
1855 11
1706 39
1518 39
480 76
1645 87
1080 46
423 29
1349 18
307 7
713 78
1897 91
1023 8
534 44
917 87
1495 91
508 52
297 58
1614 61
668 83
621 39
38 33
1642 50
1328 76
1569 99
236 62
1064 44
594 92
367 22
400 52
841 28
180 78
207 99
1367 10
988 54
416 70
466 93
1051 38
586 19
1811 67
396 63
1186 9
1337 49
983 82
702 33
681 100
119 20
327 64
1403 64
303 34
1023 68
1789 55
1791 73
1664 69
500 98
1249 4
1535 22
1485 45
1167 79
1584 75
1309 4
633 98
1666 41
1609 41
1648 8
1569 57
451 73
1431 33
162 25
1679 38
368 42
478 39
1115 15
1500 51
36 80
1844 9
1504 83
589 99
581 58
936 97
835 37
1845 76
1459 11
1828 47
1647 66
1770 43
1095 71
1643 84
254 58
1264 11
159 79
797 74
1337 53
1227 41
1559 65
244 100
1097 27
1383 70
1884 66
782 94
1470 24
1011 15
1057 5
486 10
18 96
1009 69
735 94
1356 42
1672 91
100 63
1657 88
110 19
1038 74
781 31
875 14
1683 45
654 100
161 4
1117 4
778 67
1649 86
289 41
1337 75
15 43
1896 15
752 28
1172 55
1888 17
542 59
1621 74
1133 6
885 100
1848 61
948 22
1001 59
224 36
23 11
153 30
555 49
80 16
1690 3
469 100
521 97
1377 97
349 50
556 2
845 70
1894 22
628 37
59 51
1815 70
1276 16
1010 45
1701 54
1733 19
923 71
324 58
645 62
1801 50
1632 3
1067 74
580 54
1171 84
234 65
1407 78
878 53
199 66
99 88
398 2
615 33
699 51
1848 35
1401 77
555 14
850 25
631 30
1126 26
487 52
1756 12
1775 19
341 22
1149 87
1015 22
1139 92
517 37
720 72
1087 53
1444 34
918 79
182 57
1629 76
2 86
406 69
506 1
1148 76
1802 92
84 28
1586 65
1502 95
1081 3
335 1
1814 4
638 31
167 30
620 58
768 36
827 13
889 46
245 72
543 32
303 63
761 25
125 31
660 100
83 61
1460 57
1373 47
1498 38
512 63
716 56
332 33
804 82
1155 74
1311 95
1807 7
852 14
1308 41
1302 19
836 43
103 17
1004 7
1692 24
1015 67
536 39
584 8
1787 16
1888 95
1845 85
1215 32
248 12
1744 99
668 55
540 53
1546 34
1545 9
209 88
1046 33
1059 53
1887 35
719 44
1356 77
1558 97
1165 31
492 75
1501 79
1005 53
672 19
571 81
102 5
1678 28
281 11
1166 73
1055 48
867 80
1035 29
1204 73
473 60
526 14
195 65
530 19
1089 27
1100 31
819 23
1218 98
1845 35
511 32
746 55
1210 55
86 89
1211 9
1355 12
1749 46
1464 9
1674 16
1677 65
1616 92
1546 81
242 1
636 34
186 98
1573 93
784 38
191 18
1747 53
1473 91
255 7
977 92
211 63
583 93
1583 8
591 31
380 69
237 6
1733 74
213 34
1186 35
1871 31
1337 72
256 27
443 99
963 48
166 23
673 52
243 46
514 81
781 7
555 77
1654 19
875 48
42 41
1125 78
1240 79
1653 43
823 89
41 63
495 20
699 29
1719 13
1020 98
432 44
1255 53
393 29
1387 91
934 79
1297 74
395 98
867 94
1275 39
705 15
726 72
1274 29
1832 48
1437 35
892 75
1413 3
553 36
1174 84
1700 71
313 88
727 55
797 39
327 25
1237 1
1082 55
1588 6
1477 51
1158 89
1847 9
1200 80
184 28
615 61
238 28
1865 18
276 100
1764 29
1888 61
1134 100
1211 38
1052 30
1441 53
1471 23
1569 79
230 66
72 38
1900 44
1562 67
1605 35
1825 40
709 72
1086 96
208 58
1717 94
527 78
1681 14
1037 94
954 51
890 37
77 61
338 41
1738 85
279 33
1470 41
1140 20
799 3
1208 69
1188 24
1723 49
1504 52
1406 76
730 43
1839 94
884 51
1484 84
306 81
1611 31
382 64
1612 89
1265 39
806 43
140 41
853 1
1499 38
1039 37
1635 76
462 19
1866 31
290 17
1403 77
1130 77
53 88
831 77
809 73
1198 64
1752 92
1731 38
1898 100
1904 76
355 49
211 97
1459 40
16 5
465 26
387 35
1806 78
1623 11
208 65
337 92
840 92
1290 97
1325 45
1732 21
873 11
711 26
354 99
350 16
553 10
1739 64
64 88
573 80
645 75
1473 99
367 76
1883 68
706 6
1612 29
552 22
1069 32
892 25
1665 100
1252 22
1060 99
494 81
1172 58
256 33
1851 39
872 21
741 8
501 68
1727 88
1508 38
1072 51
33 10
1541 58
93 12
420 53
109 50
591 83
1186 2
1632 47
319 70
518 69
1564 94
949 67
1558 92
674 77
915 95
624 1
1332 64
1268 27
232 49
1492 23
1428 98
1621 21
866 49
794 29
707 57
1632 67
281 68
603 51
139 22
1735 77
1711 15
817 92
931 55
844 55
1253 80
1271 76
253 72
15 45
464 46
804 92
1263 21
1878 69
179 93
1035 19
1752 7
194 78
822 97
764 41
76 81
395 79
835 95
337 71
865 89
594 31
574 24
1343 4
890 32
776 43
625 19
1051 56
1081 32
205 5
1198 9
1008 57
722 7
405 1
1581 71
61 99
303 66
242 48
1706 27
1615 27
1504 86
1666 77
251 61
1248 25
197 33
1811 58
702 50
1473 52
1858 68
1660 68
421 41
650 23
846 44
1865 56
1513 54
512 25
1267 25
310 59
1682 63
1262 85
1844 47
1016 64
1627 79
1579 27
826 96
1179 33
478 88
289 91
206 87
1388 23
1370 99
1245 97
1887 41
222 67
480 56
1244 97
1755 73
1211 49
944 69
189 26
130 88
1583 56
540 64
422 27
341 99
830 59
740 9
1826 30
1020 82
861 92
1246 95
583 81
554 2
793 62
1534 33
787 44
50 6
1301 62
328 94
270 27
1661 54
1243 55
45 72
1370 53
843 11
252 17
1181 71
820 46
737 84
1611 85
47 26
1 4
335 35
1481 18
1822 20
1466 28
1044 98
380 60
416 13
1597 44
860 90
1368 79
1811 97
888 21
589 46
1528 47
392 29
1205 85
1056 57
974 73
1445 64
545 34
620 51
1762 7
11 48
790 81
1346 18
1121 16
1104 26
359 5
1866 3
1241 90
415 62
1512 75
1693 97
1792 67
190 18
1473 97
320 58
90 19
1752 78
1607 58
253 18
767 55
882 65
1630 36
377 42
647 87
743 13
1867 91
1243 6
1730 45
1835 100
90 34
1358 99
1382 24
1306 71
1239 86
664 25
1090 29
1390 28
1143 78
535 28
506 71
1059 52
1506 18
1842 48
13 2
814 51
432 48
370 87
32 94
1830 80
1668 30
894 53
852 7
1680 37
142 29
132 53
1158 61
341 8
456 77
1546 62
291 26
423 19
215 53
1504 49
1857 7
49 67
1020 63
1030 17
1167 35
807 93
1292 81
1852 8
1740 63
1854 41
598 63
741 6
658 53
1748 4
1418 62
1381 16
557 16
1575 7
165 35
146 73
1517 74
106 46
691 76
1215 13
1620 22
1797 83
1520 64
934 42
654 82
481 97
100 3
1770 33
1377 72
1598 62
1132 52
907 92
1672 75
1827 26
1107 99
20 92
1710 61
