4082
200 1
322 56
616 1
684 81
112 90
505 18
259 90
538 51
648 47
145 45
698 29
553 83
374 77
559 16
710 39
57 88
167 23
339 65
247 76
253 75
394 67
581 96
16 69
180 52
574 34
228 16
66 22
806 26
266 52
592 11
265 92
231 68
217 46
188 87
201 53
806 28
164 62
673 53
329 88
692 13
476 46
558 99
776 74
757 91
322 55
668 69
320 13
227 10
214 2
11 60
357 78
628 10
422 5
597 66
155 34
542 68
175 45
792 4
168 87
700 69
813 68
763 20
516 29
320 33
644 80
295 34
757 63
609 26
534 71
461 36
288 27
336 65
289 87
310 90
715 77
78 3
110 34
552 84
64 1
130 38
14 41
576 47
641 61
803 54
515 25
730 25
725 82
556 12
586 31
601 21
473 32
407 31
38 53
9 43
803 44
243 82
276 41
661 13
212 14
636 84
746 44
202 12
509 67
232 83
320 22
667 53
444 38
137 43
439 40
677 43
409 16
117 68
424 28
201 38
419 19
243 18
223 46
573 66
815 88
203 62
128 62
385 5
650 25
262 43
375 21
80 25
254 56
646 89
275 49
772 88
11 20
277 38
334 67
41 40
725 99
68 10
191 83
489 64
201 89
743 67
341 73
76 21
226 27
107 53
108 37
569 39
340 38
204 45
554 57
297 89
484 92
236 92
740 57
456 30
364 80
92 29
341 89
618 94
789 51
394 15
491 16
184 12
739 9
421 41
207 37
335 36
12 36
648 90
380 62
332 99
531 84
555 28
305 27
560 21
601 91
446 13
716 93
633 95
810 44
767 60
265 21
210 75
353 76
125 47
541 90
265 53
2 53
377 34
795 9
745 80
324 84
438 15
660 86
447 71
394 2
168 25
447 90
699 100
572 30
497 86
250 72
686 100
772 39
353 36
88 17
198 32
494 90
168 34
107 39
487 52
597 77
155 15
632 57
581 67
355 16
196 49
31 88
687 48
765 73
225 65
745 72
383 65
417 20
363 19
221 70
227 8
687 48
123 84
581 45
739 76
521 31
195 52
302 95
113 23
410 73
392 12
190 77
485 25
417 67
58 51
219 44
410 9
320 97
391 7
350 87
573 41
744 20
355 14
672 70
668 63
188 34
357 75
165 10
807 90
515 12
393 100
43 15
643 6
672 60
79 8
758 13
32 37
424 14
704 47
449 44
113 1
611 38
463 89
30 12
741 64
159 67
529 18
337 42
577 22
412 73
235 34
462 71
78 31
7 24
568 26
651 66
355 42
289 92
666 64
423 92
386 15
406 38
783 81
46 7
135 7
652 73
489 92
514 34
754 45
456 58
145 66
345 97
748 34
465 97
699 8
129 95
696 24
190 8
255 84
391 23
323 44
392 69
513 79
36 89
526 86
788 71
458 62
675 60
365 20
639 57
226 82
119 39
271 66
703 53
515 57
93 72
524 5
606 12
151 90
82 99
89 61
330 99
354 2
511 33
582 55
187 63
408 78
551 23
242 71
26 70
92 29
766 71
758 26
787 28
147 10
517 27
696 61
672 83
420 89
199 57
326 40
355 60
669 73
719 7
806 2
235 81
137 99
699 14
433 78
81 55
4 6
311 96
31 9
251 27
170 32
157 72
57 100
800 35
196 30
754 40
692 21
266 4
332 5
752 99
590 62
455 42
271 86
798 21
812 64
362 99
770 98
326 71
615 18
40 65
88 12
803 52
669 91
589 12
462 61
717 96
487 86
531 46
149 42
169 2
116 45
597 15
754 24
192 1
642 51
114 86
351 64
159 63
612 21
494 27
252 40
5 66
455 62
101 57
699 33
600 39
187 25
678 13
236 20
311 80
83 91
533 33
517 83
652 63
120 24
201 13
222 1
135 24
110 37
176 25
576 88
385 17
190 50
671 83
549 84
601 93
192 69
487 77
243 41
283 98
252 66
792 48
288 100
15 13
246 14
188 58
456 80
464 50
812 71
25 67
683 17
609 11
311 81
98 65
420 22
391 11
368 58
718 43
696 71
699 93
104 8
794 97
608 30
505 84
176 80
135 12
575 58
606 42
164 58
399 49
36 91
361 73
391 27
111 41
369 1
271 97
522 18
390 34
304 65
133 89
128 45
232 27
356 32
476 39
798 27
276 65
200 38
514 21
798 28
778 82
416 58
619 91
480 8
469 100
369 68
101 12
10 31
61 58
752 17
449 52
596 30
674 64
493 84
106 1
159 70
439 20
539 33
599 70
138 20
16 55
700 71
679 37
261 47
773 18
560 22
653 46
590 2
756 11
367 90
188 18
556 100
499 5
235 21
727 97
465 54
730 15
208 32
259 77
402 57
237 47
242 37
37 4
256 85
563 72
352 3
601 32
755 88
97 85
91 77
430 20
615 85
309 68
616 95
785 29
49 15
564 92
626 24
1 46
257 30
558 71
760 33
285 79
267 94
790 89
571 57
425 67
437 28
41 64
424 64
390 2
25 51
770 16
360 41
642 66
763 15
389 10
565 88
469 45
98 12
58 84
1 53
2 87
754 33
102 44
97 37
104 27
739 90
244 97
631 17
190 95
267 56
375 73
657 37
236 54
601 11
458 70
540 42
417 60
417 18
782 28
630 11
518 25
751 27
179 86
670 59
24 79
227 44
346 43
57 27
448 47
673 2
469 45
383 40
380 70
185 85
670 78
267 87
768 62
206 12
578 10
228 45
639 79
528 30
279 83
124 4
708 86
576 73
474 38
530 64
167 77
620 13
366 24
112 44
421 31
524 67
675 71
704 50
308 80
75 48
263 58
415 10
567 76
14 81
769 56
239 23
72 61
511 46
543 43
251 21
471 64
78 60
140 79
170 20
317 4
435 81
618 88
796 4
274 82
178 72
453 23
439 97
44 53
20 24
492 39
133 80
471 66
788 21
764 44
462 19
559 38
690 25
346 89
331 99
793 49
290 49
384 11
52 40
776 30
516 87
97 76
153 81
206 61
601 12
300 27
379 80
369 16
140 100
150 64
698 24
808 45
225 30
390 40
409 65
312 8
337 83
664 92
624 33
201 49
335 26
489 50
595 67
81 34
739 15
662 61
467 94
701 99
624 45
371 19
494 73
558 80
770 55
759 70
312 29
595 61
690 31
297 2
149 68
570 13
382 2
709 40
602 81
595 63
177 31
127 29
690 37
218 83
778 28
236 51
744 91
596 65
643 89
231 9
460 59
23 50
582 19
261 48
667 55
264 14
224 14
448 23
658 92
802 88
434 65
129 37
617 19
209 58
334 85
809 21
276 89
549 69
225 65
577 58
786 59
132 89
492 63
788 34
2 47
515 98
566 77
39 10
510 16
316 75
492 89
680 28
383 48
627 14
476 62
113 40
12 65
792 7
802 78
390 85
234 59
506 54
811 64
584 15
47 85
702 43
214 61
508 3
447 85
696 68
658 61
34 14
813 58
606 93
600 14
714 73
652 74
618 37
13 92
400 28
395 61
483 16
212 30
66 30
565 2
484 58
253 39
737 84
526 1
496 57
54 54
171 40
69 8
385 32
457 83
505 37
367 15
538 98
243 6
732 57
4 55
648 3
582 85
195 6
420 12
733 76
446 41
163 73
425 26
172 80
314 9
580 100
771 65
296 71
389 83
791 1
702 27
187 19
376 93
579 84
236 73
433 41
268 23
814 57
231 58
234 50
301 32
436 59
797 60
84 5
383 62
309 73
316 96
302 60
609 14
749 49
148 97
516 60
565 36
105 93
623 64
1 7
502 95
61 83
380 1
242 82
711 24
758 39
398 54
16 43
355 9
255 94
95 28
499 18
367 82
573 42
42 16
694 98
522 55
549 32
609 8
455 53
128 90
142 4
696 12
569 17
98 96
688 59
61 81
599 5
187 67
193 63
324 68
17 10
274 30
20 26
11 50
338 70
51 86
767 19
666 74
59 7
604 33
32 22
774 76
685 99
768 63
720 50
651 72
320 66
616 26
300 96
508 37
269 2
272 30
737 57
2 45
601 13
115 15
219 99
192 49
36 4
814 33
754 19
716 64
58 43
710 19
376 40
69 9
249 41
299 37
406 72
318 95
382 83
417 11
358 96
20 59
635 82
409 65
316 54
264 28
761 84
585 50
813 16
331 98
562 66
793 57
292 60
129 76
600 66
175 62
792 50
448 72
685 85
91 40
251 84
580 68
469 26
774 47
725 46
136 4
436 48
671 47
416 11
520 34
471 6
105 2
261 61
9 65
71 24
378 5
712 46
31 72
166 17
251 7
272 54
566 77
538 58
196 10
199 70
365 15
146 78
406 31
225 12
740 36
325 22
286 89
182 78
6 93
656 9
21 1
188 56
787 96
497 24
117 84
531 49
220 32
217 70
300 12
209 99
518 33
352 15
439 37
742 27
266 81
249 15
512 48
214 28
687 53
580 66
76 27
654 98
402 90
659 62
628 60
683 74
699 22
357 61
507 29
762 10
714 17
359 14
568 9
441 21
610 5
680 85
455 82
211 17
13 68
332 22
559 60
357 22
15 75
482 50
516 59
51 10
510 68
494 83
711 30
740 15
236 50
24 20
569 41
417 71
275 68
370 19
16 64
287 51
132 10
639 12
648 83
181 15
450 57
543 19
377 14
14 1
230 60
384 3
178 4
379 91
388 23
751 37
260 66
262 47
74 22
437 37
33 80
48 81
808 67
126 60
475 39
185 41
697 51
444 80
159 39
636 7
225 36
189 14
330 51
145 100
231 5
785 22
400 77
346 98
159 76
114 3
409 26
459 79
125 80
104 40
754 25
567 65
341 11
81 34
460 28
802 18
274 89
324 49
779 66
652 89
530 29
488 24
663 74
193 40
349 34
373 66
364 5
602 96
662 20
225 15
522 60
111 49
95 90
736 60
64 1
189 59
115 38
529 61
86 20
39 72
646 71
14 28
126 73
127 100
383 100
806 70
421 84
452 14
523 28
231 26
597 52
117 79
522 88
63 25
354 66
608 1
322 33
191 86
141 30
43 89
788 88
494 65
318 79
421 51
663 9
234 6
523 3
360 51
142 3
598 78
451 38
470 92
787 72
508 79
255 2
578 45
57 68
464 64
692 67
287 50
598 70
493 16
282 66
442 79
531 22
177 16
143 23
131 73
664 79
670 21
429 57
6 63
36 92
271 87
53 12
528 93
669 95
522 14
525 55
441 38
769 95
806 25
565 37
605 43
772 47
192 6
116 54
87 45
129 7
521 33
411 68
218 49
576 58
340 57
426 43
351 67
198 19
330 19
425 100
175 18
698 29
262 25
207 73
632 50
334 89
161 46
690 92
782 59
270 65
226 65
396 33
536 86
620 48
696 95
272 59
653 20
706 27
791 57
340 6
65 97
679 67
299 50
692 48
241 26
640 82
389 4
70 47
281 9
719 90
698 52
542 7
133 55
321 75
775 6
72 37
512 20
41 14
96 27
571 61
672 9
476 18
700 60
693 76
281 59
545 57
468 16
739 44
382 34
226 63
266 71
792 93
618 43
560 4
271 86
643 48
690 81
685 80
738 38
250 94
783 69
752 91
687 43
23 27
733 46
810 71
154 19
410 79
200 11
754 16
148 37
717 31
275 3
659 99
733 70
783 43
259 9
13 23
34 86
372 36
41 71
549 39
63 88
102 44
608 15
422 48
175 74
523 42
239 51
79 84
607 47
693 51
526 66
145 44
589 83
57 35
268 31
602 13
60 43
674 94
164 52
773 93
179 81
142 18
213 99
457 47
747 70
693 29
329 59
456 45
356 97
59 67
248 99
108 72
336 96
424 54
614 50
386 90
57 18
335 40
322 69
623 2
246 85
462 66
410 10
242 97
403 36
470 74
804 30
473 53
755 16
484 93
223 14
195 32
555 20
552 45
254 36
747 96
17 17
645 18
280 5
253 55
115 14
39 41
427 32
594 28
313 9
634 81
123 41
374 93
303 12
654 60
102 27
601 15
69 69
262 75
487 57
517 10
410 63
247 69
601 26
117 99
33 74
507 27
9 78
554 20
486 50
666 61
214 33
45 64
480 57
580 55
289 83
355 62
553 47
544 20
724 99
383 57
412 35
250 13
715 84
280 100
125 11
812 60
780 4
562 34
766 38
76 17
523 62
508 44
586 89
109 50
640 18
797 68
107 32
673 74
123 88
699 81
696 27
527 95
267 29
668 78
391 95
169 36
321 100
665 64
557 36
733 58
672 71
784 96
454 36
754 73
89 44
598 22
321 91
358 15
532 75
740 25
159 3
19 31
618 27
540 88
10 69
391 52
54 50
465 51
643 89
281 17
270 78
237 57
635 1
87 81
51 29
50 87
438 16
359 18
285 98
13 42
419 16
115 38
651 94
337 72
289 45
448 93
423 21
52 18
407 39
311 20
743 27
322 25
159 36
192 61
39 84
688 71
620 57
531 72
161 69
80 85
34 93
259 10
398 35
637 30
263 51
452 86
665 25
282 28
740 18
468 3
650 43
220 87
599 9
398 15
274 59
393 48
99 74
501 86
560 84
792 54
635 86
56 16
480 85
443 3
778 20
536 88
237 92
315 70
248 60
591 73
408 81
579 17
2 61
691 40
243 94
228 93
713 55
333 80
28 7
732 55
543 31
53 94
801 1
379 86
189 53
654 13
273 44
50 71
432 15
786 30
761 63
751 72
700 82
692 74
267 18
105 26
20 47
330 44
768 95
260 34
117 54
10 29
512 34
319 100
813 23
791 60
524 14
264 19
634 4
481 65
460 2
782 45
69 91
220 17
82 15
274 78
67 1
134 52
790 93
588 72
165 60
85 55
409 26
763 5
566 19
184 4
441 48
319 28
548 34
657 59
554 91
422 90
334 53
634 55
768 30
66 53
803 83
443 11
239 96
798 66
789 88
185 67
181 63
691 47
701 7
352 38
335 15
220 6
411 19
752 57
347 25
228 92
795 27
335 82
118 28
342 70
282 94
647 73
199 29
247 77
344 25
349 73
330 58
357 14
775 17
194 46
201 60
346 49
231 92
605 93
407 29
195 81
610 92
203 80
611 35
455 19
810 20
807 6
62 30
372 66
380 67
110 15
327 56
723 41
373 95
266 82
733 79
609 23
705 9
55 54
26 76
3 45
231 41
336 20
650 76
247 79
771 76
103 29
289 43
807 78
651 20
544 93
751 22
714 18
698 11
510 50
343 36
78 66
560 67
347 14
589 97
581 90
569 96
527 80
451 20
63 12
223 56
273 100
158 29
100 23
298 31
546 67
553 75
359 73
707 50
464 75
165 15
786 98
807 95
782 59
556 46
135 100
315 66
795 40
28 33
704 55
361 37
38 32
415 38
272 28
566 77
17 76
746 15
151 45
540 44
404 98
631 25
576 74
544 62
705 51
92 63
319 58
152 15
159 30
774 28
43 86
119 82
195 48
795 100
747 26
678 34
602 72
719 2
655 86
297 47
721 87
758 41
181 93
405 100
430 35
577 60
357 75
388 49
336 92
644 29
754 69
211 44
597 23
354 23
600 56
466 67
640 27
234 74
643 88
99 44
613 58
153 1
742 8
1 2
243 67
279 56
186 1
194 29
780 47
76 43
462 95
172 29
251 3
189 7
78 40
791 27
611 85
209 26
53 6
271 21
204 88
170 38
551 69
507 5
593 14
115 10
678 24
639 31
652 85
51 76
691 98
417 85
237 25
191 44
545 50
231 8
735 27
133 14
72 60
346 18
414 83
560 17
395 91
7 99
49 10
597 3
563 36
331 84
297 12
130 28
798 60
103 25
762 79
296 58
25 42
101 9
536 56
701 8
518 39
156 65
261 9
25 10
40 61
103 17
72 15
590 29
17 2
38 43
46 62
705 59
137 80
433 93
210 40
523 46
529 3
485 50
247 4
204 21
344 56
343 42
290 50
723 94
718 87
462 70
345 47
576 37
96 25
543 91
261 100
12 47
607 22
288 28
605 75
781 43
392 13
760 24
46 62
382 91
633 92
237 28
605 89
399 24
448 21
143 5
452 65
45 64
453 18
105 100
358 66
191 89
560 7
328 5
128 67
78 74
724 94
146 34
158 70
60 45
366 26
106 31
153 7
18 36
712 16
175 30
803 99
600 33
402 13
765 36
207 56
124 34
744 100
392 81
145 12
682 57
83 60
600 49
746 15
680 56
44 12
165 29
798 25
782 2
386 60
690 63
365 27
437 33
19 78
368 58
572 66
387 28
706 59
680 23
177 43
284 34
89 51
539 49
460 51
494 84
768 44
787 22
326 92
697 69
364 28
37 52
537 22
747 20
161 74
81 83
534 85
388 57
588 10
360 45
748 91
600 79
209 3
307 16
148 48
733 46
562 67
51 11
87 93
465 91
305 79
180 69
308 65
469 78
382 66
746 32
718 82
599 13
105 24
117 2
652 3
543 56
258 32
165 98
87 18
436 88
783 16
342 30
103 15
710 13
633 32
538 62
694 91
72 34
98 9
25 65
353 58
588 42
787 69
398 35
236 18
713 69
557 15
716 72
656 65
444 97
797 26
422 89
315 70
337 2
477 68
62 19
340 31
2 89
519 36
692 59
384 83
130 11
574 80
327 25
780 40
35 42
166 51
243 58
525 52
623 8
718 72
147 62
720 58
551 48
805 33
560 57
370 62
230 14
414 28
686 6
407 84
458 74
563 84
150 17
658 65
768 98
560 53
300 26
750 99
666 95
672 81
281 86
503 73
747 9
806 57
315 53
68 62
507 54
480 43
775 59
84 48
689 14
729 35
690 3
194 72
461 73
634 57
704 44
217 21
270 11
110 58
126 3
272 7
391 50
729 9
782 8
261 49
553 78
206 50
13 25
634 17
625 72
575 36
26 31
304 49
492 17
34 68
405 42
763 61
491 65
477 7
33 57
724 8
644 92
377 49
96 92
624 75
799 13
197 68
315 39
54 47
332 88
24 30
705 47
131 90
605 5
749 37
571 77
231 59
689 70
535 75
801 2
315 17
124 96
685 72
262 35
794 53
690 93
64 11
341 87
265 67
309 9
315 63
429 12
70 4
292 37
766 69
298 20
346 83
541 16
744 86
168 67
564 58
757 31
680 80
470 52
515 8
459 91
277 75
585 85
300 15
555 67
607 30
132 85
701 98
539 78
800 82
241 52
815 87
516 43
322 54
21 85
455 84
186 1
707 38
577 33
440 15
181 56
747 54
301 28
592 27
631 80
783 10
364 52
232 33
259 56
62 21
580 8
285 37
313 6
749 34
327 5
496 14
120 61
791 25
714 31
809 33
239 35
227 81
288 56
233 44
517 16
144 59
145 42
465 12
406 73
438 36
126 40
328 54
360 16
7 10
288 78
168 48
90 95
639 19
544 14
674 33
271 14
764 96
38 18
421 72
667 83
508 98
341 69
332 28
16 31
633 10
626 71
156 10
438 57
526 53
43 95
154 98
658 5
524 33
706 56
653 70
406 93
614 30
717 59
746 17
450 73
84 88
87 69
715 43
790 52
382 87
636 98
229 33
218 66
400 10
456 45
776 13
758 74
298 73
138 75
431 42
545 88
664 58
568 49
756 51
718 86
334 24
113 27
2 78
528 22
113 98
269 78
157 64
145 61
134 90
418 89
84 79
324 58
36 92
202 97
375 88
403 50
49 92
558 5
143 2
762 2
527 79
164 93
344 49
107 17
720 43
779 16
69 24
605 56
433 92
354 84
471 84
436 8
648 44
507 70
100 70
32 86
312 29
696 72
203 53
685 47
727 1
98 18
575 59
45 57
665 98
777 88
508 51
465 35
654 61
119 75
320 96
322 88
815 5
463 11
623 11
632 90
248 2
564 66
470 72
203 50
720 14
601 16
811 62
507 47
280 24
365 70
17 91
283 23
568 20
249 83
644 12
603 86
673 50
631 1
98 33
738 92
717 57
252 28
274 43
813 41
785 52
373 96
218 36
789 64
550 87
608 19
441 22
353 54
79 100
537 64
581 11
130 26
238 8
396 14
640 7
186 94
287 27
758 54
632 62
66 89
129 34
118 57
588 31
357 72
202 57
755 60
371 68
402 64
398 91
325 60
742 66
573 77
704 59
704 73
28 6
16 49
599 66
129 49
798 64
268 39
3 8
341 41
226 68
780 51
661 72
698 20
457 21
31 50
690 33
600 28
250 35
400 86
113 38
300 37
628 70
625 36
258 97
71 93
303 68
428 65
601 64
186 6
463 39
327 64
509 6
788 77
615 43
802 62
465 72
35 36
758 45
804 22
142 1
368 96
406 41
653 23
434 100
409 14
104 28
58 6
693 97
24 62
772 27
42 60
787 39
27 29
725 68
289 34
693 14
700 62
161 4
258 29
164 99
367 51
771 7
553 54
362 50
805 46
579 55
530 83
432 2
480 13
206 38
17 32
166 83
250 97
531 42
68 27
483 82
652 75
392 91
342 39
12 76
595 43
690 19
441 14
18 37
161 5
343 29
365 20
299 83
160 98
324 78
506 59
452 73
275 74
249 11
815 9
189 88
70 32
430 14
670 57
75 38
717 12
470 60
16 34
166 21
378 68
182 19
310 58
552 92
354 42
617 98
355 24
504 24
555 1
505 1
406 35
718 97
103 4
347 92
764 70
588 71
399 21
175 99
766 82
69 38
135 33
5 67
781 59
120 10
503 15
263 61
72 59
208 61
506 47
62 48
39 13
385 33
744 77
269 1
174 44
619 42
596 73
784 43
200 97
457 32
605 95
602 35
536 70
239 83
218 81
151 13
637 34
471 41
457 29
204 23
523 47
186 5
22 55
592 99
791 68
397 48
728 34
683 79
144 81
359 84
639 71
139 100
97 98
355 60
190 83
339 44
577 50
181 81
86 80
814 68
794 73
302 59
219 13
275 7
118 71
368 33
251 44
522 21
399 3
97 87
653 81
189 30
117 67
106 86
75 20
654 2
595 56
167 43
774 74
69 55
738 24
127 69
550 66
656 41
261 99
161 99
38 9
518 32
179 68
314 66
546 75
284 95
325 93
325 84
688 27
164 5
752 86
175 19
113 10
111 64
392 70
350 57
680 91
652 7
108 85
298 100
410 71
256 8
4 48
94 99
604 16
496 86
532 8
758 8
563 50
95 62
613 86
379 35
259 52
242 95
219 82
326 90
439 24
167 71
553 13
269 7
804 96
467 87
388 77
734 7
718 64
19 97
640 38
729 18
560 40
761 96
771 62
180 84
130 86
611 7
353 47
197 58
91 88
18 54
509 94
13 43
648 7
729 26
182 41
336 97
344 57
414 49
477 39
686 58
228 60
111 39
565 63
213 23
737 12
46 99
641 84
382 10
506 88
757 59
468 91
797 87
603 88
777 24
689 84
361 67
670 9
278 52
547 51
590 71
18 72
372 5
378 38
475 20
254 34
585 89
11 70
243 26
581 63
692 55
414 30
216 87
111 55
482 86
56 24
71 23
319 60
591 6
589 38
398 100
274 71
701 45
339 48
243 80
674 50
680 4
447 45
49 46
193 74
721 65
166 45
350 98
476 96
145 94
715 92
419 8
327 59
630 74
265 45
445 37
442 39
565 41
24 68
17 48
575 73
530 80
297 97
32 51
452 40
148 37
641 45
138 86
470 76
744 75
206 16
418 64
736 32
736 24
702 39
277 58
84 84
720 93
224 9
303 36
417 36
639 25
208 68
182 2
596 91
237 8
379 68
208 21
541 24
272 97
135 62
528 48
333 4
588 77
677 37
98 73
816 100
293 1
123 3
1 96
711 88
798 19
195 31
167 81
64 80
299 44
486 26
401 23
796 8
263 21
727 73
106 46
