5001
33 42
67 73
270 32
942 56
791 23
656 50
906 26
8 63
264 2
883 84
800 58
246 56
785 69
310 10
707 61
408 72
629 56
306 30
755 52
105 78
686 7
139 46
890 68
914 73
779 89
12 95
209 92
396 82
601 8
198 15
362 14
417 87
283 83
943 11
225 34
574 83
504 11
40 57
690 9
949 36
802 36
770 82
99 82
449 76
517 6
621 10
667 53
722 70
999 76
899 100
408 59
691 64
871 29
172 9
356 18
107 98
225 73
364 13
272 53
526 56
738 5
539 71
586 20
947 4
671 51
804 50
818 98
206 2
155 50
222 63
84 4
704 42
18 93
508 4
831 54
778 54
623 25
858 35
477 62
288 32
320 41
854 93
84 48
109 66
10 83
19 74
289 8
792 36
263 96
71 27
669 48
59 91
917 20
486 12
167 66
882 38
861 91
579 27
9 49
174 17
113 25
56 7
795 26
990 44
41 5
205 84
894 50
212 42
82 50
851 16
641 77
149 35
763 6
463 16
32 32
813 30
261 77
333 72
643 19
431 10
180 2
199 87
44 94
66 30
7 35
890 93
192 80
842 64
1 100
719 46
30 94
413 68
639 97
193 59
187 48
491 11
862 20
513 99
521 99
549 72
345 17
364 19
57 67
689 31
969 16
937 1
184 27
163 3
80 15
547 2
542 7
954 30
413 99
879 83
477 71
380 30
881 95
348 99
452 47
489 42
319 33
985 70
359 57
875 48
811 23
870 85
915 31
26 93
638 1
629 79
988 99
381 27
817 12
260 68
614 74
329 74
661 34
231 14
540 14
760 78
536 75
425 79
986 38
842 3
420 63
719 13
211 97
943 83
336 8
733 31
555 71
405 41
937 7
823 10
730 36
595 60
497 10
609 10
764 100
175 28
324 64
648 96
399 78
972 6
200 17
511 59
251 99
973 47
491 12
792 62
589 23
959 20
414 48
73 58
656 99
881 53
926 43
636 27
981 57
16 99
446 5
386 31
356 85
66 35
189 63
167 22
730 52
849 35
7 94
875 64
918 12
954 54
422 98
243 99
583 14
82 65
224 76
808 4
233 51
329 1
883 50
920 61
492 63
131 8
325 23
641 54
818 14
393 93
781 49
828 97
177 48
531 15
335 74
142 77
987 6
199 95
390 51
532 98
204 88
255 4
862 3
752 17
117 47
637 99
607 17
622 92
369 35
507 50
364 25
815 9
509 13
431 61
218 100
905 29
443 38
47 78
685 62
419 57
15 7
44 58
921 38
188 35
983 54
416 39
44 45
904 6
808 9
540 96
557 2
138 26
241 72
429 82
615 51
787 75
997 59
454 63
675 53
271 83
1 5
849 29
983 13
663 47
672 84
177 38
754 86
4 50
470 24
921 26
578 91
574 8
514 93
916 58
600 79
76 83
558 68
338 12
26 57
645 100
672 100
643 21
821 57
643 33
547 25
258 6
101 7
997 57
792 87
219 47
757 28
91 15
339 84
484 32
753 10
237 57
151 21
825 11
991 84
811 59
22 84
785 6
273 30
358 9
445 87
718 19
284 83
321 72
62 90
902 16
272 75
162 15
677 41
392 80
33 20
348 15
553 53
557 59
480 15
826 92
384 38
119 67
544 18
854 22
172 61
903 83
472 3
889 83
388 43
376 63
969 81
973 29
308 88
163 39
942 65
730 57
295 85
733 36
738 30
805 25
227 91
667 18
943 1
258 64
428 48
197 2
209 88
308 23
514 85
192 9
423 78
734 56
331 48
935 3
552 32
841 89
606 13
340 73
971 26
321 44
750 48
885 65
493 99
125 84
720 54
536 76
740 92
692 52
330 5
190 12
243 70
707 39
894 90
974 88
864 86
967 43
155 71
625 43
852 87
9 61
136 43
564 12
826 2
638 61
308 46
210 74
9 13
480 47
386 68
881 38
173 97
374 77
200 74
699 8
904 7
769 98
691 2
226 6
940 46
47 78
226 53
741 29
481 50
86 26
448 8
82 25
112 75
180 5
132 82
459 22
135 16
854 42
491 68
700 24
945 15
907 60
457 64
953 18
407 80
879 94
760 17
117 72
526 91
70 59
683 11
972 19
173 43
492 33
79 88
499 21
795 94
551 95
339 11
981 27
267 31
175 98
61 75
476 94
453 6
214 97
658 53
672 33
466 55
995 41
733 15
587 78
978 56
311 10
313 9
317 50
274 57
434 42
360 4
685 51
20 83
214 76
531 43
817 10
845 92
272 41
439 77
805 100
322 21
141 7
838 80
417 30
416 2
82 22
448 73
53 100
832 48
278 91
301 59
734 26
688 25
206 53
265 70
247 50
163 81
998 9
529 80
861 56
151 63
747 16
159 90
833 78
519 47
502 69
197 56
802 72
981 10
577 11
913 28
829 79
759 98
248 74
780 27
261 14
520 37
164 79
232 25
120 44
801 35
298 80
666 71
703 75
115 24
657 14
523 36
829 60
91 76
431 3
54 41
921 56
817 93
39 66
816 99
446 100
525 57
827 43
696 19
894 39
67 27
903 56
703 91
660 43
915 74
6 49
920 55
717 10
523 92
219 71
136 5
609 71
71 26
475 20
150 24
525 73
974 69
59 83
336 1
297 94
437 43
705 65
383 30
115 94
359 10
516 82
331 18
903 93
697 45
677 45
848 26
780 45
481 23
23 97
989 95
231 100
150 48
271 6
422 22
271 88
898 54
510 15
19 79
443 100
274 52
627 26
165 32
842 51
775 52
555 94
70 80
163 40
713 41
836 11
55 79
904 66
232 45
288 97
656 39
305 59
74 78
266 16
225 98
958 13
412 28
607 63
313 79
255 43
963 10
95 73
315 68
342 53
328 11
987 33
58 42
958 45
440 9
47 94
159 95
852 70
310 36
901 50
311 26
328 20
927 52
24 43
112 98
942 34
482 93
509 33
918 83
343 74
141 25
97 64
834 6
732 64
665 99
579 46
372 57
519 84
619 67
41 3
907 8
531 68
926 61
505 69
994 64
14 17
912 62
326 46
773 46
614 58
98 9
446 10
52 69
799 75
811 34
153 77
489 25
417 63
894 69
765 34
520 36
890 77
913 92
670 24
309 19
865 12
881 29
493 13
187 45
734 49
168 33
490 6
820 80
527 94
11 60
787 48
25 82
229 8
604 73
556 52
959 35
987 70
555 55
196 4
633 60
82 53
305 89
514 12
998 40
316 93
466 62
209 82
191 55
410 79
380 41
908 46
253 24
183 51
476 74
730 1
299 47
87 55
954 24
678 94
622 69
109 87
555 19
849 93
82 83
945 27
764 92
200 19
743 75
965 55
938 14
944 50
211 1
988 35
833 67
383 40
621 40
523 48
407 100
474 84
93 49
934 99
434 63
430 40
995 28
432 69
294 100
699 50
58 55
273 67
168 41
749 20
900 1
842 8
555 48
931 63
406 81
123 75
982 21
253 75
211 70
229 93
180 35
667 78
393 21
481 26
121 51
9 44
968 82
12 70
250 56
986 18
563 16
822 19
347 50
470 100
627 93
249 32
580 58
198 12
712 53
162 36
404 15
406 81
59 3
230 5
665 32
524 26
603 16
801 60
419 26
494 37
985 42
374 13
951 33
568 52
353 95
527 61
305 72
87 40
308 24
433 44
938 20
245 6
60 79
605 69
711 90
482 63
700 37
620 53
988 32
581 14
977 21
260 50
125 93
842 74
220 42
253 14
136 17
566 99
697 38
493 57
263 90
130 4
528 48
965 31
821 47
295 100
179 93
467 47
33 53
299 5
250 99
958 45
536 35
219 93
71 99
220 89
967 78
144 59
364 40
543 64
471 38
346 53
760 66
657 38
746 78
364 83
681 45
246 95
281 24
612 57
670 39
777 34
303 88
815 89
778 37
203 58
356 46
226 20
644 98
83 12
685 27
846 16
321 77
483 38
801 82
70 8
628 61
773 4
815 21
632 26
229 75
876 54
985 79
639 39
129 73
631 41
747 76
695 73
911 61
810 41
60 36
795 93
858 2
390 87
737 84
438 52
988 58
647 92
219 45
452 60
348 75
493 86
925 7
95 55
465 58
644 36
3 25
18 45
126 85
482 24
244 3
884 55
931 34
30 64
928 96
790 96
429 28
561 84
251 42
1 22
409 6
904 25
261 91
844 20
398 47
496 94
166 52
704 47
593 71
67 81
848 39
932 9
806 24
908 84
946 53
42 63
842 90
654 55
372 99
936 53
809 89
861 72
951 56
153 27
587 80
903 69
2 35
217 22
631 69
562 51
837 55
559 24
538 8
781 64
872 73
729 39
480 17
176 18
178 40
671 60
486 30
204 6
487 87
249 24
23 86
172 30
696 2
289 17
472 22
979 6
98 57
908 49
892 48
129 46
716 65
41 17
562 54
42 21
237 90
709 64
828 71
288 57
152 53
300 27
750 93
505 2
804 45
708 88
417 82
378 28
797 25
364 88
674 13
872 52
315 75
516 27
35 29
855 23
538 58
889 97
406 16
857 41
168 28
273 38
331 23
801 51
547 3
129 49
795 48
814 29
873 50
714 56
891 45
535 65
420 37
616 68
814 5
33 42
873 13
621 48
998 12
767 1
601 57
663 75
166 62
123 92
792 74
360 85
287 41
874 63
862 89
116 78
511 7
868 73
134 32
475 82
899 91
353 75
95 4
175 66
341 12
896 53
147 54
663 48
408 88
623 67
127 48
554 87
562 81
886 74
146 94
950 53
310 29
549 23
546 6
121 27
53 85
915 6
956 30
937 87
76 98
372 82
934 7
245 48
294 21
98 42
452 20
136 77
462 13
183 30
412 63
349 84
129 90
228 88
122 42
279 43
399 25
448 16
67 98
346 16
686 51
462 93
165 79
1 61
844 19
424 54
446 61
642 43
904 96
767 87
904 84
811 59
84 2
611 90
923 95
366 1
545 41
335 30
956 38
498 49
688 32
914 55
429 64
822 11
549 4
887 2
116 51
53 69
61 3
744 61
438 94
973 70
240 74
746 76
151 70
849 4
571 86
275 17
64 47
747 65
435 96
897 94
77 16
518 7
932 48
829 15
345 59
187 94
344 9
385 60
359 40
975 36
247 60
848 99
475 20
669 64
528 42
280 52
158 52
534 42
392 18
545 93
91 37
955 89
776 57
829 79
348 61
347 46
81 94
993 87
650 73
925 2
126 20
816 25
616 70
749 69
499 60
120 23
497 50
603 93
206 78
850 23
570 22
48 50
255 40
29 52
34 91
233 23
740 93
786 11
732 56
678 42
148 64
141 27
184 15
395 53
73 10
280 52
795 79
689 23
952 96
966 61
958 45
264 22
747 13
53 49
463 45
943 40
264 25
462 94
991 69
549 28
873 15
522 94
441 98
4 36
987 57
434 28
720 12
867 98
55 4
370 10
665 29
432 6
896 26
522 29
209 44
606 3
726 71
299 51
483 55
17 29
947 45
274 21
426 53
62 61
967 98
429 80
306 3
689 45
153 17
448 21
162 86
831 77
24 25
425 77
950 49
791 27
586 44
732 39
494 21
884 5
468 56
752 25
684 19
267 72
185 65
843 56
795 7
914 90
671 72
645 46
648 85
774 85
193 96
504 94
48 52
896 88
488 87
145 63
186 70
932 7
5 20
717 20
995 34
113 94
972 82
752 91
226 87
681 14
33 86
276 4
543 47
263 93
620 50
368 68
924 19
762 100
590 15
845 11
389 90
267 1
334 28
552 60
259 13
991 46
16 69
980 81
513 68
474 92
796 87
455 83
427 75
131 39
482 52
996 11
148 47
846 66
191 9
483 96
603 58
950 85
519 28
912 69
773 15
922 21
783 13
766 7
271 2
87 12
808 25
709 4
984 19
626 67
566 53
522 100
618 50
902 65
32 33
739 98
987 66
692 7
965 2
189 91
789 99
703 61
393 46
176 27
52 28
948 94
793 84
318 47
159 36
870 59
229 22
247 40
550 38
178 48
133 67
479 7
831 58
420 83
836 16
500 48
781 2
115 14
372 86
247 55
973 68
791 82
131 86
611 89
996 41
322 71
840 55
834 12
986 12
814 91
534 53
717 97
795 73
373 48
222 80
356 16
611 52
380 5
94 65
621 36
305 60
825 9
511 5
510 30
798 22
748 49
314 77
630 82
440 58
785 62
277 57
28 59
499 16
468 79
933 1
470 56
354 97
411 14
590 53
621 20
556 19
603 68
863 55
896 4
7 62
688 53
363 30
504 40
43 17
17 52
181 9
957 4
785 100
151 42
569 38
519 79
286 100
863 68
44 70
253 77
411 85
277 31
951 87
294 61
688 1
665 70
599 20
351 99
682 19
336 84
399 4
277 76
713 40
214 4
138 29
608 20
257 10
700 61
856 75
194 70
513 67
849 18
313 56
640 24
87 6
997 30
67 76
487 69
287 67
859 81
808 86
488 45
409 99
644 87
143 5
689 78
222 79
220 15
23 98
399 36
926 96
769 88
715 95
779 55
801 55
744 65
89 11
35 45
899 78
84 41
203 74
321 94
948 96
776 85
268 99
286 58
488 81
65 92
234 44
903 58
770 72
378 41
436 22
50 91
37 52
195 87
431 10
238 60
588 16
709 26
68 5
812 18
32 18
903 7
699 88
525 30
872 35
689 55
716 4
292 66
338 12
695 44
193 37
843 78
30 52
427 4
856 93
133 62
428 48
89 7
929 49
700 15
534 55
348 39
207 44
770 60
784 97
782 10
533 63
485 36
872 20
790 1
508 61
449 84
198 21
133 30
385 72
642 16
213 26
962 31
371 37
534 67
355 7
254 73
719 67
924 95
268 96
413 82
82 57
75 81
396 56
738 66
508 63
835 66
910 10
767 24
300 29
973 73
594 64
812 5
493 87
191 28
661 24
243 64
113 50
245 42
948 96
591 83
816 18
441 94
259 30
747 24
552 11
304 41
949 93
172 52
25 82
335 79
511 28
204 50
84 10
521 77
716 99
587 31
94 41
90 89
870 71
27 82
533 28
963 15
220 48
281 87
396 91
628 72
194 64
300 13
249 92
332 50
399 28
131 96
241 60
272 41
416 90
329 56
706 70
629 93
111 44
439 25
155 41
606 20
684 79
86 40
627 19
311 53
553 41
573 8
923 46
917 25
845 3
689 70
820 100
511 71
450 43
628 31
428 19
258 93
938 18
32 68
84 61
145 18
568 26
12 65
743 73
85 70
140 75
402 91
76 89
687 7
209 97
606 27
716 72
670 29
166 70
789 21
375 55
815 67
43 26
746 81
202 36
648 39
39 29
341 75
968 78
682 97
727 14
703 86
863 36
292 61
153 100
668 25
695 77
176 71
927 6
504 33
78 20
625 40
352 20
304 93
447 25
148 85
951 39
875 31
730 57
634 60
98 81
222 40
358 61
396 80
408 48
742 63
647 69
38 44
876 17
184 43
961 93
2 83
293 29
25 58
300 13
914 27
349 18
107 72
207 6
401 33
211 71
822 75
956 60
708 70
554 81
986 16
39 4
522 61
512 6
272 60
607 64
181 84
442 83
196 72
984 68
706 56
311 80
115 10
62 89
171 77
731 96
72 10
502 59
85 21
78 50
946 75
283 71
524 21
230 51
845 4
295 26
675 61
862 19
977 61
185 79
803 6
746 61
469 36
400 31
751 2
284 45
761 55
57 84
320 1
776 65
271 75
660 99
761 2
719 29
322 6
513 58
67 1
338 37
840 75
951 67
1 64
941 74
603 77
835 66
646 69
277 76
95 57
704 71
226 35
827 84
539 45
686 29
361 85
426 85
728 45
820 12
5 35
9 77
257 80
754 51
990 88
815 64
341 36
531 81
587 32
128 8
432 23
732 88
279 65
148 17
190 98
694 62
641 80
119 64
902 73
777 36
505 83
241 64
843 20
896 97
211 19
608 5
442 65
277 55
226 38
955 83
846 98
719 98
372 23
487 3
583 42
162 52
98 61
195 78
782 92
419 15
938 70
380 44
850 5
463 43
637 43
440 28
761 22
177 44
792 14
123 59
41 38
416 92
892 69
96 1
397 17
259 95
839 4
651 48
156 83
932 34
387 52
477 29
188 31
995 42
706 39
594 38
312 69
972 2
685 30
697 1
443 5
373 51
408 43
254 48
813 20
687 92
700 90
412 25
893 10
581 2
193 12
138 3
190 68
732 4
976 25
737 77
445 35
349 92
370 65
715 8
1 95
957 6
609 88
798 88
502 19
854 45
614 68
35 61
924 89
680 3
122 100
911 66
778 48
557 10
264 69
374 53
673 93
814 26
689 32
445 35
944 92
318 18
568 60
506 84
337 26
494 13
140 10
834 1
444 61
226 8
31 43
264 84
672 40
772 18
654 100
950 48
191 7
214 57
672 12
314 62
388 94
740 79
529 51
6 15
986 17
900 66
533 25
209 94
22 80
396 54
106 49
417 23
373 50
358 19
668 30
407 8
671 75
356 3
37 53
620 49
573 70
58 74
194 15
366 49
675 75
434 11
974 49
982 33
484 25
848 8
796 41
859 52
539 90
465 29
797 33
389 7
728 41
890 77
171 45
657 52
865 5
810 49
720 79
553 92
52 58
755 3
27 100
67 42
279 88
67 54
14 68
761 48
436 63
15 89
479 16
865 7
815 14
92 74
770 64
319 44
46 84
383 57
176 56
306 14
228 86
688 85
219 23
414 3
349 59
783 64
857 70
215 59
73 40
920 27
573 14
500 48
817 4
695 3
361 95
664 71
449 87
850 75
831 18
511 53
98 2
96 89
541 26
26 66
632 13
705 92
780 36
933 67
425 41
169 82
937 80
654 71
973 62
929 69
753 27
917 76
980 17
940 40
667 84
672 76
269 4
718 30
805 56
717 21
103 18
800 43
689 65
179 12
335 71
969 80
23 25
818 54
664 2
425 65
235 23
81 5
101 15
582 48
371 49
42 36
514 51
259 39
119 41
37 97
35 9
367 69
702 7
26 73
585 45
177 47
53 6
862 50
479 9
95 36
747 54
642 18
902 60
133 29
680 37
529 80
217 29
167 84
769 77
782 64
158 30
243 11
482 44
269 2
125 20
681 24
756 79
793 9
319 51
564 36
603 36
148 77
488 93
108 42
684 45
136 63
414 34
89 39
527 34
212 31
392 80
998 27
727 39
56 83
240 83
249 26
999 87
426 16
87 60
226 12
415 99
528 36
593 48
878 37
486 25
480 57
56 81
439 41
413 54
818 38
483 96
917 69
816 56
495 55
511 88
725 91
664 38
364 35
288 76
17 9
630 53
980 37
414 97
920 73
657 62
161 60
5 65
877 10
88 19
335 37
910 44
900 9
574 10
185 78
433 31
32 50
527 10
12 70
737 2
138 18
880 37
78 40
252 60
339 33
47 40
2 3
336 58
83 74
226 63
167 7
235 10
433 21
807 20
833 58
776 29
307 15
262 85
972 44
425 9
492 51
595 78
766 49
450 79
508 85
321 41
781 96
357 73
543 70
369 33
97 93
228 72
795 33
923 32
496 41
896 26
917 67
983 76
628 72
986 50
988 12
428 32
659 94
397 20
591 59
623 56
867 97
157 85
572 94
749 74
14 36
201 2
402 79
628 42
262 78
806 94
657 14
661 10
671 3
177 22
497 82
991 38
302 99
793 1
676 64
724 29
974 75
54 26
831 15
318 81
239 62
188 9
185 9
949 48
423 6
733 76
272 55
331 66
227 33
708 36
865 42
449 25
492 92
220 43
487 43
567 48
447 14
621 20
554 26
661 92
48 35
854 86
674 47
351 37
120 66
223 35
458 3
645 19
407 36
985 40
65 2
959 44
210 6
569 96
44 86
460 99
682 76
948 100
379 69
994 90
440 51
830 61
631 40
221 73
799 32
94 67
230 84
255 68
903 92
218 32
412 67
44 39
104 10
811 49
187 93
155 78
931 10
765 9
708 58
360 87
395 24
945 32
319 60
202 87
598 96
671 41
872 12
435 92
808 49
43 35
109 74
966 35
134 7
204 58
154 41
439 26
388 62
496 67
936 79
313 33
344 23
565 61
989 2
768 83
471 59
946 81
218 5
692 59
403 90
97 80
151 47
95 58
450 41
896 18
703 97
663 57
210 6
205 70
272 77
605 93
537 33
425 14
36 87
620 32
371 90
32 34
964 62
186 74
517 56
993 51
511 25
371 90
481 41
505 66
88 58
870 36
539 99
764 32
806 16
102 2
389 21
147 18
291 35
884 55
835 84
338 62
728 86
420 65
390 3
154 14
193 2
5 65
429 87
746 38
814 7
226 3
316 46
602 86
761 44
625 69
891 35
786 44
163 20
558 3
867 97
399 72
448 51
492 3
626 54
393 1
64 100
211 33
68 34
56 22
849 74
944 36
769 67
23 2
263 75
850 88
525 84
33 6
42 33
217 24
399 28
244 22
535 66
59 14
167 82
895 84
342 36
610 65
38 100
304 69
302 22
410 1
951 3
387 40
84 66
275 48
758 3
99 79
738 20
576 50
233 68
592 96
841 13
625 65
615 20
932 9
130 38
184 93
883 29
861 98
23 34
453 15
823 70
33 21
310 24
477 25
508 58
597 63
165 29
148 95
38 86
623 78
590 6
422 29
891 75
489 42
88 22
57 16
122 44
670 87
777 16
454 95
167 33
112 83
202 96
786 43
512 61
864 77
561 98
363 1
92 31
627 31
36 67
693 50
297 57
130 58
81 5
403 100
339 39
267 51
961 85
74 66
285 73
662 82
657 18
560 20
357 72
149 13
96 100
873 83
751 52
885 29
139 43
488 34
658 70
367 23
257 21
813 55
92 57
938 43
462 70
383 1
366 56
350 33
688 88
367 91
231 42
96 57
945 65
35 12
38 32
53 47
470 40
690 61
230 29
115 72
264 30
896 31
605 30
66 54
973 72
593 40
294 48
522 1
477 100
834 54
29 80
726 73
758 87
218 26
856 43
281 2
366 21
703 50
341 28
48 40
314 88
140 9
399 80
432 99
630 77
41 46
192 35
770 42
838 24
683 56
13 81
707 29
144 2
246 98
631 22
75 41
626 54
887 77
404 61
392 61
661 54
73 58
242 27
224 62
164 86
786 14
947 17
205 9
534 73
412 52
222 20
649 63
973 63
453 91
425 14
759 80
597 81
278 93
465 21
875 56
535 42
511 48
608 29
486 9
995 92
412 95
361 94
381 10
936 70
629 72
366 20
118 59
877 60
318 85
317 76
865 84
463 48
179 67
255 78
833 26
755 13
41 27
262 47
942 81
43 5
658 55
98 68
948 47
607 35
416 82
373 21
161 57
261 67
925 43
843 61
86 37
71 37
554 96
706 72
903 55
480 1
851 66
879 57
815 79
320 26
143 81
770 79
287 74
943 9
696 87
980 60
716 68
528 75
33 15
206 25
133 93
425 91
3 77
688 62
448 84
366 65
828 54
823 87
138 1
963 20
675 60
468 13
349 79
566 65
818 100
207 32
583 56
945 53
60 69
72 93
157 7
245 68
623 60
40 6
982 72
532 92
65 46
928 31
576 4
851 17
633 61
238 48
449 3
122 8
651 11
731 56
910 42
811 54
589 49
501 76
244 31
669 13
903 94
496 15
819 23
60 13
536 26
768 97
179 6
131 28
517 39
635 55
574 48
286 92
48 72
814 1
894 39
633 14
639 42
957 75
592 63
137 48
222 1
738 39
17 32
10 99
89 3
198 39
243 56
928 87
437 30
726 63
158 98
36 98
677 17
86 20
176 67
761 4
917 83
643 26
100 37
629 81
711 18
702 49
402 17
13 61
189 7
518 17
524 48
103 44
242 47
532 19
953 55
946 40
970 97
334 76
567 39
