2708
80 39
263 64
46 78
396 18
386 84
169 100
481 97
176 25
161 12
193 59
412 76
482 63
236 48
423 9
324 94
533 12
118 12
83 25
258 9
232 94
96 100
281 44
204 73
409 88
421 55
364 87
196 29
233 90
9 4
493 69
485 96
321 38
145 30
413 40
269 46
297 41
450 68
410 73
460 27
509 56
390 88
291 24
82 66
402 50
425 89
48 5
313 61
158 82
264 54
24 1
434 35
267 97
335 49
262 25
339 68
256 17
79 75
333 34
416 97
346 22
476 62
335 21
48 10
49 89
454 47
303 24
168 91
88 85
415 31
497 34
518 70
538 35
387 42
541 89
367 38
505 71
300 88
139 48
160 49
415 6
147 78
312 83
107 10
214 99
263 82
371 53
497 93
42 5
251 60
76 43
200 25
278 93
352 81
318 63
199 61
534 75
335 33
532 60
305 96
405 3
211 67
431 100
509 100
1 54
179 48
2 26
370 4
314 58
477 14
82 78
244 91
171 99
211 8
19 19
214 5
405 9
167 59
51 21
452 66
492 33
373 55
243 77
132 35
526 11
384 56
434 64
498 97
83 89
435 97
366 9
190 20
374 29
112 27
58 89
325 90
440 18
71 6
506 87
509 5
542 23
374 56
235 73
416 38
498 22
191 59
192 71
39 10
106 40
399 82
512 74
351 32
225 46
184 48
24 17
522 84
182 25
368 46
52 36
175 2
297 69
230 4
522 69
34 85
202 33
368 9
331 83
263 31
211 3
348 4
1 96
273 53
206 35
121 90
384 9
464 8
93 44
159 81
162 25
385 15
235 95
18 37
152 47
122 38
189 28
1 97
181 66
5 45
533 91
452 87
276 98
527 22
307 74
4 5
441 75
501 92
249 47
181 52
234 44
445 57
473 35
417 47
393 4
10 1
47 48
365 8
157 68
83 41
325 20
237 4
480 67
491 35
318 88
181 18
482 57
429 97
314 5
107 53
232 39
46 15
156 65
135 68
476 84
524 79
77 40
385 69
385 45
92 27
262 47
389 68
129 43
103 42
452 54
444 34
449 12
348 18
145 97
58 59
156 90
271 96
253 13
416 86
444 17
339 49
111 92
263 79
424 6
424 79
21 48
381 2
167 6
174 76
63 2
352 89
242 72
294 5
173 42
267 67
486 39
281 71
216 6
405 1
484 82
153 94
442 60
111 61
94 62
263 58
105 36
140 12
480 24
79 19
82 70
458 87
235 96
188 19
318 40
450 36
97 32
28 60
364 33
311 29
353 28
272 62
52 60
429 72
34 90
171 76
336 75
80 53
196 50
22 45
302 79
164 80
49 89
349 22
385 82
197 94
141 33
276 85
235 82
413 77
138 63
238 79
178 80
539 69
211 42
489 39
3 58
496 68
398 47
238 77
66 11
175 29
122 8
279 29
527 95
60 25
239 71
335 94
200 27
542 69
64 66
196 46
396 87
109 90
446 36
93 96
540 25
34 39
359 51
118 2
244 70
190 27
262 52
239 49
338 80
488 92
299 76
46 37
156 60
81 18
223 57
469 16
470 23
208 38
527 75
167 81
101 84
13 44
80 68
246 58
146 30
273 22
349 6
165 4
65 39
3 92
530 54
412 5
260 88
323 55
117 90
209 11
28 99
416 28
75 44
430 24
59 42
502 18
277 2
429 4
149 76
252 91
270 47
204 84
244 75
328 90
483 100
534 6
426 99
227 48
493 31
283 27
332 56
363 75
471 19
168 72
186 36
433 65
232 94
486 20
172 93
436 5
67 75
342 31
174 26
362 9
174 96
354 59
170 35
364 74
235 16
399 22
49 98
497 76
248 64
287 86
69 49
328 42
376 90
296 77
164 96
494 71
494 94
500 49
176 24
323 99
231 6
402 60
186 72
73 27
300 75
379 91
83 7
144 23
359 25
39 11
363 48
114 53
11 35
528 23
139 29
357 3
509 62
445 2
378 79
416 39
56 97
119 58
46 50
314 12
408 85
532 18
489 89
198 68
411 39
297 27
75 44
212 41
200 44
474 71
428 26
56 19
151 56
322 66
532 99
321 12
269 18
406 43
128 60
272 10
379 50
449 96
404 67
525 97
442 2
319 51
385 1
450 62
396 55
423 94
325 2
219 42
155 77
50 2
71 84
268 28
69 71
498 3
173 75
144 55
242 42
481 19
382 43
321 13
284 62
537 68
144 95
4 5
279 45
417 75
452 100
66 86
195 27
333 51
282 39
401 80
18 23
206 5
365 9
73 39
82 27
530 33
389 73
347 43
480 37
386 82
163 40
415 6
325 31
507 51
187 91
433 20
456 1
167 86
414 28
499 31
55 68
509 68
36 60
491 55
30 61
409 80
135 39
365 54
224 94
273 17
181 51
386 1
216 13
239 90
192 95
338 24
504 59
243 28
471 31
324 62
497 16
216 85
185 89
541 89
88 50
126 48
130 89
242 59
477 64
288 93
23 22
94 56
533 12
260 68
266 14
142 90
283 15
249 78
468 13
186 54
20 64
404 20
527 45
170 88
35 55
386 19
167 87
112 94
443 59
249 97
408 47
336 19
453 83
476 2
251 32
154 50
178 91
539 98
473 22
353 62
175 29
251 45
479 16
416 4
56 48
479 70
201 66
341 6
292 73
378 95
450 59
256 97
274 74
295 38
104 88
182 73
403 4
218 77
138 47
120 90
372 12
216 76
524 62
243 70
448 71
227 44
178 36
339 85
423 63
134 20
357 47
222 87
330 93
217 78
234 85
155 34
364 26
223 29
228 47
274 18
452 39
359 18
384 18
355 49
203 60
230 74
46 95
137 9
131 79
392 51
468 93
435 36
271 17
481 39
288 1
189 21
11 5
360 19
355 50
64 71
151 75
538 73
147 35
161 65
501 81
525 94
236 90
71 84
190 20
507 33
39 92
388 68
450 89
423 65
167 55
400 26
391 50
400 75
73 19
321 49
158 44
145 50
36 78
451 68
348 54
312 57
223 91
375 31
399 71
418 23
224 50
130 78
314 65
63 80
204 99
1 57
243 71
296 80
507 72
217 23
26 66
526 64
249 38
472 45
516 12
33 52
348 98
536 52
378 8
109 30
441 73
104 86
298 70
194 77
14 3
102 7
542 14
365 69
207 83
450 40
190 8
330 24
393 40
244 2
388 19
490 45
78 27
2 83
118 53
231 78
435 17
345 91
331 56
130 69
410 17
219 73
284 10
256 48
457 83
171 61
127 89
376 25
413 13
474 91
125 37
243 42
407 71
250 5
113 47
362 53
473 93
179 93
540 26
408 98
468 9
9 10
214 76
432 89
118 96
326 64
98 12
436 46
92 28
526 24
355 14
60 18
196 66
484 89
154 23
133 68
128 48
523 76
362 86
413 44
484 57
34 2
321 14
46 64
414 75
324 21
196 61
266 39
24 48
324 79
322 46
120 2
100 82
89 94
96 33
31 98
39 92
233 78
386 32
540 93
513 67
117 78
385 60
321 65
57 93
241 14
241 28
480 44
513 20
297 53
132 17
497 38
530 65
308 47
10 30
539 92
60 89
541 86
478 69
280 68
28 42
86 19
279 100
75 39
20 88
201 95
266 34
245 67
54 68
128 61
101 56
88 21
17 85
331 3
218 45
376 66
297 93
295 25
171 1
327 19
223 32
281 77
336 52
239 64
170 37
360 48
187 53
400 95
364 78
82 50
334 77
458 85
122 6
41 29
219 51
433 35
16 38
96 83
54 3
175 74
60 90
409 11
347 12
268 52
408 99
457 39
532 85
489 58
54 42
11 14
227 68
454 41
506 73
226 28
490 1
169 64
485 84
395 25
218 93
76 43
535 60
153 81
268 23
20 74
528 36
392 83
172 100
53 69
144 80
348 67
519 76
349 8
228 67
299 25
241 59
150 1
74 84
112 22
180 82
5 35
368 26
47 31
380 78
170 97
127 39
14 25
246 45
225 66
486 30
532 38
107 21
443 49
141 82
492 4
88 52
526 75
259 9
104 47
475 71
30 73
114 8
212 70
97 56
172 90
332 39
393 27
8 84
23 97
361 3
380 40
368 50
135 35
410 55
168 96
187 29
244 87
232 45
116 3
92 35
1 75
285 35
174 96
322 57
226 83
405 69
513 75
507 94
397 93
207 74
130 56
242 97
369 81
227 31
487 95
359 68
258 38
494 9
381 66
526 86
468 100
206 77
502 15
92 59
399 37
243 53
196 46
420 2
479 38
212 39
359 64
455 23
505 10
290 58
443 41
256 54
528 62
224 7
238 92
355 30
525 37
68 64
365 60
24 89
335 88
141 83
386 39
90 84
163 20
259 42
425 24
351 75
133 13
218 88
193 90
74 4
330 14
283 86
481 30
115 75
38 85
274 42
359 37
56 78
8 66
532 9
180 7
347 57
349 14
468 69
134 7
71 69
339 6
501 67
127 96
533 62
511 6
474 45
459 80
152 28
431 59
39 82
25 66
302 90
110 32
61 69
178 60
270 44
260 4
478 32
97 23
473 27
324 61
397 21
476 43
164 18
69 50
85 19
39 62
56 62
344 85
79 4
208 60
298 56
349 77
119 13
509 94
54 20
524 53
375 50
245 83
377 81
35 14
126 59
407 25
509 24
135 22
54 85
468 67
184 24
27 43
347 35
41 67
380 19
303 43
73 93
339 89
450 99
429 46
524 43
526 71
280 46
408 70
431 88
98 78
354 83
245 33
1 22
342 59
58 43
534 93
195 85
252 22
476 38
302 62
123 20
295 59
196 28
393 60
344 79
387 45
472 73
36 55
481 23
89 59
46 15
508 98
501 54
63 52
274 35
328 18
399 97
471 75
235 90
324 58
227 69
369 64
113 22
46 41
357 9
150 59
454 43
90 24
281 27
319 86
69 98
322 74
263 91
542 10
144 77
263 16
507 31
9 17
235 27
140 47
188 79
426 67
368 46
41 35
354 49
463 76
492 45
364 50
342 77
463 26
240 57
353 85
141 61
142 60
234 67
46 65
45 89
348 7
279 49
229 50
146 45
460 73
154 20
200 31
185 16
365 83
95 71
315 70
69 30
261 64
153 20
494 65
120 37
478 62
434 93
145 55
93 39
150 8
310 50
461 68
441 75
474 16
340 12
101 10
42 4
60 54
372 60
513 6
406 54
439 85
26 80
25 33
99 95
318 19
227 28
297 7
505 60
389 67
419 86
272 57
106 9
317 58
231 70
335 37
45 58
177 37
448 12
9 94
26 50
348 40
318 57
220 73
214 82
207 56
535 16
17 53
381 55
381 40
433 54
305 52
196 58
46 75
141 58
510 19
369 87
75 64
190 47
274 50
120 99
135 19
524 37
97 58
99 5
391 65
370 28
238 84
491 59
334 39
231 1
11 76
369 20
186 90
235 18
461 79
50 93
258 98
317 2
207 76
301 92
37 17
52 69
218 60
33 75
278 74
410 95
153 59
179 68
26 73
368 66
35 69
308 39
42 26
88 100
304 62
526 43
507 29
149 79
444 45
114 27
389 33
152 60
44 1
13 63
450 92
402 6
398 100
481 60
257 66
124 20
482 35
70 21
265 45
203 79
438 53
387 90
410 74
418 30
120 24
142 60
385 38
535 38
269 89
416 5
140 68
186 16
164 15
243 84
101 58
349 20
507 8
78 20
61 67
542 82
166 50
426 97
109 91
479 100
424 55
297 19
221 27
366 11
233 16
540 70
508 4
504 54
290 25
236 100
74 91
41 69
262 41
336 32
420 22
223 70
492 95
129 35
188 9
101 56
35 71
296 95
347 64
409 38
251 73
100 72
447 97
176 12
525 11
363 37
403 52
36 69
475 68
434 35
325 3
450 60
221 74
527 44
485 81
224 53
115 43
101 30
221 54
480 47
64 77
521 97
238 71
505 25
96 44
315 62
500 51
531 48
400 38
218 17
55 72
300 82
208 76
75 28
178 32
414 64
243 54
285 47
224 10
408 20
374 43
273 50
25 23
144 52
73 18
381 2
281 86
455 31
137 97
393 17
30 71
356 14
77 99
127 10
33 88
473 22
107 15
327 81
121 91
336 54
327 30
369 43
438 16
70 12
454 65
522 87
170 76
88 5
510 80
191 68
265 89
479 58
281 59
79 96
341 20
87 7
428 21
485 56
378 93
243 24
533 48
268 56
44 10
114 86
373 3
413 99
16 17
65 41
167 97
450 96
539 43
191 31
128 63
465 30
71 7
25 73
486 91
463 27
67 57
384 36
123 59
179 54
283 59
25 22
485 73
149 50
466 13
92 88
276 22
189 27
218 57
105 39
310 69
427 88
519 63
83 82
472 97
47 63
313 14
375 29
114 78
281 2
315 76
269 97
37 26
132 51
310 63
206 77
21 91
530 67
204 62
432 65
10 66
336 94
326 20
155 100
375 64
262 100
451 12
174 65
192 88
167 3
511 20
476 37
290 25
37 30
175 43
486 35
435 13
366 20
539 91
88 49
147 29
56 94
443 95
8 14
400 43
509 83
60 88
354 18
214 81
491 1
456 12
378 61
401 82
96 5
9 21
439 58
239 69
388 38
442 98
224 51
472 96
135 94
508 96
239 35
90 2
33 41
414 3
195 77
370 80
165 37
430 23
373 21
152 56
139 67
330 96
372 6
46 23
327 89
292 68
521 91
359 70
348 18
404 69
457 89
445 34
333 82
366 25
517 60
20 52
508 36
444 55
205 61
221 28
258 2
350 48
169 5
156 71
165 81
266 46
78 61
64 96
335 46
430 49
232 77
256 39
226 64
472 36
49 75
422 31
453 9
108 90
448 30
30 13
223 58
154 35
286 22
306 73
341 46
56 50
308 42
91 31
235 15
394 41
493 19
53 81
448 80
520 55
49 75
422 90
287 93
418 20
180 17
13 13
396 51
67 68
262 34
356 28
503 59
38 5
336 13
239 60
241 77
410 77
530 70
270 3
304 32
23 74
130 81
246 12
211 13
144 40
536 6
282 19
64 34
343 61
483 96
509 2
50 42
102 52
177 99
44 88
84 32
261 95
488 2
341 5
514 3
262 59
128 96
362 77
339 39
176 57
218 83
95 44
393 58
442 95
515 10
332 50
50 47
34 83
356 28
224 47
460 33
108 72
129 33
151 7
474 10
467 40
430 97
424 12
404 43
445 31
331 70
512 95
118 25
48 60
395 93
68 94
139 58
3 9
509 98
427 86
4 79
364 92
488 46
511 12
271 33
51 10
2 77
181 78
386 90
467 94
442 88
218 29
146 66
532 66
500 71
183 59
443 10
418 39
533 91
359 18
42 15
188 34
18 3
180 62
209 43
119 97
214 13
422 30
535 90
227 97
4 91
285 49
135 82
400 97
131 2
462 6
277 22
166 91
537 34
20 17
532 4
193 71
230 92
219 48
218 89
9 2
45 89
130 8
217 16
27 50
391 32
191 63
140 22
98 37
495 76
170 15
435 92
150 11
285 1
406 61
522 26
297 17
91 39
102 96
378 27
326 29
479 77
507 46
422 17
313 43
17 45
415 1
25 70
263 24
489 86
222 84
68 13
494 97
223 2
103 67
532 28
367 57
271 61
45 70
64 33
16 98
238 52
487 3
309 62
456 85
457 53
398 69
424 79
222 99
438 59
492 90
91 80
189 45
303 8
526 91
209 76
446 70
221 16
60 56
169 12
408 17
390 78
73 13
104 5
438 73
422 16
334 62
25 76
431 3
279 48
132 75
30 91
237 73
5 52
228 43
252 98
290 51
48 81
453 45
525 53
408 65
518 64
185 39
89 78
295 17
389 49
211 29
321 31
47 70
474 63
114 80
94 36
437 78
542 78
353 91
492 93
101 29
164 33
142 99
172 67
210 20
290 12
511 74
289 98
149 68
364 99
304 34
369 65
238 43
244 61
443 57
182 42
154 44
245 86
160 31
191 51
521 37
388 85
410 24
258 63
209 5
460 62
519 50
417 10
384 16
206 97
486 4
244 96
466 77
304 88
129 37
339 95
521 98
276 71
201 34
511 23
34 40
215 67
19 31
35 1
409 14
100 77
180 11
373 70
73 31
1 6
11 20
271 96
440 82
278 65
40 31
205 28
226 24
10 12
468 15
251 11
526 24
366 34
380 77
21 46
352 8
498 8
56 28
307 14
400 45
523 38
393 52
40 71
230 84
111 93
160 33
251 31
72 93
269 57
11 95
384 15
170 97
109 79
434 49
199 10
239 85
149 42
240 5
265 44
177 50
520 92
434 57
424 5
384 7
101 6
47 55
425 8
389 34
505 27
128 99
143 57
276 75
104 86
74 44
344 56
222 18
263 7
166 89
73 79
314 69
138 24
380 51
156 52
538 93
118 49
83 12
210 36
276 72
43 90
381 79
519 66
187 47
257 88
258 65
408 89
120 56
444 53
379 37
438 54
323 36
409 85
316 59
430 19
302 57
204 37
432 16
500 52
454 26
88 54
284 22
26 27
114 39
298 35
283 12
403 31
392 9
198 87
447 46
472 91
516 42
457 41
307 77
280 45
408 57
152 89
304 36
180 43
57 45
308 31
533 83
488 77
72 11
293 24
388 19
360 90
499 100
530 76
325 83
482 91
240 90
221 36
148 36
461 80
62 83
482 99
542 1
250 63
478 73
115 52
173 78
445 66
472 41
202 88
408 78
501 28
236 43
420 77
433 86
485 69
164 5
527 43
235 5
293 56
407 30
506 38
174 19
33 25
190 18
321 78
163 49
136 73
227 63
398 48
457 6
2 67
59 76
446 1
243 40
293 4
270 35
402 83
429 60
479 57
450 6
407 66
427 25
173 62
484 18
342 10
469 72
16 94
459 84
480 61
483 45
67 16
39 17
227 62
437 37
228 62
50 94
475 57
17 32
184 40
401 94
49 61
291 93
117 94
63 50
39 42
522 36
69 1
47 100
133 97
472 67
230 65
508 34
183 93
189 15
463 31
103 34
47 50
522 47
44 59
130 48
512 53
420 45
91 62
380 80
402 21
182 14
198 21
72 54
130 21
153 34
478 72
417 99
105 87
348 44
34 60
55 69
254 47
445 21
24 34
449 49
174 43
463 17
188 25
75 93
165 25
157 43
356 23
340 55
290 69
255 2
321 30
204 46
4 85
32 41
26 4
65 23
88 90
473 35
458 8
471 49
54 97
385 14
20 99
249 54
174 24
112 81
421 5
123 73
281 84
461 46
329 5
393 73
207 64
210 78
527 43
317 96
271 27
534 21
320 66
85 77
406 62
329 40
173 3
179 40
303 63
100 64
417 54
422 67
458 31
438 60
266 56
236 17
540 40
254 1
360 20
159 84
18 77
88 16
372 74
357 85
3 20
21 66
323 31
170 14
498 9
45 50
295 93
172 5
145 16
315 61
285 47
230 43
102 75
419 93
349 62
135 62
483 14
418 81
325 15
131 6
387 91
1 36
436 60
527 42
249 32
341 44
176 75
506 1
457 95
526 86
370 52
43 58
66 12
403 20
111 5
122 13
128 18
285 76
135 95
478 40
272 23
418 39
244 59
254 8
198 70
201 34
498 90
539 84
313 88
183 88
422 83
200 63
289 35
208 9
351 70
384 72
365 18
112 43
326 43
85 29
319 62
451 22
73 87
245 95
415 74
102 36
74 10
208 94
37 12
314 31
256 55
157 38
350 19
220 78
472 50
539 30
178 12
58 37
143 25
358 63
75 69
534 31
151 37
340 10
393 19
394 9
480 18
96 31
346 45
138 95
117 48
232 55
302 37
509 99
443 39
433 99
325 26
313 51
351 51
439 29
446 83
309 2
428 7
259 65
393 37
465 35
317 15
121 38
364 38
268 1
230 96
249 17
301 79
110 26
10 28
496 40
101 34
508 92
304 42
469 35
151 7
492 58
515 74
152 31
233 46
355 85
263 3
276 26
511 80
542 60
507 83
170 13
260 87
533 69
141 88
263 59
27 60
130 83
329 56
285 61
268 52
325 49
286 43
57 17
149 52
540 100
10 16
214 24
310 94
223 28
349 99
25 62
420 57
346 42
217 76
483 75
259 98
185 20
526 18
381 9
454 88
262 44
362 88
245 51
227 32
418 9
492 58
2 36
40 67
117 42
66 72
504 73
17 31
291 97
528 70
53 23
259 30
420 1
137 73
533 35
139 81
134 33
46 19
400 90
213 94
480 92
274 44
378 28
11 35
199 63
394 83
150 8
7 54
380 16
431 10
25 58
298 95
466 27
460 46
258 29
448 79
514 17
81 28
305 45
78 46
403 87
181 2
93 1
52 20
3 62
216 15
217 47
66 68
406 81
424 57
250 46
141 80
120 54
278 18
477 95
468 56
341 68
101 86
176 21
487 86
259 32
463 53
320 90
294 73
138 19
1 61
105 87
11 91
77 40
22 19
259 70
369 22
389 85
203 67
331 75
125 16
539 66
215 93
526 62
206 63
1 92
192 9
496 45
480 90
470 2
142 11
532 76
466 92
179 94
62 45
512 24
347 93
376 51
235 84
522 99
491 76
233 14
455 67
344 90
498 92
483 15
40 26
315 43
358 3
16 71
152 88
246 17
162 47
13 66
539 79
93 95
517 81
364 10
300 70
5 56
433 13
490 21
14 1
319 100
236 4
379 68
105 2
407 68
102 32
83 99
532 35
26 97
330 34
364 23
346 37
50 50
82 23
27 25
200 8
60 6
511 61
474 36
235 35
133 29
293 54
69 9
74 90
365 82
257 3
50 7
110 95
491 9
534 58
285 62
325 96
33 47
156 48
59 36
452 85
297 44
193 19
298 77
79 93
485 24
110 70
38 65
12 86
332 39
283 97
54 92
352 97
446 27
285 23
284 64
116 17
287 82
472 54
24 52
132 30
101 21
467 54
445 9
67 84
342 3
30 47
84 37
118 56
194 87
243 67
173 69
59 14
257 40
54 8
461 52
54 13
31 96
516 98
334 58
321 31
501 90
352 71
100 26
539 22
271 14
382 86
482 19
152 42
302 8
16 18
336 64
334 50
24 11
430 27
14 93
384 29
353 2
165 85
133 64
76 31
80 21
183 81
120 36
485 94
68 49
184 37
488 15
139 62
160 66
393 59
198 74
266 64
488 11
396 30
322 18
493 70
137 69
326 68
225 8
339 65
471 14
462 21
126 67
405 50
94 6
167 38
506 42
198 72
330 49
319 4
328 17
51 33
136 24
20 71
388 30
210 26
88 3
461 19
336 9
391 92
253 84
124 56
201 40
59 42
435 59
149 72
203 43
71 35
177 78
69 77
97 69
436 43
95 22
49 69
293 25
320 42
389 49
29 83
51 79
474 59
264 46
153 30
380 81
330 95
248 80
125 80
410 99
245 85
293 7
1 11
35 13
161 81
483 87
141 1
511 30
46 91
81 79
276 14
378 47
145 63
216 11
398 81
507 42
393 8
505 78
389 93
16 40
152 50
128 76
154 70
509 91
172 5
28 64
256 18
380 37
499 40
279 82
75 23
324 37
91 63
272 76
403 20
370 76
63 22
162 23
14 9
410 48
436 34
47 73
266 14
538 34
353 48
374 87
211 60
301 19
229 76
228 9
417 18
225 98
217 47
155 61
24 44
270 8
373 1
501 71
108 98
484 92
384 26
165 66
358 95
383 77
326 49
442 99
8 100
378 72
329 73
78 62
4 4
319 12
327 4
196 61
234 81
265 26
194 52
82 23
294 75
506 81
296 23
400 41
305 59
403 81
397 42
350 19
430 36
216 50
140 35
315 73
228 78
317 73
412 84
318 27
76 7
429 56
413 34
96 94
12 24
128 34
331 55
100 31
230 78
343 27
404 60
542 46
108 73
100 3
390 6
225 96
95 10
180 29
373 28
318 39
352 92
405 82
210 74
392 76
163 27
433 43
532 16
