8965
1146 70
1718 96
1782 91
925 33
818 49
73 48
812 60
245 41
1754 45
507 66
1273 24
704 59
1458 47
1610 98
1050 1
1052 34
1356 49
1052 53
808 15
1454 73
541 74
378 74
101 27
45 16
1430 47
1273 65
1519 69
1560 64
1690 66
1136 96
1756 11
531 59
143 37
1323 39
920 76
238 20
852 28
1680 45
345 100
1498 47
1304 14
1177 77
470 37
269 26
864 47
1160 77
803 19
1198 49
1774 14
550 96
1601 68
1769 68
1166 71
67 84
315 30
288 99
728 64
378 43
401 14
1382 16
707 97
1553 68
408 95
262 97
753 82
1763 79
508 79
1300 66
474 6
983 8
441 58
932 22
1474 48
905 40
1376 75
385 39
140 93
750 23
161 20
1302 28
1013 40
1316 86
1550 10
1385 45
1330 51
1582 81
1587 48
1675 41
1196 55
267 79
145 25
297 6
391 24
1195 64
1371 36
940 91
1361 82
1103 96
79 7
1612 22
1137 57
1104 7
1331 67
1780 96
769 99
922 2
1213 100
253 88
1717 99
1744 87
45 94
430 47
987 51
1480 47
1564 3
1785 17
238 58
1756 21
1076 47
38 39
1474 23
875 18
1156 56
704 62
335 40
461 37
1259 79
671 32
1668 57
337 60
1240 68
382 80
1340 33
1740 99
192 53
493 29
982 97
1531 99
1741 36
1027 4
1562 39
582 91
1521 91
619 12
1065 100
38 73
657 86
346 41
749 77
1287 44
706 21
582 88
436 34
102 79
259 11
111 29
1606 39
208 47
682 6
1499 47
802 15
1274 8
1502 20
1370 75
1450 91
1292 40
1102 53
1265 4
940 83
57 29
668 100
546 65
1519 5
1521 22
1399 66
679 62
1350 27
1158 35
1093 97
1695 71
328 21
6 81
1435 64
1401 75
469 93
315 80
1686 100
1481 26
1505 7
1053 17
1424 90
213 37
1592 59
1269 62
1674 32
163 99
831 51
1611 65
1778 87
100 99
1547 32
451 74
878 14
476 87
877 18
1590 30
1315 36
885 49
606 36
1644 25
430 3
1749 46
1199 69
906 88
27 36
305 23
1324 17
1441 20
1526 46
1099 93
1748 1
777 100
1707 42
1150 18
791 86
1199 94
330 71
1520 33
1317 23
1728 5
1086 69
581 22
787 80
1710 12
1447 20
599 51
1137 66
1151 10
116 20
331 66
1483 53
499 26
62 62
1025 95
1542 79
1254 45
1552 33
816 19
1238 17
1163 9
49 18
140 94
846 23
1464 37
1081 45
197 11
1361 80
1053 15
707 97
739 54
1175 27
1425 52
764 38
364 20
331 13
1254 56
385 69
1247 22
1170 12
896 96
1178 26
642 83
515 97
288 94
1286 45
1180 29
805 4
1572 45
1390 77
102 64
196 82
660 35
89 75
1083 83
646 63
740 93
389 73
312 92
1763 3
1468 54
622 19
106 30
579 30
183 24
1140 79
852 91
280 78
103 9
368 93
726 41
1124 78
218 3
1089 8
557 8
283 8
901 96
1124 68
1213 97
1039 26
1003 26
469 65
797 47
429 33
319 19
1604 61
771 71
1488 10
310 79
700 19
1435 52
779 2
391 80
360 49
1061 31
1010 17
341 24
1265 70
658 75
1403 80
1044 77
327 9
793 74
144 94
553 10
1022 6
761 84
1407 87
831 47
1371 66
1606 28
1309 63
1724 67
1635 94
1516 93
1429 88
1575 72
1035 27
1254 91
62 74
670 93
412 74
1711 34
862 15
3 80
1125 4
731 67
1308 98
435 32
1512 3
421 78
461 4
267 22
1334 99
1136 47
708 23
704 81
1313 25
1577 17
183 100
130 64
1427 85
1348 32
908 23
1307 92
619 23
931 76
606 69
1713 34
692 26
1637 88
1417 78
668 94
219 21
1453 66
1365 56
1050 78
277 83
425 69
853 25
1644 92
1786 51
1734 52
1162 20
239 8
1303 13
874 79
471 66
570 56
1387 51
1211 100
1736 60
1386 13
258 49
1221 94
109 19
484 72
1361 42
1431 44
1090 100
1324 10
1632 56
1370 69
352 2
1504 83
1227 69
1739 41
521 17
1516 7
1474 45
1380 16
748 99
1544 15
787 6
518 7
654 92
1524 5
1389 38
194 77
795 44
1788 38
912 86
1204 97
74 19
608 21
816 25
180 89
1788 43
756 88
665 84
1536 49
1020 74
802 94
1246 24
191 88
185 57
1193 31
345 47
797 71
829 38
1328 90
1062 1
1005 42
159 76
1785 100
189 83
26 6
93 64
457 5
1229 20
1174 33
1422 45
725 74
230 57
1766 21
1288 1
333 64
130 16
484 71
1687 78
504 58
377 5
1289 7
65 9
22 32
1749 62
1589 38
38 46
1069 34
505 12
1052 25
998 71
1130 80
1040 36
422 69
1744 2
556 42
1279 21
997 75
1411 23
1304 96
1588 44
1204 35
541 88
42 80
57 18
740 95
380 89
1734 5
711 55
742 45
169 30
1051 27
872 79
632 23
1566 87
27 28
206 45
1539 16
518 33
680 91
795 29
183 19
678 89
346 76
627 8
208 81
1061 77
1024 17
562 94
555 15
1439 24
1240 54
1276 97
1294 86
1086 69
620 48
1004 58
232 11
1319 22
601 25
1313 2
1410 89
618 38
118 73
1173 11
1278 25
510 89
1107 28
146 11
588 67
1678 36
871 43
1633 85
226 19
557 81
315 11
151 2
1180 23
1406 63
1634 49
79 93
378 55
1482 64
1439 25
213 13
1698 74
950 21
293 15
1695 51
338 83
1702 69
840 51
586 92
836 41
103 48
1482 15
45 81
919 41
144 19
1014 58
569 15
1068 39
1698 47
1535 97
751 70
1127 83
318 71
835 83
842 59
316 1
519 38
649 79
66 13
1030 59
410 94
112 81
971 48
1363 58
1039 45
94 73
1680 88
644 17
1518 36
924 57
735 36
656 39
179 24
356 100
1736 51
266 19
1212 48
788 86
773 62
406 40
1349 12
950 63
1595 59
1743 21
1540 87
251 25
398 79
1769 67
421 71
1029 75
1597 1
549 98
1732 39
834 36
713 23
1139 37
228 97
338 90
889 89
1066 69
47 14
1708 97
1008 8
731 3
1342 32
64 44
1465 75
1584 18
1485 56
1204 12
1179 24
655 29
415 31
136 89
967 83
546 47
807 2
110 88
1770 44
1488 86
1706 64
572 96
827 37
338 65
620 91
1386 71
1565 81
539 78
1778 56
685 18
160 68
1221 12
1042 96
273 46
420 91
303 100
1666 30
402 57
99 99
1346 25
1568 64
1166 42
49 12
753 64
1049 53
249 19
174 32
1590 86
465 22
1480 1
1297 34
1398 89
857 80
1217 10
899 34
867 20
1558 58
351 19
1447 98
1527 4
1304 26
587 84
1304 91
1406 16
931 56
1243 43
153 76
265 79
178 48
570 11
1415 39
662 75
50 17
793 52
772 17
775 80
123 40
1371 90
379 82
308 51
1457 67
1688 94
752 43
262 46
18 70
812 93
767 47
678 61
917 52
1245 14
500 99
771 44
968 93
1310 22
199 80
201 89
1719 97
1149 5
991 67
606 33
136 79
684 15
1121 11
328 73
604 97
299 76
1618 9
1079 3
1167 72
1309 50
869 30
74 46
1691 59
1530 43
1256 50
757 87
436 8
1634 50
641 3
221 74
1712 31
127 58
54 31
1514 39
306 98
1225 66
447 43
1076 95
451 30
203 7
500 48
369 33
894 46
1760 23
833 63
456 72
1442 45
463 98
462 98
674 67
1043 11
367 48
1418 15
1791 21
1611 38
84 12
358 10
899 66
1709 96
370 38
276 99
890 33
880 33
1052 17
113 47
294 14
1466 84
1655 86
787 29
793 83
386 37
1363 75
1302 42
42 80
723 34
718 50
1211 98
1627 44
87 25
987 25
542 7
707 6
1697 9
1647 46
656 85
198 88
154 14
254 40
993 85
1526 61
1516 49
1085 42
1668 19
596 45
1075 13
322 60
842 68
934 72
136 21
542 42
1444 94
1011 34
1491 42
515 97
1468 64
658 10
1686 15
89 64
1738 25
1562 86
1647 10
1634 45
1198 28
1487 47
306 3
547 77
275 47
1071 26
1408 78
226 60
27 21
460 70
1457 44
82 7
1123 29
1456 87
506 92
198 29
154 49
1675 60
333 31
603 43
253 28
1071 29
303 28
1426 52
896 89
597 77
1600 19
189 90
247 10
657 78
1168 4
1732 36
1712 89
1183 61
1383 8
751 19
380 8
1774 73
982 29
762 49
288 11
723 21
275 13
1139 13
1717 73
644 50
1007 28
1262 93
1599 4
1442 98
1487 5
1762 72
1041 18
1363 30
105 95
174 13
880 70
1140 12
205 23
319 29
240 24
478 67
111 6
938 24
964 32
802 67
1052 98
615 88
391 38
1050 40
298 47
317 51
997 82
760 38
509 41
933 33
230 43
1654 90
96 54
1597 30
880 11
1759 84
732 62
780 98
1442 12
509 45
150 77
1457 29
556 87
377 22
1229 20
1379 58
1781 30
130 22
1339 97
1393 95
1570 59
36 45
876 44
29 100
1285 54
1676 15
1503 61
1416 71
60 15
6 70
596 38
1002 60
171 18
451 25
1229 78
1289 17
1458 94
1584 60
160 20
643 19
1374 26
1070 60
119 66
86 20
732 9
1549 27
122 76
776 58
810 39
1619 46
1707 44
397 94
1686 99
1757 69
1507 96
369 42
1488 63
957 7
1310 59
1533 34
892 86
1509 97
852 100
220 12
1376 8
693 95
1189 86
189 29
79 98
791 76
427 58
472 67
1140 91
166 82
508 20
489 40
1519 16
570 51
23 100
1706 22
1652 26
332 34
1049 19
1678 95
39 5
937 29
771 15
1082 95
1257 16
1028 19
143 54
286 60
16 71
1328 93
429 87
1761 32
1601 90
654 17
233 45
1343 93
672 58
1097 79
1184 16
1596 82
680 19
782 29
528 50
1793 46
1018 47
806 42
1 47
1523 90
332 27
770 68
327 1
79 12
489 76
21 91
931 76
1241 61
1497 79
129 2
946 18
933 74
1323 71
443 14
252 57
396 31
1128 21
1029 57
217 72
927 34
303 12
1548 71
1143 69
1775 58
1626 50
609 57
897 47
1151 61
97 37
441 69
475 48
1571 63
473 90
1004 37
361 29
750 64
1321 92
329 39
1376 89
51 79
920 2
1536 69
495 97
1093 94
454 1
524 45
668 51
1476 64
1780 35
678 96
975 48
773 16
1742 86
443 78
1438 33
896 32
700 70
832 37
700 98
1620 90
1108 97
205 43
1069 63
1216 54
387 13
1346 50
358 83
1153 30
677 10
1378 97
1683 82
766 79
297 23
563 61
550 53
1676 66
310 93
378 81
1263 84
1290 79
139 96
1200 33
1468 53
522 17
1495 98
882 62
1351 80
381 71
1061 37
1483 36
712 42
1528 68
1330 2
36 7
674 27
656 37
594 88
431 59
1315 39
490 58
1078 6
474 41
76 24
589 66
266 3
430 35
933 37
1408 36
276 78
716 27
1510 50
1206 36
1474 48
1363 88
903 2
1554 26
541 38
445 31
1419 56
1265 32
394 99
1053 69
855 16
1379 23
1617 71
294 83
1682 16
859 100
1784 43
1334 12
736 78
908 26
221 68
1297 58
233 69
1667 17
1259 83
955 4
814 13
1077 95
412 51
309 42
1118 50
367 72
1066 86
1099 59
153 4
1351 33
1718 82
1210 73
685 20
623 37
701 87
734 42
1179 61
1255 20
105 34
1182 94
1683 61
266 94
1075 37
956 38
1551 69
1334 62
1685 42
535 81
1135 37
516 11
666 68
437 57
449 10
1601 85
528 56
742 88
1325 28
1716 95
237 67
199 26
1214 93
22 10
889 32
1299 59
969 96
721 22
63 77
1459 56
1613 38
1724 6
1496 77
511 12
823 45
1334 59
1772 54
1090 75
1190 11
710 93
1076 29
543 12
1360 55
1420 46
1166 66
508 41
245 25
1576 22
1039 29
1037 9
1633 93
202 88
767 7
987 4
1149 26
184 60
599 73
939 63
98 88
636 16
1107 6
1085 91
698 74
700 45
1665 26
117 19
1521 58
458 85
259 13
110 73
1182 58
14 59
418 73
374 46
219 55
511 76
1687 17
1616 4
1589 49
1250 65
746 81
1601 84
316 50
366 35
247 49
228 8
1165 88
1453 45
457 81
1545 5
416 30
1717 53
633 63
672 78
537 80
1107 44
252 97
1449 8
1779 23
1155 78
1279 50
518 3
792 13
1182 29
273 67
1221 52
617 54
1577 13
1447 12
1130 95
277 83
1298 79
569 31
1470 88
95 68
1208 49
552 56
972 55
973 44
539 58
685 23
374 100
1777 58
340 67
708 45
1614 96
396 23
883 40
1352 44
361 23
1074 2
1367 95
1306 71
513 26
1595 75
754 99
555 32
1761 40
674 37
1063 8
1185 69
296 72
1214 3
586 93
953 96
1775 58
123 96
661 40
305 68
1080 55
8 79
1328 24
1261 16
883 48
861 13
78 25
49 14
686 1
1784 48
1313 83
1346 59
358 88
1707 43
1002 23
1324 15
1406 35
549 6
1168 95
408 47
955 13
1251 23
689 51
476 79
110 32
1438 17
127 22
109 74
1138 71
770 83
797 23
1580 89
307 95
885 14
1226 99
1605 3
1228 37
739 62
1480 98
179 2
1574 64
311 50
480 60
18 20
719 26
650 77
450 34
641 87
1569 46
299 44
1235 42
480 66
278 55
585 11
350 9
857 42
1091 99
107 62
1543 90
1750 38
567 93
838 92
1012 88
1370 95
1475 72
396 8
299 63
1426 45
378 63
262 76
1064 24
1537 12
1623 10
1122 59
607 19
788 6
1314 84
332 17
876 71
1777 57
1414 68
863 65
1075 39
1492 49
883 3
110 31
1458 60
1501 19
548 51
540 1
364 34
665 46
1636 86
1576 93
213 47
645 73
635 62
1108 12
1680 41
1348 83
781 38
259 94
1262 34
690 52
1386 69
1040 65
601 70
312 63
269 23
560 35
800 77
1681 40
497 16
542 1
657 54
723 14
1565 22
631 69
528 49
1407 36
211 7
473 78
985 29
1524 27
1221 19
1621 46
1637 50
261 13
202 64
1593 17
982 18
1376 30
1560 18
1352 84
400 62
799 30
402 64
217 72
1387 90
548 34
661 31
1331 74
446 24
414 78
970 38
5 89
620 93
1240 26
606 55
1103 93
1608 75
1354 26
792 13
768 33
1503 60
354 93
265 50
259 70
740 8
1303 9
820 7
912 82
1102 40
1096 60
93 71
216 68
1587 43
327 42
1079 94
1722 74
1000 69
478 71
726 31
899 54
923 90
1495 65
657 71
258 42
1323 77
303 71
916 75
603 89
529 17
1673 59
611 2
193 10
1605 48
1444 65
1419 55
1359 86
1701 27
537 68
1676 45
1020 76
580 56
61 18
370 12
546 46
817 32
89 35
1328 33
1463 80
1716 7
590 78
394 86
804 73
553 66
961 50
1629 87
789 35
177 30
201 96
1735 85
885 19
979 45
1754 78
1195 9
810 17
642 94
1555 28
734 40
927 100
903 90
726 53
1231 8
603 6
1193 91
1407 39
1055 41
990 58
328 48
1762 57
1048 61
787 23
1090 95
1626 24
689 1
678 17
1148 56
520 76
279 8
180 68
1373 29
1368 35
295 54
648 81
622 60
47 35
101 86
162 28
622 6
361 48
355 49
963 73
1566 63
833 91
1329 67
178 56
741 21
534 55
262 70
1467 24
1762 4
1699 24
1432 58
756 4
1741 70
588 3
1722 61
1394 67
368 70
1277 23
775 43
1710 91
1714 91
130 17
740 37
328 47
269 25
613 16
632 41
1365 78
1317 76
728 94
1039 23
146 31
1556 87
1590 72
458 41
163 18
793 36
83 98
790 61
1072 10
766 16
722 5
1126 37
452 36
1696 38
444 58
237 15
1054 91
1604 82
1507 99
563 38
402 64
751 48
1719 46
914 9
243 14
253 14
1227 30
525 40
1399 22
1507 39
1472 92
1119 38
773 96
774 77
1569 70
1251 82
1265 60
437 29
97 58
143 17
967 27
689 30
278 35
951 74
717 61
981 30
947 84
1759 13
621 46
306 61
700 48
1590 93
452 21
1435 47
441 36
710 100
730 13
1286 70
658 62
932 45
1657 75
455 6
828 25
1637 10
88 68
1645 38
393 65
1260 60
684 70
1210 33
586 18
1647 22
1685 17
1332 9
583 95
1726 26
1599 62
1 6
1395 75
1135 95
162 39
363 34
666 81
1228 74
476 23
989 100
926 52
990 12
595 69
1606 53
303 89
1111 6
482 17
255 97
531 75
660 36
1036 16
671 47
185 27
1644 34
1638 64
275 98
100 74
1574 76
594 18
1326 54
1518 42
556 100
466 3
1414 39
1630 61
690 9
1156 27
327 31
1013 32
1327 61
942 15
1698 42
585 48
1648 40
1746 19
252 43
282 99
1211 72
1676 20
1617 92
726 46
1436 72
573 73
446 67
1258 14
987 56
21 55
186 26
1483 37
859 20
1598 4
1407 54
1063 97
1123 36
697 47
659 62
1364 48
1483 7
139 100
180 51
1399 29
1393 3
1147 44
940 28
1029 57
1730 99
293 70
1459 47
1164 100
865 70
770 36
343 29
1588 88
332 2
297 11
1003 61
128 91
111 69
6 36
1749 31
367 78
386 87
797 91
1377 18
233 57
1167 45
674 46
1244 75
1267 87
1687 69
434 39
205 64
1175 91
1319 54
1445 94
890 21
1280 69
1655 16
1374 68
932 66
503 26
286 15
911 63
1640 14
781 85
2 21
561 6
1467 8
606 38
1764 77
1493 63
1709 61
788 11
1057 41
135 8
89 11
448 76
840 58
1198 94
466 13
1511 50
1011 81
211 55
945 38
1187 10
1539 95
1792 23
1468 32
1276 17
677 89
1655 70
1729 65
173 85
572 32
959 5
1429 20
1230 38
598 31
1566 61
1098 16
421 7
67 92
368 70
559 87
112 40
404 94
797 4
1557 11
1431 7
1664 10
1499 63
1402 14
567 83
111 77
1258 80
1435 39
1451 65
740 100
227 13
532 39
749 38
1788 62
837 71
1225 15
527 4
862 82
74 73
1576 35
1418 31
526 56
87 75
327 46
80 9
356 24
199 93
1156 8
788 14
1013 48
248 41
652 97
755 44
166 71
1763 67
413 81
1494 86
1067 44
204 19
1577 77
754 47
750 22
1623 89
1789 2
375 56
1024 58
27 71
1101 35
779 71
834 9
1278 71
473 88
386 83
1708 16
113 2
955 33
93 74
365 31
219 23
187 34
551 69
1028 76
1499 66
840 97
572 92
834 2
1522 1
1434 7
88 59
1425 47
379 14
56 74
1565 64
1172 79
675 47
1594 10
699 91
309 93
1038 10
1275 64
661 73
1389 82
1265 20
76 13
739 16
245 58
456 29
236 9
792 90
1549 84
231 55
962 11
588 52
1349 62
519 24
75 54
755 1
1516 73
247 74
393 65
1347 63
666 33
1663 52
743 22
303 78
779 17
1257 43
592 10
1603 86
1640 33
1500 13
1387 37
1540 33
445 94
779 98
1322 81
1011 30
530 55
183 21
1277 48
915 81
823 40
280 82
603 17
1311 79
1685 72
932 96
1031 65
201 69
1487 70
1452 59
1571 2
733 35
615 94
720 63
477 44
1584 82
231 94
269 72
1161 48
1405 67
1282 88
1540 37
766 59
1228 29
659 54
1768 100
3 17
155 43
1694 42
714 46
618 29
187 39
339 43
1302 60
1287 77
714 40
664 1
1647 1
474 91
755 99
1303 43
1542 10
1568 72
466 81
1644 75
249 50
1144 12
84 21
1690 86
363 20
74 97
1259 64
150 8
569 51
1380 65
1190 94
1145 99
106 59
1383 2
119 45
1166 47
50 32
717 88
1255 33
651 74
1680 13
342 77
288 75
7 81
1694 1
1446 17
403 60
1428 48
978 66
745 85
117 69
337 17
218 15
1157 18
142 42
238 74
652 87
518 14
862 51
1582 23
876 18
1497 65
1268 45
653 7
336 55
1190 46
324 50
101 66
919 53
571 8
1576 65
1230 45
743 17
386 45
772 19
1689 89
559 26
313 90
571 11
505 23
1378 82
1229 38
751 11
966 16
1544 37
401 75
646 54
1174 64
1257 94
642 70
1389 90
1329 77
1752 93
150 91
873 50
949 14
4 95
149 33
339 45
1533 46
1113 2
1155 81
787 54
1615 71
1587 28
1389 35
893 75
1273 76
1011 39
571 96
1578 96
704 10
841 88
1484 77
1123 5
968 73
136 33
977 32
1747 76
742 3
874 97
104 96
1178 51
1414 89
985 95
873 21
968 90
166 26
1100 13
749 15
719 90
320 76
1146 72
1214 19
200 59
1149 35
944 25
1658 26
892 14
555 69
221 18
26 24
1534 23
667 8
413 34
296 15
1530 83
194 19
577 74
117 16
865 9
400 4
1190 50
1784 6
428 100
1416 3
605 81
291 71
43 19
38 12
198 73
960 91
1029 6
1427 50
658 44
18 45
1656 92
430 6
457 45
211 67
263 85
1045 80
1453 6
982 59
1670 45
1378 5
1698 55
466 34
1573 67
1363 77
356 31
1311 80
1498 52
1034 27
1196 18
454 96
488 39
658 30
1593 67
284 99
613 29
317 43
1658 3
1111 81
1148 80
272 27
1609 32
1065 38
1262 24
444 46
998 1
1256 34
93 10
864 35
40 22
277 5
239 61
1099 84
10 1
1480 44
1082 92
449 35
1351 52
815 19
1671 97
955 82
372 37
175 69
769 66
215 4
101 57
1216 19
1510 6
1329 83
108 51
1311 65
161 66
1008 23
1304 45
1235 40
381 3
619 61
801 59
1791 53
1286 9
1073 35
54 76
677 32
752 89
131 56
8 31
94 22
1087 14
1472 23
1567 78
722 31
1576 44
705 52
1109 78
961 98
372 80
1750 76
27 10
584 1
1018 30
1047 57
478 12
1259 46
381 56
555 44
1121 99
89 91
1447 59
1298 73
1277 51
1191 12
596 65
1099 61
1119 96
408 52
1324 12
201 65
1433 56
1108 72
1546 19
498 62
160 85
1406 72
1294 90
880 2
1237 63
460 64
291 59
1347 73
1138 86
1564 32
593 24
1627 70
377 82
258 28
421 37
207 62
1203 72
763 74
957 22
959 38
864 50
175 7
104 74
465 91
1487 44
1001 8
832 81
1169 96
651 36
363 80
59 100
172 21
454 24
1450 51
1436 15
1024 27
158 35
402 67
1736 11
635 65
1603 93
1487 27
303 81
1206 11
1574 88
1750 75
445 43
1782 1
859 38
570 3
1256 38
120 25
207 36
1550 31
1157 69
812 48
1715 5
211 20
1254 59
124 43
1435 87
490 20
1357 11
263 100
893 72
253 70
960 19
123 36
844 74
32 73
1774 93
110 82
476 31
197 99
998 85
1071 50
1662 21
217 85
599 76
779 66
1277 51
1234 40
128 87
994 55
517 34
338 28
1098 5
281 60
1202 32
554 48
964 97
1471 76
571 17
1439 81
220 92
946 2
127 22
351 6
1727 45
768 63
1661 54
1552 81
522 60
427 25
197 1
332 68
20 24
1730 32
189 51
1629 34
1076 53
37 58
1464 28
574 8
257 21
44 33
144 69
342 75
1565 38
513 55
136 99
359 76
1536 94
1081 58
1011 43
602 33
397 18
1591 64
1495 85
1008 85
1332 70
280 25
434 13
759 67
72 62
1569 59
1127 65
10 44
1560 1
1530 59
884 8
1140 77
1577 47
193 22
1300 52
1736 50
1437 45
800 8
518 28
1648 52
624 13
83 35
92 26
689 14
1746 31
96 25
372 4
469 10
1411 100
1535 88
153 46
1550 15
1146 24
867 3
235 28
1686 27
1643 29
1273 42
472 43
1356 12
1236 67
403 94
981 63
1375 49
819 78
1566 35
671 45
1374 41
75 37
907 40
245 19
754 67
1566 16
616 73
917 34
20 95
1151 86
309 21
185 95
1234 38
123 59
1036 21
1756 43
673 79
240 98
202 63
1393 17
1569 56
501 52
1463 83
761 10
1417 42
121 19
1422 18
1693 41
258 14
1465 86
1589 27
1150 53
1608 53
1116 69
776 94
1455 96
83 5
234 24
1267 15
784 54
199 88
1483 47
102 65
1402 90
517 88
299 27
433 63
1392 32
730 54
1271 48
690 33
1114 95
79 79
231 30
1475 45
1674 77
438 74
1275 36
493 71
1516 30
1779 92
1745 83
1592 54
732 44
701 1
52 71
1227 69
1233 95
349 3
1163 29
465 1
205 1
563 7
1422 62
1584 82
957 22
706 45
814 33
388 68
94 72
192 47
808 15
20 94
307 71
783 13
325 66
577 27
1469 12
575 52
200 80
500 81
562 79
537 87
59 68
1705 38
1476 49
198 75
395 33
427 26
87 75
1628 40
1569 78
1111 45
1645 98
1718 92
1501 21
153 34
1626 37
633 79
656 67
1502 71
1437 87
1166 39
1690 81
35 89
824 58
128 77
763 42
1580 9
232 32
527 81
1633 89
1043 50
439 67
279 84
407 82
1545 70
476 100
1745 35
1686 80
264 36
662 94
879 1
837 65
132 4
1280 92
1113 68
718 96
1793 75
322 70
5 82
1159 12
163 23
4 32
853 27
495 93
1364 67
1456 97
609 26
780 27
417 23
953 6
1507 4
110 59
608 11
1375 38
751 25
129 26
16 22
432 49
992 86
557 37
1778 86
352 83
1180 97
1245 24
830 1
1296 55
407 37
1211 98
10 78
398 51
1612 82
851 31
1397 58
875 51
1143 13
874 75
200 76
512 5
1164 95
56 61
829 32
104 69
1671 12
504 62
1111 11
186 75
1140 4
1456 100
1695 41
1273 29
405 86
741 74
736 30
864 84
1792 69
894 51
1750 63
1291 20
1434 86
1290 5
427 27
262 60
1020 90
936 46
1657 80
1276 7
1701 8
810 82
1618 73
1760 2
755 53
