6863
425 74
945 53
792 27
704 77
169 32
296 79
1273 71
50 65
967 18
753 47
1029 95
1173 82
1287 91
882 20
1179 26
833 76
364 48
1174 22
661 4
584 42
1253 18
399 47
93 60
89 7
956 65
422 3
952 86
615 15
720 29
510 92
989 63
1298 83
368 63
335 40
1305 48
1252 95
20 75
879 98
1238 38
787 14
1042 94
1019 24
367 9
291 74
848 86
1082 95
1038 29
203 91
1095 25
71 73
656 49
417 60
1345 49
784 63
189 75
561 27
1372 5
233 94
1332 65
1238 81
244 11
1193 9
374 46
691 43
269 30
466 21
42 38
413 48
809 49
655 90
314 46
1368 3
1020 59
676 48
604 33
102 25
647 36
1233 79
886 20
491 75
701 67
683 57
1188 47
1024 38
875 7
258 85
224 38
1362 24
621 39
158 13
404 77
913 41
360 91
393 5
1141 91
191 85
158 58
1113 75
808 10
85 32
1027 79
967 45
897 60
304 70
928 4
701 71
145 21
605 28
52 3
953 76
1291 83
130 41
472 53
665 62
212 98
860 22
908 48
19 10
29 49
434 84
577 4
516 62
882 86
343 6
557 75
180 40
507 14
1089 85
1122 69
850 96
1372 87
1077 29
877 19
389 62
917 65
909 70
1148 32
194 93
926 61
366 89
1226 49
1044 87
252 80
198 41
786 77
438 88
707 33
738 19
561 21
1297 93
710 83
1300 46
118 27
1190 29
167 78
996 38
1061 82
830 98
594 74
422 12
545 58
931 59
610 60
306 42
21 71
281 6
972 54
94 22
406 69
363 62
1158 100
438 19
901 38
383 19
1297 66
1316 82
838 57
989 41
297 53
65 93
570 42
36 99
510 52
1149 47
1188 33
976 51
1151 27
405 82
267 75
23 24
886 86
1116 7
393 17
1235 13
846 3
17 51
261 61
1315 50
1277 100
1140 70
456 43
417 31
1080 61
454 62
24 10
180 27
1361 40
990 96
237 63
959 17
1364 34
97 69
1114 95
692 12
1361 5
1364 2
328 73
879 40
924 62
685 60
833 29
547 15
437 20
555 68
779 73
791 57
1249 51
9 5
410 8
735 9
28 45
424 42
799 5
718 59
821 4
503 94
68 97
803 19
794 69
910 74
1246 87
132 64
351 29
14 86
156 69
351 35
928 39
1190 31
816 9
820 8
782 58
997 25
23 40
1060 78
1089 53
107 77
1305 81
109 64
1175 34
396 31
1294 50
160 17
219 76
150 25
18 73
613 30
76 1
565 91
1168 97
715 49
557 59
259 57
955 53
664 40
255 28
640 68
1222 21
395 21
794 59
524 29
862 67
174 94
574 42
918 93
196 39
678 60
700 5
1299 32
501 67
1223 93
333 48
982 55
794 68
533 5
303 43
528 5
1280 6
1020 71
830 13
797 14
303 43
516 23
843 63
381 51
1240 40
870 33
818 11
969 64
316 69
118 85
896 74
471 38
1110 94
994 69
1165 20
418 83
121 22
1012 38
1293 11
657 72
61 94
820 67
1167 89
1203 89
75 52
372 78
145 71
1234 75
582 31
819 3
474 75
672 68
1070 63
495 50
1274 94
736 24
693 100
537 62
993 12
1165 49
1296 36
657 6
527 13
343 30
1158 34
411 41
206 29
1215 87
257 14
245 49
867 16
261 38
1155 4
508 37
1280 8
540 72
814 53
179 29
314 94
737 96
543 64
527 8
815 44
940 67
130 66
525 87
686 100
887 84
1334 20
815 92
1112 48
647 46
1299 88
675 40
539 48
811 91
411 75
1172 74
173 58
623 45
1094 10
270 42
332 92
949 85
1089 44
681 36
540 70
545 6
1012 82
418 35
347 1
32 40
373 20
1097 86
266 73
814 5
36 63
953 91
1141 73
273 1
648 70
510 69
904 22
89 22
208 28
1350 61
124 95
535 85
969 93
877 69
34 88
629 88
564 74
920 93
414 81
913 74
1045 57
999 88
708 44
983 57
105 50
378 31
765 90
670 29
316 2
1243 67
1138 83
1361 49
1066 93
486 96
1097 45
190 47
127 50
670 2
972 37
257 63
751 54
544 39
598 73
621 12
550 96
578 93
919 35
363 3
1157 66
1271 54
134 61
1160 59
591 61
512 24
676 67
246 47
634 86
850 43
6 9
219 40
581 12
284 22
1037 91
1065 57
940 69
475 22
1092 76
357 11
721 3
186 82
15 34
252 20
32 59
352 72
639 32
242 1
784 3
899 61
689 87
326 83
424 11
10 76
710 4
805 64
752 25
779 62
1291 44
312 29
884 23
1297 9
1050 71
663 57
948 98
324 14
790 30
720 8
1211 59
817 75
1062 71
509 22
1274 25
1208 31
992 15
390 33
966 22
1190 91
947 4
413 39
400 55
660 86
177 65
1293 55
519 62
607 52
935 46
127 56
29 44
386 81
593 42
684 60
508 72
816 27
880 84
918 22
454 79
637 63
1068 81
253 12
496 27
735 29
1141 36
240 3
663 61
113 25
947 16
983 15
114 19
498 90
1132 47
70 52
432 73
380 29
915 56
142 4
814 6
1154 87
89 48
965 28
957 38
233 73
704 83
202 26
937 45
250 76
500 91
931 72
1277 57
880 65
734 61
1121 59
515 81
1272 75
193 20
1108 1
651 88
105 91
795 50
910 56
1268 48
1316 28
540 100
503 100
8 91
961 66
1251 10
1329 89
471 100
502 88
159 53
666 74
923 5
1270 53
352 10
1279 43
350 64
1077 32
685 45
406 52
1364 6
558 96
1131 100
109 40
440 52
1077 8
1158 84
1130 22
575 28
90 36
1005 5
283 58
259 18
1092 45
1075 67
820 57
1148 93
116 53
778 96
313 25
1211 31
1236 24
666 59
397 29
1320 92
99 64
1355 81
518 63
223 1
177 11
125 53
851 58
367 16
1042 7
267 33
240 65
185 69
1139 49
1059 45
385 61
140 91
1351 32
302 6
996 58
326 84
1015 77
953 59
498 3
817 70
505 97
567 36
240 74
677 44
1095 88
595 41
177 40
984 25
612 70
447 94
1310 52
1340 64
409 28
973 91
199 28
1338 100
821 44
955 95
1331 95
241 40
292 50
207 7
1054 10
830 98
506 66
365 58
839 12
1010 72
803 64
959 93
295 73
452 74
508 6
38 58
247 40
1093 86
1234 37
695 79
1335 85
623 63
1056 19
266 30
1155 8
1266 26
834 2
116 8
1199 3
447 89
761 47
305 62
115 22
639 75
841 31
841 47
1015 36
546 32
1054 39
25 45
208 24
826 30
1320 12
1155 3
74 15
866 14
601 1
628 84
1261 31
998 7
598 69
224 17
1337 86
309 39
741 87
382 32
1187 58
558 45
1116 72
911 48
904 36
1171 90
798 81
339 71
981 74
337 82
1011 17
165 75
996 26
802 65
1350 30
267 21
715 51
1356 94
276 13
551 46
185 32
356 30
601 4
187 66
651 86
185 68
367 59
1352 97
47 26
1240 76
578 66
1145 86
56 10
234 52
742 95
1001 43
193 86
686 63
1214 36
2 20
287 88
96 8
453 36
1311 46
826 78
219 73
342 46
279 50
559 8
635 58
8 9
1122 100
403 1
830 32
43 49
846 55
813 32
412 31
1218 6
1299 64
274 93
249 54
160 72
1209 54
1203 79
991 47
287 56
548 80
1130 16
519 13
222 43
1327 43
609 32
503 80
890 93
664 54
478 25
418 34
583 84
1063 77
1214 86
780 98
719 63
482 58
1033 81
412 95
215 48
203 43
552 3
1258 72
894 85
241 32
923 99
1303 71
30 24
1089 86
871 64
800 74
739 33
921 22
203 31
874 35
345 43
460 7
1279 6
347 81
537 76
36 49
563 76
1089 42
1259 73
560 23
1235 94
1062 43
193 76
16 66
416 89
176 91
510 88
490 9
880 15
1369 34
242 49
889 15
1230 15
1156 70
1049 86
543 32
387 70
511 17
961 66
769 36
534 23
817 78
66 96
647 20
43 43
1252 46
820 74
689 72
972 60
55 48
848 68
152 76
727 59
212 95
849 92
976 56
896 59
283 40
974 32
1340 85
534 83
489 69
981 44
423 1
107 86
748 47
1309 39
225 98
157 29
1215 60
152 13
644 90
693 84
91 13
596 78
908 81
208 69
1080 71
85 46
822 56
1128 4
626 19
1345 22
501 13
139 97
514 54
1136 94
728 40
789 40
404 34
249 41
1208 88
511 78
140 16
831 86
729 71
1268 62
1253 41
169 1
371 3
144 70
485 52
1123 77
225 37
1155 23
1087 35
1005 9
560 99
304 21
589 22
70 70
1336 6
1345 4
783 40
293 3
151 93
483 42
837 58
1050 61
169 95
1010 31
397 91
290 12
868 15
836 59
667 21
1028 33
432 84
1093 63
792 43
281 34
270 60
1322 43
1216 27
1340 41
29 69
1020 54
758 84
1317 96
94 66
951 13
236 22
1354 11
699 75
1022 64
1142 25
310 12
812 9
424 99
894 52
596 37
884 47
471 48
861 69
721 60
769 98
1201 32
526 34
759 4
746 95
740 90
303 33
582 48
365 57
373 61
52 33
997 67
276 32
500 73
892 6
182 88
1263 95
881 46
1026 95
543 95
1147 58
1012 84
290 54
255 6
367 90
245 16
518 47
15 96
504 43
404 2
1106 49
971 76
581 66
183 57
106 6
1194 56
1197 27
982 50
766 37
172 16
1360 54
1000 59
432 71
572 81
527 86
146 14
350 35
509 39
289 85
1321 2
414 40
44 53
1237 41
292 24
2 32
1108 18
676 55
1358 5
713 44
3 20
829 21
11 18
621 52
819 87
701 77
336 44
1271 100
24 94
1193 69
280 39
996 21
1235 68
311 40
634 34
661 100
414 17
427 95
1044 48
1255 11
1197 27
274 65
861 23
397 99
1240 88
1287 7
426 10
1354 98
957 46
800 50
1100 50
583 87
1155 96
1080 10
740 79
1147 34
837 24
817 49
372 79
1198 55
288 16
456 45
491 1
442 43
59 3
329 58
661 85
1291 29
980 54
14 63
250 12
756 54
138 100
1126 92
11 15
360 46
324 26
550 91
12 67
594 71
553 70
12 23
1346 60
769 18
1315 12
1022 51
1155 32
693 88
681 5
1283 16
505 43
1113 72
561 60
1293 23
345 14
650 62
739 8
1137 28
814 91
249 28
1051 22
1217 44
1358 68
371 27
799 39
952 31
191 48
1174 26
785 44
667 13
1147 40
1149 31
964 47
1040 83
352 2
376 76
1151 16
974 43
30 22
76 84
304 85
313 13
601 11
337 24
1140 49
136 41
789 60
1251 73
1020 74
1161 76
763 100
246 61
1166 38
632 60
941 44
1095 21
394 94
900 67
1127 45
1210 22
127 100
745 83
353 75
1249 68
156 93
1071 68
1145 48
425 92
621 30
757 54
888 58
1343 100
819 4
786 48
400 35
419 34
1056 16
837 72
1001 22
823 59
500 61
906 31
614 72
705 46
1027 36
1198 13
988 42
784 85
168 45
557 15
1241 58
1308 7
355 38
297 14
965 4
3 48
986 12
910 94
129 90
782 95
1367 8
692 9
690 85
770 56
1263 40
761 38
162 13
957 51
692 85
630 62
800 31
1075 46
604 63
555 95
224 25
342 21
1034 30
965 10
220 95
1353 18
1229 86
642 8
1219 71
1248 77
1315 61
175 9
45 58
467 79
70 68
30 97
1088 26
524 7
1357 83
788 39
864 83
553 38
1124 22
809 65
499 39
386 67
1128 56
540 56
87 64
760 99
304 9
644 28
23 90
1284 22
372 74
822 31
987 81
691 20
1314 70
120 68
1340 64
237 88
631 80
779 43
1316 39
981 12
778 32
1166 66
341 49
1142 87
1372 39
549 93
399 79
425 18
905 37
507 65
323 86
495 3
257 97
34 81
409 27
472 47
344 65
416 75
574 74
142 20
201 35
1310 93
231 16
800 17
1258 81
162 79
1071 86
308 29
181 86
399 82
238 95
626 20
557 35
192 32
1039 74
280 59
238 96
582 45
989 12
875 96
181 65
1251 8
12 44
398 72
157 41
834 9
821 2
750 51
41 86
164 78
667 51
993 33
272 4
1240 36
670 42
1249 12
604 33
787 38
8 47
822 18
676 24
1348 16
1143 94
408 23
344 17
1144 25
846 43
1151 39
559 22
452 62
1121 75
370 51
373 1
241 84
484 99
749 17
1159 47
260 77
1336 10
933 56
1270 96
1301 38
236 32
722 63
889 42
1301 51
1074 10
731 38
818 76
1161 27
111 79
629 40
635 95
467 17
990 76
847 33
460 37
689 89
1347 45
1096 92
500 11
36 96
729 48
66 1
612 97
183 77
235 22
371 75
990 43
554 20
911 14
72 8
1243 18
201 64
314 61
1358 82
313 93
807 35
1151 95
1204 78
622 56
775 38
873 51
1240 86
409 95
656 59
132 25
799 13
681 54
1308 2
580 75
590 49
913 53
746 27
934 68
331 22
692 73
463 86
600 39
979 78
1231 95
1094 81
521 47
121 91
774 70
1234 26
745 12
748 89
1099 4
1143 1
112 37
344 54
580 3
968 44
686 1
310 87
473 38
856 50
1052 82
653 46
607 87
37 22
1123 97
725 18
668 80
1204 68
806 5
431 59
1160 3
542 35
1253 24
738 3
1148 47
1337 67
1042 21
465 87
1235 65
655 88
1247 37
308 1
25 40
1371 17
200 36
209 73
1170 92
1205 50
1144 42
443 79
648 38
962 88
20 71
879 47
726 37
1184 39
185 41
312 57
500 13
441 73
50 74
969 36
1359 80
1212 9
960 33
594 87
1178 58
603 90
182 88
198 29
187 89
389 17
696 42
141 28
1327 65
1065 71
548 21
978 15
1076 87
1017 26
75 41
1370 18
1153 12
616 93
1022 13
794 68
859 12
704 99
889 50
844 27
343 83
1031 95
1070 61
1268 29
1232 10
314 2
214 50
769 10
23 29
782 38
1063 1
903 31
131 16
19 79
1333 40
878 3
979 30
1091 10
280 13
1115 25
1146 47
1254 67
246 55
1282 89
720 19
1354 45
708 54
618 48
699 86
651 76
642 28
796 42
1112 66
699 17
803 31
442 10
719 60
715 9
1032 69
877 79
913 55
1049 68
1041 21
573 68
1323 26
850 34
982 33
335 64
710 76
680 17
1023 97
220 86
679 6
778 68
45 28
520 65
371 24
638 16
315 49
269 86
64 45
1016 18
17 71
49 48
649 48
664 38
1138 87
1251 65
628 9
1262 48
982 91
946 63
1167 10
284 28
862 55
901 24
109 59
1142 87
815 19
323 37
691 13
981 100
527 49
674 78
509 99
179 36
533 85
1257 23
66 88
274 38
295 49
262 69
1110 47
1027 24
1049 78
598 24
1258 21
909 41
581 79
931 35
455 82
1281 24
1177 19
771 44
1283 65
894 35
724 97
484 96
1185 46
833 92
967 71
66 62
1154 45
53 37
625 83
578 51
905 47
61 19
311 77
1344 41
1159 56
60 64
390 48
283 6
283 76
91 28
958 26
206 1
477 70
749 75
932 24
1118 1
1172 55
562 64
607 93
963 51
648 3
262 86
391 91
994 40
77 98
298 80
405 30
774 94
1192 90
788 17
755 75
1155 31
253 8
1078 21
1233 89
348 8
283 84
142 46
1058 84
706 38
871 11
191 2
276 98
613 49
411 99
353 30
514 64
1334 76
1065 25
924 37
967 62
530 95
632 30
200 97
537 94
369 5
31 78
298 20
919 2
1274 96
855 50
460 40
932 3
644 83
1308 48
46 47
1025 37
854 38
381 38
1323 74
991 62
99 6
520 36
963 27
242 37
1328 23
1256 16
933 5
1007 14
398 17
303 13
754 48
1179 77
1293 51
785 84
293 64
1226 55
1238 19
324 85
1236 98
1160 85
124 29
430 18
529 65
1009 15
1074 91
249 9
1078 13
246 95
1175 51
1368 38
637 42
999 41
1107 72
154 97
451 48
1029 3
1296 75
1228 95
789 94
705 23
501 59
1038 16
1240 12
898 20
1099 31
222 60
943 62
829 66
1185 99
973 90
173 95
569 2
1075 93
715 34
238 86
975 85
1177 94
984 38
1049 15
1197 35
412 74
1207 83
210 87
922 29
79 82
662 51
143 15
186 14
693 84
487 53
493 49
27 52
849 12
40 75
845 7
1257 87
987 5
1328 81
1029 62
1200 46
1065 35
1332 55
748 84
26 37
1356 36
903 32
267 44
915 43
286 73
1352 23
534 100
573 34
1079 61
888 42
438 53
193 11
345 89
876 33
378 52
605 2
1361 56
4 24
752 5
584 14
934 76
950 71
122 77
759 97
53 88
710 51
711 17
131 2
44 42
830 93
314 99
1132 84
943 7
421 41
733 2
95 51
27 35
712 95
1316 49
1225 41
168 25
815 6
1071 25
1184 76
1268 97
1368 69
1059 97
1335 79
1251 75
338 52
1258 56
786 10
231 12
258 80
449 10
1172 54
555 62
1072 25
876 63
579 71
8 90
216 68
745 68
266 62
121 45
414 74
472 71
811 24
915 29
549 16
867 23
8 6
2 37
11 52
315 11
310 57
833 58
918 52
1312 67
146 69
191 84
794 64
109 87
522 5
1325 92
1172 4
278 93
526 82
131 73
684 94
166 50
1283 97
166 77
356 33
392 27
470 70
1177 91
1048 23
690 55
978 72
742 15
835 81
1197 67
109 82
201 44
234 8
1164 61
1314 81
408 56
891 47
191 40
894 83
733 12
431 13
763 40
741 47
1123 100
674 93
437 15
1151 67
921 70
520 57
1112 86
911 100
536 7
1346 32
257 77
240 79
710 63
794 21
1067 73
576 76
1085 65
88 58
1049 14
1178 44
911 73
609 91
409 74
903 43
714 73
212 25
1035 71
335 56
106 16
1222 17
871 16
1218 29
595 68
517 63
1318 88
1260 24
1371 64
120 61
724 24
410 59
592 38
1196 83
1098 33
857 13
574 51
1197 50
450 73
1191 16
1345 34
211 60
126 73
599 96
942 90
7 42
751 84
1331 39
1360 40
403 29
375 86
1031 99
635 37
205 87
1128 2
1211 42
640 28
727 90
665 72
224 14
913 13
1347 3
1127 84
127 58
715 75
680 92
910 99
1317 7
341 8
1256 64
71 33
600 39
801 85
1044 74
996 30
295 15
791 82
601 74
53 22
1261 68
203 56
1129 34
552 35
744 4
1054 86
1026 56
1325 60
1024 3
162 79
288 21
1199 43
951 66
1206 47
282 100
937 28
113 1
277 12
266 53
45 4
860 7
1149 75
118 24
301 36
625 92
544 13
1223 71
712 85
1249 1
1120 10
1165 25
989 46
1078 69
239 92
1170 22
1035 95
144 53
92 74
1153 23
67 91
386 74
1160 90
839 60
356 78
1228 89
1018 70
1121 66
959 14
361 99
1315 6
7 71
1112 80
386 76
1261 77
184 52
101 2
1333 99
1239 47
27 86
1033 24
52 18
908 3
888 98
786 90
559 4
1367 83
456 35
236 88
764 84
455 26
1174 23
1254 100
1144 2
615 77
512 82
716 27
122 94
628 100
137 41
538 14
693 52
86 40
101 51
41 34
867 96
1211 84
307 77
317 11
199 53
89 1
333 91
399 54
53 48
14 22
158 77
287 34
583 55
729 23
17 30
984 38
1296 61
655 10
277 4
882 61
336 31
161 97
222 25
487 74
200 33
999 78
151 86
1089 61
265 69
1036 73
170 57
255 38
732 7
1121 69
936 52
686 52
848 15
934 76
815 96
1008 48
801 48
642 27
343 22
242 34
502 20
508 48
869 75
158 94
1132 72
354 11
695 4
69 37
662 91
603 10
535 49
565 30
793 41
90 93
13 74
717 37
855 45
623 73
300 31
125 28
55 26
1334 44
546 29
491 50
78 34
646 37
113 50
416 9
482 3
892 26
729 72
9 44
41 62
1301 10
358 61
1292 78
5 6
210 56
508 80
1343 16
314 96
481 57
1084 70
763 32
634 82
1156 46
771 83
722 98
598 30
1099 43
1297 87
20 91
647 11
1113 72
257 96
229 52
372 19
162 97
1318 30
975 49
1213 82
996 68
926 52
953 28
1121 97
768 85
619 30
555 54
124 53
841 98
167 58
689 57
518 81
482 30
491 8
815 89
576 5
904 67
1367 22
1156 87
906 34
357 19
111 47
286 66
737 8
369 89
66 40
322 56
1074 60
145 80
777 35
498 5
678 26
638 73
261 60
369 95
585 40
521 94
465 81
1223 69
1355 80
329 19
701 84
830 22
1192 25
31 45
1209 14
258 96
195 28
682 10
248 51
118 53
1013 19
657 66
88 62
475 55
1101 58
373 67
432 36
386 53
1122 2
588 61
169 77
1153 25
500 23
718 62
1208 80
178 57
393 11
824 53
1221 94
1139 15
939 91
662 99
565 73
183 11
1071 24
3 94
1263 84
1062 23
347 2
1035 53
932 58
437 16
1294 45
1260 8
366 61
894 29
488 40
944 46
664 35
165 56
392 34
1064 97
136 67
816 54
282 85
124 98
399 30
543 74
680 17
501 11
545 87
9 80
664 33
1030 12
1359 9
1032 55
439 71
1314 52
445 1
945 96
1314 34
244 54
1276 93
1372 58
1033 1
1327 94
670 96
1250 76
51 49
1128 48
1351 85
604 30
894 4
553 67
582 2
272 22
977 2
543 63
1304 80
1220 15
555 40
1130 48
259 97
1162 67
1141 65
63 9
921 39
771 96
35 93
1203 74
651 70
1299 19
268 31
717 49
54 74
640 23
682 57
816 21
1177 62
1202 92
547 81
1319 87
1181 84
209 6
170 93
877 81
1078 13
691 24
137 81
982 75
1330 42
144 72
307 87
18 100
405 13
1081 88
366 13
1372 51
1266 47
849 74
1124 71
357 65
960 25
1016 85
548 78
23 44
356 67
1252 70
535 23
583 59
118 75
400 1
978 69
1301 99
1274 52
1239 39
444 56
138 4
411 72
922 85
67 56
454 96
85 56
785 4
991 95
302 65
761 88
785 49
578 14
860 88
604 72
141 39
364 34
37 41
589 86
823 95
882 35
1226 34
637 76
404 27
990 2
725 46
1086 13
868 99
1183 35
898 93
1213 42
1162 62
652 25
798 30
850 2
174 54
849 93
402 43
980 97
572 40
639 70
1017 8
889 38
517 34
880 5
1079 82
1157 67
1289 97
1028 76
879 42
1026 92
1273 51
967 33
834 5
903 17
220 95
547 55
1333 60
972 50
927 56
42 25
852 80
631 53
922 13
1159 30
155 21
1112 73
562 53
1028 22
1184 88
159 55
848 88
64 80
333 65
434 79
954 72
405 13
208 33
83 1
763 11
1133 10
268 74
739 46
66 26
1096 36
748 68
134 82
299 49
837 30
255 25
475 63
306 1
512 72
39 74
71 63
261 37
1077 17
97 74
1257 26
74 71
70 90
13 21
722 83
38 70
26 89
843 55
745 92
25 97
700 15
269 13
192 50
667 51
922 23
589 12
1332 37
1160 95
660 63
1215 75
1118 21
324 54
365 28
926 6
620 74
767 30
1306 63
1294 100
860 69
407 19
321 40
694 89
1265 13
730 45
1177 80
980 58
175 78
779 3
640 21
718 77
749 14
458 16
1288 82
1209 92
978 75
1318 43
537 16
60 27
889 44
740 72
333 1
954 5
733 16
517 14
838 52
914 76
319 25
1244 98
1372 37
1215 69
731 47
5 27
897 96
244 62
596 80
1202 7
801 52
130 49
942 43
1157 73
1228 71
1174 82
557 46
741 5
1044 73
1300 82
1037 71
735 56
1047 93
1208 14
1254 63
844 87
1064 70
141 37
431 44
1136 90
499 64
616 27
1266 1
812 91
915 43
596 21
1360 56
71 99
723 73
441 56
779 79
76 55
897 4
1012 58
1158 69
669 41
526 99
1251 38
1175 93
660 96
798 45
41 43
1029 26
957 70
137 21
399 63
844 2
447 83
311 13
616 100
92 10
499 1
110 92
811 100
401 10
650 46
214 34
625 58
35 3
667 88
970 37
837 86
51 73
1206 79
15 76
1266 12
29 60
1256 67
578 88
614 50
119 59
494 97
318 87
736 93
580 91
787 90
1175 92
647 72
651 84
168 78
639 38
566 56
1106 56
1024 51
96 15
69 34
1066 31
885 44
1157 23
68 50
476 42
608 79
1354 76
633 53
96 5
1264 87
235 3
1140 48
164 87
1096 87
1077 37
1335 71
545 73
133 51
596 81
224 43
1084 64
9 24
1246 53
158 17
704 80
877 45
134 52
645 27
828 47
466 59
34 78
1189 97
670 66
1153 25
312 4
960 69
67 85
363 54
1261 70
198 27
1217 88
930 83
529 42
787 45
576 55
287 83
1074 100
816 26
900 77
141 36
1176 35
149 23
716 70
597 27
439 77
281 64
1298 34
1029 31
614 57
773 73
459 35
1036 22
799 28
816 18
112 13
430 85
344 21
465 74
590 17
159 56
440 94
746 60
891 96
203 71
590 12
599 97
471 48
992 15
60 77
618 98
437 15
386 24
678 52
1226 64
1371 22
139 89
1084 81
782 6
1033 13
1320 58
489 52
1063 6
1094 41
796 81
292 76
234 49
265 11
692 9
248 55
