6733
386 74
100 76
1313 100
590 3
1321 11
1342 63
1036 3
529 25
1254 67
152 16
177 26
960 7
722 13
229 13
916 66
1278 73
442 18
1132 100
268 23
674 4
882 62
65 74
337 61
951 5
19 6
827 96
345 87
1288 19
669 13
701 99
583 57
981 54
1264 98
1027 31
1228 38
85 20
314 57
90 21
183 17
440 51
869 67
124 5
684 23
682 21
216 5
915 33
674 53
609 95
118 79
15 53
126 79
1268 97
912 69
1294 54
458 50
585 11
259 78
1236 27
160 94
248 31
785 16
812 46
844 71
123 66
792 7
1205 23
471 55
7 29
109 57
44 68
1331 4
888 99
904 74
843 44
610 28
374 66
302 52
614 42
395 90
1166 51
1118 12
610 62
1194 99
242 80
445 48
744 56
1110 84
379 44
881 60
930 9
639 41
1023 35
1200 11
1109 66
686 46
726 62
345 45
11 18
896 2
814 54
1026 95
1213 14
155 77
341 58
1129 22
996 54
1238 30
303 31
843 8
810 47
1188 63
848 73
172 47
33 31
381 80
495 56
550 35
850 30
1012 68
285 72
979 43
212 91
51 32
90 16
1262 81
730 10
828 67
202 64
523 29
167 61
1252 85
1118 33
1257 43
1220 41
4 47
1295 15
34 12
1113 13
1298 96
759 59
543 90
1304 34
455 29
273 2
1308 68
935 11
1199 61
451 47
865 61
1014 98
398 51
1177 70
260 76
115 48
628 50
1029 21
708 93
70 67
950 92
1059 99
652 21
55 27
989 40
956 89
728 65
1321 48
363 82
1312 35
981 51
860 83
805 21
550 29
969 95
1217 86
1269 4
242 72
876 7
1204 58
216 61
600 30
48 96
306 91
474 38
75 12
589 73
620 67
487 27
786 60
795 63
990 14
10 41
1005 43
557 2
652 22
296 45
548 97
477 32
133 56
1118 10
916 46
867 22
648 29
1240 21
87 79
325 96
989 93
327 32
1282 35
218 38
1166 94
970 79
897 4
129 50
231 40
1152 68
1189 21
133 51
314 11
849 47
520 22
308 73
404 91
742 23
1049 54
1070 10
269 72
730 26
680 27
1221 42
1147 45
1028 68
843 77
1193 45
902 41
277 100
1339 41
191 37
998 24
669 51
1035 50
331 14
300 47
752 28
1209 60
1137 3
987 24
256 73
824 42
206 43
175 69
952 76
1264 44
579 63
1327 96
823 77
928 71
948 47
485 73
240 60
735 99
1230 59
120 81
615 59
1086 92
1280 59
852 1
1267 38
1269 24
1326 92
1288 89
359 93
323 52
708 70
599 75
1153 9
86 40
201 92
196 99
397 93
266 8
507 54
220 85
384 60
1056 94
298 60
609 8
118 91
1152 27
464 78
701 49
1250 45
827 80
134 45
421 34
743 69
34 19
1147 42
49 89
954 72
304 90
240 56
908 11
757 12
347 22
1208 90
419 12
768 81
76 22
332 25
226 68
986 89
73 41
480 74
142 68
1192 1
1151 35
1214 29
1085 4
246 68
179 36
93 23
328 85
350 80
1225 36
293 53
1049 80
797 37
1159 2
559 54
466 75
219 23
124 99
775 26
1253 19
450 100
1102 81
273 10
268 79
448 20
855 76
608 6
391 97
1272 4
1258 10
1263 95
673 99
1296 73
715 95
1281 22
538 18
616 95
568 42
427 71
1204 3
432 98
275 59
1226 58
974 57
844 97
78 82
912 39
850 9
280 12
534 8
1164 28
889 74
1250 53
162 32
652 4
337 57
1324 26
1134 12
536 51
1215 100
221 63
472 67
218 21
875 99
1243 30
843 25
222 65
824 56
397 40
134 63
1151 44
1271 24
548 33
1312 67
1332 67
686 68
281 11
1120 51
1187 48
978 26
207 14
685 91
1147 60
376 56
281 39
888 58
400 52
71 1
564 14
1037 16
695 65
146 79
1271 49
347 86
260 67
981 80
836 40
150 38
830 92
1321 54
1011 8
450 70
835 94
591 41
177 58
323 3
756 78
852 17
924 60
1314 12
746 66
885 20
351 79
88 44
1050 33
658 13
99 44
424 72
784 4
27 65
360 4
465 27
113 85
991 51
780 39
1152 15
364 40
175 57
862 32
168 7
757 23
142 36
178 52
11 81
88 12
508 76
443 32
351 57
1217 48
150 10
963 51
447 8
135 64
389 78
12 75
155 30
736 96
843 33
1195 82
885 88
648 98
997 56
717 29
441 55
150 14
248 83
840 65
262 80
862 78
760 89
1041 41
861 77
1178 40
1068 64
964 42
560 96
548 6
172 99
1117 25
274 42
526 45
429 24
829 19
1277 83
809 48
748 24
488 30
635 34
157 83
731 54
308 80
786 20
1121 74
589 9
1004 24
67 12
619 27
1089 56
414 20
18 43
593 1
66 43
692 79
971 28
1037 52
791 79
169 42
418 32
578 12
1116 49
23 43
491 83
1205 54
842 46
1124 36
132 39
1008 87
376 37
806 90
881 34
150 17
581 50
1224 47
384 52
575 11
1333 14
304 43
511 86
454 24
1326 10
236 77
266 70
604 49
68 81
660 20
368 19
1067 17
776 90
969 12
639 75
1070 55
703 78
1137 66
605 42
132 80
749 97
92 98
728 98
982 14
214 61
362 74
947 10
1169 79
858 17
136 90
260 61
1274 46
1193 40
108 61
667 71
412 65
525 21
383 41
1191 59
375 62
826 45
1239 46
233 49
1217 49
1060 47
1067 60
243 24
742 66
403 68
126 91
1303 47
600 33
57 15
705 71
792 60
191 37
191 3
583 34
37 47
87 69
149 51
256 38
1084 77
636 95
349 65
213 62
665 4
531 97
1253 48
553 45
1015 85
1279 67
1016 9
322 78
1053 95
910 94
535 43
280 23
833 84
217 79
1178 86
132 30
612 72
521 88
280 62
660 79
553 33
1154 90
275 37
544 32
1123 86
243 90
1219 92
1204 25
1127 10
1050 23
595 12
837 98
568 48
1066 83
1234 32
774 16
272 65
1210 24
1172 12
422 71
179 96
1088 84
772 17
1094 16
732 40
1017 49
337 59
656 24
368 78
433 17
894 49
925 16
351 55
435 63
283 37
532 86
245 90
330 80
431 30
617 76
798 80
473 29
478 62
220 93
923 63
698 64
667 68
1 12
138 63
1214 90
1234 16
1311 3
1171 11
1258 47
929 78
1236 68
527 86
1174 77
1028 46
1269 29
585 14
143 27
323 78
332 53
625 92
475 87
99 46
795 25
1328 3
888 28
273 21
1057 10
230 4
938 35
125 35
810 51
1021 66
1273 65
875 9
428 4
1181 91
1314 74
1143 25
406 27
1289 16
1123 3
1344 40
1316 71
384 41
689 73
43 59
1082 37
936 53
797 78
354 14
1114 72
1139 13
427 18
1263 74
684 93
1327 18
299 42
372 63
1329 40
456 23
863 47
245 96
1078 96
1020 90
931 35
692 45
998 27
802 9
1198 8
1071 68
1314 73
1062 7
1112 66
213 63
1313 44
88 92
823 70
1233 39
1202 86
623 91
665 97
1183 83
774 63
850 89
1132 94
1064 88
241 44
787 22
413 85
1007 34
837 22
567 64
81 76
1247 38
1064 26
791 32
1228 33
771 33
588 54
873 34
1149 7
1148 32
652 13
689 15
1204 38
159 29
1022 96
441 37
1020 34
854 78
572 73
395 57
43 83
1336 71
574 5
506 82
958 28
444 46
432 2
570 6
944 21
968 75
633 4
395 51
738 13
1100 36
1069 63
1162 55
484 45
1203 28
38 44
609 9
570 44
957 6
773 62
1139 83
1176 42
1097 2
1202 34
550 38
375 9
513 18
1146 7
1258 99
709 27
1105 9
277 74
363 19
907 27
1211 74
1056 84
112 80
324 58
253 99
402 72
593 49
689 40
478 71
1205 100
1129 57
751 8
1264 45
918 31
984 73
375 90
363 82
843 98
317 52
1005 30
326 60
762 18
429 37
694 59
486 77
1056 52
886 37
411 93
739 52
1146 39
1289 46
1025 14
919 98
1221 17
832 55
988 42
317 47
1195 66
921 27
96 83
394 31
353 61
3 44
226 40
852 61
1155 54
423 37
762 87
292 2
559 56
1233 17
1027 20
1181 34
152 52
1299 10
460 57
686 34
173 78
72 10
160 94
123 96
517 6
92 84
260 32
1159 73
948 15
311 78
1051 86
491 33
1269 66
852 86
1301 32
1147 34
4 93
658 74
1157 89
7 9
446 25
28 21
108 59
1083 34
1201 66
1065 56
372 40
459 94
709 27
255 81
1211 46
1262 51
663 6
469 31
864 36
1110 66
834 64
584 81
960 32
416 13
1190 85
328 17
1196 32
194 45
13 22
875 10
768 39
1220 17
532 10
686 87
241 14
562 89
1116 6
107 58
358 88
1168 31
745 97
304 3
215 37
1245 53
7 64
288 65
627 24
1297 88
1122 38
801 30
709 26
839 71
769 10
1257 97
262 65
328 92
289 56
158 20
107 43
1004 55
597 61
700 62
941 80
708 69
728 50
1153 96
112 25
600 19
1327 14
727 85
517 11
870 15
766 76
431 45
1290 18
801 18
415 18
461 54
29 56
749 74
861 86
597 6
791 95
1031 71
627 20
1254 24
51 83
792 69
636 76
181 49
1239 16
270 9
822 8
551 39
141 61
135 13
1295 13
181 90
152 37
860 60
666 63
525 83
392 54
715 73
1136 87
774 10
642 56
1325 54
1167 71
994 71
1039 79
1176 56
67 84
860 64
663 61
44 50
1177 68
639 19
341 22
932 35
764 22
17 98
1087 90
946 81
751 99
1028 23
413 61
1131 80
1238 22
186 32
1075 39
187 68
168 50
1331 84
700 31
444 67
517 6
825 26
1103 44
1076 77
1298 57
581 43
147 11
1290 99
644 76
383 2
150 31
1097 48
974 84
843 49
190 40
219 87
1238 44
645 32
1198 62
1268 67
469 19
73 63
703 38
245 15
214 93
1065 40
805 14
96 65
1182 100
1161 27
778 44
331 50
1267 64
674 27
824 69
616 86
1347 8
858 56
782 85
102 68
708 8
1248 14
933 80
1336 89
26 54
777 50
573 97
1343 94
1256 11
718 69
1109 13
499 16
38 58
1169 52
329 92
126 88
272 27
63 1
395 26
720 72
994 22
572 54
971 68
506 77
253 20
198 23
1166 79
471 37
371 20
1146 27
435 4
575 17
423 29
1087 48
146 17
202 26
461 16
1165 86
1269 41
970 4
213 11
142 51
1083 32
1110 41
1277 31
903 84
935 62
1129 62
529 8
891 86
325 100
995 87
242 35
331 28
1292 15
426 22
1154 40
719 47
692 79
151 76
96 46
282 6
1278 39
919 56
1031 55
209 51
1126 42
281 97
189 92
343 41
273 85
1020 22
372 81
939 68
8 30
985 2
292 86
210 63
101 17
1157 51
125 79
331 83
821 65
682 94
418 50
91 42
576 63
607 42
338 54
1080 18
70 25
441 4
42 79
1272 60
656 83
812 12
1061 34
1318 8
462 24
714 74
1050 9
210 9
882 79
722 18
520 4
378 55
1312 31
434 72
1003 28
107 67
741 86
303 83
352 48
195 26
608 2
1112 29
503 79
216 31
842 90
1157 8
102 83
459 48
764 22
1255 6
754 95
264 76
743 23
1180 99
650 56
1325 25
1301 26
104 58
1172 18
291 81
1230 12
480 90
706 87
1270 41
580 18
850 87
365 41
1003 20
1097 62
259 98
604 76
1000 38
326 89
1032 10
1157 28
290 50
679 13
88 14
1188 97
321 87
1003 78
141 94
451 9
697 23
1220 78
508 55
205 48
569 25
930 13
15 11
138 28
1239 67
90 37
1225 85
787 39
571 39
986 12
753 32
739 83
801 93
220 74
243 97
1057 19
975 38
71 96
52 84
719 44
94 23
549 70
90 11
224 92
346 35
114 86
977 17
134 98
76 72
1214 16
164 46
206 81
844 100
1309 30
451 36
304 48
104 50
147 35
49 8
1102 42
828 11
153 35
274 34
30 98
1144 37
666 74
385 67
1002 99
630 64
497 81
779 82
683 23
1251 30
862 46
393 44
736 30
92 20
928 40
612 38
445 100
41 25
41 96
419 87
289 95
457 16
137 82
1226 93
1168 61
966 73
446 21
1150 11
718 99
1188 13
414 76
717 71
745 89
1160 23
113 77
299 14
99 71
419 42
726 69
972 70
1303 4
1085 96
246 92
685 22
637 21
194 9
355 30
1069 21
278 87
536 50
933 67
763 69
721 69
721 40
418 69
992 27
383 22
803 40
1196 28
1176 90
6 11
1149 82
367 19
866 83
213 80
465 28
675 7
605 87
1065 69
689 28
845 96
251 21
637 25
225 20
1106 18
689 94
1198 91
1111 67
772 54
1078 57
1255 58
364 4
618 100
364 88
546 85
859 10
1342 81
373 24
239 84
389 78
253 58
548 75
1136 62
1044 34
1088 18
238 13
831 13
515 92
476 95
1290 29
1059 57
99 61
774 42
617 8
630 8
19 85
412 44
799 27
1216 51
150 97
999 41
1054 40
789 11
639 89
310 3
42 56
253 59
255 52
1089 44
287 79
866 98
908 36
1321 24
1284 100
281 21
524 13
807 43
805 59
1323 94
1210 21
622 90
272 49
1040 51
161 96
1206 4
1084 33
848 51
582 14
15 91
471 58
814 85
327 11
394 78
249 5
699 61
18 72
1322 58
314 26
39 57
788 28
922 11
1031 89
493 4
1259 20
306 71
733 8
443 11
348 35
1249 44
1085 80
159 52
463 85
132 1
1073 10
1233 76
935 23
303 16
386 31
927 90
381 38
121 76
735 97
1245 95
1185 5
1271 80
67 58
404 4
485 69
1229 46
471 94
517 71
332 20
1226 37
145 91
608 73
939 46
1280 1
175 31
311 14
1162 1
1191 36
848 63
1109 39
91 91
755 76
1127 95
986 56
112 96
466 28
204 4
307 23
654 48
963 84
748 3
1127 51
1123 75
215 95
644 54
366 97
472 11
454 9
1014 87
548 22
1275 3
155 45
623 91
219 9
129 80
1076 48
747 89
1089 42
651 96
626 7
572 50
1299 55
502 26
982 26
195 39
1045 2
1275 45
1285 56
540 86
179 53
972 14
580 4
387 53
390 93
932 83
985 38
1192 2
676 90
1009 81
195 43
740 56
570 86
67 25
118 73
1014 84
1297 39
1086 86
34 74
1197 89
352 98
312 8
192 7
1325 13
896 83
606 72
1000 79
326 11
399 79
1073 39
1223 83
622 62
619 5
989 61
843 93
1334 80
866 33
981 73
125 89
182 18
277 19
415 35
512 21
64 6
541 42
298 54
184 75
716 36
1192 94
450 29
997 74
392 86
755 45
939 94
309 64
927 61
936 100
272 41
141 71
462 93
1222 96
576 58
1083 73
51 14
595 69
115 54
305 65
280 99
25 67
935 37
823 97
524 9
752 61
594 34
1079 90
790 70
415 10
413 85
551 69
987 20
414 8
1225 57
38 9
745 15
178 94
730 42
151 44
1242 17
1330 63
653 60
293 81
200 58
529 61
1030 21
782 95
228 63
772 87
860 16
219 18
254 36
299 37
840 59
1046 77
1342 24
864 92
1012 96
405 71
478 89
270 36
1051 2
741 21
690 39
909 52
118 44
1198 9
964 39
509 5
28 43
700 96
1105 97
874 91
317 68
1015 89
744 60
1306 31
1125 67
1311 13
156 4
1146 31
1124 69
788 27
470 95
929 44
941 83
275 38
173 53
249 64
217 61
989 9
223 19
369 61
462 36
982 92
111 24
827 87
516 13
1060 49
721 63
672 7
198 7
885 85
935 33
32 79
152 84
1158 90
861 59
266 85
980 47
114 40
1 100
629 83
1020 85
817 84
1161 16
710 16
1124 30
639 55
897 67
592 98
1108 91
192 44
280 32
472 82
67 77
669 91
832 4
523 17
50 17
875 88
708 73
63 94
730 60
310 57
822 73
622 49
231 67
201 44
704 66
846 42
1181 47
60 99
1201 26
4 90
37 23
980 83
864 52
523 61
1013 84
745 15
425 21
743 3
1020 30
300 95
554 42
1057 35
1286 14
335 82
257 71
1113 47
607 53
801 91
181 86
845 20
693 73
202 74
529 17
206 45
1128 44
55 38
19 56
105 99
22 2
163 76
1250 76
898 74
1312 86
652 74
1343 25
126 98
1024 37
684 74
461 69
326 1
77 49
697 5
251 59
244 92
625 51
1088 92
420 75
701 6
827 3
187 87
463 51
340 20
769 19
912 23
1148 44
1038 93
538 1
791 72
512 93
231 27
1079 65
739 60
925 51
1103 75
911 17
178 22
336 100
511 97
327 98
486 59
1272 86
993 18
1067 2
417 45
1340 6
1338 77
761 4
740 95
980 25
764 1
691 24
366 90
1216 12
503 22
707 12
584 16
505 83
563 78
53 50
1009 66
675 44
26 1
1136 72
1116 12
63 97
1338 40
1002 2
1105 62
1274 71
927 56
880 64
789 41
791 12
1209 23
958 4
918 88
1039 37
81 12
200 16
577 97
1327 60
850 45
231 71
984 97
26 49
273 3
1080 19
1113 20
698 6
79 74
290 48
1317 19
347 98
495 99
1032 18
595 13
1031 3
1304 31
299 45
1234 58
666 95
325 82
946 82
885 44
1114 70
329 24
1101 65
1117 6
240 7
298 24
38 11
48 75
1125 65
576 13
222 35
1280 97
432 20
1344 24
329 28
126 93
577 34
930 50
929 100
1190 42
1132 6
20 63
716 65
1034 7
892 60
37 79
433 85
100 59
93 85
1000 14
276 10
666 98
222 21
788 16
1257 52
701 69
80 87
1180 57
1015 59
677 42
1327 71
1118 91
634 46
480 48
1252 14
951 86
433 17
410 45
299 48
190 55
1019 47
841 22
1011 30
1007 7
494 8
261 32
145 30
328 52
254 8
526 13
327 54
80 67
1000 73
236 69
916 2
1067 22
21 83
1037 60
141 87
749 6
1207 94
781 78
1215 49
965 99
377 93
1169 5
885 68
886 15
941 19
662 66
1209 5
882 24
1054 90
411 94
101 33
1021 83
744 35
888 65
934 26
834 85
447 73
309 70
33 14
524 56
668 72
876 58
19 82
1088 88
333 62
126 84
992 83
1275 16
758 6
168 17
645 30
1168 59
36 55
535 78
177 51
1073 5
1087 5
288 15
78 71
704 5
829 54
859 64
717 43
1109 34
1049 57
734 23
1216 82
954 14
231 28
1136 52
1208 98
962 31
707 65
185 96
937 65
1237 29
651 6
148 64
243 79
1285 34
140 75
1180 12
608 17
703 14
652 3
486 21
1185 81
773 2
878 96
247 73
1103 41
159 76
867 70
47 29
348 92
456 7
359 75
620 92
734 64
562 46
297 31
1017 70
1316 32
1293 96
193 65
647 98
46 87
432 5
1077 92
339 2
1177 76
1214 69
860 23
105 42
56 33
220 52
749 89
369 61
309 5
1048 83
828 60
1139 43
1139 56
936 36
114 100
1323 65
1303 27
1125 79
687 83
167 6
1136 98
755 88
396 57
153 89
519 55
1197 79
1001 54
41 75
470 42
829 36
45 11
1341 65
724 89
943 34
1243 34
1298 22
1103 39
552 79
1218 88
754 51
183 10
393 84
1338 98
39 28
644 27
57 41
1034 81
216 4
204 86
1150 48
555 55
1265 34
1078 63
797 25
114 48
892 77
464 77
966 65
179 14
1172 69
1267 63
595 95
1181 68
22 68
501 47
1295 4
378 5
1217 40
289 6
309 98
244 64
644 36
1265 74
187 83
447 52
410 61
557 11
493 44
169 93
359 39
94 15
746 45
830 53
992 91
184 56
1145 77
1013 22
1124 20
951 38
1159 48
105 71
927 87
725 44
852 56
742 36
249 78
1302 13
88 26
440 83
585 77
724 82
504 68
811 83
416 28
1064 39
710 33
555 59
317 92
858 78
828 34
208 95
294 73
848 90
493 7
466 6
454 47
265 75
1132 100
407 94
1271 18
201 19
222 92
1204 91
974 71
476 1
54 20
640 6
491 38
608 28
46 25
138 4
315 44
888 52
466 84
869 6
813 49
234 3
1195 10
1215 37
1017 47
35 15
333 79
667 99
336 35
36 92
1098 75
797 55
587 46
1304 53
1034 40
135 35
926 21
1199 41
1281 5
444 31
51 57
763 87
679 91
215 16
1108 2
1148 80
287 47
573 2
1211 23
518 21
640 7
973 62
202 26
1113 71
240 58
296 33
795 4
1238 4
1088 81
1063 88
524 93
117 47
1078 100
622 15
1018 94
277 86
657 92
544 26
760 62
611 14
377 48
97 36
690 24
683 67
583 35
903 55
568 49
540 2
909 94
1239 81
407 72
1346 97
1318 64
808 84
1231 78
1024 65
170 66
221 21
667 75
1041 69
639 74
1198 51
1067 29
51 99
191 15
1110 48
878 70
60 52
1195 12
835 36
1069 4
1029 72
1041 46
1103 23
40 90
810 24
781 56
789 59
925 4
552 63
1060 9
812 49
849 94
967 49
86 48
162 52
489 92
952 71
991 99
445 6
1096 63
877 67
868 39
943 15
103 42
1157 63
17 30
1212 3
1009 34
112 6
1267 94
1323 17
405 13
1102 77
278 10
932 71
627 52
1006 76
600 13
577 56
1269 3
358 39
297 71
1012 44
732 25
1322 86
408 96
1225 36
1338 79
1232 18
410 58
270 82
270 84
1100 59
654 54
671 27
375 73
918 58
599 89
679 59
373 10
769 15
995 17
1096 26
412 12
977 70
224 88
1001 96
1259 61
732 25
1127 84
979 31
430 96
580 67
505 66
240 15
1007 56
365 48
985 100
335 39
798 89
1233 32
491 65
834 64
32 64
1207 96
646 29
240 58
417 37
962 17
1220 39
70 49
514 99
83 76
1217 18
578 82
583 94
354 57
414 10
102 87
605 80
1163 84
1145 43
391 73
1010 40
758 39
531 77
856 74
374 67
138 66
56 61
310 10
863 61
1265 83
1125 11
891 27
521 89
1037 9
573 87
20 44
72 38
265 76
917 39
417 86
1340 86
183 62
873 92
610 29
473 46
335 5
931 3
198 42
567 77
182 12
267 87
1100 25
385 31
75 18
877 76
663 23
1245 31
74 74
402 32
1297 29
701 38
1131 17
326 83
322 76
673 11
945 41
713 69
626 34
1105 57
937 53
133 71
137 52
881 45
624 63
631 82
1230 99
1225 40
504 40
1299 49
577 35
1177 38
469 41
788 72
964 69
510 97
500 91
655 89
406 29
694 97
1125 92
993 89
388 30
127 5
583 55
368 7
782 23
1085 78
455 28
208 89
1330 14
785 93
474 24
273 83
850 41
916 68
375 53
1190 24
1003 22
153 72
923 31
1014 77
804 79
686 1
996 39
509 53
627 44
150 63
1011 88
429 84
670 40
611 71
430 21
1330 83
1135 31
128 56
237 66
1167 93
324 22
1242 77
1180 87
875 74
879 93
1273 80
1018 37
620 36
778 66
1067 26
984 88
392 15
874 62
872 18
191 88
680 96
1215 46
741 49
817 31
542 54
252 24
433 65
628 1
1051 15
1235 30
940 23
1254 55
1228 24
386 27
217 98
1133 86
926 55
273 80
919 80
1151 54
485 58
402 17
1347 81
591 95
30 95
308 55
1094 51
243 87
689 91
1100 16
171 25
347 80
505 34
1327 63
795 28
277 21
457 81
809 10
696 23
389 74
1032 14
1067 31
1176 72
490 79
1341 95
98 66
1119 94
64 6
699 33
98 64
1332 80
1233 84
850 18
655 76
305 33
1262 49
581 20
867 29
1192 78
604 47
1214 81
1328 32
1162 85
5 31
448 15
620 71
1236 64
710 86
778 50
546 64
1275 79
211 29
96 56
410 33
1008 7
560 5
907 73
563 29
33 97
556 55
218 46
118 50
219 48
1335 59
390 41
566 1
685 77
477 77
564 69
955 11
566 93
920 41
450 86
262 46
968 59
774 72
1338 20
308 70
87 67
157 64
888 58
1332 10
821 95
1217 11
1305 4
766 68
1237 92
1130 86
506 65
345 26
470 90
768 47
584 12
62 79
68 55
1290 29
419 66
802 73
1048 15
44 19
634 14
531 85
1276 15
105 18
445 91
776 27
510 77
830 84
1286 28
211 12
227 87
919 81
1083 50
1175 70
738 19
335 48
1076 31
99 82
493 99
64 87
1136 75
685 7
226 34
459 42
1020 97
934 76
418 44
496 39
1120 68
1244 94
1340 85
909 98
4 83
195 74
536 23
1251 93
726 27
1225 71
241 54
9 94
287 24
452 15
555 13
667 97
1284 89
86 37
243 33
423 2
393 79
51 49
1085 62
975 2
153 99
925 12
911 9
472 68
904 51
788 74
612 100
363 94
1197 16
1002 9
71 8
663 89
274 45
1088 64
565 16
893 81
819 27
650 6
935 96
1086 64
728 20
122 95
488 33
357 61
1194 11
795 73
1104 79
768 81
62 29
316 52
1120 17
1080 20
595 42
1124 21
509 43
264 64
1339 35
578 22
82 98
734 10
452 45
1151 19
412 44
689 16
387 16
445 60
390 65
127 73
623 64
884 76
1086 69
660 37
390 22
1040 36
823 33
953 58
458 47
1033 8
1071 98
1300 95
163 14
1256 86
561 9
1172 44
656 19
528 65
355 53
442 87
1276 20
926 43
1312 73
1179 12
