8533
392 6
1379 100
353 86
665 78
51 3
588 95
1036 50
959 6
7 54
498 25
827 94
1066 33
1666 94
808 91
953 63
392 35
785 28
1523 9
1511 44
274 35
1580 19
439 16
1567 91
192 3
75 25
1031 21
1605 71
1603 33
435 87
430 55
249 12
1520 8
1424 84
844 46
307 93
263 28
1680 99
575 98
1095 2
219 86
463 25
1258 60
1288 90
390 16
1507 31
1666 62
350 47
254 99
1499 99
1493 80
837 72
687 53
1504 72
1543 29
1470 16
248 54
1624 78
677 25
225 99
271 50
428 59
1657 82
497 22
1269 77
829 47
212 5
525 74
914 3
75 42
1074 83
1552 77
950 60
846 49
890 47
510 16
5 93
421 84
1195 65
1272 48
1638 5
999 62
1633 27
348 3
384 57
41 87
1501 88
630 66
500 45
778 85
708 28
1379 89
593 61
615 35
912 73
936 59
1264 52
304 37
1177 59
577 77
1240 13
746 9
1366 76
897 69
1062 37
863 31
1482 88
316 5
1619 21
6 22
230 25
312 92
816 67
910 41
106 76
471 65
1068 49
898 59
78 49
407 22
1366 98
604 59
1475 90
1368 40
103 29
1442 57
1152 12
408 30
707 22
878 6
813 75
350 92
602 20
52 13
416 36
1397 73
894 80
1272 66
1197 81
593 84
1215 45
1524 52
561 76
840 66
719 53
1035 68
1626 57
1375 12
923 92
78 51
655 30
1192 97
1600 12
1566 20
632 29
1038 22
1134 91
609 69
45 95
638 46
1066 7
541 68
1392 21
1206 76
511 64
1074 92
1215 38
1623 81
1126 2
1621 11
450 20
1429 63
1488 1
1659 26
635 35
1 8
1252 62
1190 84
867 67
143 63
90 27
1151 51
13 42
804 12
958 41
817 41
1377 45
1395 19
1703 3
777 62
544 54
932 11
228 50
860 21
1585 84
1686 66
660 20
511 99
165 45
216 40
1091 92
580 57
864 78
1027 53
907 6
1559 12
146 36
1218 44
639 74
331 9
8 99
164 52
1600 17
734 85
806 44
1358 33
652 34
436 90
750 98
1093 21
950 10
1500 90
901 76
119 10
1688 36
1440 22
472 9
393 55
646 80
1583 14
1660 65
935 2
675 82
312 13
579 6
1070 9
478 34
1309 71
642 14
180 4
220 20
1443 4
750 40
1400 65
160 87
1531 52
1543 39
87 76
309 96
861 71
617 95
1444 23
163 80
1576 2
761 16
738 70
1247 68
425 66
1499 52
339 5
1013 21
510 80
593 10
516 99
1167 30
4 33
1688 65
1022 100
925 28
1316 33
707 60
51 52
890 21
1541 33
1317 17
1202 81
317 13
543 74
1237 64
246 62
1613 34
623 2
994 4
282 67
369 69
925 63
1271 18
93 75
124 91
866 66
440 11
45 49
62 74
96 7
75 98
998 24
1263 57
870 6
1275 32
74 57
280 22
26 46
594 76
1320 77
1569 33
896 17
1203 18
1188 60
1178 80
226 80
1576 4
567 8
417 37
83 52
1038 21
87 94
1238 20
1229 52
1059 93
1425 41
216 92
1084 2
1180 97
1622 43
379 88
21 18
1524 72
871 8
1450 91
1139 75
1196 14
956 99
269 82
1404 23
781 82
1433 58
524 24
524 55
1305 33
1693 70
1120 67
54 73
603 90
551 96
591 66
282 49
371 5
352 48
161 14
997 46
1375 26
1074 69
475 35
1015 89
958 32
637 26
1354 45
965 95
274 93
331 91
660 2
1000 19
316 37
382 58
1117 90
6 32
1499 50
935 17
1014 39
768 19
1004 51
1384 83
681 60
1323 50
747 56
623 68
958 85
1508 100
1147 25
969 28
294 32
1024 52
797 17
1004 65
923 34
835 35
619 99
1516 25
31 48
237 32
1594 75
911 54
1535 59
878 78
230 23
994 23
1309 29
1243 65
71 3
759 79
1044 30
421 2
267 86
1679 26
517 2
66 31
1054 86
113 56
447 45
920 91
1559 27
1050 96
1409 68
194 40
33 55
891 10
1290 8
503 80
1620 33
482 95
1637 70
342 11
847 29
607 62
62 51
613 43
1079 58
246 36
1409 89
504 84
568 45
374 42
613 77
649 5
1551 100
1309 88
72 98
353 39
1609 25
449 87
1469 48
414 14
1224 63
792 27
375 58
1687 52
549 43
706 5
350 65
1565 99
655 45
230 81
1669 78
665 81
871 94
972 32
999 42
711 68
334 58
253 91
1627 48
314 30
70 4
797 79
703 73
720 69
400 83
1524 6
936 42
396 37
1557 51
139 57
1196 16
275 52
1125 47
430 40
658 33
1190 71
1560 47
1287 58
991 33
889 79
534 50
568 1
688 74
1421 86
346 85
1216 3
1561 29
750 2
750 15
304 79
1437 65
1148 30
509 59
278 43
490 17
1651 89
611 15
1134 96
1415 98
1094 10
714 98
1664 75
1537 83
52 70
967 24
692 54
571 6
693 90
674 58
283 20
338 5
82 49
1695 43
452 77
64 92
1234 36
612 76
1447 27
107 92
1253 57
439 44
1641 14
1456 94
1146 46
227 19
568 78
741 34
691 93
215 78
830 82
35 79
1676 7
594 42
319 2
512 32
1537 70
189 88
1282 71
1190 80
1432 11
1374 23
856 56
1431 43
87 68
1152 53
342 40
1278 32
588 46
102 31
662 18
355 16
596 17
1298 76
177 62
776 93
1285 13
89 19
996 40
69 59
164 80
424 61
638 18
968 37
1405 77
497 33
796 20
528 89
1363 96
180 79
1475 84
1170 66
73 19
541 31
652 76
988 81
154 91
219 6
77 80
993 35
797 73
865 30
40 20
723 24
17 62
46 58
94 51
353 68
4 23
884 1
1450 30
138 2
1257 41
1125 24
1158 96
55 78
1068 39
97 90
684 100
1412 76
524 36
817 32
543 88
259 85
1233 47
706 23
2 97
42 12
1105 87
1306 79
273 2
1643 3
1484 94
1117 2
89 2
1579 22
1157 71
538 98
23 57
11 73
1618 42
1322 35
1432 28
1394 35
658 36
1381 2
1109 4
994 46
1386 26
972 26
204 44
388 44
1364 33
1429 26
1336 94
1044 75
754 43
751 43
257 45
972 90
659 78
1549 10
957 74
1539 17
610 53
1227 77
1680 74
377 69
534 73
448 55
621 10
1110 13
947 78
1342 24
1401 81
2 19
411 26
836 83
957 78
1551 54
1029 48
297 91
855 1
1489 57
1136 57
1392 53
1266 11
1104 36
753 57
236 82
194 89
347 15
877 89
905 6
1541 27
234 76
1192 43
1702 37
259 23
1229 100
642 29
111 83
198 19
1387 29
125 36
764 91
1089 59
290 24
792 22
1486 52
1019 56
1420 42
1351 96
1125 40
1277 99
322 100
133 74
1392 29
443 30
1681 57
143 74
718 69
874 28
1662 6
726 22
284 12
1222 93
398 51
563 65
137 64
1546 33
1389 21
221 71
1317 57
508 82
1575 91
911 96
498 1
1502 13
1076 94
757 20
1671 15
981 45
834 28
169 80
546 35
740 31
1365 78
1403 1
457 18
309 71
28 75
917 82
639 91
1196 44
678 71
1095 12
1058 55
260 59
997 93
612 25
1378 61
318 40
564 79
1647 65
606 44
230 80
506 99
188 97
182 11
49 87
1008 77
1073 12
762 21
1148 87
190 89
445 92
919 42
885 26
637 75
490 55
366 3
320 57
485 75
1453 59
350 42
334 89
331 16
1422 75
1063 34
28 31
780 17
1197 90
1546 26
677 71
1047 79
1283 83
709 19
555 15
1440 41
586 11
461 54
1190 5
1513 34
772 13
1261 11
1631 77
1108 80
1382 97
1625 88
558 63
1170 68
732 100
1178 85
1340 78
1507 48
1314 55
626 85
1472 78
1435 37
728 44
992 92
703 84
1594 60
1410 6
1320 5
1624 51
183 73
797 63
520 70
999 96
1381 27
1082 33
923 31
280 91
76 81
163 94
45 66
1438 73
808 28
1534 3
1218 50
48 27
1516 6
1582 28
1639 5
1421 34
392 85
1323 3
1326 7
1149 82
98 66
581 64
1399 74
1555 80
413 98
255 56
625 88
535 99
1048 45
978 16
1693 88
724 74
618 28
263 75
1287 32
1494 38
708 20
1264 45
1519 23
954 47
710 26
1180 90
1384 10
1458 25
266 79
959 4
1535 98
1260 13
920 60
748 34
1391 55
1648 87
911 47
143 13
301 81
463 17
5 15
1255 84
889 78
661 13
351 70
1480 44
1335 68
103 26
1402 50
1251 24
402 68
1235 39
490 61
854 38
1168 60
1583 19
1449 77
787 26
1438 25
366 30
730 75
1302 43
1681 31
667 20
192 15
1435 83
325 98
311 72
207 98
784 58
1480 66
1628 19
1398 54
695 26
1236 1
1134 39
207 60
1494 29
453 85
663 66
917 68
1671 90
631 41
171 8
1290 53
732 37
1296 48
1648 5
1337 64
28 24
285 61
1376 88
136 95
230 48
89 85
885 85
3 74
319 13
1479 94
470 1
577 96
603 41
1054 22
852 39
494 19
376 3
1116 39
1259 59
41 12
1164 2
1349 99
803 27
1096 98
120 90
518 12
449 85
62 10
942 47
1606 86
497 65
1344 55
553 51
632 16
488 5
672 93
691 94
1112 4
469 83
280 67
1282 78
955 39
1657 28
83 67
414 77
577 84
782 10
443 83
845 85
1429 89
954 85
48 89
1277 34
964 9
1678 83
1269 88
763 65
718 32
1339 53
1100 60
1105 36
58 60
1223 72
753 38
800 10
941 54
675 20
1675 31
1120 77
1707 82
606 24
1578 96
1365 31
588 6
882 12
740 9
890 10
1474 66
811 22
1271 8
112 17
80 80
268 69
202 20
643 79
200 83
795 73
777 1
140 80
1252 94
970 63
1037 29
1559 89
26 93
647 50
720 22
1263 48
1390 4
532 100
993 82
1282 32
760 35
1302 33
826 30
287 42
1519 67
1180 50
682 66
425 77
1355 7
1259 59
265 19
898 35
561 70
1426 56
602 99
1648 27
1313 69
793 87
1157 71
725 97
415 42
250 8
792 27
9 44
730 94
1064 10
665 41
1449 87
366 56
1706 14
84 94
1520 89
620 19
1054 75
610 82
1157 5
104 53
328 47
1620 69
1492 12
1224 39
1305 32
13 45
1418 15
513 42
213 9
584 23
387 63
239 22
777 57
1570 55
1120 89
1233 25
598 81
438 23
1597 66
346 61
306 16
955 56
1512 78
154 58
497 86
1196 1
1304 54
207 9
547 36
507 93
572 12
358 59
243 20
727 92
1117 81
1062 98
82 59
648 18
646 8
143 82
647 57
1348 43
1118 15
790 22
144 79
823 67
46 77
400 83
1232 28
1303 57
26 77
167 97
1505 84
1119 4
571 75
1693 28
1394 26
902 38
102 63
196 68
364 3
1175 92
531 13
425 68
1611 7
696 51
1279 90
1170 82
873 30
669 88
827 7
1585 34
310 92
931 73
1217 52
948 64
858 4
276 61
1028 18
570 96
881 16
364 54
1173 49
430 14
147 73
1029 90
612 79
773 25
729 68
1153 21
468 46
1139 89
468 50
627 51
2 22
402 100
556 78
272 5
1125 51
770 49
649 20
1149 62
229 62
1240 16
128 4
262 18
713 5
301 12
1163 78
195 57
1132 50
1315 62
333 44
269 80
773 74
1666 93
1265 90
661 8
556 4
1586 44
149 59
1493 16
375 22
1018 96
67 45
166 22
1660 16
1525 64
285 62
1216 81
53 51
1186 72
673 83
981 63
1356 19
1431 98
499 48
601 44
513 7
1520 22
29 95
1258 88
1068 95
838 44
1650 33
893 44
1076 37
866 95
407 82
297 19
1441 13
1177 82
1477 16
879 68
134 35
884 96
315 7
1183 31
572 15
595 26
332 37
1201 38
1672 7
1527 13
723 71
1170 34
1215 85
1534 46
883 80
1331 45
1187 3
877 69
486 30
1412 92
26 81
564 64
1383 52
1444 38
1584 93
118 58
1662 100
619 67
1640 61
1216 53
420 13
1122 86
1209 8
439 59
1624 44
1308 100
1136 51
1412 34
1571 34
1430 46
510 70
548 33
1168 88
1236 32
932 51
1406 16
20 12
1269 7
1605 26
223 23
456 2
1148 99
1043 96
483 31
36 4
923 61
1148 30
165 12
831 56
703 82
1090 54
1519 10
757 65
824 85
431 75
1504 17
1422 59
912 40
804 65
733 92
921 21
34 88
399 60
974 62
1206 65
1243 100
316 5
57 86
1553 86
634 76
638 13
1346 21
1245 71
740 80
159 25
1607 55
888 100
1253 27
817 35
1322 74
1400 43
515 84
937 19
478 70
463 10
902 54
469 84
606 67
594 69
1292 94
794 86
808 99
1395 38
1659 79
1660 40
1372 53
307 22
832 6
614 33
930 83
896 47
1430 43
819 23
955 77
1006 49
87 24
496 13
650 26
1094 25
195 94
974 80
459 98
1189 46
1481 65
826 55
1548 26
11 60
150 12
1329 94
1276 51
90 1
1514 13
1029 22
1451 99
607 85
195 68
244 75
1504 80
1230 43
1265 97
1675 36
538 33
1413 44
1371 67
1367 80
414 12
1562 30
1512 38
809 15
1634 32
369 9
1512 42
560 94
149 38
703 83
39 56
604 4
112 51
383 44
267 2
380 19
1629 87
520 48
315 39
435 51
859 77
1707 60
555 11
991 44
1192 25
120 68
534 67
748 28
52 84
108 90
456 53
651 3
1534 88
1266 27
1063 54
1193 38
1032 35
59 66
1542 42
784 17
1549 32
181 27
268 18
1620 35
1575 1
224 73
860 55
720 21
414 29
815 29
1200 15
1293 13
621 90
1620 50
752 84
838 45
563 99
906 35
865 89
1461 15
1508 48
980 19
683 68
1607 53
1551 75
1356 30
332 50
1654 51
665 24
221 6
996 13
870 97
688 57
1291 26
837 51
449 12
1069 22
1221 7
1081 97
895 49
950 14
606 30
896 78
685 18
862 65
35 69
456 82
1086 2
1138 68
1480 84
1098 97
1446 42
1461 37
537 10
739 87
1623 60
658 23
721 14
1406 42
1159 63
1322 57
156 49
1386 84
436 35
966 49
1186 60
549 44
884 63
1676 19
1427 35
966 35
493 18
893 17
1225 68
1379 54
669 61
1038 87
109 100
245 60
776 67
832 1
431 86
702 55
307 49
664 54
160 36
340 69
682 71
1275 62
911 72
674 63
218 84
358 79
1219 71
1420 60
1318 50
1702 92
1590 40
79 93
212 89
1573 92
171 31
1526 26
108 59
1625 10
90 4
1428 57
1153 63
753 87
1499 74
1078 72
985 14
444 95
809 24
278 27
316 27
275 3
286 59
20 23
773 7
1421 14
956 76
624 1
199 42
1656 92
302 67
193 56
389 88
1134 35
211 61
1288 28
1170 31
562 38
1474 86
451 7
208 34
1067 7
894 78
733 77
696 89
677 27
877 15
566 79
763 36
1291 87
1547 81
73 65
1698 23
424 11
286 61
689 29
1263 57
1658 86
630 59
1540 30
928 68
20 15
649 13
152 88
991 62
677 93
433 21
1491 42
1050 27
248 24
368 21
711 75
636 38
742 12
1371 38
257 44
1023 35
592 17
106 98
482 77
867 57
1471 52
1301 63
820 68
1507 21
249 67
1505 59
1 96
719 2
9 33
1136 84
731 31
1703 19
942 51
384 16
265 35
837 91
1048 52
1129 31
1179 26
941 92
1059 64
133 64
268 57
1098 44
580 9
903 24
853 91
941 91
201 22
1511 6
834 50
1510 2
876 55
415 83
415 60
367 61
919 81
225 56
472 4
1574 54
599 94
1283 10
740 84
1419 31
1449 55
428 97
941 72
764 39
606 29
1170 35
615 34
863 72
607 80
732 92
158 37
1076 84
172 57
821 17
780 21
560 8
1023 63
863 9
1594 67
353 47
33 66
1524 57
1251 38
503 64
342 14
1576 10
796 2
1604 62
1223 44
1605 80
996 24
1166 26
1157 37
703 7
864 59
1274 21
898 79
1371 85
1106 84
448 58
1623 23
1132 27
1443 87
283 21
607 24
1541 41
229 63
332 25
27 56
625 13
1274 68
1551 44
1240 16
1695 52
1658 96
1566 13
1049 77
1560 29
659 28
1396 84
1202 2
1414 61
1667 68
1705 75
642 51
317 57
1238 42
349 40
644 19
573 5
384 21
63 15
425 3
712 29
1206 37
176 50
640 34
1193 86
1134 71
1547 2
1670 47
1261 19
1425 33
378 89
162 83
398 78
1300 91
1128 55
802 84
1538 86
1332 84
1010 78
1327 64
917 20
460 88
441 51
449 46
679 52
110 81
1244 11
1151 90
766 80
8 12
1525 65
828 1
400 28
1154 71
284 64
1198 12
171 57
489 9
918 67
1070 9
1231 86
1036 54
1686 55
1634 29
1041 33
1580 16
481 65
291 75
279 73
1027 77
1278 10
642 62
1210 18
1655 70
1348 11
79 82
1698 85
870 39
1326 7
828 26
1407 90
171 72
1163 75
1577 41
570 4
288 64
567 9
1378 98
247 24
289 33
1034 88
180 14
52 87
1046 92
971 19
1477 37
1523 63
578 88
1367 91
1265 10
371 86
438 66
1237 44
1615 2
510 29
1571 69
210 31
531 13
286 44
1516 90
357 50
1469 16
961 18
1226 55
325 2
407 93
1200 15
581 47
746 31
482 2
439 51
1696 8
893 86
427 20
698 10
1184 28
1042 3
572 13
368 58
870 33
1380 27
152 86
324 57
763 64
148 15
1039 54
7 26
1436 92
1451 46
864 71
1386 58
616 59
1246 95
475 55
791 62
840 55
869 10
182 2
467 61
110 92
240 82
634 87
221 76
569 99
293 83
1498 57
1257 3
1245 21
99 1
953 25
473 85
1025 62
688 28
1382 61
1160 19
250 33
11 54
795 72
141 45
636 70
1239 84
545 18
1563 15
808 1
219 51
1652 51
985 37
1292 26
949 22
725 3
1607 36
593 62
500 28
1677 15
239 38
584 24
1695 7
727 79
744 45
506 24
181 71
1645 16
1376 2
577 2
780 23
65 54
106 18
226 16
136 86
845 50
1610 89
1674 74
924 62
307 57
1322 44
1392 68
1371 8
536 65
54 29
343 58
64 82
1685 70
1236 5
851 98
1164 69
1274 76
227 17
1263 72
247 14
1124 41
1530 1
1079 26
1236 98
1263 53
14 60
307 1
1047 79
1327 41
1256 87
662 87
608 74
570 47
1294 73
949 8
1367 6
577 100
285 51
1172 12
472 9
174 82
1226 21
894 79
235 72
1305 75
161 3
1396 31
854 55
1626 22
991 2
1027 64
1441 16
996 74
1028 2
874 97
1466 75
1145 29
124 85
881 77
1165 17
326 10
1185 56
1073 57
176 62
72 67
980 42
504 100
303 100
1414 95
1469 93
1686 89
354 62
1585 3
119 4
688 66
1512 72
1413 11
90 3
923 44
577 21
60 68
378 5
1395 34
1034 56
1577 32
1425 80
266 77
1377 46
639 66
1071 1
1704 34
752 59
1066 56
984 90
373 86
906 24
822 76
438 53
734 14
88 79
1398 83
984 58
194 91
122 71
698 68
1331 84
1391 29
1134 41
1361 56
1505 18
1309 80
963 69
332 56
93 51
659 6
23 53
1164 5
694 85
393 52
1075 89
582 1
1534 12
219 49
573 49
1647 95
377 69
484 31
280 5
1090 21
505 36
84 76
529 2
1193 100
1444 7
506 96
40 74
299 64
1037 66
241 5
1238 16
360 64
1459 33
988 2
323 49
1463 32
631 65
808 32
1321 41
92 23
1134 27
1039 52
1397 75
1085 84
251 45
511 97
1201 77
1707 44
924 68
306 63
61 41
1478 4
347 8
152 62
842 62
64 20
1378 34
1121 91
474 73
1621 36
343 35
1450 69
764 67
1681 16
1470 21
202 60
1070 72
1443 21
1000 77
1547 93
1653 60
1679 54
1058 3
199 100
1131 58
118 85
327 52
1465 23
232 84
32 100
1506 58
35 23
1243 17
389 41
1004 42
599 83
773 66
550 100
991 16
1201 27
1555 39
1351 51
1598 93
762 74
1229 65
85 19
1391 99
3 83
441 51
673 40
1627 36
1081 23
1406 19
465 71
490 21
9 18
295 96
1442 64
1325 77
1536 57
102 34
283 9
1352 98
360 26
1186 7
1437 59
753 63
311 54
1130 62
650 41
7 31
852 41
1228 5
1104 3
244 93
1585 30
1137 39
1559 41
250 5
634 74
304 47
883 52
908 20
1284 9
1623 6
1359 63
716 65
692 97
1532 32
1563 96
1629 9
348 98
1018 33
1588 11
1454 55
26 83
977 5
1358 60
715 71
804 64
1302 69
1129 98
552 88
1148 53
512 98
1647 62
194 89
1130 16
699 93
85 33
243 35
1014 88
962 77
1483 71
1521 67
1301 9
1202 74
1497 44
29 51
1290 95
619 55
363 51
812 65
1161 72
124 24
218 27
854 32
1526 10
582 32
1234 82
713 36
16 42
973 38
298 13
1279 54
972 3
330 91
129 11
750 60
1140 56
1087 66
346 21
496 79
1336 53
1515 36
304 69
769 54
102 13
473 11
157 13
1343 1
1361 81
1142 93
1133 91
1277 5
1381 79
208 30
1172 31
389 92
82 45
1416 50
1070 51
843 87
182 58
209 70
1651 33
245 44
590 23
219 76
835 52
741 77
1566 59
352 78
421 15
1550 87
805 46
926 95
71 73
496 95
1188 9
233 80
1324 7
924 26
1648 3
1125 30
646 80
172 60
1506 44
730 13
1693 39
1002 41
142 41
913 57
137 83
244 49
1002 44
116 48
95 68
1448 80
58 43
1451 98
1538 90
1202 30
888 45
987 92
399 69
506 21
1315 24
254 16
1089 63
1138 50
4 11
1348 85
331 59
534 77
967 55
1536 25
434 96
1385 13
1570 65
978 67
1231 4
1606 85
632 85
920 91
9 55
299 9
859 34
739 28
519 85
47 60
1195 22
207 7
777 21
637 71
1285 3
1259 46
1054 92
1049 62
798 80
713 58
1344 66
241 96
717 84
139 94
1238 51
1247 18
1078 25
1515 27
1123 30
323 71
1048 9
419 42
40 6
740 78
1518 85
455 34
1176 73
607 72
1175 61
975 67
958 89
1010 48
476 12
1677 26
797 38
292 46
1505 24
955 91
486 47
82 53
424 79
1322 84
21 84
707 27
429 46
597 81
693 63
1338 60
779 48
289 71
576 53
564 73
820 88
1228 26
551 51
643 56
274 49
306 35
493 99
49 45
139 13
664 1
1400 34
1123 37
835 70
96 94
536 15
318 93
1301 87
1163 38
1624 17
1569 81
24 50
555 82
1686 23
69 87
566 51
1104 97
964 93
1520 92
599 68
1530 84
1380 27
177 25
480 45
491 24
1690 71
1537 83
2 85
89 17
397 12
1474 73
79 8
1357 67
1503 25
390 4
1348 41
1392 48
69 32
358 1
1267 34
960 55
857 52
1647 30
793 12
1018 65
1252 26
1265 7
881 23
894 29
1286 49
603 53
1114 47
3 47
534 33
258 7
891 66
452 68
449 75
1603 98
649 84
961 17
656 26
894 53
1367 62
434 12
7 61
299 3
1220 76
1238 2
1564 62
493 94
1058 94
1694 82
1319 41
152 74
1126 37
1177 40
677 48
797 3
1346 70
1486 58
714 67
565 35
168 60
1388 25
1695 26
1279 69
1448 22
1543 65
360 42
859 18
567 54
760 43
402 37
327 50
284 22
637 75
389 73
560 21
1232 13
1412 42
1248 71
1427 85
1040 62
1172 33
1024 63
1065 1
1584 38
236 17
776 61
1317 5
1545 28
1410 61
318 12
8 37
562 31
78 33
177 57
491 77
1049 48
718 77
617 58
1629 4
535 8
1438 14
1564 33
1183 38
869 51
319 91
560 66
1076 1
914 95
712 94
436 3
1142 34
1223 3
771 82
783 6
908 42
1125 75
1576 6
941 90
768 1
777 7
593 17
1373 89
178 4
760 25
1371 35
997 100
662 67
1074 28
541 5
110 72
36 88
1055 39
757 37
504 99
835 60
449 6
1092 84
1475 24
775 58
495 68
159 65
1692 86
1075 57
694 81
243 30
741 41
382 26
1568 22
1331 25
56 52
148 2
381 40
1491 77
641 16
1460 93
1239 64
1068 94
714 57
865 33
345 23
1703 56
1220 32
750 67
635 78
1318 94
1486 77
1246 4
983 77
235 93
694 85
394 46
958 66
548 94
1197 58
1184 71
349 95
1551 93
963 89
1173 46
738 55
339 13
1629 36
795 72
282 14
155 21
767 12
1211 81
345 37
295 86
1540 27
259 84
225 25
1217 16
350 18
1467 82
1022 25
1570 64
1448 73
97 4
1224 52
200 68
1009 4
1469 16
1604 31
1613 64
176 13
276 60
1172 63
990 27
1477 69
1555 4
1261 40
884 73
1664 64
544 11
682 99
233 32
826 81
1599 52
111 99
467 24
1130 10
1231 28
625 77
1324 65
1484 70
797 20
1152 57
688 60
522 18
132 62
643 8
810 81
997 18
1214 72
934 17
1243 11
833 2
172 99
1541 63
1327 16
1628 82
178 21
390 36
1511 87
1008 34
1313 100
808 27
657 83
942 70
1178 24
600 46
994 6
1250 36
1 33
970 29
687 63
1196 49
1504 74
1392 97
21 69
1659 68
575 38
847 27
261 65
1301 46
85 17
371 14
1688 34
1371 32
851 29
442 3
411 49
312 17
704 94
1531 43
131 12
1057 56
1108 14
57 21
378 13
687 9
1195 74
74 32
1623 95
215 86
6 73
155 37
1229 58
1081 21
1227 8
440 26
1089 72
1627 33
744 9
1068 66
1063 21
144 85
1707 9
928 22
1221 23
430 6
423 52
1181 46
493 11
353 63
1322 10
1604 95
1055 86
802 41
881 3
651 10
1651 5
1406 22
457 95
877 42
1556 72
344 66
1067 15
622 2
413 98
847 94
383 99
390 3
677 95
181 29
355 68
562 100
713 67
196 54
205 18
1609 68
711 67
1268 71
831 77
1558 37
1007 90
1690 70
612 15
1324 56
914 8
1102 88
31 26
1305 23
792 11
1647 5
510 9
1249 60
134 87
899 97
