1606
194 25
79 19
108 38
27 51
171 91
32 28
290 12
190 5
94 57
114 6
304 93
177 6
240 3
230 96
165 86
159 57
276 7
97 8
299 55
228 50
139 41
152 64
190 60
18 69
53 79
283 14
10 99
216 54
310 71
54 99
167 99
182 53
71 60
115 30
3 18
72 4
175 50
2 9
11 75
2 48
273 33
173 93
98 66
111 85
311 83
96 39
130 98
302 95
197 91
15 46
164 92
244 6
153 87
116 42
229 71
205 57
212 39
315 77
273 12
186 77
117 8
15 42
26 30
96 73
29 70
77 91
206 50
196 70
43 70
320 1
319 22
311 90
267 95
148 7
42 37
71 75
254 63
242 67
44 37
317 27
313 94
293 27
66 9
238 50
284 41
293 97
95 41
119 4
61 17
64 13
304 29
38 20
189 34
314 11
292 95
50 42
158 98
208 75
143 78
128 43
307 73
46 54
99 37
19 21
147 61
148 32
132 70
319 29
147 13
305 79
312 71
248 39
105 92
154 29
274 98
29 33
299 98
2 90
211 55
154 80
141 38
138 92
301 44
9 23
15 13
301 90
90 3
25 1
232 21
169 86
227 58
191 73
42 3
188 49
99 84
249 4
52 19
212 46
82 60
117 20
193 64
295 84
172 8
245 13
179 30
167 70
205 51
127 32
318 11
296 83
185 44
261 29
249 98
290 26
135 7
213 96
244 39
141 79
243 25
101 5
282 86
220 94
128 14
239 76
127 22
260 49
66 37
186 22
123 70
47 69
110 22
270 57
240 25
41 67
92 86
236 79
18 65
311 35
101 22
178 74
258 86
59 72
281 87
305 53
154 24
25 90
45 79
229 96
305 39
307 57
102 80
174 54
171 57
20 28
132 71
311 73
212 89
52 46
288 32
256 83
7 66
26 1
223 63
153 5
55 97
5 26
270 13
114 53
15 88
194 81
151 5
132 34
220 83
169 13
167 93
281 33
65 7
173 42
88 84
77 98
5 67
185 3
30 72
115 65
101 66
314 78
266 81
93 82
318 4
156 94
267 67
30 46
289 80
16 59
171 22
36 51
211 47
87 42
293 19
251 35
275 64
206 93
243 93
151 85
122 98
190 21
31 85
75 20
197 1
217 28
114 45
161 69
232 72
67 12
47 99
165 30
227 99
246 100
18 57
141 30
182 53
205 23
50 62
48 34
83 2
93 66
113 49
274 80
274 92
228 92
200 24
134 100
319 11
26 84
72 6
210 36
177 32
302 24
138 80
118 49
242 46
15 80
211 7
90 96
321 95
215 3
226 71
84 82
36 97
184 56
124 83
277 57
71 93
303 90
76 74
154 42
299 38
263 57
204 12
296 35
188 32
80 26
263 98
114 9
4 56
59 38
285 38
151 56
218 16
277 7
317 42
87 64
266 15
220 61
84 7
27 88
197 89
72 32
165 94
262 39
63 56
112 59
211 92
294 23
39 42
36 81
69 74
190 31
50 58
223 32
315 87
131 58
238 4
86 3
307 74
139 89
151 97
102 57
300 40
292 51
285 14
180 55
222 38
95 86
195 15
138 69
77 84
75 37
140 10
48 82
54 18
187 37
262 21
34 9
181 55
180 6
9 66
179 77
45 96
206 86
218 77
101 99
159 23
73 68
236 94
158 35
134 83
59 16
175 70
166 19
15 45
86 86
148 27
148 15
58 12
213 41
168 15
53 51
306 73
104 21
88 32
13 42
101 21
227 53
291 92
236 13
160 73
84 37
232 8
181 25
235 92
216 32
42 93
257 61
29 26
62 39
290 46
216 89
317 81
189 67
298 100
244 74
51 58
290 13
277 12
5 84
53 3
243 45
188 47
4 12
218 40
123 73
2 58
41 29
3 99
217 82
276 42
242 10
39 20
293 63
170 65
47 29
33 20
45 85
264 96
10 79
235 31
275 23
312 4
255 52
94 99
183 55
2 1
40 49
259 39
200 41
138 34
303 63
98 35
227 25
254 61
231 70
28 16
132 47
270 15
51 95
14 88
6 75
248 88
223 2
209 68
302 35
93 52
156 88
139 48
294 41
151 33
156 98
89 30
30 15
266 43
252 35
78 77
200 35
253 59
84 30
62 3
167 5
116 4
22 92
315 56
79 55
170 89
234 5
279 46
272 1
125 23
256 6
269 17
230 32
53 26
173 34
73 59
263 26
82 65
285 68
140 36
80 30
210 86
113 60
119 66
90 84
272 73
245 65
70 37
306 25
240 62
217 92
147 99
173 59
52 17
193 64
175 34
205 65
88 58
41 10
108 92
250 6
239 45
50 86
97 25
310 78
285 53
310 36
88 17
123 19
284 19
165 54
120 48
144 87
172 96
41 83
29 95
105 16
34 78
183 92
288 91
175 39
101 45
7 13
135 18
165 59
261 18
225 35
137 68
198 7
156 24
3 69
73 58
31 76
143 46
169 8
166 45
193 2
291 17
266 10
296 51
28 89
178 69
215 13
294 2
185 89
301 40
241 64
79 1
80 88
60 13
176 64
251 95
87 29
237 79
97 18
139 72
69 23
161 70
83 54
298 7
236 73
123 2
120 30
62 81
240 63
79 45
302 76
135 43
72 19
252 70
38 10
202 81
82 69
20 51
247 39
220 25
8 85
258 47
255 17
286 18
29 50
88 15
13 41
72 14
1 1
72 62
172 16
230 7
22 10
167 24
26 33
279 99
113 32
93 54
186 49
134 48
171 92
39 79
303 12
76 3
321 75
40 71
55 88
221 100
38 58
169 70
261 91
311 13
41 97
294 21
310 40
140 17
275 89
243 23
298 42
40 61
103 82
166 77
174 1
271 62
215 100
294 68
296 23
188 22
125 5
240 31
183 40
169 41
269 33
313 64
267 78
296 38
194 80
271 95
37 12
180 9
262 28
286 34
90 11
318 48
203 67
28 11
41 55
187 94
162 11
1 10
115 51
307 49
36 63
303 82
31 82
6 36
200 47
272 50
167 17
215 78
300 77
124 59
175 6
146 57
108 28
89 13
75 49
250 5
21 48
184 49
154 19
178 33
145 35
130 100
251 8
287 5
140 12
222 28
14 11
208 61
167 76
154 42
180 40
83 54
229 81
55 46
12 84
167 49
190 91
9 11
253 58
217 41
144 70
105 3
106 58
304 35
142 46
159 86
123 55
208 11
35 35
191 97
150 11
289 20
22 52
246 64
237 23
281 72
104 54
275 64
2 46
159 12
235 43
114 17
266 26
44 99
184 65
28 96
155 47
139 36
255 50
53 6
150 84
221 87
120 93
105 100
212 4
134 51
118 37
309 27
189 78
127 42
3 92
154 82
284 56
244 82
58 33
308 39
63 17
217 35
250 32
159 71
104 12
110 75
13 88
203 95
183 93
159 28
217 22
199 72
19 37
142 18
50 79
42 6
221 86
274 86
155 17
109 93
17 58
177 80
296 51
153 10
255 87
168 56
181 68
41 39
140 82
142 24
131 30
110 77
151 100
134 15
217 93
211 20
102 1
306 60
170 72
133 79
274 11
87 43
147 84
162 63
247 56
183 5
26 35
242 54
225 99
274 99
126 10
248 97
181 46
259 96
219 77
286 34
28 91
20 100
9 71
23 33
125 43
278 84
214 18
217 31
197 85
18 54
263 79
196 54
106 83
88 78
57 90
62 68
96 63
62 86
126 96
234 87
273 17
124 50
210 23
176 36
321 75
303 45
216 49
145 27
225 17
148 10
55 56
281 47
134 35
207 68
55 55
180 51
93 58
202 64
201 70
169 43
246 46
249 90
175 89
221 31
292 25
123 11
202 90
9 11
126 97
320 3
12 23
26 76
145 58
252 51
159 58
71 4
314 82
192 15
162 94
203 70
314 10
273 68
265 18
158 15
66 94
162 43
178 62
293 11
266 28
133 58
1 7
159 63
13 3
12 84
305 62
170 52
215 50
279 71
239 80
276 16
155 70
186 99
191 75
213 29
71 17
23 82
132 10
240 44
42 74
222 87
11 5
97 49
242 88
223 7
255 31
94 31
73 27
145 91
193 30
106 27
246 16
262 69
47 37
115 82
199 97
220 48
276 75
98 5
41 60
162 8
147 64
212 55
311 48
238 1
126 77
105 56
203 86
205 70
232 78
278 22
18 94
217 15
105 91
177 29
147 100
241 43
138 87
135 77
303 71
266 54
266 95
154 76
151 69
129 74
106 75
170 79
93 18
104 83
126 65
181 33
282 9
164 98
70 74
287 43
37 53
224 87
171 16
59 22
283 10
21 47
147 90
310 62
132 48
196 37
274 23
124 69
157 41
304 38
108 27
260 84
194 40
157 16
18 3
107 46
173 70
93 37
225 83
288 77
244 45
116 46
191 82
281 73
20 25
145 28
171 70
183 69
291 39
9 58
270 97
13 88
317 88
239 83
134 99
60 38
228 100
229 29
41 81
87 66
269 51
184 58
193 42
146 68
111 95
51 63
66 47
277 70
294 15
234 30
280 44
129 22
228 81
199 68
180 19
272 64
288 16
132 66
232 28
245 43
179 4
214 42
23 4
214 57
6 36
269 55
171 37
95 43
300 96
311 2
194 100
183 38
213 95
318 76
72 52
298 71
261 92
74 12
79 52
76 80
53 14
69 92
65 4
6 68
19 19
312 79
310 23
109 18
279 82
193 93
75 32
73 68
122 68
53 75
283 79
305 19
82 14
289 1
319 25
18 24
81 24
76 71
132 17
179 39
50 22
289 59
59 86
284 90
213 9
185 45
132 95
89 57
108 27
31 12
246 62
9 100
85 81
90 18
196 30
88 1
269 32
122 79
24 5
148 4
259 58
202 18
77 59
118 71
98 22
171 88
266 21
279 37
101 67
218 16
261 3
51 94
27 71
55 83
51 44
178 26
142 97
239 50
270 22
47 45
221 47
254 9
19 42
101 87
166 55
191 100
277 74
201 71
241 81
251 93
246 16
66 5
81 21
132 90
293 92
305 100
198 30
296 85
94 83
282 89
209 24
314 26
116 8
202 100
122 41
99 42
253 64
223 66
274 35
265 12
116 88
112 87
67 11
212 40
228 75
3 22
177 25
18 1
67 19
293 64
270 19
69 86
91 90
164 39
250 65
7 42
106 32
124 12
147 18
239 67
266 54
156 51
240 3
27 45
50 93
65 74
161 80
38 80
226 67
163 10
117 19
66 100
181 76
30 3
173 77
180 46
266 78
40 48
172 63
50 89
201 75
179 7
273 71
82 79
21 4
269 2
112 62
191 75
123 41
50 69
209 100
7 79
141 25
196 73
315 84
307 90
71 74
72 11
192 60
230 70
296 45
245 61
161 66
267 24
184 38
261 59
95 39
290 1
317 87
220 42
18 40
20 41
141 69
130 71
172 22
126 53
151 62
106 60
151 36
114 65
90 86
137 18
210 88
51 52
78 82
95 28
202 87
301 13
139 71
66 28
129 75
299 16
93 31
298 11
61 91
233 75
76 21
185 94
298 99
23 2
24 60
171 68
284 84
115 1
224 23
4 43
255 23
148 55
209 11
6 24
280 33
223 11
103 95
117 88
263 9
193 96
293 83
179 8
202 36
38 98
21 16
142 99
68 74
82 89
28 87
165 19
320 63
238 47
291 44
3 68
217 16
41 86
148 20
205 88
104 99
123 11
11 38
67 6
91 7
104 77
270 38
22 2
57 76
304 26
179 40
140 8
205 81
232 42
130 21
146 42
285 92
87 5
183 50
310 30
48 28
85 8
38 91
244 38
316 16
172 76
28 56
110 100
181 72
142 67
62 33
307 34
274 33
44 52
87 22
16 24
154 73
15 63
79 38
306 23
216 27
96 43
281 52
103 73
97 37
14 20
92 50
157 64
116 50
319 71
264 54
201 66
91 1
26 28
204 1
317 13
307 59
166 56
121 80
202 34
199 73
139 43
251 55
211 84
114 13
219 67
6 8
33 35
56 24
221 21
231 100
25 41
179 18
320 96
120 36
103 60
224 36
189 47
71 19
161 87
111 84
259 41
295 20
193 55
4 94
294 26
173 14
50 57
114 98
16 35
277 16
282 89
152 15
191 50
44 46
127 71
257 72
105 37
253 50
195 40
292 13
311 67
149 5
169 63
94 97
98 28
200 17
103 81
227 23
278 87
136 35
83 80
277 18
240 90
60 10
19 87
59 79
247 77
212 84
69 9
9 83
242 33
183 18
189 17
200 44
36 68
6 4
11 61
123 42
285 75
49 70
104 77
318 52
71 85
45 41
301 49
175 3
156 90
53 40
177 64
92 84
174 97
52 29
165 40
169 15
278 2
118 10
230 56
196 93
50 79
30 70
117 81
33 90
303 39
217 89
72 9
64 27
289 6
193 58
135 65
104 68
44 36
136 99
207 17
90 7
236 43
190 71
25 64
224 3
99 71
110 70
37 84
30 23
203 13
108 19
121 71
122 87
213 87
39 98
183 64
24 26
108 12
228 62
174 67
110 98
22 51
88 31
35 77
114 61
153 13
55 1
249 87
280 41
14 48
18 88
47 73
244 55
1 66
97 37
2 1
53 13
309 13
132 1
89 56
157 52
71 51
23 60
27 28
156 58
191 5
247 15
31 66
34 46
30 24
65 48
48 68
165 10
241 1
151 26
187 82
220 7
49 13
238 96
315 97
162 7
83 8
261 2
250 93
298 77
86 29
299 9
20 13
299 28
252 84
146 33
149 62
49 24
304 34
182 98
74 87
22 95
114 72
236 69
92 95
5 58
130 75
5 38
255 51
303 96
11 73
173 80
280 68
272 73
214 76
292 41
267 5
113 33
17 49
34 98
172 83
239 40
21 76
288 93
238 88
1 38
233 77
17 68
286 24
248 40
255 21
184 82
315 88
116 28
227 6
110 38
275 2
178 24
239 78
163 59
91 92
51 18
191 33
315 69
115 65
302 75
199 51
130 66
79 64
273 59
180 69
116 17
266 43
148 27
163 45
309 6
32 39
269 26
242 90
102 48
164 27
100 41
188 48
251 51
308 82
193 57
117 9
132 23
27 20
134 94
257 49
213 62
154 36
307 26
217 35
158 90
189 78
279 58
81 51
228 94
106 91
207 99
215 76
113 27
18 63
116 52
244 92
58 22
58 83
194 50
264 46
37 44
41 46
217 30
196 96
67 47
271 82
198 29
306 25
149 10
193 41
49 45
177 91
308 6
31 90
132 12
281 45
129 26
300 60
181 67
201 85
201 48
61 9
251 74
140 3
94 61
311 52
307 77
274 33
138 38
217 91
75 56
121 6
109 57
267 25
4 62
272 78
86 7
92 79
163 11
69 77
217 42
58 88
216 79
225 8
261 5
77 6
97 33
119 2
224 85
6 30
143 84
158 54
129 7
170 40
262 58
54 84
241 39
68 40
268 31
107 49
293 9
175 46
80 53
88 73
28 72
233 37
188 36
320 2
30 11
259 63
76 65
26 51
321 32
88 92
56 72
256 51
170 76
306 90
163 32
286 31
46 20
82 71
290 70
64 76
241 40
125 1
15 19
179 13
280 87
267 11
158 14
92 6
153 35
309 17
2 20
111 91
60 20
4 15
169 44
93 53
87 13
60 64
291 100
111 35
181 1
318 49
55 40
279 66
28 9
24 38
314 10
269 49
208 90
150 47
239 62
288 66
262 20
252 44
257 54
205 98
248 5
17 93
88 20
286 6
263 15
119 44
154 1
307 35
44 81
10 36
240 40
94 96
267 8
298 13
210 8
119 16
259 83
139 84
204 100
211 58
273 10
59 66
234 11
161 37
145 80
167 48
165 26
285 83
32 4
12 68
310 26
293 26
317 55
10 91
282 4
64 93
278 51
134 2
211 34
200 91
8 53
257 57
212 82
120 7
78 94
298 59
76 37
103 42
202 64
108 27
311 61
255 33
230 11
206 85
316 23
90 88
25 56
63 31
159 12
183 56
88 19
241 92
7 9
152 19
131 100
258 2
131 22
139 76
283 77
205 64
287 100
254 90
75 67
261 24
238 15
47 16
143 7
186 10
283 29
304 48
145 51
257 23
317 38
26 87
97 20
25 90
159 66
297 55
164 10
15 25
133 98
220 13
281 25
238 2
114 9
264 90
216 21
277 19
309 77
49 93
317 15
256 55
114 37
201 27
98 77
57 82
104 74
304 83
189 85
39 72
209 42
47 90
122 65
26 52
84 3
46 87
309 21
280 41
206 18
197 30
214 26
209 44
8 24
273 28
2 32
308 16
218 32
226 21
3 39
156 90
152 83
130 88
265 88
314 61
181 24
316 47
163 23
247 60
33 6
135 84
314 3
101 50
45 66
285 6
300 72
239 51
25 25
229 95
176 85
235 48
36 100
18 42
6 47
186 79
47 31
246 83
85 61
248 27
98 6
48 13
120 62
194 57
296 45
147 15
278 79
231 41
40 31
105 49
272 57
115 26
63 98
234 20
262 21
144 5
87 18
276 2
290 34
300 21
317 32
219 50
147 30
246 95
316 81
199 49
113 96
17 63
14 62
79 23
183 25
59 90
181 35
20 73
216 89
277 80
181 76
181 94
29 32
75 78
17 16
85 52
291 5
209 73
179 70
273 83
52 30
296 20
171 34
277 95
287 2
160 93
219 94
168 88
262 84
37 81
63 16
288 62
81 53
298 65
285 24
120 44
7 37
108 39
197 54
170 41
185 53
13 99
120 67
86 84
29 28
194 4
299 4
319 28
202 23
179 29
84 68
318 67
274 82
183 58
16 84
44 61
268 70
216 11
183 73
230 59
257 61
133 49
203 26
30 78
166 21
134 48
198 60
141 56
236 97
3 4
81 6
223 75
308 37
316 93
215 62
254 45
208 8
141 34
308 78
130 92
218 82
215 88
223 83
303 25
202 90
148 70
157 37
255 89
87 52
21 49
298 64
63 69
289 41
60 32
167 70
64 36
40 22
299 32
189 42
112 87
156 7
99 91
81 46
277 31
221 38
153 75
77 18
105 18
318 25
239 43
318 12
110 21
108 16
83 65
21 8
307 57
149 53
296 13
175 77
311 93
98 81
209 63
270 3
180 51
285 50
223 85
63 61
154 48
75 8
92 12
113 3
163 74
74 61
305 92
177 76
265 76
132 96
275 32
95 13
188 6
178 92
57 94
311 68
14 86
43 38
240 72
305 59
238 11
252 11
2 56
94 83
190 19
127 17
152 8
60 63
289 79
138 82
98 78
185 80
177 85
226 76
297 67
75 39
314 7
285 10
268 80
43 77
302 14
316 41
138 51
46 72
236 18
23 49
93 60
163 57
266 77
290 10
12 8
293 87
62 43
90 11
10 35
298 23
235 35
252 10
175 36
267 86
73 34
168 62
221 25
297 32
122 14
63 12
16 59
155 35
24 43
288 76
314 39
47 34
51 34
97 5
301 81
82 7
90 98
148 64
210 41
88 45
108 52
16 60
310 97
190 48
189 29
64 90
214 84
229 82
152 25
143 49
121 80
283 99
8 40
251 84
219 28
158 38
148 49
56 76
274 85
156 17
101 79
225 54
63 48
28 60
28 41
316 60
270 74
126 44
230 43
10 17
148 33
160 33
173 51
153 4
123 73
139 76
172 44
58 35
47 83
48 11
208 82
4 4
321 37
222 50
127 24
40 53
177 12
99 26
97 100
173 96
135 37
107 27
219 42
1 35
30 44
14 18
95 1
95 98
157 21
51 62
163 72
306 2
115 27
300 60
123 49
126 44
206 26
110 12
232 30
266 85
165 66
238 15
8 75
252 37
3 76
201 46
192 1
221 3
95 1
280 74
42 17
129 23
43 89
124 68
64 57
172 15
288 30
166 63
141 94
132 32
139 50
38 15
304 71
87 100
168 9
313 23
251 62
165 81
11 17
184 51
34 1
317 49
155 40
84 99
179 39
107 51
187 1
65 100
251 41
320 30
9 79
234 40
103 9
19 17
300 92
125 25
39 50
164 41
72 36
85 26
124 77
74 65
310 93
199 94
18 23
82 5
25 65
318 46
256 68
171 17
195 93
60 23
224 56
244 66
303 68
191 92
72 89
136 45
100 15
289 91
245 8
177 32
139 97
229 100
74 28
85 41
208 8
28 32
228 84
170 93
88 78
114 52
4 1
264 52
223 69
69 100
15 21
103 70
250 58
272 92
292 100
278 38
277 26
293 20
120 76
2 18
30 44
144 63
125 5
43 25
237 27
113 99
183 48
82 77
139 38
308 49
4 10
12 9
98 73
45 19
14 12
183 13
72 90
300 30
27 36
211 66
46 86
155 55
210 76
84 83
285 59
17 87
283 69
245 2
58 82
166 14
270 87
84 57
107 53
173 62
87 42
151 7
120 87
75 19
224 27
30 60
254 34
285 22
250 81
144 57
320 47
204 38
45 70
288 82
3 94
53 78
66 10
111 13
168 19
15 91
31 20
60 77
164 8
318 87
303 65
7 73
224 63
84 83
253 51
162 44
208 17
141 97
237 97
20 35
264 82
229 97
61 26
131 20
122 62
80 95
79 75
206 9
255 14
110 2
10 28
88 7
94 97
156 21
16 6
315 69
47 99
37 72
296 39
89 29
208 10
303 80
288 41
293 5
162 99
153 41
109 56
191 1
222 10
251 41
138 64
36 73
210 30
162 17
178 46
64 21
245 54
213 92
173 35
174 3
78 31
188 75
311 49
15 88
256 84
239 11
50 98
231 64
219 31
227 38
52 22
316 93
240 64
237 9
82 94
158 8
279 29
134 81
251 60
57 1
14 39
113 50
251 81
62 13
98 89
217 25
115 34
242 86
8 56
169 4
127 37
226 68
32 15
121 42
254 99
50 7
281 84
290 67
53 9
53 55
174 13
62 27
56 84
182 25
283 45
223 41
304 11
200 29
223 18
240 74
223 30
85 63
265 28
206 90
196 97
57 72
9 84
56 8
206 40
257 97
43 70
71 34
38 3
51 96
295 24
79 9
135 33
5 25
21 13
106 36
17 19
314 37
141 81
21 1
115 90
231 2
87 45
215 54
75 15
101 45
112 30
75 18
43 15
289 17
100 86
317 1
193 71
281 62
101 46
204 62
287 42
86 83
61 31
296 92
108 100
194 54
61 87
116 26
134 83
230 9
108 54
36 63
12 5
177 70
18 89
274 28
280 68
309 40
289 26
131 25
177 1
21 10
45 64
229 10
53 87
288 25
226 97
194 80
141 48
163 1
142 18
151 8
172 40
185 19
49 52
267 9
239 54
97 82
138 55
289 49
304 13
259 71
138 97
228 98
50 69
177 8
308 91
199 81
171 18
142 46
211 7
316 84
54 8
189 10
216 52
196 81
183 48
20 15
288 66
97 75
268 66
240 85
250 78
271 91
240 96
143 16
263 47
312 7
118 81
32 40
251 95
126 8
170 54
117 25
148 17
290 73
204 40
61 88
195 4
271 11
117 7
266 21
62 23
28 67
224 27
107 28
224 22
161 49
153 10
206 70
315 81
102 36
52 49
149 81
253 77
281 33
255 75
84 9
16 18
87 20
73 56
75 70
153 40
102 100
285 51
238 81
54 99
76 83
87 4
125 43
185 45
140 78
232 15
129 39
41 57
12 90
313 44
3 78
179 28
62 26
247 74
2 25
230 70
21 34
293 89
118 85
39 25
4 33
61 73
183 2
19 6
313 22
98 33
111 69
309 4
54 83
44 18
156 95
238 96
60 19
114 99
230 28
267 95
284 79
49 80
243 63
27 47
125 61
303 1
126 91
9 51
156 2
174 65
230 63
34 30
13 1
120 95
191 25
3 22
48 43
288 21
25 43
8 39
64 50
127 3
269 23
90 15
290 59
18 79
196 77
165 17
128 10
105 26
286 80
317 80
318 68
283 87
120 37
128 67
211 65
272 50
148 77
265 60
302 51
49 3
3 10
251 100
210 81
193 88
52 86
245 8
238 30
27 48
38 40
75 80
211 63
98 86
231 41
174 70
126 40
16 16
272 59
75 11
270 51
199 22
269 30
97 39
56 36
11 84
101 85
257 79
113 62
48 86
22 3
84 15
170 50
272 82
112 26
171 41
31 45
66 57
43 57
175 21
163 44
281 98
196 1
21 12
125 81
316 4
153 29
117 34
311 77
7 27
35 38
81 80
240 43
162 52
57 69
207 50
300 90
35 74
302 31
