5702
411 61
136 6
103 84
628 49
751 11
967 98
857 60
737 73
1103 4
689 96
183 94
557 25
1019 53
867 4
153 99
1008 71
12 69
489 89
575 18
483 45
890 19
173 99
188 20
1024 22
736 23
1097 72
924 30
98 27
956 71
19 26
164 28
811 97
428 57
410 33
86 37
32 49
590 80
571 28
683 45
125 72
369 89
607 96
492 46
199 85
1063 4
395 5
313 12
33 30
495 48
71 99
679 65
663 64
1041 100
769 13
680 2
993 43
209 59
88 59
174 51
750 19
621 91
201 76
1130 26
384 56
348 63
297 95
420 84
537 70
304 98
691 40
40 26
276 95
369 5
862 19
754 49
632 51
555 26
1138 56
999 56
137 98
329 10
280 52
1006 9
225 28
1002 98
146 48
503 31
213 53
1085 27
1114 20
876 45
794 75
1068 61
747 82
1113 46
951 73
720 43
588 97
194 23
586 15
1047 81
643 92
766 60
705 13
828 58
270 87
694 31
315 2
642 44
683 31
363 80
669 69
825 93
26 9
201 76
1049 78
669 39
6 31
1048 83
812 48
996 61
1099 74
404 35
675 13
944 61
321 19
551 14
189 35
718 35
350 56
616 22
850 80
692 25
840 98
736 85
82 47
163 15
729 90
296 86
868 47
1009 99
84 50
113 14
251 50
50 25
911 52
195 56
1027 29
701 34
472 99
524 55
1127 83
189 79
1094 93
566 96
68 53
247 49
680 19
966 23
333 88
879 20
59 99
399 29
403 61
502 32
1064 73
942 80
880 5
223 65
1044 94
535 63
529 38
620 9
643 49
744 84
585 5
131 37
780 62
789 49
255 44
657 16
483 6
1127 15
698 2
608 8
302 63
757 24
325 47
936 41
165 75
384 37
1071 16
68 55
698 94
544 6
966 14
407 27
519 52
1129 96
75 40
963 98
110 79
708 95
775 2
934 12
948 8
88 93
907 40
35 37
156 51
755 100
695 17
1019 84
777 80
206 42
1004 71
633 80
1105 78
187 7
523 100
693 6
8 60
786 33
1048 11
708 40
417 5
1076 91
1067 5
805 57
125 40
441 100
774 51
992 17
90 96
920 72
570 79
932 76
398 6
904 7
347 92
969 26
211 76
890 24
769 48
217 79
803 43
883 96
928 80
476 27
864 87
1086 92
994 83
788 41
473 43
77 50
348 59
721 78
562 86
716 21
440 71
483 44
541 15
665 30
831 23
659 35
912 44
939 27
310 86
1061 42
374 16
125 70
895 64
701 65
258 28
307 10
432 48
199 20
398 97
713 83
95 79
519 3
35 69
488 36
901 25
443 6
702 15
738 16
1132 40
290 76
457 91
94 7
38 64
104 31
736 17
903 31
888 32
954 14
176 40
387 7
404 90
264 58
972 47
327 25
1037 98
958 96
466 88
484 61
905 78
1098 67
351 85
1059 17
690 58
668 7
900 14
448 48
90 21
53 64
794 52
93 31
629 93
573 30
963 78
1078 14
309 59
493 3
427 68
461 79
1119 32
627 1
1064 1
888 51
657 46
86 61
544 3
938 52
553 82
760 35
31 45
152 63
739 47
536 46
1129 9
1092 94
99 41
1134 40
483 63
14 88
848 38
1121 8
495 95
663 27
457 55
912 26
255 57
47 48
227 56
1055 84
376 55
784 12
123 63
330 67
638 43
912 42
811 56
197 74
996 87
201 32
400 33
894 24
48 61
1130 41
1080 60
785 78
348 68
782 86
466 30
870 93
883 9
590 69
531 90
1020 41
282 29
871 22
903 45
335 49
260 30
772 15
925 24
660 29
963 35
660 61
1067 17
1030 85
848 57
498 36
321 53
102 63
280 100
235 58
723 16
183 67
1028 79
498 81
989 37
889 24
568 56
686 55
621 40
663 19
154 49
960 43
523 49
844 54
229 11
1084 33
722 49
914 42
695 51
36 68
836 96
404 24
976 79
628 84
175 85
1061 17
1094 77
793 11
949 16
116 14
218 67
290 52
1022 8
858 63
225 45
282 79
429 63
400 29
726 96
176 99
1128 3
182 74
437 10
358 19
861 91
228 4
155 61
876 68
617 71
385 71
335 59
1048 49
720 65
169 45
124 97
1010 23
707 16
293 95
955 19
778 52
38 3
167 46
853 7
313 14
434 8
1044 52
341 27
580 26
1078 46
808 93
48 68
624 30
84 19
1069 94
164 91
1010 60
423 96
83 6
487 7
706 94
1045 57
66 55
896 20
748 52
1014 3
733 8
422 5
612 94
267 74
196 72
156 87
99 35
1001 47
62 64
178 61
772 17
789 16
652 60
192 66
501 98
308 9
408 27
524 30
451 81
754 61
984 59
129 72
927 12
676 24
1093 57
852 67
502 49
248 66
894 27
320 97
179 9
449 42
323 81
437 81
897 12
692 50
1137 15
1022 45
858 65
355 4
6 52
1117 78
200 62
703 76
468 95
997 65
738 54
85 90
743 88
523 37
731 98
945 80
435 70
714 3
674 26
839 41
111 31
816 38
760 30
1036 99
810 96
894 38
459 30
422 23
918 20
920 32
648 2
1122 36
689 46
430 49
242 36
826 2
261 65
95 93
377 70
129 71
89 3
730 72
330 11
688 4
968 19
805 83
114 68
365 58
312 78
1008 9
662 13
316 4
626 52
117 81
350 96
304 51
1012 66
1132 57
863 89
856 22
556 68
528 97
712 6
834 14
437 80
402 35
61 25
771 98
272 81
328 60
990 77
372 64
172 16
953 52
716 42
690 53
338 74
755 26
435 3
704 35
714 23
546 95
959 75
644 81
921 45
952 75
957 85
387 62
894 84
610 6
657 93
925 39
1097 29
565 45
819 65
262 53
161 50
600 36
61 53
754 78
1050 63
320 84
180 45
907 36
858 74
692 98
1131 45
81 10
278 3
135 32
1114 46
123 16
543 71
559 25
733 55
1122 32
1055 17
1133 11
265 90
368 5
206 25
956 68
741 52
552 78
1138 97
784 56
926 46
984 28
735 31
240 91
851 28
933 69
434 55
766 62
143 48
507 27
663 18
347 52
712 42
1 76
317 3
662 79
3 62
31 45
1020 32
584 48
1008 47
496 83
210 53
589 53
801 61
468 52
566 60
719 45
292 57
509 58
582 36
271 55
817 84
564 7
227 35
935 8
1130 1
258 46
71 39
405 83
829 73
893 37
271 41
444 44
465 98
478 13
839 1
166 80
398 9
78 40
218 58
461 8
784 67
904 39
461 29
901 57
94 94
196 26
944 81
851 42
574 39
39 57
944 62
56 95
340 57
985 71
508 65
577 13
216 20
661 84
825 95
411 4
25 83
257 19
587 19
260 78
517 28
631 56
937 27
146 88
106 66
183 2
312 84
397 99
1127 62
707 16
659 64
1005 37
625 97
493 29
718 95
513 36
308 59
328 58
513 38
100 97
691 66
1058 44
261 34
399 57
680 11
414 68
355 89
136 82
1020 92
136 43
642 54
541 30
1118 26
1081 92
1008 66
1076 88
395 22
982 81
100 59
753 77
821 91
210 67
85 64
6 16
37 41
655 60
828 36
54 21
757 57
476 54
249 53
1137 70
965 91
932 11
293 40
293 55
143 85
501 87
536 55
283 60
928 38
524 93
705 30
381 49
292 65
1137 75
848 28
57 48
132 94
78 52
43 37
248 97
386 71
1080 27
995 72
120 63
869 15
753 84
989 37
635 52
881 32
591 72
147 23
1060 93
321 57
394 15
855 6
261 3
390 29
767 16
384 41
729 71
53 28
939 25
1096 8
593 12
1040 14
21 55
435 13
898 7
1030 63
644 3
298 49
887 24
991 87
725 26
414 7
423 49
818 71
1018 22
470 11
967 34
280 81
819 53
665 52
41 21
395 15
208 38
283 46
94 18
664 34
1045 27
110 64
1084 81
1090 34
539 68
1015 67
239 15
896 26
551 44
584 46
163 98
333 86
1033 23
498 76
667 50
955 73
296 73
546 11
297 45
364 90
30 85
64 32
65 70
775 50
664 88
267 35
124 75
119 35
913 20
603 94
916 67
429 95
785 23
323 18
652 65
861 33
353 66
77 43
773 98
183 62
1078 16
268 99
1009 15
32 8
214 93
305 59
1091 67
375 83
1081 72
522 69
21 54
145 99
781 12
1006 70
723 58
1020 39
597 55
156 83
83 70
1090 24
41 92
465 26
77 75
1099 74
410 17
352 15
1037 4
378 39
232 65
802 67
401 14
961 22
690 98
401 47
679 8
332 6
1000 22
897 17
620 27
193 66
346 20
777 50
833 14
159 86
796 47
67 32
449 63
831 65
584 21
445 89
404 60
389 98
875 73
762 55
295 65
259 20
1139 93
80 90
427 84
163 93
353 5
639 39
376 8
633 49
871 52
413 100
1091 89
829 26
792 43
1083 36
211 11
942 25
122 65
735 92
762 50
589 59
884 27
715 24
576 19
512 10
84 37
873 38
491 43
720 57
1129 61
37 76
437 23
646 30
151 49
903 70
946 62
1077 82
897 65
1056 45
393 78
624 80
195 70
771 46
849 76
184 89
315 7
25 61
945 24
738 35
111 80
799 68
611 31
555 22
293 83
566 26
145 4
529 59
663 80
278 64
1027 46
740 15
390 83
1068 85
1104 32
396 83
349 5
421 45
389 53
758 66
635 2
969 32
1050 31
678 55
976 62
851 98
789 94
543 68
473 27
86 68
897 92
651 46
223 85
239 75
455 96
734 82
710 88
834 45
941 27
478 76
581 36
993 88
443 48
519 51
338 60
530 15
248 5
823 32
273 96
306 68
540 51
782 86
420 30
803 19
310 19
887 45
893 61
797 16
193 19
339 45
29 22
521 74
33 93
822 49
913 68
115 19
371 88
606 85
344 57
335 14
366 56
861 76
491 54
768 44
317 97
330 88
761 78
907 18
662 47
994 100
1116 30
45 95
598 36
235 11
258 69
99 30
290 85
323 8
852 24
930 58
964 94
559 56
28 94
51 14
435 65
600 13
439 90
751 94
982 94
499 85
83 98
707 97
748 9
927 59
328 36
693 13
4 61
44 4
960 100
785 68
620 54
1062 97
543 76
314 81
276 96
603 63
1064 84
1100 71
31 83
950 17
52 42
613 96
527 8
23 89
966 72
286 21
1119 27
1097 98
810 48
140 58
62 16
217 30
460 32
1091 65
88 62
1088 34
487 76
189 100
513 67
972 78
763 26
634 54
1 32
193 29
426 22
1058 3
483 32
951 7
634 72
334 66
420 68
403 59
55 40
215 4
921 55
458 91
125 31
731 85
646 87
116 43
721 8
694 51
967 59
597 92
911 7
285 95
1106 8
262 36
1074 60
2 52
1025 33
943 74
618 79
579 8
581 23
883 38
210 85
440 32
671 92
676 25
857 74
793 92
94 21
901 26
1040 14
243 18
800 8
967 55
99 97
410 61
307 28
617 34
52 78
6 40
1066 82
231 50
57 3
15 81
135 80
671 17
1021 27
357 20
303 29
467 63
162 18
817 78
196 38
857 99
29 55
906 7
519 53
428 29
953 26
1088 77
335 18
895 68
209 23
1080 5
483 88
219 1
541 5
430 46
350 69
1134 98
37 44
114 54
317 100
702 55
779 28
32 35
925 51
1016 18
963 88
12 7
936 69
965 25
628 78
520 11
565 91
169 90
656 47
502 80
1018 97
134 18
298 71
808 24
361 46
1007 53
157 69
1062 38
439 40
450 89
529 63
1105 28
807 59
659 29
689 41
707 68
781 26
36 13
676 78
1074 85
292 21
1115 53
169 94
224 4
468 28
655 17
488 23
199 71
968 89
136 23
467 98
231 10
678 58
884 13
134 71
1077 88
317 35
99 4
396 65
671 6
811 86
409 22
422 7
360 22
408 57
54 53
706 55
804 81
488 51
11 74
59 61
659 86
657 35
528 26
769 14
1096 51
1059 16
10 4
810 81
699 25
592 71
1136 98
1061 52
481 82
133 66
108 90
371 42
846 39
413 6
8 25
800 50
918 61
513 3
822 59
848 62
295 30
545 38
1002 78
336 34
998 28
708 41
632 7
511 70
927 43
306 92
784 95
316 41
580 24
983 77
599 32
1099 49
450 20
1116 31
288 20
107 54
140 57
503 41
136 69
1079 93
228 52
717 64
1015 97
714 27
726 88
1034 80
898 22
762 24
524 47
611 94
1065 37
150 31
802 51
814 49
914 18
105 74
785 87
318 41
686 67
158 37
121 28
1108 100
961 26
594 98
1073 94
686 75
739 19
192 91
819 53
408 69
21 26
641 65
386 60
295 63
566 67
357 83
1078 56
200 20
170 19
446 89
189 89
617 73
964 61
146 36
294 35
477 44
280 51
197 13
360 8
16 55
371 68
477 98
940 100
227 67
121 60
95 27
623 79
725 59
201 100
408 61
905 2
494 81
883 29
121 74
32 42
545 87
596 37
1080 40
609 82
905 80
10 35
862 86
20 87
32 70
1129 8
954 9
136 86
399 7
1063 93
575 18
675 61
593 82
926 17
452 58
973 15
800 81
27 50
129 74
864 73
81 9
220 81
629 29
743 1
522 64
890 93
938 37
305 62
49 19
719 57
731 56
826 23
64 23
567 56
312 18
1026 13
740 67
224 91
544 81
398 44
570 78
299 32
789 2
321 8
1018 96
229 80
1117 35
786 69
504 75
374 15
861 24
787 88
67 42
494 71
826 72
435 37
297 3
490 79
918 56
236 26
629 22
215 64
286 50
115 99
399 21
684 81
268 7
71 14
762 58
662 96
312 65
182 52
584 67
574 31
373 5
976 86
995 53
1103 36
971 18
701 29
1096 96
289 97
981 68
829 44
734 26
781 34
797 20
1110 82
272 25
1083 69
408 16
164 53
1022 76
608 6
277 19
377 97
565 54
65 59
402 8
933 39
32 22
1047 94
936 71
158 24
62 67
202 12
788 77
49 23
478 50
462 51
425 92
330 98
107 4
1056 78
155 63
403 64
806 61
867 98
624 63
299 81
615 14
75 86
992 51
1062 10
717 10
574 84
297 71
1011 57
974 28
911 73
1051 72
127 48
340 98
564 26
528 43
502 33
918 38
10 24
822 21
723 54
1025 50
563 42
837 25
106 52
818 4
82 38
698 40
343 61
1031 69
1085 90
511 15
3 6
1137 58
1070 18
424 37
836 18
1064 29
515 89
310 84
1076 73
1007 63
780 62
1098 52
384 63
502 17
685 89
939 35
935 11
498 20
1132 54
255 41
999 7
1054 78
1013 19
199 26
890 24
132 42
723 13
170 70
513 14
38 16
1011 40
654 43
452 68
211 74
749 6
1062 67
854 100
877 78
174 11
1129 30
1067 47
227 14
871 56
208 59
297 32
497 99
308 88
987 26
567 15
771 66
1027 88
787 16
274 2
25 11
786 91
843 16
270 24
536 100
60 58
23 72
656 61
589 66
813 61
730 48
1012 16
994 7
586 63
180 19
85 77
352 99
857 54
152 79
469 53
319 2
812 61
81 28
46 44
341 88
708 96
399 81
673 10
819 82
7 1
805 39
726 51
589 10
742 64
242 10
1085 53
52 7
375 91
2 92
29 56
518 32
680 96
99 19
962 39
600 72
1054 37
321 19
591 15
827 70
329 80
783 49
655 18
277 57
1140 66
754 93
911 89
480 56
403 79
289 6
138 93
738 47
867 48
25 95
415 88
1133 59
512 34
1004 17
821 94
737 55
723 36
823 21
1122 69
1088 1
676 65
673 49
1082 5
425 14
1018 33
1086 93
19 89
1 88
373 54
751 16
862 92
151 47
1072 25
510 59
427 91
596 40
989 14
670 82
992 30
319 80
606 82
926 30
571 28
101 69
322 22
134 94
537 21
1011 27
525 29
774 66
985 58
498 27
28 97
73 68
537 91
366 55
671 34
58 54
516 33
850 5
560 55
393 15
754 57
467 17
1018 61
282 87
870 34
868 44
854 38
310 32
296 40
710 36
760 27
923 40
421 65
430 81
97 96
880 12
242 13
15 14
71 48
640 6
106 67
279 56
840 53
993 51
777 79
280 38
871 26
446 32
925 60
63 40
905 52
141 60
476 22
400 65
943 23
125 91
270 73
935 7
955 3
552 22
1013 69
1108 73
231 57
396 5
824 56
1117 90
101 48
1115 46
113 6
873 22
1036 33
977 46
739 90
174 14
205 62
512 70
906 4
903 64
135 51
170 10
242 52
1050 29
716 61
399 42
699 77
729 96
389 69
1046 19
421 16
134 50
717 13
735 32
1109 44
51 57
859 34
708 89
236 49
592 54
419 51
663 20
71 76
573 76
786 5
146 100
775 31
824 53
1065 33
571 2
159 85
1026 51
203 81
426 42
548 55
135 27
99 11
1073 93
460 94
543 66
966 65
605 90
49 28
204 64
839 14
395 82
914 56
149 29
169 61
148 69
963 8
245 64
685 15
352 18
1028 79
660 21
375 9
92 22
730 36
995 78
796 100
579 53
158 12
791 23
924 50
207 30
432 48
700 89
1106 9
445 58
357 47
935 60
1102 15
1072 11
918 61
27 16
18 94
682 71
848 18
664 16
1089 87
457 60
670 58
1064 5
1088 97
63 61
531 17
940 96
1058 15
637 93
992 7
928 29
105 75
486 17
340 12
1011 95
699 51
346 96
914 89
972 33
747 81
726 6
759 50
405 85
917 9
787 66
82 14
160 79
461 37
606 96
232 36
753 86
527 80
288 91
88 33
489 97
739 20
930 98
689 97
440 45
642 40
823 24
95 97
490 74
947 91
904 80
927 94
320 89
770 34
86 57
222 16
767 31
652 15
626 100
964 14
777 49
283 88
1016 88
310 91
614 17
722 100
263 66
666 62
88 91
1081 89
1046 77
408 50
534 48
896 58
527 25
722 1
966 6
716 11
253 66
39 54
112 72
545 89
176 1
781 17
110 58
774 79
521 32
366 66
1028 86
341 23
862 14
793 40
842 5
883 12
953 87
143 14
693 57
755 96
772 40
680 2
334 95
596 26
496 47
1039 69
456 38
85 100
883 27
245 74
431 74
615 1
634 59
732 34
797 29
1042 5
5 51
835 51
637 85
686 83
501 79
381 26
896 25
78 67
981 92
500 8
324 72
71 69
73 49
966 92
870 41
280 16
155 8
563 16
1059 45
181 83
1030 66
467 89
153 6
1 41
16 33
821 73
522 62
367 85
240 24
657 14
437 32
696 19
729 28
249 70
91 3
400 35
1011 3
723 8
220 8
155 75
1051 30
738 61
1060 15
546 81
402 29
308 2
909 39
1046 11
430 31
72 66
94 58
620 90
818 1
1089 52
860 83
864 35
717 77
831 26
635 92
776 3
251 63
808 93
824 96
189 44
811 39
880 6
1104 87
8 45
1029 22
8 62
133 79
1071 30
470 95
826 63
688 30
1026 3
830 30
127 53
71 53
802 53
312 51
173 11
809 50
1034 100
842 99
275 20
908 46
878 98
276 27
107 28
852 91
1015 22
965 67
418 58
259 96
728 98
326 5
521 23
163 73
468 46
56 95
804 69
690 71
493 53
1020 64
95 4
808 26
384 25
838 51
931 57
113 73
1042 99
646 11
525 26
190 84
607 64
143 100
296 58
1059 77
617 99
785 30
259 98
116 40
326 80
386 98
896 74
551 14
289 8
617 66
267 84
264 82
91 36
140 87
976 44
949 55
157 43
276 96
667 88
996 87
681 71
681 45
491 94
996 26
558 46
710 86
678 35
1130 74
906 17
575 37
680 10
524 43
1068 57
337 95
573 77
30 51
797 15
679 50
200 38
607 83
461 97
917 25
413 14
1103 31
810 94
582 38
183 67
107 39
149 68
850 93
673 46
319 7
572 36
21 43
964 58
1073 32
350 19
797 89
280 60
314 18
438 20
32 47
539 18
299 93
505 9
1010 25
786 99
577 77
730 72
723 47
1063 83
345 3
626 17
793 37
174 14
262 38
327 72
766 51
624 41
248 35
616 100
818 98
87 63
393 98
598 44
227 42
1077 10
927 48
799 31
799 72
432 25
492 80
741 11
134 83
715 42
993 97
233 50
75 60
846 32
397 52
189 3
488 61
957 85
672 72
751 77
764 8
1112 6
780 85
648 42
1068 31
480 32
1044 96
499 67
1095 35
768 9
1019 93
147 14
999 98
991 4
331 46
311 86
465 87
626 95
244 36
698 94
498 27
26 47
157 49
360 38
1131 68
223 84
4 81
488 56
594 91
555 98
748 65
773 50
85 78
968 76
1104 86
306 89
672 36
576 37
976 62
424 65
204 47
672 30
509 10
782 22
368 31
417 6
765 64
496 97
92 39
645 40
757 3
14 6
1032 11
46 59
490 63
930 75
880 21
160 51
43 33
635 53
548 3
1102 59
27 2
683 83
868 72
159 82
197 94
91 98
905 68
1096 13
14 40
66 23
1132 86
399 29
148 74
683 11
51 19
118 78
225 74
900 19
593 63
1137 20
801 77
1037 64
801 38
979 98
768 40
103 82
1082 88
576 3
154 24
258 17
608 91
388 60
476 83
856 85
935 23
225 77
244 52
435 41
363 27
655 12
934 91
230 34
862 100
1016 68
1102 100
653 49
288 12
769 34
21 12
771 89
213 13
1087 42
1000 87
140 72
648 92
530 77
15 19
604 89
478 77
1091 53
655 12
125 6
1134 91
1079 86
934 97
804 10
817 54
595 75
671 72
442 3
46 89
366 45
578 77
425 100
989 89
886 74
404 41
54 46
681 93
9 95
457 89
171 66
519 40
613 2
677 39
278 81
360 60
764 25
136 31
1115 50
391 50
207 42
623 87
364 13
613 83
263 86
761 57
973 51
942 61
519 22
38 39
54 56
620 78
826 46
765 80
240 97
839 4
741 88
295 83
74 16
611 44
1047 27
770 14
555 56
1101 22
894 6
949 19
717 86
855 47
345 8
440 9
792 18
1073 11
310 21
1024 42
192 20
210 64
843 1
128 77
252 14
1130 50
548 83
937 86
837 28
605 58
60 93
1091 15
1001 89
902 55
756 78
42 75
972 54
1123 56
257 39
582 37
727 41
647 90
195 81
890 42
536 64
412 15
469 21
202 70
682 1
623 73
278 76
723 53
861 12
774 63
1045 55
435 53
766 49
390 91
974 85
238 80
1045 10
897 66
532 49
592 100
440 20
247 98
1022 79
922 82
648 31
644 29
928 83
422 75
469 33
420 85
908 46
1104 92
406 11
94 20
100 52
281 18
164 68
966 29
98 52
844 81
493 92
1126 56
962 97
842 77
178 45
267 68
273 30
120 45
472 90
975 62
813 100
612 85
297 72
232 73
760 20
832 49
363 66
1082 71
759 68
24 19
792 45
1010 92
429 41
582 11
350 44
33 82
1115 7
830 94
329 59
1108 26
483 84
563 40
542 72
750 52
731 14
573 17
347 10
470 78
256 84
615 6
530 6
731 12
822 32
816 28
403 6
487 55
966 34
235 25
1134 26
941 23
697 92
24 54
53 9
341 19
14 22
295 87
1096 47
1043 44
723 20
570 30
834 98
1109 98
583 19
725 94
722 4
202 42
145 9
1046 95
569 39
293 65
1096 83
161 52
1059 2
58 60
83 95
587 48
424 42
342 90
1136 25
276 9
1084 70
1099 91
585 71
296 17
319 15
32 18
788 5
252 80
459 6
648 28
1079 69
609 48
878 68
147 78
435 34
1120 40
966 7
91 75
472 57
554 40
1013 97
934 3
262 43
1115 59
416 72
406 6
95 15
339 89
481 69
313 72
791 70
359 24
752 94
1074 55
892 35
339 73
503 80
779 74
70 67
452 100
152 8
193 98
407 4
714 70
905 93
864 31
963 51
1087 98
332 98
585 17
1026 92
1019 64
152 44
430 84
449 100
273 97
356 22
780 7
114 38
308 100
299 54
248 31
125 1
645 27
1007 50
543 17
507 2
268 72
591 85
46 8
365 58
48 82
133 6
227 36
383 18
576 39
789 69
175 22
260 49
992 62
607 41
1055 81
979 49
427 64
790 22
806 94
1129 72
409 63
124 45
47 38
1115 59
826 51
435 92
214 65
49 15
469 50
358 28
319 89
133 50
526 3
663 59
1025 66
673 7
4 61
983 70
995 84
740 79
742 10
913 28
891 35
1075 80
278 59
289 23
19 31
1073 54
1030 23
529 6
595 95
533 28
311 49
238 36
732 50
183 87
457 88
913 31
141 25
1100 80
20 47
917 28
931 86
229 14
609 31
745 78
511 19
927 82
358 35
508 6
853 82
833 64
300 94
772 75
942 13
1033 63
889 33
299 28
11 42
562 68
1058 54
1032 88
1138 88
8 3
167 11
368 59
272 59
1126 98
444 81
813 30
62 60
973 29
1132 49
85 43
357 56
229 46
374 62
181 81
349 64
992 9
157 9
1051 28
882 93
444 65
602 23
924 10
1099 2
766 5
97 63
263 49
633 83
79 87
1115 32
166 7
1081 34
536 35
141 54
338 10
380 37
558 19
226 50
938 92
428 71
127 49
699 69
