520
81 15
87 68
90 42
12 2
41 79
102 67
8 53
97 28
91 66
15 71
91 32
46 86
42 48
22 74
48 34
42 16
81 14
62 40
22 98
67 73
31 58
6 8
51 87
78 99
50 20
78 14
72 53
58 27
40 38
61 55
20 52
101 71
45 55
82 88
88 32
2 23
37 28
100 80
7 45
38 21
18 35
23 27
61 69
3 66
82 10
99 63
57 35
81 87
37 98
29 40
41 17
51 22
42 70
102 71
6 46
23 60
47 10
88 87
87 41
103 47
68 77
38 90
28 39
72 94
43 72
46 22
75 10
17 89
78 83
57 21
6 88
65 11
20 80
71 62
74 12
4 94
85 14
31 45
47 94
89 49
14 12
41 94
88 60
16 77
58 95
1 96
41 55
90 3
54 1
88 97
95 17
57 45
61 43
32 6
69 24
65 82
25 44
102 45
43 51
76 57
25 6
62 9
80 42
14 50
33 26
72 69
92 43
79 57
12 82
70 77
104 68
43 65
75 4
51 83
31 86
12 15
78 26
72 85
42 42
6 98
97 53
16 66
99 73
54 84
68 92
62 6
63 43
88 82
59 35
20 17
1 39
88 70
39 75
6 83
101 10
69 25
15 20
34 81
89 96
90 27
89 29
11 35
96 1
12 61
72 73
25 100
79 48
18 36
69 62
75 4
87 43
52 19
37 35
69 95
92 44
48 15
36 20
97 60
66 5
57 79
22 4
68 29
3 50
89 13
57 53
62 44
30 72
42 81
99 100
84 84
60 59
86 45
65 25
79 41
49 42
45 27
58 48
40 32
24 3
38 59
97 28
94 50
38 45
82 67
52 26
23 57
98 83
87 12
54 86
85 83
16 24
55 37
38 78
41 45
19 38
89 76
63 91
20 44
10 83
86 13
70 44
46 54
47 87
48 86
104 26
73 38
74 95
37 22
39 64
37 83
82 6
75 38
79 78
86 26
19 57
51 37
49 61
83 41
58 38
61 34
64 2
17 80
88 51
95 29
65 96
11 22
41 17
51 83
66 17
27 72
52 35
58 68
104 19
70 1
52 37
19 20
86 84
102 47
73 24
97 45
16 84
3 16
32 81
74 58
66 86
15 36
3 81
89 38
40 13
96 24
48 93
30 58
47 74
47 77
101 43
89 2
21 34
51 14
28 27
98 38
1 64
26 98
74 36
9 20
2 12
27 3
97 54
5 54
89 53
51 25
28 36
35 7
71 22
34 40
7 37
13 61
36 25
100 70
19 85
90 10
3 92
62 42
16 29
3 76
8 38
27 10
76 91
104 51
61 11
19 92
62 35
44 87
10 82
11 37
15 43
46 25
89 3
84 60
10 5
36 99
39 46
21 38
59 97
65 37
98 96
92 30
103 68
94 37
66 9
14 46
60 13
82 85
103 14
48 11
50 55
1 60
55 94
66 46
46 11
20 25
20 49
52 73
38 58
2 48
34 42
82 97
99 31
7 63
9 58
97 66
51 15
53 56
54 15
2 93
94 31
36 74
102 22
30 13
73 13
21 26
2 85
78 40
51 10
29 11
78 77
89 39
88 1
2 52
13 6
75 80
99 31
32 97
27 39
22 81
10 26
20 88
79 90
49 81
60 56
11 90
50 56
30 54
2 77
21 61
77 35
67 41
90 69
97 66
46 19
50 11
82 74
85 4
18 36
67 73
66 29
84 92
69 25
68 34
48 74
68 98
33 48
97 16
75 75
89 45
69 35
24 87
62 52
8 87
43 78
91 7
52 84
85 74
34 20
18 30
97 73
61 84
36 76
104 71
17 92
43 39
19 14
64 36
44 81
101 3
39 68
91 94
48 39
70 99
36 52
1 28
97 24
66 9
9 57
26 69
71 82
95 89
17 38
92 68
5 76
45 29
43 73
18 66
64 62
12 100
45 56
95 15
67 49
90 76
14 6
48 31
22 89
83 70
102 56
88 79
67 66
52 49
12 74
15 4
67 84
86 59
58 39
17 74
86 15
87 7
55 97
104 97
77 39
57 97
103 71
23 73
82 95
32 98
98 51
75 34
19 43
46 34
51 13
69 86
18 23
16 14
102 6
63 7
94 79
39 71
47 82
31 78
67 85
22 47
95 99
16 15
19 3
90 71
78 24
35 96
103 75
70 5
31 35
92 55
38 39
93 75
67 35
91 7
37 88
81 75
32 74
52 58
80 10
99 15
6 74
51 5
63 81
27 6
57 37
13 98
43 56
3 3
16 26
34 77
37 7
30 27
20 89
100 100
50 78
3 73
13 27
82 1
7 91
85 18
104 32
2 1
43 72
19 100
39 21
64 65
45 75
13 9
14 56
69 50
34 34
20 78
97 32
53 22
65 22
102 23
76 10
103 46
32 1
58 34
23 6
13 12
68 22
11 25
48 8
91 25
96 50
77 86
23 21
42 79
87 12
52 45
76 2
74 73
65 67
47 83
13 80
23 1
67 38
28 70
57 53
23 40
87 30
24 66
97 55
62 58
81 30
12 31
64 37
87 34
24 76
92 7
13 47
93 64
61 84
54 12
99 13
52 57
77 91
38 28
69 9
63 54
87 9
21 84
1 31
80 53
13 68
42 82
75 3
97 54
15 100
37 84
52 30
70 72
82 22
25 43
99 85
78 78
50 88
41 98
14 67
52 51
76 15
91 73
30 74
37 12
51 13
77 90
45 62
29 93
99 12
63 55
36 95
65 3
71 29
79 43
66 30
36 84
67 60
64 20
13 52
52 28
76 70
13 1
8 28
28 88
41 99
100 59
36 68
103 34
79 42
92 92
90 95
12 40
56 90
56 21
19 88
25 59
103 72
53 83
62 71
90 56
104 10
42 87
29 27
35 46
86 23
6 14
93 13
5 16
43 3
62 38
89 15
18 94
25 54
11 83
72 32
47 88
34 27
104 57
94 4
46 56
85 41
32 94
3 1
69 66
83 47
14 92
77 44
32 8
63 14
84 99
73 78
14 79
3 24
54 28
14 42
85 65
61 74
46 21
50 33
65 76
62 29
65 38
59 44
26 16
22 35
46 41
95 4
89 40
100 56
40 71
5 74
84 37
24 20
69 13
39 50
20 10
80 3
11 80
97 78
95 94
48 38
104 97
70 80
90 48
14 86
49 46
13 2
27 38
44 72
59 29
35 21
32 73
36 17
34 95
45 89
39 86
29 7
41 73
15 92
91 57
75 18
18 2
6 51
58 1
4 85
92 92
102 75
43 87
60 81
13 42
58 58
86 7
83 61
41 28
38 38
27 13
53 86
86 21
90 98
10 5
49 1
28 46
103 15
65 10
27 30
90 35
87 52
78 82
56 88
64 85
26 47
62 56
43 96
98 97
85 75
24 69
75 58
99 52
22 63
22 97
54 86
86 89
6 12
24 63
12 91
42 98
3 53
18 62
44 59
72 79
5 25
44 19
11 4
10 89
48 54
1 71
50 36
40 73
67 98
31 87
91 42
42 79
79 27
49 31
15 29
87 77
88 78
95 39
31 58
27 10
73 89
75 88
60 34
19 17
8 57
81 55
41 33
31 45
12 54
34 69
76 16
85 52
101 99
80 89
33 50
64 80
49 84
56 6
62 54
104 22
103 8
24 15
104 73
87 30
8 24
21 52
9 60
93 45
86 77
19 74
48 25
23 42
46 49
47 85
9 6
92 77
31 28
15 28
47 17
27 33
34 100
80 32
68 30
27 16
92 93
5 9
54 27
79 2
45 96
16 98
12 53
51 42
25 77
13 81
33 32
69 97
82 40
91 38
95 29
38 61
21 90
32 80
58 82
15 13
93 20
25 32
31 85
50 71
88 91
12 20
14 56
53 83
9 59
17 52
7 18
11 69
37 26
93 49
97 87
82 13
77 33
86 80
63 23
86 39
86 39
54 50
50 30
2 11
24 44
21 3
96 53
3 58
73 30
40 76
97 53
26 34
38 48
80 17
4 6
64 32
36 83
50 16
92 84
81 55
39 20
13 34
26 46
69 34
90 17
19 57
69 87
3 98
15 32
102 80
42 29
26 56
77 28
48 12
28 79
3 62
53 1
76 65
14 12
75 61
60 97
60 84
38 32
60 73
70 79
2 17
31 75
57 7
73 57
69 72
90 29
94 67
34 29
39 82
21 39
83 55
71 20
23 67
8 94
3 5
58 16
40 51
66 22
96 29
66 5
9 72
47 8
18 94
4 55
83 26
15 94
73 23
44 27
17 46
64 74
88 65
13 44
104 71
99 53
18 91
40 13
30 6
71 84
45 79
52 1
57 93
20 88
85 41
84 60
43 45
6 21
19 54
67 97
50 69
10 89
6 80
6 68
19 69
75 29
62 45
88 89
81 41
101 68
53 24
19 30
76 30
5 21
63 46
99 66
72 63
39 17
38 80
79 50
59 46
79 73
2 24
8 8
15 37
94 64
22 74
15 47
74 96
17 1
46 96
21 20
76 32
15 28
39 9
77 57
3 96
101 18
103 28
12 33
53 81
69 31
73 44
99 96
67 74
25 83
48 81
30 8
74 38
70 17
79 61
42 1
21 80
71 7
42 69
36 66
33 8
83 2
72 41
92 83
60 18
43 28
104 31
78 71
24 30
58 29
26 63
96 58
65 8
39 2
80 74
33 98
19 41
96 12
89 34
16 58
40 70
2 67
63 89
77 26
75 90
56 6
85 80
95 85
76 65
87 79
96 45
39 15
1 16
6 46
69 46
91 100
96 16
84 53
98 60
89 44
58 55
40 39
57 47
79 46
30 85
12 91
37 3
27 38
79 81
30 37
12 61
95 89
92 55
12 38
2 47
79 66
33 5
11 27
52 24
82 74
7 90
97 92
21 50
93 21
69 9
96 61
12 87
2 91
102 82
82 54
6 75
63 87
54 74
36 64
65 73
2 34
91 26
88 58
23 96
72 60
60 58
104 87
10 85
9 16
55 72
98 72
41 6
55 15
5 16
104 22
89 95
56 75
100 29
59 100
43 42
70 53
99 97
95 46
68 76
19 44
82 99
100 99
70 38
71 73
95 54
5 84
8 21
35 9
94 40
15 59
45 97
73 57
52 100
28 25
42 59
78 99
92 68
62 50
79 51
64 40
50 83
101 67
85 56
97 27
98 21
77 55
88 7
39 64
38 2
56 97
53 14
62 34
102 79
12 2
101 3
2 32
99 91
101 35
13 59
90 87
12 74
59 27
16 5
77 34
60 78
29 53
28 50
62 88
101 87
57 54
11 54
58 78
75 64
83 28
36 46
10 28
51 77
79 7
11 74
44 17
9 9
91 22
37 86
45 32
102 84
36 22
2 10
66 86
69 50
74 43
90 44
75 59
27 4
36 85
19 53
24 49
34 99
19 63
73 25
28 70
67 78
100 33
97 96
57 59
71 12
104 41
26 11
2 42
37 34
98 60
86 72
92 68
9 41
81 19
31 1
94 95
25 41
42 1
13 70
13 73
98 30
74 75
100 7
60 66
93 8
44 41
10 32
74 12
100 61
82 70
56 16
80 27
79 58
18 3
14 51
48 79
93 37
30 52
50 57
1 27
7 91
87 4
56 86
82 14
29 81
32 5
38 40
13 4
98 59
39 100
7 50
55 14
58 100
86 93
4 2
64 95
79 69
72 79
96 84
72 87
7 21
12 61
98 23
86 41
82 28
7 85
82 12
57 60
31 37
93 75
69 35
63 84
71 73
7 50
64 58
2 100
47 14
30 2
1 94
94 41
57 3
62 96
66 66
51 54
33 42
85 99
84 51
34 31
1 63
68 68
5 81
104 85
46 54
43 77
42 19
41 70
17 75
93 83
6 76
59 96
35 77
51 71
92 6
66 30
23 89
68 89
90 62
33 70
31 5
102 58
54 71
31 69
53 21
13 97
69 94
16 82
43 56
33 48
3 28
51 14
76 82
15 95
50 22
17 54
62 79
99 41
97 65
83 84
70 70
16 81
71 83
13 99
92 82
19 45
41 22
80 96
39 91
101 74
56 44
47 56
95 7
84 40
42 18
96 22
45 92
21 25
35 90
9 95
31 40
59 55
2 50
78 45
64 66
84 27
92 58
75 50
57 75
58 74
51 46
58 14
14 77
8 83
19 29
80 66
85 82
42 26
60 67
5 11
87 77
47 87
13 37
4 87
75 7
40 78
52 40
94 95
22 78
56 79
36 71
104 13
8 36
40 11
75 14
85 73
45 59
98 5
27 29
33 11
7 53
8 2
70 29
6 61
42 53
16 75
79 31
97 13
24 6
9 49
48 3
38 78
71 5
41 2
43 64
29 46
74 83
45 83
26 28
40 20
19 24
21 50
103 88
66 69
87 14
18 72
91 56
5 42
72 74
9 19
92 46
1 8
75 48
79 75
95 76
57 29
43 86
50 6
58 47
14 97
5 61
11 20
102 34
17 64
2 99
49 68
74 74
5 77
72 95
78 71
8 99
42 58
39 18
63 20
8 16
11 55
22 83
67 42
3 88
2 66
8 100
33 22
59 53
20 58
64 52
7 37
16 22
9 65
76 40
64 5
18 20
44 49
91 15
61 79
22 3
24 36
8 93
48 13
95 90
83 17
52 48
79 71
32 99
38 77
38 78
12 70
42 35
88 74
4 21
88 70
71 82
66 96
79 13
55 83
85 75
1 98
7 38
90 19
103 82
26 80
51 60
3 71
76 56
46 40
31 66
12 51
66 66
85 33
47 48
66 91
57 8
102 96
90 29
35 13
13 1
59 96
36 58
52 45
100 33
25 18
7 46
53 71
53 25
8 76
88 25
68 73
53 81
25 85
22 100
90 31
90 76
13 66
87 69
16 55
90 12
3 96
53 31
69 42
46 30
69 81
25 8
12 13
102 97
101 83
71 55
34 83
15 43
82 22
77 82
69 88
17 96
96 9
80 91
47 50
5 95
46 82
67 67
8 57
12 94
81 17
41 4
101 69
101 51
39 29
79 74
82 2
91 55
92 55
16 89
20 5
36 18
91 13
23 70
32 20
100 90
52 82
92 50
97 62
51 17
48 99
91 74
96 8
34 82
62 53
32 48
89 44
45 41
63 19
87 48
30 32
44 90
102 95
69 90
96 30
86 1
55 49
55 82
42 11
4 71
84 29
102 63
86 94
30 17
42 76
47 65
8 53
31 32
71 13
58 12
92 92
40 69
104 55
38 67
46 41
19 77
22 35
6 45
38 68
6 98
82 61
4 1
68 81
85 52
30 38
32 58
20 37
7 3
55 95
48 53
83 55
93 7
19 10
39 86
55 50
58 56
27 81
70 87
14 61
7 34
15 19
94 12
80 18
85 21
88 41
70 39
44 51
29 91
17 10
2 5
78 48
8 7
39 38
7 30
46 95
59 16
49 79
24 86
86 78
38 64
10 61
94 9
41 5
98 56
31 12
52 100
20 25
9 66
41 18
61 11
3 95
94 38
39 43
29 13
36 66
74 41
76 78
48 30
22 61
101 19
70 94
68 22
81 100
64 3
34 30
63 92
10 27
2 35
12 25
83 30
13 31
93 89
4 93
2 55
42 15
23 10
78 6
41 31
59 2
14 1
51 85
22 11
76 71
98 87
57 20
46 20
19 31
30 94
4 85
88 31
12 60
57 6
103 49
34 44
40 87
16 87
13 19
53 33
84 29
20 38
53 61
94 46
35 68
38 38
45 75
99 91
28 38
99 78
45 74
58 48
52 92
35 16
83 81
73 46
24 36
20 25
59 5
9 11
87 98
12 47
45 100
3 6
85 72
88 7
82 22
70 88
90 72
67 52
67 87
52 23
3 27
8 16
38 85
21 61
95 79
80 74
6 87
64 63
13 38
59 13
41 31
84 76
77 75
41 89
37 30
17 50
97 78
8 9
5 81
41 54
22 78
62 44
8 81
20 80
96 75
79 5
9 45
30 76
15 39
104 95
72 64
79 37
38 66
10 15
63 41
84 48
95 53
41 74
77 61
32 66
9 35
16 11
13 67
47 44
96 100
40 17
2 68
85 67
2 27
24 96
73 24
14 27
65 49
87 40
19 12
79 47
71 42
92 81
52 93
37 62
60 48
31 81
93 2
32 73
97 12
75 10
55 39
71 93
13 46
4 3
91 76
20 63
32 97
33 2
40 97
14 18
46 82
15 19
69 14
99 77
101 76
67 16
102 54
43 87
26 36
42 59
3 19
13 81
2 18
41 56
4 99
97 98
84 1
25 74
22 80
67 46
71 32
61 38
73 62
93 22
76 90
85 48
2 34
69 89
26 22
53 53
21 50
88 80
59 94
44 53
48 35
58 41
18 87
87 23
78 91
36 33
50 81
75 88
49 76
17 43
19 24
2 52
64 51
58 95
18 25
26 33
7 87
6 64
53 38
46 37
66 76
32 90
57 5
44 100
4 81
28 14
37 29
27 13
11 38
54 25
89 90
68 10
99 41
86 84
93 11
98 80
97 77
91 47
35 79
41 79
46 82
77 88
44 23
54 1
48 17
94 18
92 82
5 47
2 41
14 5
72 78
9 21
59 68
18 16
42 5
61 96
40 8
49 56
66 60
26 17
17 3
11 31
98 34
82 95
50 61
40 84
54 61
46 72
43 55
50 56
52 41
72 99
74 59
59 43
51 12
71 94
92 49
98 62
51 78
103 54
25 25
81 3
35 31
60 15
104 14
39 96
41 64
79 95
62 53
72 65
60 58
34 49
91 8
73 38
38 73
66 48
87 91
85 95
27 52
34 36
24 25
83 92
15 6
49 46
19 29
67 100
95 39
75 54
77 32
6 84
89 29
63 29
52 22
104 30
74 93
90 61
70 86
65 67
60 40
25 61
101 4
12 20
80 93
84 58
35 11
82 92
96 64
96 18
4 72
29 74
6 76
95 45
86 46
42 56
102 26
46 56
87 13
65 66
51 20
39 71
52 99
94 7
56 5
37 5
7 51
11 82
17 56
24 68
68 15
28 37
26 49
104 51
103 44
37 97
96 95
8 20
40 16
73 32
72 17
57 93
65 26
79 66
95 94
51 90
22 6
79 71
11 96
97 92
43 34
74 78
82 50
52 74
40 63
17 96
23 19
91 45
75 5
65 76
37 36
65 95
62 99
24 1
50 8
44 32
94 48
45 12
10 39
24 36
54 52
6 25
33 18
80 75
87 99
8 87
26 16
22 22
50 13
87 62
89 10
17 41
50 16
39 41
9 57
47 54
76 84
7 52
38 61
2 3
75 49
10 90
69 71
101 11
48 3
75 84
102 72
54 53
82 53
99 24
27 40
79 26
76 58
58 87
1 37
74 82
51 68
65 38
84 39
29 87
32 5
51 100
79 80
104 63
48 43
94 9
68 79
39 26
87 78
71 23
31 98
100 29
51 16
100 19
8 26
77 77
19 65
93 81
23 17
2 17
11 54
59 15
8 47
53 88
92 25
94 5
29 85
45 32
68 70
60 82
57 31
12 69
30 56
41 98
91 99
42 21
54 39
47 92
96 50
75 86
104 64
32 90
14 88
14 19
15 11
79 18
14 48
27 51
29 11
38 46
73 24
11 31
89 57
60 86
25 30
84 16
81 77
26 57
31 34
15 35
97 64
103 72
47 78
25 70
12 96
31 40
17 98
48 78
57 18
101 70
94 7
10 15
77 5
49 58
3 45
7 61
97 30
16 6
98 13
27 66
72 14
6 44
26 66
18 28
73 11
5 85
47 14
18 11
20 83
22 39
64 96
6 20
71 79
9 98
26 89
62 63
30 78
77 91
15 51
18 38
55 57
34 83
59 12
51 99
97 51
96 34
33 87
58 76
11 20
33 59
85 35
8 9
87 37
51 26
48 81
80 95
35 66
10 60
50 56
89 66
103 66
51 5
80 31
84 85
56 82
36 41
101 74
55 26
84 48
72 85
18 28
4 35
63 87
72 98
61 18
81 9
47 13
50 44
46 35
101 65
83 97
26 55
31 57
66 61
66 34
87 29
2 83
66 9
91 18
61 61
6 64
13 28
63 64
44 45
67 1
34 95
64 80
95 55
29 25
54 94
43 9
16 98
76 89
52 4
9 41
62 54
8 84
24 9
52 96
36 68
1 25
34 16
42 90
40 8
36 74
3 55
40 56
90 17
10 43
24 20
17 33
46 27
69 39
49 84
42 9
53 41
20 76
56 22
10 98
48 56
50 4
94 75
95 66
85 28
2 44
60 29
70 1
49 21
41 71
40 66
60 33
103 95
65 72
25 9
40 80
78 26
66 66
59 83
11 86
99 13
97 55
10 76
96 18
4 38
82 32
69 29
75 17
98 11
56 15
31 67
88 65
31 26
1 87
13 54
11 47
21 41
82 100
52 79
62 60
53 90
76 99
48 49
103 64
96 36
35 18
35 54
45 29
49 87
92 41
95 66
15 27
24 55
102 69
102 35
104 5
90 41
36 2
63 99
85 41
39 34
103 40
86 20
87 28
101 82
80 41
97 83
72 11
18 89
61 43
38 48
88 75
72 59
85 50
19 95
99 44
58 59
91 89
46 92
89 83
81 64
80 35
98 57
79 29
90 40
99 91
90 48
7 26
100 70
81 97
95 38
12 71
43 37
5 27
52 65
4 12
82 51
5 22
67 5
101 2
91 93
19 28
40 26
64 53
50 41
64 38
103 14
11 24
64 59
16 15
79 6
74 36
56 86
31 18
43 59
64 13
52 19
71 86
52 79
60 42
84 76
82 3
8 20
96 40
50 56
58 61
78 97
8 64
91 15
82 12
66 97
92 68
17 30
96 69
44 2
93 86
69 85
14 38
43 27
90 60
12 40
91 10
102 42
91 32
62 65
29 7
35 24
87 71
44 69
94 90
14 1
35 22
94 37
36 37
7 44
76 66
6 86
82 72
37 60
68 77
10 1
41 20
75 13
94 100
71 47
96 88
17 45
9 34
51 22
101 76
18 85
81 10
37 88
76 86
91 23
96 33
86 82
7 14
59 87
104 85
24 79
82 36
19 39
31 11
48 43
21 9
96 17
50 66
56 5
52 48
22 11
28 92
67 21
59 85
68 14
45 31
1 84
32 39
50 47
32 90
20 66
17 3
1 74
94 15
84 19
11 99
75 27
3 70
90 12
29 92
50 13
39 79
94 57
39 85
6 93
56 50
69 55
98 42
78 58
6 82
24 48
61 41
10 66
48 35
99 57
39 48
88 84
42 88
97 13
100 48
22 42
90 2
51 7
75 55
34 45
16 20
7 56
69 20
66 95
5 1
91 94
51 83
92 3
50 62
102 82
69 16
70 61
78 71
46 22
33 55
2 6
80 13
93 62
27 77
78 63
46 65
33 26
95 86
32 57
80 75
62 37
63 7
75 37
44 9
45 7
65 93
39 61
31 12
36 21
68 80
19 15
30 53
8 27
31 10
26 7
4 31
25 21
86 52
40 54
76 49
21 65
51 82
10 69
31 85
49 78
62 70
52 20
1 13
12 60
94 100
3 9
9 70
3 38
44 55
35 14
60 54
7 75
58 35
83 82
74 28
64 73
11 59
82 49
78 46
68 14
35 42
104 37
51 21
37 88
87 25
30 92
61 47
3 100
17 59
99 3
98 8
79 41
52 57
32 96
35 75
67 9
26 100
69 80
35 17
81 6
82 88
52 91
57 47
49 71
93 38
58 80
13 97
42 39
79 65
19 90
24 81
72 70
99 89
34 78
18 29
24 53
30 78
40 98
51 78
7 35
100 64
24 48
66 35
73 58
81 68
25 74
79 59
42 21
63 5
37 83
24 6
83 42
12 64
35 88
1 25
86 25
74 87
54 70
47 64
34 73
68 32
24 60
14 63
25 32
29 66
73 21
64 5
101 65
101 1
61 87
64 58
9 45
79 83
21 97
12 50
5 82
71 29
50 78
15 25
34 98
24 27
97 47
14 75
30 36
100 2
65 40
53 63
14 84
81 78
40 7
86 69
85 63
52 75
93 89
55 20
8 35
86 29
55 70
30 27
35 90
74 11
45 58
5 16
91 45
52 6
4 99
100 79
87 89
97 82
103 21
37 75
10 40
63 55
68 31
73 73
51 43
37 40
8 40
57 56
100 27
68 93
69 58
29 85
37 69
38 80
44 26
48 83
94 48
11 55
21 56
59 13
65 7
67 40
17 39
62 17
9 80
58 76
25 8
86 58
25 51
91 56
56 28
7 78
25 95
91 95
46 12
56 58
29 86
44 45
23 51
85 60
80 95
2 77
61 13
25 30
90 33
91 68
54 87
