3364
416 30
184 9
467 54
299 27
161 41
653 24
418 2
230 35
193 49
21 38
204 29
279 48
462 78
409 33
37 41
83 68
359 99
311 81
446 56
378 67
333 36
413 67
577 61
476 24
26 82
672 55
456 70
233 97
351 49
544 27
235 94
70 60
192 91
561 44
533 65
144 63
384 96
534 46
672 18
332 44
611 72
353 72
630 89
118 54
44 19
519 19
624 66
295 72
75 49
346 31
480 97
498 82
505 59
388 44
260 40
87 70
485 68
83 82
242 79
319 32
136 95
572 32
311 94
384 44
620 31
240 5
136 66
299 40
203 79
4 37
139 73
509 60
634 26
434 43
133 52
510 49
617 15
463 100
607 36
308 81
429 61
230 52
139 94
553 47
295 60
135 28
448 35
276 21
420 85
69 45
630 91
449 30
345 35
327 15
246 80
226 80
334 26
556 20
549 39
646 13
434 43
229 37
548 74
66 64
26 93
644 3
140 43
440 57
390 49
346 2
174 82
26 13
192 66
400 94
656 58
533 23
637 44
603 11
507 91
243 40
16 72
22 55
652 23
376 71
206 24
523 6
602 25
386 28
548 73
111 29
363 11
240 89
434 23
202 79
459 49
399 32
349 87
350 63
386 10
291 11
320 54
420 90
606 83
157 83
30 20
608 62
422 32
139 40
311 25
123 63
497 67
193 82
63 74
576 10
495 31
220 64
599 10
532 59
257 68
75 39
29 50
168 24
48 47
277 94
601 52
221 52
34 10
549 35
95 98
345 24
278 23
520 98
569 65
553 43
204 47
44 20
292 81
120 52
211 23
425 36
172 82
17 53
500 37
344 34
645 32
629 42
405 91
311 38
635 73
573 48
176 54
507 50
617 10
610 8
90 20
460 14
451 91
98 92
310 65
580 21
525 43
493 74
52 87
110 30
233 38
666 47
453 55
52 75
474 91
408 17
651 87
597 95
187 81
452 97
86 17
514 75
575 62
176 38
476 42
266 44
139 48
229 51
607 78
413 66
159 79
160 65
131 42
515 12
47 68
243 67
240 47
58 76
480 5
629 22
67 8
473 66
656 42
561 66
314 47
323 59
224 59
415 46
336 56
598 26
308 85
224 30
573 77
430 97
453 18
139 63
18 84
339 42
513 27
91 54
248 30
543 17
528 87
569 29
222 29
504 93
641 58
394 35
147 4
596 47
68 57
95 98
525 49
323 49
279 69
479 72
369 40
603 17
343 36
74 25
358 58
112 47
125 31
75 16
547 7
391 40
458 26
51 3
646 14
13 39
195 47
178 27
305 93
636 65
210 34
516 11
437 92
316 71
519 100
192 32
610 45
512 43
489 30
451 63
428 77
82 78
602 90
547 40
167 87
353 89
193 54
638 46
615 98
590 71
350 22
373 43
510 64
58 22
78 55
224 14
255 83
406 81
657 66
485 60
528 46
231 71
454 19
603 1
244 14
449 89
662 20
17 93
257 84
338 68
537 34
419 19
560 54
628 98
508 19
17 22
254 30
310 26
575 87
512 20
264 72
552 39
44 70
509 52
49 11
186 7
429 70
539 2
545 63
350 44
667 82
391 1
172 67
303 28
60 72
521 82
636 93
378 75
7 94
1 62
546 75
559 83
612 69
642 95
145 50
353 34
188 10
389 41
314 89
671 39
500 86
333 64
27 81
401 70
567 78
50 55
599 28
614 22
74 91
38 90
405 86
184 25
8 48
536 17
643 5
7 29
489 11
177 18
156 74
346 29
162 68
42 90
465 54
367 93
605 93
542 56
198 10
460 51
460 40
412 39
347 98
102 82
575 42
267 26
46 38
314 2
72 16
432 94
213 89
85 95
385 47
87 37
503 87
124 100
214 52
603 34
100 48
585 66
415 13
375 18
84 54
179 93
286 89
500 58
333 53
136 98
543 64
373 5
114 75
542 67
190 2
251 36
282 25
476 76
215 32
200 32
639 1
325 94
48 13
622 5
109 61
555 6
92 46
285 82
485 74
340 66
350 62
58 31
454 78
310 35
660 87
354 2
606 68
333 75
38 87
409 8
301 8
23 45
40 44
206 77
258 24
264 43
608 4
485 88
453 20
232 64
646 48
229 88
550 75
275 78
610 79
325 12
425 11
455 50
508 46
356 21
653 23
319 33
595 84
98 61
651 40
114 36
272 38
99 83
83 68
186 3
149 51
211 28
123 53
646 63
123 25
291 61
133 62
648 87
536 52
85 93
327 33
496 9
523 91
149 70
654 6
53 62
1 96
573 18
193 93
664 71
229 78
278 45
382 56
339 21
399 62
266 40
72 39
391 10
583 47
383 45
21 18
11 62
4 58
470 21
122 98
337 80
632 31
358 49
147 76
25 52
294 76
402 67
285 11
553 12
624 92
424 9
214 72
294 98
426 17
264 40
62 65
91 3
238 89
120 59
79 93
308 93
584 22
127 87
490 94
113 93
278 3
223 5
67 32
362 37
299 48
278 31
218 39
550 9
389 78
292 91
579 15
154 35
514 77
660 4
388 82
225 75
201 16
286 9
482 44
190 94
447 65
496 18
411 52
175 66
623 69
457 1
339 65
237 33
55 38
156 98
372 26
444 85
574 5
291 82
87 16
349 31
530 74
57 9
378 27
10 45
205 2
544 59
332 23
177 28
53 17
77 95
634 48
245 31
407 13
92 35
371 24
69 43
25 65
421 61
18 22
618 6
541 38
603 36
363 31
621 67
504 8
206 25
420 94
146 87
452 43
563 48
375 17
284 45
29 94
137 1
365 50
426 72
462 73
576 88
220 36
577 55
296 94
179 17
191 59
130 61
380 9
94 16
197 49
199 74
371 51
141 44
407 56
656 1
384 50
416 88
228 77
179 41
622 78
65 38
429 27
586 1
477 38
257 11
367 3
385 45
196 26
437 60
368 62
328 7
18 96
150 84
110 89
67 9
589 12
80 1
508 76
225 49
327 10
527 90
624 37
399 59
316 83
89 47
585 100
263 13
621 62
114 87
335 42
168 56
313 41
507 89
603 80
337 1
285 32
345 84
491 7
492 48
21 21
649 48
665 27
230 2
377 63
197 45
575 29
19 12
257 89
25 14
241 57
217 50
547 89
555 85
401 62
655 84
26 59
433 100
256 50
74 28
215 2
326 80
647 49
566 41
99 39
224 60
578 69
669 52
286 58
338 62
606 43
544 52
163 10
388 34
435 58
99 57
497 81
518 56
651 6
638 4
539 41
70 37
327 47
653 36
540 43
130 69
629 9
237 17
435 15
389 77
546 89
393 73
537 65
180 85
186 16
391 80
438 56
291 37
125 1
440 42
81 74
185 13
233 61
156 60
491 89
543 92
532 88
66 47
148 94
16 64
102 58
267 69
433 22
557 20
299 6
17 56
95 97
185 86
63 77
421 22
536 22
119 28
671 17
609 25
326 89
358 5
563 28
244 8
427 22
533 66
204 67
194 57
673 55
64 85
603 79
43 77
554 97
99 82
158 15
359 75
150 26
497 48
100 40
647 40
30 40
9 23
535 88
611 65
440 2
98 81
476 71
171 17
13 21
425 64
422 50
161 62
523 15
456 37
584 36
527 96
35 13
366 91
561 98
334 80
597 48
105 70
170 51
579 90
587 71
225 1
15 5
631 23
350 60
411 5
651 20
124 5
91 43
671 6
55 25
496 81
578 20
110 32
323 89
146 46
103 69
248 16
477 95
567 79
198 67
192 15
529 26
295 23
670 51
442 4
559 86
586 67
646 36
664 35
232 77
342 63
212 9
327 89
178 25
97 19
112 25
196 9
247 60
302 12
277 15
216 16
305 96
130 94
78 8
202 13
616 93
570 51
515 16
250 18
470 51
428 62
175 31
162 36
278 43
640 41
270 21
21 1
185 26
531 43
11 13
23 81
61 16
519 75
247 85
37 82
110 56
672 50
6 51
407 48
258 62
360 71
216 26
353 57
584 49
532 58
415 82
449 81
247 17
260 4
304 35
543 55
446 46
610 99
666 21
583 88
43 9
166 72
576 21
526 29
546 99
655 62
148 7
167 37
513 95
62 60
466 78
536 6
406 14
262 20
280 64
297 26
134 10
432 76
14 91
315 94
644 18
49 45
382 64
22 30
6 21
37 27
185 89
569 56
505 24
69 94
545 53
325 34
547 91
358 28
605 21
206 4
460 34
628 97
135 11
243 96
570 85
257 39
656 42
176 30
90 64
282 69
168 52
337 90
1 39
603 51
487 62
69 65
172 66
564 74
527 38
67 80
343 95
373 86
358 44
110 36
187 36
279 88
169 65
40 66
300 55
220 62
371 90
224 99
162 39
462 50
293 12
76 73
205 66
571 31
59 75
122 13
161 98
546 43
32 50
88 85
355 93
534 36
491 100
655 93
255 36
150 81
101 20
114 5
26 9
12 23
242 33
247 26
541 55
143 82
71 42
656 30
642 32
112 70
448 35
248 40
212 88
154 44
42 80
281 11
148 76
482 75
592 19
257 57
119 88
298 86
143 13
533 9
312 88
621 10
120 35
189 1
37 53
247 52
273 71
292 59
662 76
331 92
602 42
596 26
522 38
428 52
104 92
650 16
640 92
16 58
225 86
276 56
463 25
364 21
144 77
616 7
236 66
141 85
505 49
41 22
398 17
484 20
414 30
30 51
546 57
260 24
638 73
275 19
613 65
509 82
522 23
469 74
234 95
201 57
259 19
232 13
181 46
513 81
412 21
202 89
323 32
556 84
398 67
204 43
378 44
139 44
605 96
645 86
71 79
73 10
637 34
362 41
17 10
311 59
439 60
600 6
19 94
272 15
192 90
448 17
62 31
229 8
193 59
132 17
152 84
1 73
100 16
317 97
132 35
623 48
388 72
505 56
247 83
33 12
166 9
436 70
594 63
61 85
165 38
412 66
379 51
183 94
494 13
538 16
93 29
15 34
351 47
15 7
322 91
131 37
543 97
479 37
3 40
498 41
121 32
417 40
26 59
525 59
395 30
302 33
25 87
286 67
544 10
375 16
576 5
514 33
256 40
265 9
391 80
316 69
481 57
25 49
617 95
341 82
602 25
314 28
487 79
376 51
322 25
371 85
189 97
555 27
369 16
294 60
14 61
459 75
368 43
116 37
277 71
291 33
139 5
625 62
612 8
184 14
521 77
224 32
587 9
542 55
494 68
38 69
396 22
147 26
256 49
285 86
92 77
79 58
325 97
151 13
642 28
186 63
300 68
177 81
377 40
594 87
16 61
423 73
306 51
582 89
406 99
219 60
423 78
503 11
121 77
350 54
89 64
634 2
332 48
630 74
328 59
73 72
185 100
224 20
397 84
90 49
145 22
346 35
488 27
607 91
543 43
12 67
321 32
164 78
540 69
89 45
365 56
459 80
654 52
361 92
578 57
469 99
50 14
50 25
208 54
232 50
297 11
428 82
481 54
34 50
169 90
27 18
654 49
636 15
584 71
393 29
386 18
241 53
332 55
50 14
258 27
608 7
571 43
521 77
4 60
625 13
447 75
475 64
457 16
618 84
631 9
482 80
246 39
250 20
551 56
330 36
241 88
11 25
90 76
2 15
256 94
504 92
172 75
205 27
590 21
35 1
294 9
229 67
18 43
325 52
358 90
429 74
390 97
566 99
648 91
670 95
398 96
371 80
193 75
152 15
187 59
433 5
467 22
619 91
316 21
627 56
421 26
22 88
298 57
672 27
428 53
200 68
172 79
654 79
81 31
420 65
170 71
205 97
46 28
412 62
72 95
421 71
138 57
673 58
159 10
74 81
59 7
267 27
549 30
95 23
396 81
670 96
32 44
520 83
92 15
162 12
366 45
540 100
151 63
319 3
375 62
642 95
666 56
548 72
260 46
655 95
324 71
565 53
511 29
439 80
486 5
370 80
167 89
344 68
306 41
671 18
671 2
557 83
580 99
230 78
605 25
32 52
205 87
182 78
664 37
624 82
668 98
288 28
545 14
655 18
359 1
164 20
418 96
123 58
13 55
460 45
319 88
463 18
7 15
310 64
152 54
642 52
82 86
594 22
501 34
261 78
415 70
636 64
123 64
519 86
652 84
459 22
625 85
119 92
471 13
91 73
49 36
205 91
487 43
441 30
59 86
527 46
77 69
405 99
74 23
89 10
223 25
45 66
467 23
271 68
490 23
665 95
382 32
597 22
405 84
73 67
221 12
154 33
425 49
218 43
551 54
167 60
548 33
166 74
365 83
562 96
664 8
295 90
151 70
249 59
659 13
286 98
588 70
509 21
563 70
623 57
400 2
285 37
177 19
326 58
413 68
26 2
99 23
21 39
481 31
222 40
673 35
164 78
564 56
95 58
214 20
512 47
461 7
348 97
591 31
162 51
442 57
121 77
423 93
591 70
543 56
150 12
372 89
442 64
102 88
599 28
222 63
441 84
467 84
174 66
276 74
33 45
560 58
521 100
616 81
469 79
468 52
99 76
162 24
620 89
537 1
429 25
212 64
245 49
378 10
78 100
155 75
544 21
227 14
394 83
637 23
319 76
582 72
374 63
415 43
123 14
271 17
655 14
358 79
99 44
36 22
641 98
516 81
289 15
561 90
57 10
651 72
512 15
331 93
104 44
174 17
249 3
256 75
428 8
363 66
549 98
186 40
588 97
643 74
230 33
99 69
65 98
427 30
90 60
519 44
219 93
139 26
185 27
226 96
237 3
170 10
316 62
527 82
382 52
36 96
188 78
557 75
664 46
91 100
361 12
599 1
637 75
422 82
304 32
634 39
644 22
152 34
83 76
185 73
126 18
449 90
253 50
81 54
606 33
311 42
527 91
203 91
637 64
358 48
347 7
154 86
417 34
300 63
669 8
36 13
501 60
472 82
506 31
629 16
417 73
532 65
314 3
669 62
61 28
277 48
184 9
272 98
409 62
573 77
626 81
153 9
653 52
558 87
314 2
355 82
187 36
191 62
387 86
107 34
395 39
470 64
97 31
648 55
15 24
102 5
143 99
638 48
346 37
119 61
185 38
601 46
508 24
330 94
366 51
22 69
601 80
27 43
136 7
672 56
611 20
609 28
580 93
17 21
299 33
159 91
652 40
653 36
483 2
445 11
339 96
194 85
170 79
498 83
237 64
280 27
415 4
169 46
154 66
303 67
500 4
236 11
175 82
265 19
667 38
220 23
302 99
255 38
192 26
611 18
647 37
381 36
531 64
567 82
608 71
308 15
528 14
411 5
613 21
29 63
350 3
500 41
360 2
231 85
558 97
445 23
391 45
6 85
182 39
553 47
583 89
28 98
180 85
669 41
527 3
663 91
97 14
653 60
81 97
186 56
401 76
645 39
67 69
444 98
157 76
630 78
467 39
72 94
337 72
383 67
23 49
253 72
239 63
290 71
271 59
512 20
497 93
44 23
393 61
244 57
367 11
470 19
74 85
490 64
467 21
379 96
221 76
59 60
487 75
492 88
631 45
636 83
133 65
579 52
316 78
271 71
393 47
343 14
660 96
15 51
586 40
434 20
11 28
539 34
655 61
613 94
145 76
275 24
414 20
534 43
57 67
672 4
671 7
607 52
102 45
393 38
448 41
549 50
672 10
301 57
239 42
113 16
454 72
422 83
607 79
161 74
636 52
280 99
470 31
358 49
383 79
79 8
469 28
94 15
17 25
41 52
6 1
411 77
7 28
663 73
599 51
228 27
108 67
246 40
557 73
99 4
401 20
358 18
664 79
421 74
135 40
10 58
490 28
41 44
569 76
478 9
552 32
468 47
574 94
211 83
50 10
587 51
14 98
211 62
465 36
395 89
570 23
453 51
216 83
575 47
579 100
435 61
113 78
506 9
486 31
603 59
495 24
15 43
468 13
225 16
72 39
356 48
28 50
416 29
172 24
629 10
72 78
54 91
543 56
485 82
480 56
372 21
38 87
393 66
71 26
248 72
174 25
172 76
518 59
122 93
376 74
352 93
569 49
161 91
592 48
260 46
24 30
91 14
465 17
303 54
66 92
190 75
335 99
163 40
409 38
518 96
628 26
604 51
495 23
388 14
320 3
33 36
636 52
399 25
210 8
106 29
546 92
260 3
420 7
436 44
255 39
165 90
648 11
309 41
195 51
503 88
349 25
551 88
58 49
378 99
63 53
105 60
165 38
487 86
427 41
14 47
414 46
198 62
510 8
570 51
109 17
56 16
153 19
345 17
232 100
409 52
23 89
149 94
38 3
123 52
306 24
260 27
433 44
328 94
100 69
630 62
636 58
21 16
505 41
305 80
527 19
430 93
465 44
517 1
378 32
653 53
340 14
24 21
581 64
53 60
241 100
621 7
204 88
343 30
472 80
672 66
316 66
489 55
83 78
599 88
381 8
411 1
110 31
252 40
268 17
30 45
289 96
505 85
320 82
630 14
443 39
126 44
549 14
220 59
525 47
475 57
207 21
626 62
380 62
169 98
603 32
392 31
203 52
531 38
536 15
524 85
529 87
354 29
353 91
513 46
636 90
458 25
510 6
491 73
588 36
179 71
577 48
358 58
434 37
31 80
57 52
622 78
202 31
293 57
294 30
264 94
468 72
601 39
522 23
316 13
671 94
57 1
309 46
269 6
215 92
39 80
418 21
615 54
58 72
449 87
650 88
503 92
368 28
205 12
650 47
345 57
45 12
18 8
547 48
458 65
256 67
344 5
95 100
672 25
507 63
117 67
423 41
538 41
63 38
553 85
649 48
528 73
660 92
353 58
394 31
13 45
336 23
339 27
523 98
402 60
109 72
121 92
172 34
117 49
427 36
163 44
295 18
296 65
566 42
654 85
272 64
331 97
572 12
86 96
281 59
580 72
572 43
598 93
268 35
239 12
130 85
202 11
550 83
121 78
541 30
143 86
38 2
573 54
594 62
426 61
479 33
603 66
24 18
219 86
112 76
331 41
292 43
14 62
510 40
642 34
525 39
523 44
314 39
574 69
409 27
325 99
277 55
243 96
257 70
89 40
1 12
56 78
108 84
642 98
292 5
654 71
584 32
344 28
369 45
237 34
223 14
551 51
597 59
325 66
20 66
10 72
499 11
585 71
503 49
581 37
14 63
513 12
169 79
257 59
85 53
295 51
392 47
553 50
49 60
221 17
402 1
215 60
108 6
486 79
614 87
116 77
542 69
581 29
171 89
134 29
230 99
28 83
538 4
383 96
179 77
505 56
449 79
167 88
299 15
427 5
529 82
124 71
152 65
181 43
452 79
267 1
430 15
103 52
665 8
603 86
212 98
45 58
223 54
665 13
176 62
325 55
545 8
619 4
477 13
189 13
548 93
185 62
86 58
399 98
57 53
427 26
311 99
377 83
11 12
113 49
156 72
454 81
454 13
187 16
458 36
239 67
323 91
95 73
531 39
485 55
570 17
189 72
560 51
519 32
18 2
550 77
521 58
515 58
59 48
322 73
406 22
23 40
343 59
200 89
566 89
660 2
488 61
322 90
1 61
427 39
44 84
626 94
225 11
241 87
213 49
265 17
187 36
131 93
200 10
213 5
24 33
250 5
160 10
97 40
21 87
584 73
669 74
420 44
506 25
382 6
541 90
357 33
427 14
80 40
383 80
142 6
471 69
71 36
244 73
266 56
237 22
6 45
73 81
197 30
244 93
65 64
134 51
479 76
545 82
63 28
151 97
313 28
582 28
152 96
269 76
365 56
599 6
516 77
373 41
442 39
185 48
515 86
159 96
332 51
164 47
171 73
366 3
69 62
444 76
170 27
395 16
297 94
522 85
443 30
325 61
557 48
17 4
646 53
289 91
82 69
188 28
14 96
330 58
309 40
100 25
645 55
232 58
625 13
61 31
236 22
60 37
24 83
661 70
565 52
510 50
485 55
272 5
314 61
415 58
597 66
633 37
269 17
92 98
407 99
88 64
397 8
340 44
12 17
480 87
212 88
96 45
84 33
111 79
354 78
579 95
539 61
249 95
434 42
112 57
387 2
256 47
188 28
120 54
236 81
192 23
114 17
140 12
3 31
394 67
490 46
14 35
410 10
481 42
244 65
94 88
239 43
490 67
84 71
284 66
555 26
136 43
142 46
236 24
444 62
370 11
113 85
623 23
232 70
155 82
477 31
577 97
644 54
214 68
151 88
332 78
320 3
149 55
202 65
599 65
236 32
203 51
339 78
93 33
594 35
158 75
414 6
540 53
47 77
177 48
131 5
583 86
204 18
274 90
443 51
160 99
356 40
365 35
338 1
141 1
394 18
281 69
286 86
357 95
92 47
593 99
392 66
326 88
454 3
327 66
156 93
533 81
144 51
404 43
573 7
671 81
613 97
55 97
629 96
85 49
612 39
87 22
654 8
70 57
490 59
276 60
657 78
37 70
2 21
87 46
524 60
547 18
540 24
144 80
521 27
179 97
659 86
620 47
566 49
290 17
144 65
118 54
237 93
92 20
394 31
595 71
281 30
119 71
554 37
101 2
671 61
231 91
254 90
578 39
130 35
16 71
513 97
132 56
394 67
353 53
209 99
336 48
431 45
601 5
267 28
503 50
528 78
405 95
193 78
640 66
50 47
247 27
433 81
514 46
420 95
514 81
357 54
89 28
263 57
284 56
174 63
196 88
104 13
42 1
639 55
606 99
580 96
64 40
395 78
552 88
48 28
235 15
24 64
588 1
627 23
443 9
480 88
578 60
534 12
236 5
567 1
135 94
49 2
361 63
654 89
396 71
1 26
608 34
634 43
438 37
422 48
61 81
660 6
498 12
477 4
95 39
425 67
548 31
45 37
455 17
258 53
602 36
150 93
499 76
402 74
343 71
391 12
95 59
36 67
218 15
623 57
516 61
143 8
412 70
52 56
659 23
310 81
372 47
84 43
251 68
418 24
100 73
389 66
16 86
160 66
505 32
121 44
415 21
577 90
367 1
376 38
481 46
488 77
529 73
514 34
630 47
193 62
342 38
106 16
355 13
640 12
97 38
244 93
387 5
78 54
578 27
595 16
619 28
549 94
523 85
418 30
473 37
660 36
141 58
537 94
663 46
617 85
464 44
337 91
618 53
590 23
386 23
172 33
316 59
112 24
490 17
336 61
35 79
623 93
59 22
443 14
242 66
52 35
140 93
319 80
362 53
629 58
334 66
253 86
566 69
362 32
578 26
167 79
205 48
216 65
17 16
183 30
36 38
624 57
416 1
439 47
347 17
208 44
86 28
314 11
520 20
93 83
95 96
217 8
341 53
335 20
664 100
460 48
570 62
593 64
444 19
214 98
26 25
300 81
262 15
492 44
26 94
189 86
388 22
644 72
461 7
108 25
649 61
220 34
583 82
324 27
597 64
93 37
240 82
465 18
555 79
348 20
298 95
635 86
235 23
362 78
246 49
153 54
463 27
669 91
594 29
600 78
604 39
622 90
329 40
113 49
226 39
673 21
299 94
53 81
14 25
158 100
152 39
563 67
73 63
238 14
85 35
230 56
173 74
451 47
48 82
146 43
358 61
483 40
653 44
159 18
248 81
615 9
308 78
193 23
334 3
550 50
27 57
90 38
566 37
475 100
551 29
252 41
45 63
15 52
61 18
411 7
52 5
34 6
227 50
336 23
613 79
654 22
133 52
641 92
270 87
30 57
117 30
10 4
80 90
133 83
480 42
208 91
481 68
386 50
307 78
314 15
73 19
112 70
194 62
82 78
611 27
267 32
345 38
347 58
123 3
10 69
28 63
252 100
659 76
120 30
185 20
101 22
341 96
231 33
263 30
382 37
476 98
39 15
484 50
608 24
186 11
235 97
199 22
497 25
137 46
29 64
229 78
184 30
36 16
59 21
89 63
209 21
115 75
313 34
360 31
144 79
111 23
114 23
98 53
58 69
585 35
386 18
41 44
291 26
386 26
470 88
260 93
489 54
476 3
50 31
563 51
52 21
486 31
422 58
269 11
318 42
73 38
204 95
250 23
60 29
623 74
404 52
52 72
410 22
428 65
520 71
274 39
57 41
453 82
97 33
315 60
407 3
320 5
447 74
447 51
335 18
450 10
588 41
622 8
506 43
297 47
288 77
337 98
537 21
260 75
219 70
339 85
665 21
460 54
341 8
328 95
30 75
419 47
370 69
509 62
415 7
326 82
16 99
475 39
147 42
652 44
467 17
628 57
487 62
615 33
377 23
253 40
371 98
55 11
95 32
242 54
15 90
352 99
374 57
611 92
593 18
272 43
442 97
549 89
661 8
78 76
503 23
467 69
85 25
656 88
591 39
592 33
612 9
59 93
130 19
294 57
331 42
296 73
