8827
32 84
384 46
87 61
1373 50
1038 34
1660 63
175 49
554 53
25 44
1698 76
135 65
358 54
68 57
467 16
1248 34
861 51
832 36
856 45
901 16
372 12
859 74
637 90
1600 51
1129 13
1324 78
1342 95
859 37
259 75
95 71
581 17
1362 65
1024 7
1726 7
1064 56
1642 1
748 73
1378 79
357 46
713 51
982 1
1587 70
655 97
324 90
1503 54
1482 35
266 2
1174 54
1279 1
276 46
836 78
1181 1
701 53
1007 85
642 62
589 62
566 85
995 51
1459 89
1079 43
1296 22
241 100
1393 93
81 43
694 80
73 33
1624 78
1672 62
206 15
887 83
1405 25
508 2
1652 52
1486 98
559 2
787 21
1387 83
557 65
1371 2
424 70
1258 75
1188 44
548 11
669 80
1449 57
949 57
1422 12
16 98
101 60
679 29
451 52
1084 28
1447 41
1205 69
839 42
730 7
1009 23
278 22
242 77
1573 31
1759 39
117 57
678 39
1155 90
106 4
1281 44
628 50
921 65
50 74
993 91
1224 100
826 90
159 61
436 56
909 81
390 60
221 21
1210 32
1451 14
1121 18
16 75
959 34
747 56
107 79
1431 1
923 30
382 22
938 8
549 46
1102 17
243 36
1278 63
1384 15
827 66
937 26
1206 16
905 60
1317 86
1375 94
1308 82
313 40
30 15
1702 45
796 83
22 39
1143 80
973 76
1098 81
1473 47
712 89
1732 53
527 87
737 61
912 72
1455 73
1036 7
420 64
826 99
1533 2
1358 75
681 77
309 22
1105 57
744 96
832 41
679 90
1328 87
432 8
253 59
1222 76
1283 16
909 49
1212 3
105 99
724 79
1192 35
173 65
385 100
30 44
1724 36
55 65
426 25
625 6
752 33
180 31
1421 15
1032 3
1625 31
1038 45
1276 89
946 97
1706 94
126 64
909 42
383 51
70 13
987 30
267 86
1681 16
1270 40
129 47
1594 92
776 91
461 91
1459 34
316 72
281 86
1305 60
1559 58
700 88
640 5
146 29
1105 23
1657 44
760 82
1380 82
79 12
234 91
124 29
110 53
1363 59
1599 55
1134 15
776 31
1681 76
270 29
2 92
1410 20
1689 51
767 61
1086 6
1681 54
213 40
1485 64
751 21
1240 22
1316 40
339 51
299 76
1201 17
129 31
425 50
576 6
230 11
762 88
1470 34
959 66
818 59
674 100
565 97
467 73
80 24
1461 35
1192 100
1640 65
1500 42
980 58
1004 63
1511 96
1623 37
203 66
371 61
1436 68
1464 32
122 32
1403 23
503 84
164 96
1498 11
671 93
57 23
1644 26
953 61
1519 63
1331 87
93 18
945 15
1650 97
33 56
115 12
829 43
43 61
790 52
688 26
1398 4
762 14
896 100
244 35
685 83
1053 82
839 75
793 84
736 19
1139 28
1135 29
1329 16
1443 9
549 62
651 17
1063 78
1437 80
469 47
840 60
1365 9
802 41
449 74
1333 20
1746 62
218 14
1382 3
1507 16
1331 46
655 79
959 57
1518 58
12 39
658 54
1168 21
1224 13
714 97
214 72
1707 90
716 24
1612 33
552 84
1138 27
1739 85
458 75
17 5
1680 60
967 62
681 64
1751 85
424 57
1441 64
1471 51
1371 61
1293 29
1109 25
1052 14
1012 76
536 54
988 25
773 63
881 12
214 30
32 54
597 80
1186 5
1519 48
938 38
982 13
950 57
227 99
531 94
126 17
1737 79
581 9
420 78
183 63
1482 41
390 43
1487 13
358 26
288 9
534 98
1494 51
385 59
1490 28
1746 6
1441 61
560 100
718 62
596 6
1055 47
604 18
35 79
64 80
1470 45
845 9
1716 65
447 93
520 85
333 86
652 36
637 47
1427 68
1604 55
82 58
650 16
619 20
829 56
485 74
1141 13
434 78
1642 99
1592 56
1440 67
1162 96
1163 95
958 18
1758 51
631 68
736 22
1632 9
222 98
1471 93
103 78
419 34
1304 37
646 73
1298 96
1723 69
1245 10
1337 36
1221 60
470 3
389 9
1273 72
139 98
1043 67
1003 86
539 32
1589 74
110 63
1100 78
210 7
852 96
1023 64
1565 57
1177 21
1556 60
96 92
1623 16
746 92
1013 7
1556 52
1636 58
1341 29
1412 37
778 89
1009 27
4 60
1184 46
1675 93
952 33
1599 40
136 23
525 41
187 53
5 47
63 26
1183 74
65 83
619 56
522 58
723 93
1684 56
866 77
1053 15
1232 20
744 11
1371 65
1367 70
853 94
922 60
1123 30
376 7
258 67
1075 47
896 85
1007 20
1319 76
348 48
988 36
938 25
161 42
520 97
973 21
653 41
1552 59
1055 15
576 19
893 55
223 25
1595 9
1752 75
43 56
1474 84
581 64
1132 97
649 16
691 18
1484 84
182 10
1303 50
1553 94
1399 7
159 85
1412 5
1723 92
684 60
142 59
626 48
782 56
455 45
1590 32
1048 21
1607 65
565 88
189 43
1302 68
1319 75
792 68
1339 91
163 2
1045 92
567 9
1345 89
1690 89
1172 52
716 55
1512 32
1072 54
434 63
1464 65
1220 59
477 73
960 9
1561 47
1688 71
1626 45
1404 57
744 84
113 17
1326 10
766 49
778 96
1745 70
488 54
1566 92
202 60
366 18
721 97
614 65
1333 25
593 12
806 43
282 56
797 49
1204 58
1093 97
639 45
1258 33
525 75
1330 51
288 91
1415 83
813 19
1255 84
1479 85
668 38
129 46
1544 50
146 55
550 86
1547 95
641 78
1331 78
1389 10
796 21
1065 39
186 74
1368 56
1295 57
142 79
981 96
888 64
409 41
639 46
834 86
1353 34
680 28
456 89
500 97
1584 47
178 34
1685 19
623 38
1739 72
557 11
1421 66
177 6
364 90
4 63
200 30
257 95
543 65
67 65
509 88
1395 95
219 96
349 25
448 53
1594 86
1584 76
790 19
127 36
192 34
1218 62
1617 2
313 71
1669 19
1152 80
1152 2
1008 57
358 5
772 87
1727 39
1364 91
1587 3
797 81
879 34
982 53
864 3
972 62
1672 80
204 36
857 2
695 34
1248 17
1308 59
1043 82
1293 14
1374 13
1495 5
1244 67
1556 71
580 28
1612 26
1743 18
458 34
1239 86
1206 68
1753 62
64 82
1150 5
1130 64
1192 26
1236 18
1569 82
1681 28
1605 74
152 3
1281 99
293 63
552 36
916 61
89 1
1598 3
346 35
13 73
1286 19
521 22
313 84
687 97
1428 75
1504 51
430 89
970 16
233 29
908 68
421 6
1294 97
1753 6
271 96
855 49
740 60
1032 30
439 46
1499 16
157 97
1135 35
1567 22
92 7
231 63
1631 36
897 34
1013 24
882 23
654 63
136 6
528 78
846 43
1117 94
341 38
514 24
778 46
1642 56
1111 38
1582 36
974 3
1603 42
1166 94
1634 93
1432 97
578 69
4 35
680 43
946 27
1122 79
1624 12
1447 74
1340 50
256 29
1359 81
1168 72
1580 29
1456 6
1627 8
597 19
1491 18
1745 54
1321 54
1550 84
1520 20
1029 70
1296 42
555 37
1067 38
682 43
1463 12
1153 85
450 76
959 62
1295 63
258 53
442 72
1132 35
1436 29
1667 57
652 7
620 9
1501 66
1147 87
89 94
911 21
1725 20
1456 18
1186 49
735 82
1588 46
223 9
532 30
375 99
1731 30
1145 71
824 60
247 1
336 26
277 65
709 98
785 100
1302 90
218 68
912 57
1414 67
818 95
1510 6
448 67
175 95
1247 60
1138 48
993 49
470 51
1335 32
1427 35
844 80
879 54
1670 67
1254 76
1416 30
83 68
1123 19
1102 19
908 17
1012 54
380 41
1569 31
484 71
1497 13
1210 9
950 30
1390 28
1380 35
1391 57
1066 12
1142 7
1489 13
726 23
764 36
162 85
882 41
910 79
497 36
1313 1
1644 88
1486 58
661 59
1331 25
1378 13
741 71
1099 92
307 64
784 26
384 97
838 50
790 40
1176 59
545 5
1407 40
303 29
454 72
5 5
619 21
1234 42
952 8
677 61
1226 15
832 39
587 73
1012 9
711 72
1163 7
898 77
121 31
75 64
378 37
1753 70
1119 42
776 41
284 24
1730 33
1750 28
965 17
430 8
654 63
1156 62
1059 1
604 88
1522 60
87 92
907 23
405 28
1472 57
1753 62
1710 72
91 80
704 7
1250 14
145 77
1019 94
1482 72
1517 63
948 21
505 78
485 29
1071 84
831 56
102 14
1087 35
1118 70
340 51
1554 82
1303 76
617 41
830 52
1337 42
1205 9
156 86
1436 13
1762 23
1394 25
1534 88
1648 37
446 97
1727 40
1682 80
723 28
1086 23
1444 29
597 6
102 78
180 31
262 79
712 18
243 19
172 37
750 55
1478 96
898 24
67 5
1085 9
261 36
194 65
643 2
1040 94
831 34
1114 20
1472 6
1752 24
657 85
673 66
705 84
726 71
969 18
241 11
1708 8
787 58
1609 12
1368 22
1154 68
40 100
1213 73
1695 73
70 59
258 41
1586 32
1173 35
1191 60
1258 39
1490 37
88 99
1481 58
1015 40
1713 71
898 73
1132 83
685 38
254 76
1645 32
925 64
510 86
950 95
4 45
556 34
889 13
754 15
1134 92
192 24
153 49
1346 22
495 100
1343 57
726 34
1173 67
723 47
696 84
677 36
91 79
950 25
244 24
1177 56
822 41
1512 84
989 70
1485 99
986 81
1332 11
1262 44
840 77
631 80
1189 44
934 73
1483 47
835 76
994 88
719 36
990 7
229 50
1272 95
203 20
1667 92
1286 59
187 65
669 73
684 22
1284 5
1763 48
344 50
1468 45
1680 67
509 65
655 55
1398 56
1490 74
1305 30
1541 99
1704 42
937 54
881 51
526 26
239 75
824 28
1090 79
768 42
522 35
259 49
1418 3
1743 32
389 90
1443 93
1360 71
402 31
1096 14
1439 47
301 95
748 48
13 44
721 17
304 77
182 10
108 61
1445 41
489 95
1205 36
547 8
173 86
302 52
216 96
1601 78
723 61
429 78
788 57
1583 2
643 67
1420 35
705 53
1165 56
488 62
26 12
890 22
298 40
1078 17
348 25
1064 37
928 61
432 68
892 52
1637 100
384 87
816 35
615 14
6 5
153 78
127 61
679 25
331 4
753 96
1072 53
1417 60
530 69
1267 16
353 29
969 4
365 63
1082 27
327 5
904 23
1705 6
212 76
944 94
1113 38
218 79
276 8
1466 11
1148 49
1659 62
1333 94
1152 72
1702 29
1300 55
843 44
1330 28
397 13
696 17
1451 45
1320 99
828 42
787 98
1650 21
645 8
1092 49
1525 83
45 64
20 55
592 85
61 36
453 29
426 80
77 45
645 1
1245 11
967 59
592 20
890 27
1195 46
1269 27
741 56
1378 83
166 81
888 84
573 14
941 44
1219 84
293 61
657 41
1410 45
1711 66
306 57
953 66
741 15
1055 40
467 16
1605 81
639 98
1458 26
732 95
1097 93
537 3
767 57
425 50
1375 86
659 22
1420 41
585 85
1393 11
1346 26
1484 16
324 2
1742 60
1489 11
780 84
731 83
725 47
1321 35
265 69
389 59
235 24
820 29
1123 22
560 94
1652 53
381 15
653 19
435 49
577 32
702 90
773 97
305 3
1362 83
1482 70
1147 62
319 77
922 9
1176 50
1236 72
453 55
173 63
393 8
479 84
279 100
507 67
383 54
1526 39
90 6
1594 32
1601 100
64 80
122 98
50 43
1293 58
1271 75
48 48
904 42
553 30
192 12
476 4
981 44
472 49
348 18
284 76
1165 53
401 91
1344 10
978 46
1559 8
1267 83
230 64
578 24
1063 34
1008 91
1566 8
801 75
1221 82
1013 77
662 55
585 75
1258 74
260 35
428 59
841 27
769 29
1583 55
542 9
1538 16
1213 40
1739 46
156 39
773 14
1480 19
436 84
1348 73
718 1
590 56
848 69
1207 4
1355 54
60 4
27 6
701 3
1477 12
1173 88
185 91
1753 26
1406 93
794 40
781 37
1543 84
188 23
1164 56
1403 88
1238 49
23 72
1054 14
994 67
1204 57
712 57
771 98
856 47
1505 70
423 17
372 87
467 16
640 7
220 65
1387 14
636 35
263 18
1447 45
1123 83
501 29
645 90
1047 88
1530 38
827 43
79 85
1111 78
670 4
1281 78
384 79
1240 27
820 28
854 74
1438 38
1764 84
183 89
1589 8
296 61
139 20
638 88
836 49
1198 14
1059 87
809 79
950 49
1765 3
1038 11
1628 20
1533 73
1155 61
437 23
948 48
1525 79
467 34
1320 64
483 4
1318 95
1393 89
1489 11
770 39
1591 36
433 77
353 100
640 6
1369 2
1094 32
1505 39
1436 76
1151 40
1296 69
598 89
845 73
623 8
486 91
489 93
336 54
969 7
144 19
467 86
689 6
809 87
731 77
1580 11
420 84
1064 16
93 69
1660 7
1284 23
193 60
1765 5
417 90
895 15
1582 31
420 27
68 22
666 99
477 44
542 15
1717 38
1336 96
407 14
658 63
1017 71
860 98
1562 6
546 36
456 30
942 91
740 4
711 75
369 37
536 22
41 86
1551 90
193 81
908 31
685 77
265 20
742 42
250 62
962 54
878 62
942 17
388 1
1273 73
1424 88
364 71
615 12
497 94
254 29
12 79
241 71
879 51
463 10
1152 58
226 58
1444 89
1287 56
474 63
649 92
1515 70
374 77
1257 49
561 97
1357 54
276 84
996 82
1209 95
111 29
804 26
976 100
1518 28
1547 51
1301 45
302 52
571 51
924 90
1458 91
455 15
1190 60
716 50
1637 59
1245 87
709 42
1666 69
1019 28
268 24
17 62
1123 70
761 4
1232 77
741 69
670 78
918 63
295 29
379 4
509 31
896 95
455 49
981 2
944 60
1405 82
874 46
1648 51
90 16
1384 30
972 46
51 27
1493 63
1589 2
644 80
1486 53
1187 65
1719 71
833 93
781 20
331 50
1460 92
893 12
568 37
945 26
5 63
1228 37
1298 13
482 24
369 7
1380 40
1492 40
717 33
1646 92
276 10
1022 17
752 84
953 31
1452 78
1546 100
326 68
32 25
648 15
466 98
1633 81
592 81
957 9
172 12
1734 78
550 77
1649 65
990 7
700 20
1656 45
476 95
508 13
1471 13
120 95
1360 33
1675 89
1134 42
733 92
1159 80
1069 63
1421 48
788 36
15 73
1488 9
997 95
941 41
1256 27
1031 17
944 20
1627 64
1500 92
1218 35
1139 98
1234 55
743 13
1641 22
1732 83
602 2
1721 60
1487 91
1359 80
355 2
435 29
124 21
1149 81
599 40
827 39
847 70
1190 87
546 16
122 66
1343 66
843 36
1307 16
104 41
230 54
588 71
832 25
1491 14
708 10
1110 79
1305 71
741 16
1536 99
1734 42
1048 42
604 45
737 82
185 45
525 19
1495 26
867 82
552 40
64 73
261 93
1081 93
374 33
1167 52
589 17
738 43
361 39
700 30
129 97
299 50
837 82
1282 59
1413 8
497 7
724 98
925 87
21 8
1049 77
1059 84
38 62
1302 95
315 60
1667 69
1444 90
1142 51
842 6
1491 98
1347 60
958 48
82 83
1546 53
248 7
794 57
14 5
8 20
933 49
253 53
584 76
932 9
806 71
745 76
687 42
1380 52
254 51
203 7
1458 16
379 49
38 61
1485 35
382 86
51 93
1604 22
1149 73
1291 27
657 65
779 7
1704 58
88 100
1358 68
94 85
479 57
786 38
1745 28
887 93
94 36
337 79
413 80
1189 22
1059 99
867 23
732 47
1485 4
779 81
15 27
160 34
1148 46
1469 86
402 51
96 59
826 60
1332 88
1001 31
1736 27
1422 91
81 93
221 54
670 48
956 6
1034 19
933 44
1307 29
1478 30
1715 18
1601 28
1538 92
297 48
1195 32
1581 4
631 57
690 90
1071 9
1192 24
1367 35
1666 81
911 50
1368 58
49 64
913 19
1098 1
889 44
1028 44
1526 56
1340 41
1246 91
1349 22
1078 81
300 87
810 71
1478 92
1057 97
1505 92
1192 75
192 78
1262 50
332 84
1293 74
1155 92
523 2
1736 73
78 88
1514 79
1595 31
6 58
995 50
403 73
397 40
1395 72
643 78
529 4
869 88
1383 83
1604 90
947 26
541 7
985 70
55 95
435 32
1713 75
1718 88
593 42
1727 79
224 25
962 74
1167 7
135 53
927 82
1619 71
1065 84
1311 51
1367 1
1608 100
1347 55
341 4
609 4
1158 53
1269 88
527 70
1200 48
1039 34
214 59
1416 60
1564 57
1025 32
978 44
512 49
443 10
1257 92
880 3
184 66
1044 38
274 99
374 76
1237 12
1295 11
32 80
1206 25
897 29
239 44
154 79
1383 68
1598 17
1188 49
693 65
1634 86
1281 77
516 16
307 54
832 62
1586 53
1594 94
1367 45
1149 93
184 19
474 71
1428 86
1556 41
1347 40
632 79
504 18
1420 32
1755 67
360 8
527 80
199 76
586 59
521 59
134 44
725 37
103 36
89 24
1000 17
1484 68
1085 19
637 20
1754 72
747 90
371 34
1076 48
184 62
952 62
831 83
72 81
987 93
1141 96
1694 96
1711 82
1189 84
1480 31
223 63
850 82
1136 31
3 28
786 84
1387 32
124 89
1125 10
685 2
1574 14
162 7
1093 34
1074 7
1371 28
548 37
447 61
648 92
703 78
420 47
1242 42
971 3
92 86
1225 54
1162 76
62 88
196 90
97 65
1566 45
175 47
877 61
1716 76
1613 87
117 28
1728 87
111 38
48 61
1701 66
912 95
159 20
840 43
236 95
1169 87
1313 100
1266 41
374 5
25 69
1268 1
814 65
874 1
767 46
1374 72
1193 51
311 65
1225 74
85 79
125 51
897 96
77 68
1606 55
87 80
13 93
1750 46
64 55
1391 94
1744 39
1391 7
955 84
1308 87
1423 45
368 93
466 19
39 21
133 67
1203 48
1728 31
313 64
402 40
1514 32
899 61
1241 92
1705 92
1704 95
812 81
363 89
1639 11
1269 74
1653 49
103 90
145 23
564 16
1282 45
1254 65
1761 62
268 35
974 36
766 40
119 55
1129 17
1368 69
828 32
1653 2
968 90
713 71
1237 70
352 72
806 33
492 94
198 86
1234 34
1698 39
756 96
499 30
375 62
1465 66
1298 41
209 73
959 50
1435 8
440 93
1375 27
1209 23
1545 30
190 40
1556 73
1756 55
448 83
1250 36
624 74
385 51
412 74
1669 70
69 94
1394 92
911 41
619 2
348 72
1468 46
542 33
1396 68
1587 89
1113 33
426 24
1622 61
32 17
971 61
1760 34
1725 57
702 48
1641 97
766 24
1091 7
1375 15
584 3
787 87
909 14
1361 67
710 19
850 63
970 46
412 72
958 57
393 46
663 17
832 15
1673 11
1507 41
1151 60
1645 4
138 91
848 22
114 69
1746 44
206 78
153 92
1076 62
1702 8
1326 21
1113 43
1483 58
316 92
1136 68
836 55
296 4
1030 63
818 54
878 89
1282 33
1673 43
1220 59
1491 85
574 65
1170 88
533 27
1388 11
1586 83
982 14
452 9
1386 74
168 49
1345 14
360 74
870 94
618 14
1527 27
1294 89
1101 89
1651 73
854 40
1149 49
372 34
256 86
1569 46
44 72
523 91
1428 27
278 49
475 68
1536 18
429 43
710 81
695 85
999 51
996 29
370 7
924 87
177 19
1627 8
397 100
404 81
1463 5
1215 99
1666 73
1527 31
1754 98
1437 21
1351 26
1765 6
1182 58
795 59
1631 92
363 52
606 13
1664 28
1084 92
296 27
979 79
309 53
1443 81
751 17
625 86
1552 17
309 80
1505 97
517 37
1205 13
317 57
659 70
1752 34
1202 59
1380 88
1567 95
1189 87
544 23
604 59
789 92
1527 100
1172 47
1546 85
1593 84
750 86
1663 4
54 1
1689 60
776 57
1559 9
979 90
1185 7
723 14
26 14
1019 90
744 60
94 57
321 98
1512 21
1309 28
144 45
1043 80
1368 94
1302 24
236 71
890 67
746 1
700 87
1262 27
1370 83
638 38
1224 99
427 47
885 22
1539 92
460 52
1672 32
1597 22
974 60
478 32
1289 43
128 26
58 89
1458 88
1108 70
444 65
650 59
277 16
94 25
1367 61
11 54
331 50
461 59
379 38
407 97
1183 12
794 37
886 34
94 68
316 28
515 45
1633 52
459 20
1014 17
530 60
203 48
600 33
1763 89
901 80
1142 43
1248 86
892 24
435 99
1670 87
595 65
1325 95
602 62
640 22
48 80
1237 93
1600 75
968 8
1723 90
1265 2
1133 92
83 84
1121 76
826 78
1266 25
36 40
777 36
1354 50
567 72
762 58
1528 87
502 65
165 45
1568 20
1242 15
694 74
444 42
767 41
226 95
1371 94
1546 92
600 100
1074 52
498 49
1027 18
974 14
563 92
1669 67
526 50
146 90
260 65
863 99
449 28
445 60
1570 21
1289 83
1402 77
1140 66
850 78
32 16
168 24
1242 18
1396 100
491 68
1602 75
984 96
526 85
935 37
1330 71
1505 86
1141 67
725 55
1708 43
559 17
1151 57
1270 97
793 38
973 34
1185 53
943 62
1608 90
1080 80
838 93
1077 72
1739 34
382 64
1334 6
1254 100
1683 56
401 37
1599 55
575 8
843 5
878 91
1142 87
1758 58
639 12
394 16
690 29
1616 38
153 68
1527 2
253 69
924 62
696 42
368 37
787 32
1347 91
1110 44
784 85
1675 54
1296 2
1213 82
978 69
1370 62
1678 77
774 38
1682 2
134 75
4 47
714 7
958 13
1494 21
1134 16
1349 16
147 70
651 1
1212 11
767 69
631 92
316 6
94 32
28 12
441 28
1066 41
558 18
1002 24
1102 66
1390 90
1358 32
1747 32
1540 23
1485 37
1016 87
1753 13
950 71
948 92
961 53
333 28
1029 99
1128 99
1152 43
1303 91
1226 49
1569 82
739 4
983 64
1107 37
967 61
1118 10
763 90
1665 61
1439 98
143 28
1539 7
1131 18
1619 42
998 10
429 38
1765 19
39 26
289 63
1067 63
208 18
1186 27
972 86
69 9
189 26
54 43
1618 45
1062 27
359 91
1690 6
1308 9
1310 94
940 77
11 48
1329 56
1620 2
425 51
43 47
909 40
790 20
1338 98
979 87
953 71
551 9
494 61
1379 38
1090 7
1447 44
229 79
1703 1
524 62
1012 85
1147 43
1536 93
680 28
697 94
386 93
1501 48
1292 43
8 67
1058 9
584 76
271 38
93 60
1590 6
204 34
651 86
1732 49
537 69
1053 97
1033 16
1637 37
998 29
550 72
1173 42
904 88
598 81
1252 22
332 75
1552 85
1511 78
1578 25
1409 81
88 22
790 48
943 32
595 32
1590 68
503 84
769 64
14 93
1097 43
741 30
1706 49
433 43
1301 100
692 15
935 9
870 30
1188 48
358 91
101 88
1064 77
216 36
1145 75
178 85
27 77
973 47
1212 100
1662 8
1743 12
1281 65
768 21
1141 43
75 77
1655 10
1597 65
244 4
1421 32
985 73
522 43
1181 94
1379 50
167 53
562 19
636 64
620 16
1511 63
1022 3
586 30
1178 83
1251 17
1427 47
1491 42
766 73
297 10
1754 1
527 1
1261 47
911 27
877 73
1720 68
299 97
1536 98
1308 3
1295 54
1590 72
356 53
999 50
930 23
1428 27
1592 45
275 87
1299 100
60 65
1168 67
357 38
149 8
1288 71
709 79
657 3
355 26
730 25
1354 66
1065 42
827 17
38 58
744 48
1318 70
1628 97
510 89
316 89
1553 46
472 81
1542 6
1229 36
423 98
1363 76
1039 87
1435 54
291 16
551 41
922 82
945 42
28 7
732 39
993 10
1315 40
1116 14
794 54
547 10
1301 16
238 99
1667 40
463 2
1168 49
1181 67
1249 41
343 78
860 5
849 41
1720 65
1423 67
918 39
1544 17
1304 70
1494 3
410 72
363 34
371 3
1570 10
353 24
1357 66
78 75
1401 8
1489 35
1014 24
1326 57
785 41
429 25
495 12
1381 86
898 32
955 12
533 60
312 6
387 75
935 56
432 72
1180 67
272 5
903 92
1215 66
503 69
296 36
269 1
649 29
1283 98
1146 20
291 80
503 8
618 13
128 91
1335 86
785 47
411 8
389 33
675 18
1206 7
1681 9
1374 6
1243 30
1386 77
1017 61
669 78
445 92
1383 75
380 94
1076 64
279 14
1355 49
200 67
1349 81
703 35
1532 81
3 19
1641 43
1480 98
1267 49
1679 97
244 2
23 82
1142 13
1525 66
1187 41
945 18
545 9
1102 50
243 78
1060 33
1368 71
84 8
480 11
1461 80
492 83
66 50
825 89
1662 50
1352 12
831 57
493 84
1408 31
928 5
1111 60
481 13
247 16
713 4
354 5
21 17
1678 27
345 99
1446 95
975 56
893 76
1665 49
6 75
1336 91
1271 23
1267 27
151 5
1388 2
410 2
1438 75
1507 6
1586 94
1552 79
1310 59
443 91
1521 55
746 4
1484 52
732 40
1077 77
743 66
131 45
1576 74
1344 68
1441 86
807 84
933 57
758 1
227 45
380 83
78 42
341 37
788 70
948 98
1122 84
1739 13
455 97
1197 52
372 83
1233 15
1473 56
636 19
278 66
1369 29
1365 51
1589 48
193 85
8 32
15 35
1413 22
1540 83
775 21
241 22
115 70
809 53
1165 21
1474 19
1376 97
385 93
1450 45
1596 72
872 22
1042 90
761 65
1320 5
1155 83
1668 1
665 66
1075 62
630 50
301 36
805 44
1291 22
527 26
10 74
745 76
254 58
1317 17
941 80
63 75
625 25
1622 64
1625 69
237 18
569 95
423 93
710 15
859 64
1336 41
1203 20
633 82
7 96
1695 39
1078 73
769 41
1118 3
1315 51
1186 53
228 2
788 12
178 38
487 24
1390 35
76 4
1648 89
1740 23
1348 4
1695 64
559 73
278 21
144 58
1032 54
856 66
1505 73
841 79
1113 40
1151 49
189 9
1027 15
1166 8
1343 52
1457 51
1055 41
735 16
1082 86
1246 34
960 86
1576 38
1438 8
1601 17
497 95
779 58
45 67
453 97
1670 17
670 89
822 28
1318 70
373 91
881 79
997 64
1123 6
1028 71
1426 5
236 44
1045 34
1457 55
1415 27
1114 99
842 23
1487 33
1447 16
1302 45
297 88
522 72
1729 14
1297 63
631 11
1549 2
1353 65
625 9
1237 7
640 53
800 77
1144 76
420 32
1183 81
1711 45
256 78
5 66
1634 56
1378 65
1448 98
1313 87
1741 69
1237 74
330 49
1158 8
329 3
1545 74
13 76
1703 65
870 52
