6371
1227 6
987 9
1030 65
663 90
211 24
996 34
1178 73
1090 26
848 68
819 46
1200 39
1106 44
1084 59
1133 65
113 38
1148 41
218 4
113 70
174 46
126 79
280 63
1002 68
380 70
912 70
49 25
1040 9
693 72
809 37
765 5
1093 1
668 23
450 100
969 25
194 84
517 89
538 94
155 78
866 79
856 88
977 90
1143 81
936 20
888 49
919 55
681 94
806 12
1219 84
724 71
1266 59
463 100
375 75
721 7
1148 60
527 18
793 94
349 93
141 78
493 18
805 2
1062 59
1097 81
56 16
370 75
953 77
283 23
283 77
505 28
1007 84
145 52
426 29
642 76
431 47
426 93
1104 28
897 75
650 63
338 77
772 1
817 13
50 92
740 50
928 87
423 51
451 86
1084 76
1041 99
696 30
296 28
545 18
653 53
904 39
537 95
492 66
1105 70
717 20
284 35
595 98
174 75
212 48
525 13
194 81
875 52
512 11
928 78
32 52
1111 28
1128 38
1212 6
1244 14
589 89
365 81
492 69
1147 29
822 76
168 78
955 96
423 27
949 83
235 48
1000 75
1026 8
582 53
332 44
674 8
105 19
12 19
856 33
553 72
1270 32
277 2
861 40
753 93
560 59
406 87
177 15
149 88
843 2
1129 53
481 14
499 6
764 77
1222 35
967 22
73 73
741 9
201 22
66 25
1222 55
64 91
802 27
799 31
220 39
746 50
1178 36
25 52
967 41
1046 13
113 16
102 13
544 61
1016 78
636 77
627 63
923 90
561 56
255 11
1048 52
734 39
858 75
1129 89
789 36
464 46
154 1
640 14
298 86
1256 47
398 46
371 83
9 25
1247 3
295 83
989 66
2 41
46 6
360 65
1210 54
798 2
433 84
1078 39
800 20
634 77
714 4
221 11
655 86
517 41
650 53
1085 100
1265 62
54 10
979 99
519 52
28 48
892 100
777 43
148 100
1256 81
323 86
56 11
670 90
318 11
183 75
641 14
516 2
1187 98
571 8
67 3
520 3
688 17
1038 14
1055 27
670 25
1270 1
408 66
1053 6
697 72
39 73
378 61
495 39
1070 24
704 26
877 65
247 46
553 10
913 26
1241 59
793 93
478 23
584 31
1230 12
956 63
681 74
1102 68
247 2
1085 97
100 63
584 16
669 61
263 63
314 94
466 30
88 92
960 55
830 98
506 83
284 13
354 65
791 28
549 69
994 68
848 40
79 76
829 30
987 4
1150 22
528 2
727 70
1007 89
420 22
827 33
952 74
1062 21
1265 20
634 76
895 31
576 69
1084 44
1105 20
400 18
1151 81
514 62
1138 20
991 18
286 10
216 11
135 65
154 11
357 70
231 24
451 6
784 84
1193 88
270 59
55 30
566 49
785 21
576 28
961 13
434 25
1223 47
899 84
639 88
634 15
919 69
107 7
907 90
87 12
699 75
530 65
631 33
406 36
1269 84
862 10
12 18
1067 98
950 32
1007 35
792 28
792 36
515 65
713 34
746 53
1041 23
164 100
243 76
495 89
393 31
244 39
543 78
649 61
142 62
793 17
510 3
1031 46
642 87
266 94
808 85
715 61
695 5
217 69
953 37
23 7
48 100
1159 85
1035 85
840 55
587 33
1024 6
1026 26
153 35
473 22
432 8
474 65
220 84
562 39
1041 70
10 29
953 66
1248 55
9 35
604 52
1023 44
179 40
374 22
314 81
1140 7
1083 75
807 8
396 19
179 38
649 96
343 82
861 94
216 9
815 13
642 72
5 18
633 51
391 1
1209 97
895 85
1250 81
178 22
851 16
166 10
383 28
498 84
733 39
418 30
387 73
382 92
1064 11
161 57
426 80
1022 51
364 35
1114 48
317 90
161 37
870 88
627 72
560 9
62 95
297 27
533 22
1153 5
933 43
133 61
667 40
1057 84
1047 57
379 83
132 63
31 28
1065 88
968 12
385 87
664 48
384 98
572 100
1260 97
165 46
420 69
850 85
1122 6
569 80
640 50
1052 51
696 90
711 69
561 60
1063 95
419 51
1158 30
162 83
1037 52
841 55
1126 8
216 13
1144 21
739 91
208 40
173 32
549 68
480 82
343 52
1034 47
258 50
851 9
274 52
1049 33
965 83
810 13
811 77
636 64
132 36
455 99
1154 35
593 76
1210 27
1020 29
252 63
217 20
930 76
1070 74
1156 17
597 57
699 72
113 44
185 3
568 43
973 97
25 95
488 5
760 46
45 37
1157 64
713 31
4 22
540 93
420 14
237 37
230 25
737 23
304 7
93 2
137 89
436 24
95 64
825 72
785 34
715 98
237 77
924 82
1159 49
920 7
78 68
580 46
818 26
1009 4
262 83
455 52
126 2
1205 60
633 18
989 1
1237 69
1115 92
975 52
196 41
550 44
339 71
389 15
87 80
1109 99
1230 69
359 27
711 27
945 74
183 66
43 36
362 20
424 40
437 95
1066 19
761 65
1189 29
465 70
44 11
570 30
1242 40
669 93
1215 62
519 50
523 47
966 64
686 90
1023 34
488 88
839 82
971 100
543 1
877 26
168 34
673 26
723 12
563 30
645 76
1193 27
1082 34
1097 35
1172 47
52 35
164 87
1157 21
136 87
360 3
92 6
876 83
913 45
961 46
127 93
786 27
804 61
1222 53
779 17
784 87
1178 47
26 33
825 16
193 64
676 53
1092 73
931 23
999 49
822 40
812 87
956 33
466 44
108 31
509 78
550 3
171 45
425 10
70 1
972 82
1241 18
772 93
970 61
1123 88
628 97
591 58
548 25
1075 73
1061 61
538 57
452 88
677 58
188 4
605 27
345 28
444 81
958 83
1149 30
744 89
635 76
1058 94
1225 3
597 57
802 94
338 75
164 16
834 61
656 70
955 6
474 7
565 49
476 69
1163 43
994 64
1093 84
936 95
1104 18
1125 44
1070 91
1159 68
301 31
102 57
110 63
102 47
888 67
1215 75
160 85
170 57
55 84
388 55
573 22
974 31
724 72
690 26
23 95
109 22
90 24
1195 83
792 7
161 58
451 26
407 29
862 26
1116 40
330 10
1011 81
97 61
1178 64
383 46
610 47
6 26
1048 70
139 52
40 42
901 46
1010 95
921 20
11 73
1045 17
1022 29
1018 46
1137 17
63 68
217 85
1003 72
382 98
929 19
659 77
561 3
659 73
66 53
1119 52
551 51
565 69
1200 22
487 29
1101 97
872 47
189 47
1135 9
850 96
216 18
372 23
256 91
561 83
320 66
1054 40
336 60
381 14
1182 62
678 49
198 91
893 86
952 39
1092 72
113 85
107 66
71 38
1215 12
412 28
530 75
1112 23
1001 18
1013 37
882 18
325 77
1055 9
1213 76
273 76
453 71
366 38
571 55
206 58
1195 33
1018 79
626 21
477 37
330 52
383 29
725 22
658 50
1010 8
625 18
833 8
662 69
469 11
960 62
416 47
500 66
775 17
567 48
840 66
135 94
116 51
9 39
144 93
816 97
689 86
613 49
917 52
936 21
1082 96
888 96
1132 56
929 65
289 84
884 57
525 73
233 56
1010 3
1032 43
72 60
820 95
7 49
957 32
462 23
748 49
521 54
398 26
418 95
926 95
703 53
514 58
581 17
787 20
502 19
726 53
795 75
328 35
365 16
41 93
175 20
119 22
656 82
408 71
372 4
395 15
321 60
1176 95
169 94
620 22
755 34
675 78
893 87
12 66
1262 2
927 25
910 61
1050 2
1148 27
474 74
43 3
844 2
352 19
925 7
594 78
250 99
563 86
253 25
312 83
507 75
13 29
443 51
167 76
481 45
525 57
347 4
719 19
477 29
906 19
559 7
782 60
254 83
1249 21
474 45
882 53
1177 36
388 59
700 98
926 95
1242 35
1049 74
59 75
426 91
1061 75
705 65
647 53
512 40
767 85
713 21
349 46
1081 60
885 43
1231 74
1241 67
303 46
417 6
988 49
569 40
35 66
742 93
473 59
601 32
837 55
284 100
148 79
1067 60
754 12
1073 88
726 37
577 33
1014 41
156 84
509 34
361 18
578 32
942 72
1030 14
890 84
506 14
335 26
1183 23
385 6
1264 33
1207 16
986 39
339 23
904 63
403 87
1141 97
238 87
914 31
731 42
101 65
115 74
138 51
953 50
717 76
778 4
52 35
1190 89
916 95
647 57
692 39
560 100
610 57
187 47
409 76
280 41
911 38
1229 86
1108 21
302 75
834 46
489 43
776 39
768 39
372 49
15 20
267 78
727 41
516 43
169 83
306 1
1188 69
1131 5
618 72
776 94
245 60
1100 5
270 88
385 59
360 35
803 18
763 57
868 48
155 11
398 2
630 50
144 63
67 61
1038 90
671 55
612 70
1233 26
89 22
1258 46
308 23
595 75
1228 57
537 89
270 23
1188 77
1196 59
465 43
734 59
936 67
417 85
320 74
488 33
395 30
312 53
303 17
705 31
998 74
1158 56
1242 70
768 41
840 34
1172 89
703 93
809 56
355 23
132 86
243 44
541 9
509 100
847 39
704 29
1216 30
432 35
825 11
170 7
1232 93
450 35
650 20
1056 51
1197 25
702 48
1262 2
836 21
290 41
480 12
364 47
450 38
455 16
1097 16
1177 62
517 38
666 66
966 51
659 26
1117 47
181 24
441 45
77 93
478 37
144 86
988 73
896 67
455 77
495 65
896 80
209 40
961 4
842 66
371 54
14 11
268 60
870 22
934 11
1108 32
914 28
975 74
670 53
580 22
1251 3
840 89
781 17
394 4
651 89
59 17
1114 11
92 43
869 90
1142 44
76 64
505 56
668 61
883 81
424 48
800 72
341 67
1183 79
329 20
325 63
906 40
405 12
1194 25
275 4
1006 92
415 51
301 14
422 66
1198 23
487 60
949 54
786 81
1069 34
688 79
296 66
373 44
352 62
1027 15
882 52
1075 49
1179 61
1187 78
440 45
935 5
374 8
133 88
638 70
655 41
361 86
857 15
621 25
885 93
157 100
1012 24
530 52
627 59
666 97
875 15
328 65
651 35
490 52
49 84
256 53
986 89
56 40
422 82
524 84
25 42
725 46
72 93
114 2
766 99
1014 66
1013 100
1009 99
286 54
1092 86
368 65
72 10
902 51
121 74
575 17
266 92
1230 30
1245 73
618 87
215 68
1230 96
190 78
280 67
185 39
843 41
872 15
1192 87
919 10
507 9
876 4
40 42
738 83
1139 61
847 11
470 15
226 75
655 87
605 44
368 66
344 46
1042 26
1140 98
541 84
742 14
776 46
895 70
490 64
965 78
752 35
309 13
1059 58
157 98
1140 92
176 94
20 51
900 82
571 53
832 82
808 70
228 87
552 81
852 56
79 72
991 49
877 40
524 95
513 81
683 51
997 23
977 18
754 19
452 11
425 81
557 72
1083 18
420 94
9 88
744 98
233 28
974 41
885 28
593 86
690 34
283 37
157 50
227 31
732 65
1041 67
255 76
965 18
397 38
1172 39
323 8
633 71
808 38
426 80
223 35
1064 56
1251 1
1034 14
76 58
769 98
229 96
254 86
1198 100
980 60
295 99
754 48
1091 86
790 13
443 99
23 90
874 58
571 8
360 42
497 12
420 42
408 90
662 77
627 4
785 50
995 66
1007 28
973 47
1174 27
983 78
960 80
821 46
591 53
1057 14
665 81
1028 15
320 26
1048 70
1112 43
657 39
798 8
877 42
445 10
1218 71
669 30
380 21
1213 52
16 53
744 9
1252 18
579 96
1060 63
371 72
656 34
1245 95
256 34
802 7
102 5
83 76
1272 69
631 29
965 36
296 62
824 5
354 40
100 37
546 32
689 69
1116 99
1215 13
310 34
7 30
987 40
883 82
1215 74
504 13
389 6
213 72
674 71
765 54
1247 52
610 13
1172 18
961 28
85 55
1184 35
157 5
357 69
1040 57
1024 58
37 84
276 42
678 21
1089 55
975 45
285 4
571 91
1110 88
911 51
697 46
1186 15
268 11
939 99
786 64
1212 68
972 56
775 62
1174 70
650 9
775 23
487 61
337 5
1127 16
235 54
426 16
1017 49
230 59
1142 98
13 92
398 21
101 11
783 64
1163 28
1246 69
562 10
426 29
336 23
681 14
1116 93
622 93
1197 92
1042 10
568 46
171 85
542 18
647 36
134 77
609 81
176 25
119 25
1175 13
1094 22
605 58
487 13
553 27
411 41
808 70
1227 93
801 52
830 58
104 47
607 41
761 24
733 6
915 56
207 55
955 76
1 95
379 44
209 38
453 54
377 51
620 23
1025 24
296 84
568 52
1130 33
124 83
215 61
346 78
564 68
472 20
45 17
871 38
192 73
973 78
702 20
341 37
203 5
846 51
1036 95
80 4
701 17
152 52
140 61
190 49
33 13
566 39
477 17
114 42
612 56
292 3
610 72
301 69
965 22
96 36
11 33
1200 88
1225 86
1014 15
1237 47
660 21
71 95
182 8
196 41
1168 37
156 99
465 51
903 44
1132 41
625 24
188 64
1107 9
89 41
150 36
946 62
528 13
414 42
515 90
46 99
84 96
1240 31
271 89
710 55
582 21
258 3
360 30
1180 14
380 30
491 64
1161 74
992 27
1215 45
682 40
509 76
1150 76
1206 76
503 64
695 69
621 74
730 70
517 18
1123 69
761 71
692 31
1117 49
351 17
602 95
931 4
896 75
164 12
70 69
950 21
542 22
217 73
236 78
1261 41
560 88
1049 86
985 31
135 48
809 70
1194 46
139 60
921 34
1032 42
655 49
1236 56
199 40
1030 87
165 2
180 16
613 40
155 15
291 41
1002 48
647 66
502 20
581 6
1233 25
1195 69
1032 53
106 69
1048 43
3 4
343 46
139 4
613 35
838 67
186 68
611 23
376 49
1151 48
830 39
1043 85
505 50
166 10
976 53
686 45
691 18
637 68
874 52
398 21
226 44
279 36
171 5
792 21
430 39
53 89
525 66
971 39
700 4
691 64
381 99
627 72
143 99
140 10
871 75
103 76
473 83
771 83
1077 54
912 85
305 96
1048 48
374 90
436 82
389 26
899 51
577 5
1095 55
847 83
449 73
231 96
1064 28
264 20
475 87
357 14
739 14
1089 28
652 35
699 29
763 7
1110 94
711 74
93 46
405 72
255 10
774 23
1121 38
135 86
601 58
780 61
584 83
854 87
11 74
1219 28
13 61
1215 92
1076 72
197 99
807 41
1088 95
1226 32
1036 9
208 28
92 59
229 53
767 41
347 34
754 32
1131 90
1110 19
288 19
694 71
183 61
912 6
397 24
740 41
418 36
109 58
605 23
73 14
228 5
832 58
1210 42
814 38
264 62
346 93
392 15
210 65
148 40
1076 94
1173 21
1058 90
663 2
16 35
970 3
432 35
188 42
1232 3
951 94
1029 69
393 99
839 77
378 80
27 90
1124 84
1052 95
959 28
428 18
249 30
489 35
1263 17
1089 53
683 43
1213 56
226 69
574 51
579 81
422 28
1050 60
909 47
937 91
399 54
222 50
1001 61
599 36
370 81
822 41
529 44
330 93
549 98
277 100
369 44
73 70
1149 29
255 100
608 98
11 87
271 72
1093 77
80 74
354 94
601 35
657 85
1130 6
1232 73
365 26
297 31
984 56
1053 16
123 67
1111 14
84 1
811 2
843 63
1263 53
462 71
445 19
1177 54
525 54
962 40
942 39
585 66
35 36
444 63
1124 1
20 69
929 51
224 20
1081 64
251 29
914 80
108 25
58 71
460 100
236 96
1158 25
781 60
871 36
210 6
640 48
20 15
1025 67
954 98
22 82
137 72
217 26
903 11
576 85
1029 67
807 88
400 71
919 24
554 85
589 14
915 47
1211 6
236 13
1261 76
1018 79
1183 8
639 57
1069 48
1220 39
264 84
462 59
509 56
23 41
429 98
660 61
26 96
753 20
1267 58
1227 63
104 95
486 28
549 57
1204 63
815 30
707 21
595 54
481 40
1245 26
11 46
1051 12
511 55
1265 33
755 84
402 91
763 20
793 40
975 25
869 34
566 21
526 76
539 95
636 69
644 78
249 16
979 31
705 75
563 90
672 7
484 42
192 10
532 18
25 96
1201 97
890 76
994 10
1034 15
522 20
982 20
438 2
146 49
87 10
283 26
704 42
303 41
812 7
350 73
518 82
1244 25
342 3
1180 82
476 5
30 32
976 94
316 31
435 98
473 88
400 86
540 59
1137 61
733 17
605 12
1224 16
647 19
144 85
480 92
965 100
876 81
1151 5
362 50
523 99
122 30
373 19
693 26
92 24
585 64
945 36
820 84
581 95
1080 4
305 85
491 15
630 6
583 79
449 71
1271 3
428 93
178 6
809 44
1250 3
812 13
242 45
1084 34
364 56
598 24
1011 68
439 18
192 54
465 1
591 96
554 79
992 9
241 51
167 9
556 23
1132 86
355 31
1268 91
113 52
1014 64
736 95
651 67
835 11
1077 85
379 41
266 96
699 46
346 47
376 47
601 15
57 98
1103 99
356 95
156 33
892 51
1255 12
266 94
581 45
1209 93
1160 69
578 20
634 87
971 98
1146 93
349 75
405 4
85 6
241 94
482 87
639 16
625 54
441 26
344 41
1029 54
811 81
1018 21
528 64
257 36
1124 76
129 39
187 90
41 73
1092 86
835 24
1085 94
100 75
1164 80
548 97
1063 3
72 9
1074 21
1098 37
65 1
942 43
413 51
350 40
722 86
396 6
298 92
1013 46
54 96
1259 26
741 16
921 15
100 4
304 3
382 70
431 29
902 43
957 14
788 4
1221 65
919 25
899 76
388 30
662 49
190 43
1095 40
605 40
1224 3
397 49
864 61
698 38
747 34
673 94
537 32
906 74
285 28
831 14
1043 32
1065 37
682 83
1265 81
868 69
418 98
645 99
484 34
804 70
1074 15
241 77
755 97
444 72
478 69
1244 19
221 94
551 2
447 88
209 98
1125 81
188 98
328 50
15 85
15 81
422 13
982 78
614 10
1239 52
128 56
709 2
71 86
12 64
510 24
256 16
1258 1
169 85
120 85
837 29
139 30
1056 52
178 36
1107 64
126 80
780 61
1078 97
1171 25
519 2
1258 80
882 6
414 98
408 3
631 54
681 62
1152 59
751 15
988 46
816 74
907 96
298 29
1217 17
1132 68
265 25
703 56
12 23
874 42
727 94
529 81
1027 49
269 36
465 88
456 18
138 8
222 5
1111 69
913 54
992 79
905 5
858 20
709 86
225 62
378 97
523 72
24 85
298 63
909 25
566 17
774 91
662 10
269 16
532 9
1084 91
1238 60
607 27
115 37
931 43
70 9
687 32
110 98
561 38
1054 92
115 82
1202 97
499 80
791 80
283 58
521 99
522 84
289 80
151 11
228 100
796 100
383 80
730 37
526 51
292 12
1005 1
356 14
859 6
1260 45
216 36
245 40
266 93
827 72
298 62
511 56
991 48
911 38
1077 86
963 48
925 41
976 33
545 98
202 40
1243 10
113 7
1189 50
1118 14
235 56
1095 71
544 22
657 64
785 59
312 59
836 38
43 60
985 66
923 48
605 86
708 61
37 87
516 41
480 1
1101 88
854 51
869 75
712 78
221 77
145 51
1037 61
912 26
779 28
286 31
1137 91
501 60
411 43
364 42
1227 88
662 47
1220 26
293 100
911 38
276 80
955 27
1037 30
75 74
742 88
680 52
400 62
1207 96
152 30
715 82
421 82
748 47
1223 45
779 47
1227 31
585 77
737 37
1258 62
433 26
880 100
78 44
813 52
860 72
1139 93
252 10
440 16
1244 57
906 43
1056 58
891 62
500 21
361 51
1095 7
1213 13
779 80
272 79
932 98
794 82
1221 58
117 57
835 23
72 56
71 19
341 43
231 17
1120 22
1109 66
368 43
691 31
1205 73
334 54
24 35
1250 82
927 15
1238 47
556 35
802 39
665 45
23 90
796 73
773 49
919 74
4 58
1260 93
936 37
786 35
997 18
1251 58
1174 32
775 9
1158 5
890 16
110 82
64 67
337 16
1101 40
1267 43
57 97
1195 60
281 40
296 33
1092 91
892 86
368 48
316 31
850 22
838 42
165 25
439 12
989 98
812 52
245 88
383 2
100 31
861 94
788 57
748 21
604 46
942 10
412 39
230 79
780 68
1057 56
987 56
1074 2
617 37
1081 59
1073 2
1266 21
94 28
1051 35
717 70
603 10
657 99
119 72
681 96
821 43
763 73
1112 98
1186 99
756 85
482 32
445 82
1257 51
652 19
533 64
588 45
81 77
735 5
1002 67
820 97
235 41
1002 100
768 12
695 62
223 59
474 29
764 58
872 45
1079 71
1094 58
553 12
784 38
917 32
1270 10
1020 44
516 37
432 90
137 38
936 73
790 69
420 50
1054 98
142 2
863 56
738 34
1017 46
1214 16
221 80
483 89
1032 26
1152 20
159 86
218 82
604 69
1169 81
1165 44
574 49
206 84
514 46
283 46
838 98
1154 30
48 30
83 44
38 19
817 49
266 78
1063 81
595 65
376 40
1011 45
460 8
879 13
306 35
1084 5
932 65
1118 73
1143 84
704 22
731 83
618 23
195 12
1213 21
138 59
1097 83
737 50
177 42
1009 88
652 27
1225 39
879 51
900 36
656 80
868 86
856 44
327 69
852 25
298 89
1111 1
984 55
763 54
781 68
244 13
1066 45
1150 43
127 97
189 35
209 15
834 56
927 45
908 81
520 94
781 95
473 81
955 89
647 15
105 30
249 49
373 90
212 33
1124 27
631 84
306 43
669 8
1165 88
802 22
149 39
913 19
544 73
36 4
521 16
1273 58
1033 24
451 84
1246 73
807 74
169 58
457 85
229 94
163 30
297 83
722 20
229 11
433 35
1228 89
959 28
482 23
914 40
1177 33
442 46
538 70
391 3
82 28
1238 97
478 53
675 80
1217 42
276 3
1153 45
115 95
75 35
904 9
842 58
888 80
315 78
764 81
756 25
1219 93
26 63
1176 74
1247 81
652 30
875 32
642 100
402 40
978 51
1109 72
698 37
1235 35
956 47
1164 30
349 53
580 100
1024 3
914 14
391 29
295 8
1085 96
1005 93
1215 51
152 5
451 52
649 57
1041 3
1001 57
642 15
48 48
792 38
1145 67
755 39
284 92
741 48
853 59
724 55
858 13
616 3
804 14
628 24
109 30
751 22
600 90
125 9
217 84
993 1
521 72
847 7
732 24
663 79
604 45
1106 9
196 31
764 82
395 73
445 39
41 32
45 69
495 67
352 7
897 1
529 33
1242 83
48 60
1183 32
601 78
809 93
1254 82
1046 61
947 70
1001 10
844 30
1148 90
179 77
79 35
115 99
265 2
343 52
515 14
239 42
927 59
791 4
321 73
540 39
91 95
357 20
845 36
92 6
356 63
1067 38
516 78
807 49
741 58
632 35
895 16
363 49
123 17
280 68
804 28
1211 79
7 17
990 23
591 9
236 54
257 43
414 80
1038 96
1030 14
1046 35
114 58
146 81
464 20
1014 64
617 9
218 62
83 39
664 43
243 85
753 17
597 28
632 4
1134 90
1154 42
400 11
922 18
873 81
958 67
242 48
5 37
926 95
482 100
734 72
631 6
760 95
113 12
598 66
497 23
52 69
1161 79
545 59
696 26
128 36
788 31
560 49
520 37
176 55
763 91
252 54
1163 57
894 83
1075 61
661 94
405 63
823 17
95 32
239 97
887 10
1031 59
276 81
767 60
696 78
415 45
1249 58
163 25
1114 80
1160 70
330 27
514 26
380 8
611 27
531 38
305 78
395 66
196 56
1185 99
921 43
1104 60
159 28
108 43
364 6
629 61
450 55
746 55
196 66
73 2
24 56
548 32
1208 75
207 70
311 63
311 80
543 92
327 26
416 13
939 53
1246 21
630 46
1189 79
846 93
9 27
1087 100
863 5
1200 98
342 42
969 15
312 87
879 56
173 18
118 94
497 19
849 75
88 57
203 3
203 50
99 64
1116 14
877 38
755 98
844 48
555 90
453 92
1000 86
1059 51
515 67
221 12
154 57
334 78
164 33
630 70
32 23
1164 52
325 49
147 14
905 32
229 45
543 40
652 18
469 18
341 73
135 16
499 72
429 97
370 21
849 100
901 49
1208 100
605 11
1068 30
951 81
1117 78
1177 88
548 39
1220 37
248 92
1169 11
1269 100
1177 69
13 12
731 39
648 91
1026 33
801 71
588 25
966 19
593 37
93 58
112 35
284 74
861 98
1130 9
1216 90
303 44
339 16
281 18
811 95
604 14
758 43
412 80
1116 11
776 28
897 72
608 90
636 22
1075 95
321 19
351 36
163 92
1211 93
811 8
1177 18
628 41
161 88
373 90
258 89
280 71
161 64
465 29
710 81
1 38
127 94
1173 65
1182 64
92 62
502 82
839 24
233 39
766 17
378 82
601 29
454 52
697 61
217 92
32 83
1127 18
446 86
1204 7
541 28
475 55
842 84
1220 60
491 32
324 63
933 82
68 69
635 10
937 48
164 57
514 70
1218 16
1017 56
1008 89
1161 82
61 73
102 3
682 64
448 33
1185 53
453 41
805 83
612 66
285 97
81 57
132 6
569 9
569 44
227 15
1219 82
1094 23
1230 35
682 2
733 29
547 7
864 3
79 39
1092 57
355 78
68 18
545 52
718 39
473 57
1220 61
513 9
416 10
9 10
878 59
287 95
64 6
1111 14
550 83
212 8
408 34
287 22
1092 57
525 89
260 36
273 33
82 30
1036 61
798 79
594 28
1118 26
135 87
272 12
838 85
1045 11
96 87
2 17
923 75
830 7
453 60
319 1
945 26
27 44
1088 23
1236 71
311 99
749 3
240 24
1184 14
765 63
12 98
102 48
1236 84
1150 63
738 87
320 78
679 14
168 78
142 37
200 68
63 24
