8864
1050 59
901 97
4 53
1256 86
1595 44
24 94
1680 82
58 48
1053 81
1176 80
652 45
367 26
1301 9
1123 68
1241 34
415 16
177 35
1692 43
827 36
982 46
1656 60
1603 97
356 38
1434 65
1526 67
346 2
729 47
1213 85
847 85
233 40
83 32
1250 44
1399 64
1507 36
1364 11
864 3
747 52
212 99
1413 83
1134 30
1096 36
954 19
852 31
133 71
1012 92
1376 87
1717 30
505 7
1256 70
271 12
913 27
1570 27
1453 47
177 41
647 21
225 51
361 9
418 71
448 51
921 44
642 52
1374 89
313 98
413 78
757 20
337 41
1401 34
75 53
1763 13
409 41
1021 9
1564 5
950 22
696 82
193 21
683 72
1339 95
246 62
1366 29
740 29
47 9
423 26
387 26
1236 89
1442 84
104 49
1580 76
1041 36
1584 96
359 99
1007 14
1578 9
641 89
1105 51
91 15
571 18
1545 39
1517 17
767 40
47 17
959 83
844 79
1446 27
136 75
1536 66
1729 12
415 81
563 76
180 35
740 89
564 20
62 2
936 10
1156 48
914 22
1514 78
683 20
16 95
850 88
1112 73
1029 19
201 67
1353 61
1074 59
816 23
1611 85
951 10
54 46
1431 1
1110 99
867 12
1302 82
1035 84
881 74
1671 77
1020 88
1559 92
62 27
882 55
800 70
234 77
805 71
178 78
217 94
460 7
626 83
155 65
811 52
1432 64
1609 44
1115 86
512 30
1044 56
1321 4
797 99
1490 73
852 39
231 58
73 99
289 22
1272 86
1129 48
1553 22
340 7
430 13
420 80
1648 6
102 57
1347 47
1043 60
640 10
464 23
362 36
1196 74
1027 33
334 1
598 46
855 35
1681 75
1072 19
711 62
1354 83
38 96
479 18
457 1
264 83
1279 21
1304 14
348 76
83 21
185 44
1750 28
898 49
958 13
634 25
1142 87
257 93
1675 62
951 45
711 69
956 19
42 40
684 1
250 55
711 68
795 46
476 90
438 85
347 82
1150 63
739 23
629 81
865 33
1458 8
1434 24
670 86
443 1
528 13
35 18
40 45
74 56
1178 10
786 81
1324 93
1069 62
774 32
1241 3
1597 35
208 42
957 89
1105 31
886 36
473 71
753 36
493 94
1459 43
237 34
1550 27
1319 62
1302 81
611 83
810 13
421 96
1453 71
1479 55
1054 10
990 85
1344 75
1626 81
1233 60
849 100
784 82
285 43
1549 18
17 58
1353 11
809 78
1525 2
744 18
1103 47
792 68
1712 32
777 62
359 64
1763 100
470 86
1017 79
57 57
1535 10
1765 59
366 32
1361 72
1338 51
302 74
1130 23
731 88
1203 88
1712 87
424 45
744 24
915 74
943 3
984 77
451 68
1053 45
1137 43
1183 21
626 71
511 61
894 19
1131 14
1241 68
721 76
528 3
56 50
1393 68
1038 28
398 68
260 26
1560 28
1383 24
445 39
634 41
1328 93
417 5
997 58
1227 44
107 65
259 100
1635 47
303 60
1449 33
1095 64
538 45
1265 59
1499 65
244 37
657 62
160 27
702 97
1195 74
1740 71
1054 73
495 88
282 97
161 33
1054 49
467 90
854 12
1722 90
157 68
1324 79
98 30
525 82
152 20
1113 77
1224 7
1268 50
1039 27
1297 13
1532 22
1341 75
1707 40
440 78
1564 19
1052 45
1385 8
855 72
1123 65
39 98
547 88
1343 65
190 54
1487 35
1040 21
1557 23
982 6
1268 4
728 75
82 76
555 14
184 42
1322 98
414 22
454 23
1158 73
1371 67
832 78
115 59
402 92
1764 10
1652 96
1491 9
1132 93
96 22
955 6
859 56
1340 29
851 15
234 84
1086 95
154 68
1684 18
1177 62
845 78
305 88
923 26
763 34
1700 19
109 47
424 38
874 71
692 38
159 57
843 72
919 70
136 62
272 13
602 17
1635 16
336 82
1436 40
1375 94
578 33
1497 86
556 78
148 59
1684 15
535 20
202 68
885 70
473 67
638 6
975 29
286 9
458 45
685 70
1739 84
564 78
973 4
1219 95
1382 12
712 66
247 45
1551 91
319 2
1647 59
621 23
14 90
783 78
777 4
1544 8
1207 25
57 60
978 78
523 46
1432 55
110 19
992 21
1572 36
305 20
101 47
570 4
1153 83
1316 30
1097 60
953 33
384 93
496 24
1706 58
683 71
246 73
514 53
895 61
359 65
1769 27
1627 29
1142 77
62 46
294 80
1234 9
366 79
1423 88
666 68
1534 50
288 36
835 49
839 65
296 100
1408 100
1688 37
580 12
609 11
381 24
1075 95
839 98
143 84
889 68
565 20
1695 23
878 65
664 65
1658 16
1769 58
255 83
931 41
14 57
404 98
1577 63
1648 86
1047 59
586 43
797 53
494 70
1569 44
646 76
257 79
986 52
1739 85
1718 91
1347 9
1287 17
1196 9
665 60
1693 14
1371 24
281 7
1065 46
24 82
231 53
1525 55
806 43
497 6
1729 57
1302 50
729 10
1040 64
1285 48
1564 99
335 100
1316 82
762 49
1648 83
1730 81
142 20
11 39
1694 89
368 94
132 79
922 19
1118 18
527 12
721 48
1596 62
416 73
845 27
1272 5
1218 88
759 83
516 10
1710 24
1295 83
1622 16
1156 88
1422 94
1363 14
1439 74
963 16
217 48
1297 13
255 91
1241 50
817 94
647 93
1636 69
1609 42
386 90
284 54
745 91
166 39
1309 12
1041 90
1630 22
1322 62
1284 62
458 16
1280 1
1688 3
790 53
1740 77
1384 65
1215 14
834 33
1629 39
1166 85
340 61
405 39
999 44
1690 78
1248 93
1169 98
1357 77
668 12
569 3
769 8
1405 89
1395 56
1110 70
5 40
1585 82
1511 41
374 34
217 33
282 53
802 9
1467 24
1673 35
106 74
1561 71
1405 69
1563 5
337 29
583 57
646 24
763 72
410 4
1566 1
1308 57
1315 77
496 61
1273 2
793 13
67 95
208 29
330 63
1692 67
91 7
836 69
1605 7
211 24
984 50
606 58
323 3
1704 14
1004 58
591 100
1126 92
1621 84
894 83
799 54
1254 16
814 11
1531 80
1276 15
937 66
751 97
1036 99
981 6
1492 20
58 99
1161 51
99 84
1590 10
1410 96
11 56
1696 63
998 11
1747 22
1562 76
1340 49
1627 99
1218 88
417 11
1210 20
19 79
1206 74
1445 24
344 38
239 51
1428 94
284 78
88 87
119 35
649 15
132 37
71 7
332 40
1292 15
1138 74
243 45
829 91
615 87
572 91
910 14
675 6
312 6
1251 85
806 50
106 10
1629 45
1323 44
466 48
1602 17
525 1
710 23
971 4
1701 25
1303 29
434 85
86 27
977 17
542 21
381 73
102 87
720 93
1185 61
410 49
1289 79
1451 98
76 1
353 87
1424 87
1491 67
719 87
58 11
1636 7
136 75
1056 76
1230 31
394 35
276 3
1435 80
1110 38
1103 47
107 80
1715 77
846 30
32 39
287 28
917 66
1242 7
789 6
1433 10
511 55
1108 26
833 87
661 96
285 23
1472 27
1614 3
1761 38
1230 81
1658 50
232 37
399 55
1682 25
1459 79
704 56
1153 30
1478 55
306 38
294 32
714 59
448 11
66 55
393 30
1350 48
183 14
4 57
204 34
482 45
405 6
89 6
318 54
1623 3
299 49
1299 42
234 95
741 80
55 93
1599 49
1630 6
517 100
623 46
812 93
887 42
483 54
398 55
1732 65
1006 11
311 2
1134 41
1161 19
1602 57
1577 20
1546 82
1475 67
939 43
450 52
1082 90
1677 86
764 73
1409 44
916 33
1037 17
335 6
737 74
1285 97
1665 45
1475 57
790 15
1192 56
396 25
1141 57
613 36
861 79
787 23
1757 67
467 100
427 34
865 85
452 45
286 62
782 42
1294 73
347 95
1575 57
1148 68
1402 3
987 2
981 36
387 55
1630 23
313 16
1720 63
1693 98
249 58
1110 23
1414 35
125 80
69 12
596 71
1075 1
1578 3
569 37
263 66
1111 66
1607 15
555 7
414 52
1654 61
1470 59
1100 97
756 10
554 56
1565 73
1761 92
367 5
458 30
1577 80
1089 74
1191 89
1501 4
712 73
1635 61
1021 9
1717 92
1006 71
160 7
26 5
1700 30
740 100
1133 80
122 91
1548 92
1539 22
746 57
1625 40
143 99
565 43
1107 32
1226 96
173 7
1566 25
494 83
914 96
1061 26
22 28
1687 69
1669 17
745 23
1397 27
1331 69
918 100
241 96
1133 72
131 56
1565 23
921 47
118 52
1609 7
1034 77
790 13
202 13
674 92
388 46
489 95
556 65
1156 84
5 34
846 10
715 39
1742 98
1686 69
696 16
54 95
1493 38
212 72
1283 86
1214 32
759 39
1279 21
96 18
70 17
370 72
903 92
258 31
1318 1
587 36
335 75
416 86
306 35
980 56
1257 43
1533 79
1285 95
1719 2
416 52
773 35
966 98
1234 27
1228 65
953 57
1477 27
521 10
736 34
474 88
1620 100
1167 65
815 37
1027 35
340 23
1310 3
1760 68
1134 9
157 48
986 92
422 71
763 39
1426 69
1078 43
360 51
717 62
1366 48
800 68
59 67
677 5
1027 86
346 14
1122 49
157 47
347 100
658 68
1652 72
1169 59
1022 97
766 59
337 61
1462 53
242 28
1525 87
319 34
1047 27
464 34
1256 23
1477 84
949 13
381 85
1238 86
157 11
1528 29
452 45
975 35
668 31
1451 34
547 74
990 57
699 73
301 13
346 32
208 39
496 90
794 50
1604 1
436 92
1749 8
159 25
1359 18
1238 36
1017 33
678 67
1334 86
157 56
1493 35
1594 90
1602 5
1164 74
170 83
1752 45
246 64
1397 62
229 60
1041 65
492 2
893 99
445 71
859 18
1466 7
1155 51
1151 85
1204 72
756 59
1500 60
735 4
623 48
924 94
262 45
783 75
677 25
680 91
1525 3
1767 75
530 7
163 11
668 60
727 30
26 40
1449 24
1197 18
250 21
1201 21
1752 9
1069 7
569 76
1192 13
471 94
928 63
926 58
1215 14
747 74
1426 90
13 11
1614 30
1446 59
1272 62
186 83
720 37
1257 76
1581 86
1185 7
980 67
36 3
1677 62
62 68
1442 27
1032 92
932 29
1680 45
1748 63
564 16
314 91
647 59
1097 95
999 35
1276 22
973 20
1287 68
447 90
1638 27
160 66
1542 47
618 40
62 68
673 41
475 15
854 61
1126 57
224 89
1079 64
1763 49
1639 41
1656 79
1059 91
811 67
73 60
760 64
760 19
1051 22
1228 26
940 8
1430 16
1433 49
299 75
1678 57
226 6
939 58
1197 69
577 96
1692 42
918 61
1377 99
1127 4
1316 81
121 99
359 18
216 22
1615 90
672 16
139 65
198 50
1074 26
1451 13
562 60
893 46
1429 55
892 37
1550 61
142 9
1503 39
300 28
1320 42
377 51
1473 87
193 53
904 39
977 6
1325 68
1016 48
1615 47
1252 9
1617 42
621 100
164 68
1498 45
1388 35
1191 53
366 87
552 68
1358 42
534 96
1239 10
1665 53
1606 76
964 81
1344 2
1241 65
1405 6
99 5
1325 97
869 37
1278 44
626 28
1158 49
7 99
685 99
843 24
157 23
674 100
1729 41
1047 20
773 38
406 100
290 16
441 54
507 69
1082 42
1153 69
1574 27
1480 34
1155 31
799 100
444 48
318 25
1549 12
881 83
1078 83
1469 39
207 10
748 77
893 1
1615 66
1582 86
611 11
1154 26
405 60
1492 47
724 26
42 63
187 28
972 80
46 44
370 23
1370 20
818 36
8 23
175 59
178 89
1742 18
327 76
1690 83
1090 74
1180 63
754 2
245 1
325 89
1698 62
560 25
884 37
1181 43
276 70
989 88
510 72
1527 34
19 64
66 93
360 3
956 99
1212 96
730 22
858 10
1738 82
1109 30
505 45
1255 84
1388 31
1418 24
1413 22
1024 33
1241 74
1094 55
41 24
542 82
833 55
525 28
1386 78
1295 11
1027 93
842 72
1133 29
511 93
184 84
571 30
1601 75
1009 82
1409 80
927 100
728 54
286 57
1347 19
44 59
1668 12
805 92
1727 71
1351 84
1405 66
183 44
1750 2
1538 55
1403 89
283 92
1335 86
654 48
1322 12
396 59
1502 15
772 61
87 5
390 4
1206 18
1745 46
887 94
545 50
25 68
887 77
1274 42
1296 96
1543 85
1206 66
1605 71
1608 63
771 99
534 52
1734 32
1366 43
195 79
1474 81
145 56
102 46
1120 64
612 98
523 50
817 40
61 43
1311 31
1084 10
312 17
1141 16
1236 79
1472 38
1483 57
1209 74
1386 76
1674 20
678 14
1061 37
643 48
155 29
280 62
269 59
334 72
1392 67
1276 79
790 48
767 59
858 86
932 63
61 51
1175 64
1330 62
1315 3
314 3
64 68
1134 19
267 83
1389 21
958 57
632 43
1374 47
1064 82
1655 37
894 8
947 49
1143 22
718 79
1375 19
167 91
1604 88
132 40
492 11
1484 13
1599 77
252 65
649 3
84 56
382 51
1270 14
141 74
1472 85
926 99
1011 64
1534 48
830 58
1078 83
54 62
90 90
1377 97
56 20
975 50
144 79
772 58
1737 1
1158 16
217 82
597 59
842 75
1772 44
5 82
927 93
551 55
1713 93
131 41
187 88
972 45
1199 93
527 70
462 99
765 89
1583 3
1339 46
890 87
318 61
472 43
166 27
1395 45
1736 40
77 51
1153 73
580 27
1213 26
1723 63
1472 62
602 67
1325 4
403 100
1588 96
239 81
539 4
1755 77
1202 43
1014 74
851 86
1566 54
1379 68
70 43
823 97
1665 94
1056 39
1140 70
1018 66
634 78
1652 61
1239 87
761 70
1090 78
1121 27
127 95
1460 50
539 48
773 100
1528 53
156 54
54 8
1447 89
32 96
177 97
414 41
224 9
1327 13
1552 24
960 76
32 25
1534 90
1222 81
1673 89
1003 98
82 76
522 52
830 42
1654 76
1761 66
267 55
230 71
1483 90
713 15
678 32
1001 90
412 4
275 85
1622 57
1332 91
758 6
1101 33
315 32
149 44
1563 57
1632 88
164 52
1653 28
513 61
1503 21
416 78
1394 10
421 42
52 31
896 35
692 18
1570 60
714 2
464 85
1193 1
1505 20
1294 38
1534 85
1008 21
1416 56
1498 44
660 94
1126 4
1500 51
336 31
1329 73
562 45
697 52
913 89
1299 66
1356 18
795 38
360 32
427 91
1543 15
1517 58
1413 51
1457 35
495 3
32 63
46 36
1664 59
1232 23
415 4
1332 58
1732 36
1387 6
802 55
419 50
824 28
218 69
1446 28
973 94
289 98
598 35
457 71
1314 19
402 7
696 34
518 56
1635 21
1570 12
548 26
1430 87
142 3
1676 68
1695 83
173 10
1426 45
1041 89
134 70
809 15
817 86
1185 70
741 58
246 82
175 90
409 74
492 17
1742 25
1121 42
682 85
186 55
215 29
297 87
24 90
1131 40
876 82
769 79
950 28
349 27
1349 50
261 12
1409 43
786 48
676 97
623 89
457 7
1311 68
659 37
826 48
883 86
676 90
305 17
36 10
804 63
610 1
694 11
593 20
510 55
1671 79
1252 69
528 41
1669 88
1216 100
151 2
280 82
349 82
542 95
1417 8
1005 20
1181 73
1447 2
1083 100
1045 45
1152 47
1767 85
573 79
1102 48
1413 44
1424 25
400 24
497 66
1315 70
639 70
312 82
1031 17
1488 29
945 21
1057 42
879 70
1057 73
806 45
692 66
648 85
1669 62
1084 48
1470 60
1094 22
18 22
66 11
1755 22
553 44
1453 82
699 95
1023 10
1049 41
387 78
1431 92
781 16
550 10
572 45
570 62
38 86
113 39
1577 67
1223 89
177 50
1491 49
1141 67
192 55
225 64
1626 67
774 68
1003 50
1697 38
280 90
1179 76
1067 9
1139 83
1227 57
890 10
1608 9
866 25
498 33
1357 68
526 56
1589 21
1624 70
1620 31
266 45
1551 92
1536 51
322 86
1000 68
1589 58
504 96
945 34
1195 24
1117 16
1589 96
764 56
339 8
1709 30
370 100
289 56
431 79
63 63
998 83
1092 1
1307 15
1588 68
1544 52
446 25
1217 6
1666 70
575 46
90 22
223 60
1466 15
694 94
406 82
119 60
17 70
646 26
379 21
1009 27
589 78
1135 11
1048 79
313 94
948 81
1555 89
1144 38
1499 91
929 44
45 61
671 80
952 45
1338 14
763 68
335 43
946 6
160 83
1589 1
754 19
1557 35
799 80
199 35
1046 50
1157 74
729 23
469 25
27 14
173 79
1125 29
963 85
878 1
1633 37
168 62
1603 90
754 76
1499 46
615 65
1011 34
423 1
1056 65
829 49
63 16
753 36
772 69
1399 29
678 55
334 65
248 83
1480 37
282 60
1505 8
1034 18
956 65
752 65
1593 31
1254 37
427 72
1575 39
1529 31
1391 50
1520 2
761 99
394 34
166 23
1319 5
767 90
1523 29
242 92
859 21
1695 92
590 63
1031 89
1439 16
1543 68
549 59
1453 85
110 30
695 22
10 50
1276 69
344 67
195 22
1656 65
1247 82
287 56
717 16
450 27
494 43
15 42
102 32
1581 62
1161 98
1056 47
1240 80
1651 88
289 88
607 56
1485 18
189 47
999 73
1731 4
1733 94
5 58
1659 4
1071 30
278 3
1510 39
590 16
1458 36
1474 57
232 61
322 36
1741 25
1205 89
889 2
244 47
57 61
1511 50
276 58
867 78
1274 82
1716 46
773 18
521 6
916 40
694 37
1233 73
568 97
589 54
1615 84
687 20
1310 13
637 2
1063 62
24 5
575 42
628 10
1610 83
648 16
54 90
1366 20
461 63
1032 42
463 17
1190 67
178 1
905 29
1772 20
1658 3
1250 84
166 64
874 97
1557 83
740 55
499 26
528 94
284 29
1521 43
1521 35
416 88
474 48
808 17
1768 51
1157 9
1771 15
474 84
753 2
1545 51
1293 68
1389 90
1686 56
590 64
1159 100
1691 76
1001 17
1308 28
108 41
1116 50
1108 11
145 5
324 91
1482 81
1230 54
1735 57
85 99
124 41
1006 21
155 50
86 73
818 26
799 67
166 37
288 82
737 2
1183 21
1679 77
383 52
1288 66
1110 20
1290 48
385 36
544 37
301 50
1122 68
666 30
1678 5
64 86
240 78
141 66
1337 32
1017 28
1624 34
1311 60
1389 95
608 28
27 37
1455 64
613 92
1454 22
1454 63
54 82
1085 83
1047 81
1276 83
1342 49
1129 69
1081 93
481 3
1277 13
1082 70
549 28
137 91
1193 95
14 79
934 4
546 54
906 100
1203 28
1620 42
498 66
1623 39
442 86
200 64
1334 33
574 57
601 69
1645 76
1230 36
1212 33
176 99
1141 82
1317 47
1227 41
384 42
787 19
1170 6
1649 28
1651 55
927 93
244 11
1687 62
759 83
190 65
1206 59
224 86
812 48
1171 83
1215 37
513 68
26 82
1204 54
1128 12
1249 56
264 6
1555 53
639 17
821 85
425 8
1097 62
1323 33
1145 41
1194 44
569 1
1643 14
1673 4
750 71
980 80
464 11
697 75
43 80
1201 59
1497 57
836 30
771 57
116 22
54 97
859 22
29 55
1035 63
526 34
53 82
1448 28
285 17
348 3
1118 13
1576 28
1598 66
1113 81
587 79
238 99
610 84
164 1
651 76
1099 25
1276 99
1301 76
1327 15
1478 91
1144 19
672 5
181 18
798 72
194 14
1412 51
158 45
1115 74
598 31
758 56
1593 48
165 31
1671 24
668 42
1049 91
549 26
724 98
1128 13
649 97
1703 74
1113 34
959 68
1683 78
1103 29
909 72
1182 38
183 42
23 75
172 1
882 42
859 75
1515 19
1589 10
797 47
1289 36
59 41
253 35
157 50
105 65
188 3
671 56
479 3
104 23
382 94
914 63
1662 32
65 27
570 73
1282 72
169 56
967 12
315 24
152 56
491 56
1515 55
768 53
1598 98
593 31
1154 21
1532 68
232 7
1679 7
578 65
435 47
622 72
817 83
963 50
1630 83
283 18
691 1
133 24
612 92
1626 77
145 45
1018 99
1762 74
262 83
1367 53
220 19
1023 49
993 13
320 32
1314 65
289 31
223 5
1484 93
610 49
582 88
1326 57
1472 59
449 6
671 45
34 24
1383 3
387 12
1077 71
1142 66
1704 91
1550 11
1445 37
810 75
1659 36
871 93
1130 80
28 24
325 68
1663 31
1755 51
238 50
702 76
1626 80
1130 11
14 92
662 54
1422 93
1148 24
612 56
247 55
95 57
390 16
1011 81
414 1
1210 88
1041 73
1744 5
602 7
577 8
869 55
1641 72
538 12
1291 4
1540 60
937 92
1559 92
110 75
1088 7
1304 31
1262 18
1417 38
637 2
1597 76
1179 72
732 14
1065 27
889 100
1693 72
1484 8
682 82
1415 38
1285 37
1121 56
1345 10
240 2
1028 13
1115 62
73 85
944 74
1253 80
271 46
1640 37
231 86
390 62
380 49
1689 56
726 70
32 78
1347 49
93 54
260 30
1729 57
983 71
779 98
1587 74
1124 70
1237 27
228 96
1034 29
1321 33
737 96
189 67
672 14
35 58
1111 52
857 9
57 44
1652 96
995 66
128 21
1370 17
1121 31
1735 68
765 93
1257 55
840 4
1104 58
1184 97
1030 48
900 71
753 29
423 67
1302 57
1583 14
1178 28
1284 66
1180 10
1608 23
379 3
469 83
463 83
432 46
133 81
1643 9
1231 39
669 55
1012 92
1315 40
1755 29
993 27
1620 89
296 83
1318 77
1422 44
505 56
1380 67
1253 44
647 28
230 71
996 19
1617 30
916 42
36 76
762 37
354 55
1626 72
1425 7
1543 88
1281 82
714 85
296 38
886 84
255 88
360 45
1062 57
1197 92
718 45
791 82
1460 83
83 61
1235 81
1271 81
1401 17
290 66
784 17
286 17
1494 86
906 22
1478 88
158 69
731 25
319 7
92 86
1082 78
1529 23
1430 63
1735 96
1016 34
63 71
898 33
124 29
733 47
113 86
34 55
1283 77
333 11
1369 59
255 33
909 2
883 90
279 30
147 56
1522 61
979 48
592 35
124 91
225 28
768 58
63 47
1593 79
913 13
415 45
562 26
26 26
832 71
264 73
1491 80
1022 50
1292 74
1471 65
1123 65
1100 87
498 85
1220 8
1365 14
888 60
1410 86
1269 36
1367 65
373 2
1763 76
1655 96
1054 26
1523 42
978 98
1712 29
109 87
876 97
1050 22
196 22
546 31
124 89
1094 28
468 52
520 67
535 78
204 7
41 94
52 65
186 65
412 11
605 35
465 41
1584 76
1299 28
964 41
205 8
272 99
376 50
85 19
1555 100
1368 30
765 14
1754 3
236 43
1098 28
526 2
1701 48
526 85
777 16
977 20
680 38
1296 54
938 10
1492 47
1654 89
1689 90
1137 1
656 67
1760 4
228 88
168 3
470 6
1291 69
740 66
1602 81
787 33
1124 83
1116 63
1614 17
1180 15
1411 85
1156 69
33 58
327 96
1115 19
32 3
1551 59
610 16
1164 21
1119 65
1617 96
1375 78
1571 96
1094 10
237 62
1751 73
698 23
1334 75
1194 57
181 89
1752 66
84 68
951 31
686 65
1071 66
421 7
1586 27
1250 83
859 4
111 11
577 30
1351 62
491 6
1154 89
252 9
916 46
1744 80
28 94
1015 54
477 69
1420 89
1700 29
992 95
796 34
55 29
486 23
1391 84
495 50
1686 91
78 46
968 15
23 4
1180 46
557 48
1650 25
1133 37
1739 50
1701 16
626 42
11 58
867 71
795 51
565 94
112 6
1764 61
276 18
1645 79
28 26
262 57
1520 62
268 50
919 56
535 53
291 37
979 26
327 15
1008 6
1135 79
799 16
905 62
312 51
836 39
180 81
1273 9
1202 87
499 14
997 33
1651 27
1751 80
78 88
49 80
1359 97
526 74
728 72
1523 79
1465 61
1670 9
1369 76
1319 70
1544 54
849 12
27 86
1037 96
333 33
322 99
1043 48
868 75
1235 87
1027 29
290 20
435 46
1435 94
386 69
223 14
657 64
774 37
931 34
99 63
1340 87
1745 71
1445 94
754 5
1366 13
887 44
763 29
220 99
624 59
125 15
294 96
1355 25
1468 2
1294 35
1580 39
503 68
1083 7
1598 72
18 99
606 72
1331 33
420 52
1565 95
567 3
1230 6
880 87
1014 73
687 20
766 86
656 27
951 35
1015 20
236 80
288 17
1411 45
1281 12
128 43
149 36
1339 37
333 96
1364 61
2 47
1182 99
649 53
1654 84
1727 49
1466 17
682 2
1363 89
400 46
942 32
1692 75
181 33
144 21
1286 82
1616 70
1267 92
1514 28
989 95
50 2
1391 89
1034 86
355 4
1661 92
1375 79
423 46
45 18
1438 74
280 27
51 87
1706 93
281 26
1459 63
530 34
820 3
800 97
1317 94
630 18
638 72
767 96
925 12
1353 25
193 50
467 59
533 3
116 51
183 62
1429 33
1050 78
65 59
1537 46
1585 8
701 50
1034 81
1307 20
172 55
1206 33
22 71
1665 1
256 24
717 20
1566 23
727 83
1085 100
1444 88
308 8
108 8
900 86
184 69
275 5
799 85
554 74
1720 83
392 73
706 30
1574 23
566 12
252 66
1430 12
1311 84
1060 69
245 61
1664 12
1635 96
642 74
1572 11
1403 32
428 98
701 17
1331 31
1410 63
1437 82
731 73
1006 92
908 100
421 75
669 54
684 20
311 69
753 57
466 67
397 27
691 96
497 31
972 13
1025 13
1171 99
867 43
1218 81
1515 83
212 30
1471 14
216 62
179 50
1304 89
33 70
1030 48
1614 31
1754 64
1131 76
388 3
85 61
607 56
1199 1
1245 83
1755 55
175 87
71 98
803 20
1595 52
148 50
631 73
1267 46
168 30
1261 14
15 44
501 30
1526 79
1484 47
1403 63
53 16
1190 25
1102 87
51 49
1561 61
1040 70
1700 90
1033 85
444 61
986 56
1078 20
772 21
1317 59
494 33
113 38
1696 48
723 3
1400 34
1535 58
344 57
986 85
1027 99
857 55
1228 62
1012 47
1296 85
619 67
29 77
593 57
231 94
1507 97
458 24
607 12
474 45
1080 57
1664 4
785 30
1505 64
1054 12
1253 79
458 12
692 58
645 23
1063 89
806 59
422 15
653 97
1434 10
1233 43
1317 74
1457 61
846 82
1216 17
734 71
322 44
1524 2
1399 74
1673 62
1518 92
1593 15
255 85
1465 13
575 49
1370 3
1140 2
1152 72
1493 28
235 88
514 90
1314 10
1608 81
1313 27
1118 30
846 42
1425 42
1714 21
1301 66
1640 31
1182 40
61 6
1494 50
1595 84
225 65
374 29
963 73
933 38
987 33
609 35
1654 10
1143 59
216 12
869 80
295 69
