8205
1452 28
845 69
16 46
557 19
444 23
716 74
1150 41
1621 8
657 82
1641 69
1495 24
397 44
64 24
1546 31
211 86
79 45
1552 85
118 32
993 40
1640 99
1343 30
397 31
588 29
402 56
998 79
1084 80
144 72
523 80
1074 59
479 11
1199 89
684 20
1104 60
325 57
1306 31
224 8
1219 98
1296 39
1219 64
363 7
61 40
493 3
1036 63
876 88
1187 97
1223 6
320 52
174 91
162 39
196 4
643 83
44 60
769 54
677 15
1365 16
1474 53
751 62
437 94
1604 19
260 66
1584 9
497 23
1293 60
1463 99
200 76
666 92
165 36
1315 74
304 86
1346 97
58 80
1515 57
126 21
341 8
646 74
127 68
1064 100
101 31
574 13
1529 2
1373 45
1178 99
1069 35
271 15
1447 60
1563 9
865 97
519 16
902 33
164 55
245 91
457 42
60 65
1164 73
34 24
782 34
326 70
664 36
503 66
682 29
656 81
1144 63
920 59
314 20
390 55
850 78
1500 90
298 39
871 7
1058 98
1515 73
227 86
1385 60
1489 2
891 21
707 64
393 50
615 1
418 32
1247 78
722 80
480 35
1376 36
111 54
316 49
166 58
1372 85
1092 48
1270 81
682 25
1416 9
1275 79
907 3
800 1
1228 75
681 46
658 13
278 16
540 1
1156 6
1023 52
1582 67
1139 17
1249 54
1328 43
1320 56
660 1
1623 6
325 13
1174 93
111 89
881 53
1412 54
42 73
620 46
449 88
1330 13
744 69
416 19
1096 47
1493 33
1471 27
314 66
1562 52
1398 64
287 86
1087 35
273 22
520 32
1363 29
1537 82
906 42
442 28
53 97
33 45
126 97
1013 12
213 6
1152 82
1124 24
688 21
1177 82
181 35
1572 42
1375 69
556 52
437 28
751 91
1034 9
1208 1
645 8
1297 95
1523 34
976 63
1306 4
391 2
880 41
1173 32
748 96
150 65
497 83
505 46
1580 60
806 28
802 16
490 28
1568 45
231 35
633 60
895 81
376 31
1373 97
664 51
804 65
166 55
510 12
1218 71
589 1
401 9
798 26
1346 30
1448 18
1619 72
453 87
983 99
413 25
602 6
998 30
1108 33
663 81
979 47
550 22
856 40
1292 20
1507 13
152 45
27 48
832 2
1355 99
344 58
1069 39
1070 85
1326 68
1397 25
1344 98
1200 99
698 52
936 33
361 4
1279 33
118 98
799 49
780 15
1511 91
473 53
272 9
1021 76
722 47
218 81
1260 98
1450 7
956 59
1385 35
82 62
246 94
1257 67
906 97
679 78
898 22
210 57
1417 52
871 92
97 11
1200 13
1589 51
1579 74
1109 24
471 55
97 5
499 87
1577 64
551 87
20 9
433 45
64 5
1541 29
514 28
1149 56
1484 100
894 7
1224 1
470 23
568 92
1457 43
889 48
281 19
697 35
70 19
635 47
1410 79
579 63
751 22
1598 71
649 15
1270 50
530 77
1118 38
1131 42
241 26
728 70
1460 89
823 97
896 66
1130 71
1043 34
1081 99
1021 84
874 36
190 48
1262 60
680 66
530 86
189 43
137 43
1244 30
316 56
1163 70
122 25
438 13
10 10
1638 76
1012 44
1639 16
38 72
1509 90
807 98
376 83
882 60
1569 60
207 37
463 97
344 58
1285 7
714 42
1456 85
1343 74
1110 4
340 16
85 67
712 73
1368 17
1554 76
1142 89
1497 36
538 11
658 39
533 45
221 84
1226 9
387 55
363 76
280 23
556 31
1417 68
435 43
1476 35
1361 88
488 89
370 93
1080 56
739 42
891 82
544 86
648 70
983 48
359 37
318 92
625 90
132 47
1239 72
115 100
447 45
705 68
19 40
659 91
91 83
1543 31
465 34
241 62
215 30
1024 81
1237 69
997 4
1476 11
365 76
1511 99
859 4
656 4
260 65
756 60
1339 39
443 43
468 37
52 16
1020 36
1137 78
833 99
1204 97
296 26
1555 76
763 26
179 14
1583 29
1374 83
70 52
660 87
633 58
897 100
475 28
278 9
667 29
165 57
171 73
101 52
86 21
1582 73
503 39
320 29
1542 95
1249 7
631 53
1274 8
1158 98
1485 13
588 62
699 100
274 57
1081 13
601 79
181 28
1551 2
431 19
15 92
262 23
302 85
1346 88
171 37
725 91
1445 21
97 62
1283 38
189 24
518 100
1311 21
218 22
1544 12
1330 33
115 43
1431 51
443 29
1201 78
395 69
1290 96
100 40
988 35
1116 51
753 37
878 71
378 16
531 91
1038 69
691 26
1458 79
836 31
1608 72
1374 38
920 44
509 21
1298 46
41 33
217 35
712 94
740 50
1382 14
399 67
1156 27
1402 43
1215 95
1046 25
741 67
1447 20
1309 63
1411 1
1325 91
6 54
806 39
1270 23
1490 19
301 27
527 36
1580 91
729 6
1400 17
495 61
803 44
1251 49
664 29
23 84
1549 22
247 93
1549 44
342 13
570 97
274 42
1589 65
372 51
201 5
735 100
1274 89
634 78
1508 55
67 59
1295 39
909 11
682 23
1323 32
335 55
996 7
905 10
1034 57
534 73
1402 61
369 46
927 51
46 45
587 85
1508 34
1569 59
423 2
1323 6
1044 35
434 65
579 92
1299 57
153 35
615 41
222 39
106 20
552 87
1595 39
1066 81
722 87
888 87
1051 87
1228 21
572 61
1373 40
667 12
363 65
1256 91
894 79
568 95
1007 79
586 89
419 92
1535 74
655 76
938 21
1035 55
1293 32
706 72
441 89
586 52
270 41
458 41
975 83
935 99
421 32
165 46
1439 68
952 62
59 90
1489 54
1439 7
598 45
507 62
1110 15
928 20
1192 36
644 81
1515 9
322 86
267 51
878 61
1466 93
938 10
476 83
312 65
845 99
256 36
612 84
1235 85
702 18
132 68
1180 50
1459 32
368 27
1360 33
241 30
902 79
668 18
872 61
795 71
399 44
259 11
1435 5
1372 31
1299 70
1601 34
331 68
1622 34
15 75
737 54
55 94
852 63
33 13
675 17
1045 93
980 51
402 84
155 73
942 5
453 78
76 39
1099 90
819 9
70 48
244 9
1469 9
35 78
291 40
464 94
346 30
263 91
671 95
198 17
1255 77
6 8
66 61
71 17
883 91
439 55
1512 48
1606 6
1454 62
489 91
722 21
61 21
584 67
286 24
511 63
1616 89
979 2
1422 68
334 10
971 6
1555 70
496 20
1470 18
1596 9
971 89
1538 60
128 34
269 48
429 8
751 39
1351 63
408 79
20 29
584 79
1010 92
795 94
990 86
1084 7
535 17
786 44
1110 47
416 72
1350 55
206 4
497 69
1494 62
978 18
1062 8
826 37
66 84
1196 62
686 39
1266 68
1367 13
8 28
42 36
1059 84
923 27
1082 5
1430 6
356 54
631 45
774 8
1484 6
920 52
209 49
1049 95
1578 80
381 50
695 98
1447 7
1516 37
1368 56
559 39
854 57
92 49
68 79
1062 34
140 6
1319 55
1279 49
959 83
1043 49
1537 40
315 67
1585 51
143 7
756 32
427 53
293 70
450 74
1637 19
704 36
1495 3
22 47
908 90
497 5
634 74
326 8
39 64
1037 36
787 42
522 65
935 62
1334 83
949 89
828 90
1304 83
237 27
336 17
302 12
799 21
833 59
118 86
1641 9
203 93
1034 64
1063 35
769 96
1049 60
862 38
720 9
481 24
722 77
607 46
1375 9
1544 26
601 78
1287 15
1074 45
895 87
1008 17
517 62
709 98
409 20
769 27
410 38
336 78
480 20
1323 41
1303 2
688 22
1359 23
249 53
1465 73
75 93
565 71
435 13
1398 24
1011 93
1224 9
161 11
453 92
842 89
1073 35
1308 25
1355 85
296 88
106 8
1216 3
285 89
48 31
1532 21
1607 7
320 64
1298 44
378 46
969 43
880 87
935 73
945 6
418 12
367 37
147 58
728 37
1174 25
540 88
1140 99
344 80
989 36
153 44
88 84
1063 31
525 10
1482 97
1060 60
1084 88
109 88
245 57
205 83
503 84
433 96
812 20
313 56
306 93
720 4
775 69
1239 24
127 64
1220 4
1481 19
1434 93
1582 93
1564 65
45 45
432 44
680 93
799 76
869 64
725 24
1080 11
622 89
606 90
742 70
942 20
801 30
1377 8
32 72
43 45
503 13
1178 36
41 99
1193 91
807 37
767 24
885 54
550 96
1383 77
1122 78
1330 45
1635 15
920 32
494 29
1209 39
433 33
648 26
1619 3
1404 10
706 13
34 40
520 71
151 60
791 78
1535 83
666 53
688 55
559 40
1468 3
509 47
1625 69
185 19
825 35
1019 97
95 100
282 26
788 75
273 95
1580 48
492 6
5 5
107 93
581 55
1372 80
1577 57
1142 51
416 53
1407 8
474 78
422 72
1439 42
265 60
1324 38
1144 82
871 69
1017 74
913 67
132 54
1191 94
240 25
926 51
677 72
778 80
1185 11
1249 97
667 12
1335 100
857 90
319 80
294 62
1397 8
1494 42
1597 19
573 83
608 65
1400 78
1320 14
1555 2
1351 88
392 96
1175 50
191 78
1000 23
431 60
214 61
216 92
736 84
1047 53
1400 13
1175 51
642 4
193 85
1096 79
1275 65
419 94
385 86
1355 2
429 50
1503 3
894 16
237 70
1294 18
1239 80
421 5
129 68
166 71
1524 20
1073 19
581 95
466 13
1453 9
1115 63
774 38
136 87
1240 36
1216 56
482 85
1183 37
287 21
469 16
558 20
1113 72
1260 26
935 20
1542 41
846 71
28 50
1250 46
1588 49
510 96
106 76
720 75
775 39
1205 58
260 66
489 89
607 13
1529 7
391 60
46 45
801 92
288 47
1063 56
1549 37
245 28
1105 69
1241 100
461 99
1593 82
337 69
705 58
945 59
1196 1
840 50
1141 87
1438 80
1309 43
619 20
794 67
1530 70
1058 17
1123 64
1136 25
469 52
563 34
999 12
761 86
73 92
148 31
107 31
880 95
96 13
1491 36
1065 9
5 27
1057 96
807 67
917 30
1200 76
995 73
268 92
1428 15
348 99
393 94
557 6
134 59
1124 94
270 53
988 42
47 68
1580 71
642 55
20 90
245 74
839 13
1165 39
637 93
874 77
755 70
757 67
666 18
251 48
1453 66
463 73
887 75
1514 77
825 27
115 5
1068 53
101 7
1205 94
1630 28
91 87
52 92
1514 78
449 57
48 83
566 56
1487 85
793 33
1188 21
1292 30
197 42
1343 40
619 95
1273 52
35 3
1301 46
812 25
1431 21
1255 10
81 28
646 61
798 83
1478 69
806 3
562 39
1214 47
1017 28
148 87
541 19
52 23
118 89
1496 38
722 37
1105 18
268 32
1224 40
212 57
645 24
1497 85
683 46
769 93
1326 76
813 94
1039 37
959 21
1037 23
291 8
901 11
1433 86
189 92
378 72
223 80
1502 2
544 62
123 3
13 35
635 46
543 18
990 68
1227 4
196 96
1379 33
590 86
1128 55
689 20
181 1
1080 56
861 24
426 84
4 78
1359 7
1462 27
1135 63
202 69
89 25
1639 64
497 49
278 93
606 22
1520 7
431 40
68 23
379 44
1305 64
1608 8
805 22
1121 22
915 37
333 25
432 7
203 86
1372 45
1058 81
1626 76
910 18
944 12
657 25
1298 7
298 54
1443 68
745 61
1294 14
498 93
296 88
1394 62
899 42
908 55
1260 54
522 89
1068 83
1589 89
820 66
67 80
694 71
760 7
664 65
927 22
1142 38
1464 95
682 33
1446 34
96 13
474 43
1128 98
773 62
1503 40
635 3
989 92
520 45
837 74
255 48
1060 83
593 75
1638 7
1612 51
550 49
259 38
1228 54
381 57
455 37
1428 49
1205 22
1116 90
369 45
18 75
271 23
902 8
1215 18
40 13
1264 54
1412 79
216 48
1443 84
1090 87
1230 27
1422 82
1483 49
1434 96
41 55
1366 35
69 53
577 75
1370 47
1068 81
523 68
269 100
1188 38
644 92
622 84
686 100
291 82
758 74
626 32
708 61
1049 32
318 56
340 3
1120 85
633 38
1408 52
1287 68
1067 25
1562 69
14 26
1513 53
955 74
1159 85
1629 36
576 1
759 42
1517 72
290 11
163 54
744 100
963 87
1068 68
243 69
852 60
532 44
1083 26
967 15
421 74
731 100
1388 9
1255 45
662 6
587 20
487 91
184 8
834 79
444 76
1030 41
1107 11
1542 44
1457 67
622 32
1429 67
502 2
653 52
322 24
1207 50
545 84
836 42
551 53
480 80
1064 97
545 24
209 95
1354 90
593 82
69 100
631 1
1100 79
246 88
780 77
42 17
444 24
990 25
1173 48
1378 27
59 71
700 75
409 88
1585 15
16 16
38 31
724 17
1413 6
945 4
965 15
100 81
1479 42
1603 18
1524 45
1196 91
1247 52
1531 99
172 76
594 38
535 64
709 19
335 63
614 50
514 18
143 72
1502 56
1266 7
777 9
370 70
222 36
1201 40
1185 2
552 66
905 28
574 65
660 79
1191 39
118 58
377 66
1048 34
1490 16
1512 40
1520 59
735 3
315 98
1531 100
768 62
678 55
1257 49
1574 21
1111 76
1425 78
795 61
1510 33
804 85
322 10
175 24
640 63
377 56
5 47
1329 68
1238 58
1150 58
755 90
690 62
1243 45
730 32
1087 35
878 2
1542 9
266 23
225 74
1143 36
987 36
986 9
941 78
572 47
689 53
901 14
1358 78
1633 57
353 21
961 100
1016 33
195 94
477 43
1213 45
244 52
599 14
681 21
134 17
334 52
73 40
1174 3
1629 22
1361 28
42 88
1296 19
1070 53
117 69
1282 28
102 100
1257 63
429 29
850 57
357 11
1296 86
1111 93
445 77
980 93
1116 70
480 84
256 43
951 27
165 69
1196 35
781 59
530 75
246 17
1570 52
457 3
106 9
444 67
1501 78
1356 96
1108 31
53 1
1069 90
1431 28
922 22
1071 77
1220 53
1610 28
876 97
549 66
993 11
1427 60
226 31
151 74
1520 99
1496 54
1175 62
421 15
1458 20
4 54
750 63
1218 78
442 38
133 49
385 71
1370 66
182 88
882 80
774 25
30 39
1298 1
1333 26
28 28
739 10
1121 1
969 32
71 36
467 42
1284 28
1168 73
1565 28
1270 31
819 99
1307 25
1399 78
678 16
1556 100
1038 86
653 33
728 80
319 74
339 19
748 52
869 16
875 81
503 99
1072 9
444 94
1071 29
526 92
290 50
136 94
184 10
12 63
1459 61
714 43
917 3
743 22
55 37
1288 97
674 45
416 62
1056 27
1227 12
335 54
261 48
419 75
1093 72
1149 44
292 92
1304 8
210 13
1135 59
1351 99
1027 28
787 39
223 64
852 89
308 87
943 50
1261 15
384 19
538 99
977 38
1484 19
637 64
960 38
1318 9
46 60
235 19
1267 33
867 19
212 93
348 1
1361 70
1401 28
806 68
286 33
1301 84
1411 47
252 99
37 1
472 64
680 49
785 83
1344 4
933 19
637 48
894 72
80 75
938 23
1012 5
745 47
436 93
59 37
1429 26
1019 89
1113 57
566 12
837 75
1273 99
1059 10
1196 92
1409 11
672 49
525 63
72 41
447 3
923 19
642 84
1013 21
528 84
1059 65
1520 20
57 77
721 22
357 68
1032 83
1459 6
933 62
1355 24
626 98
50 49
179 20
367 99
1038 23
221 32
48 8
1559 28
1008 20
160 51
1489 32
1504 86
911 4
775 1
1464 16
99 93
1223 81
421 87
269 63
646 45
74 82
1262 64
1379 97
1332 4
208 70
502 33
259 6
930 6
77 76
1566 13
1463 92
138 25
1179 19
1051 99
827 3
989 87
1124 74
344 4
618 33
1545 93
1247 54
650 94
34 3
711 46
58 20
970 96
1255 83
1592 97
688 30
1078 3
1042 22
1245 56
804 69
393 77
1174 84
1632 89
826 58
692 47
1322 80
1473 24
953 32
238 63
1556 74
1418 16
810 51
214 98
624 94
1164 72
1238 81
393 100
1373 52
375 60
229 64
448 48
507 97
1084 24
1363 76
1103 23
1451 45
1038 51
1434 60
494 41
1236 35
1608 73
776 73
1511 87
1264 68
545 54
751 73
967 4
1549 84
120 36
1132 13
402 30
1414 56
625 97
229 51
619 40
1001 26
1340 98
1206 39
1472 87
1132 11
692 65
956 82
236 6
1500 9
1387 6
744 81
389 69
1484 21
167 80
1598 91
648 30
752 56
1613 44
1059 31
1498 71
107 3
1013 15
495 77
1519 25
1464 18
23 89
1423 82
198 16
311 12
1291 55
353 18
1270 65
1630 69
225 94
514 86
541 13
726 100
565 50
322 19
585 46
1600 74
207 61
954 64
1563 41
210 57
746 49
1188 97
1090 34
1422 16
918 92
1597 41
447 24
407 47
1605 98
305 5
1429 11
466 92
649 78
1211 40
1624 24
215 76
409 21
49 46
60 84
1491 96
284 49
555 35
184 74
930 100
21 44
1640 68
1158 51
748 2
163 70
1581 10
322 42
15 42
1514 61
706 89
772 40
1439 43
1468 87
1248 76
1530 97
1188 12
1563 59
531 63
274 14
689 19
1235 95
635 57
1404 32
1389 84
384 67
856 95
1199 82
81 9
1289 4
235 41
315 6
367 60
511 6
5 7
1112 82
1012 76
678 6
1025 60
1058 90
857 56
202 40
1356 19
768 55
601 94
793 63
927 47
844 15
99 17
259 13
1422 35
15 66
1196 14
725 67
1475 27
133 19
720 40
778 22
1194 17
747 43
1121 50
926 95
515 91
1049 10
759 100
538 88
326 38
556 31
695 2
1201 51
1381 56
726 52
1549 68
1054 48
1086 51
493 75
1312 61
992 12
367 37
444 91
1386 67
765 14
767 36
76 69
727 95
400 38
468 21
846 49
1347 77
816 10
536 59
969 2
1200 49
1320 91
793 78
367 87
1037 33
384 78
161 81
224 74
1592 12
630 81
240 58
1376 81
861 39
1337 5
414 8
1354 49
1012 92
27 45
1032 90
1509 61
791 15
1475 41
52 85
399 74
56 62
597 54
146 15
66 16
90 91
134 18
1289 78
1252 16
948 59
811 66
1610 57
464 73
345 19
901 99
1598 3
1427 63
56 49
425 16
283 35
313 25
626 42
709 8
1225 37
106 83
912 20
964 57
1223 79
1303 67
1111 84
1574 58
127 64
524 77
867 50
540 80
1299 57
399 33
112 35
1047 1
763 33
113 71
139 11
1095 61
426 45
692 31
1307 18
969 35
206 98
1517 86
1262 9
948 84
1585 8
1462 93
3 97
980 40
91 8
62 15
930 57
1593 41
1315 79
1511 50
173 21
280 7
1171 46
1411 98
1570 5
527 5
1522 47
457 79
517 67
689 73
933 14
1239 5
1241 86
1130 13
1276 86
845 67
1610 6
127 64
1462 54
1374 42
1092 59
415 5
13 5
28 11
631 17
516 41
572 34
1366 61
717 27
1212 27
1527 81
314 91
1187 80
1043 88
850 94
563 71
77 20
513 19
1121 26
1634 50
1633 1
1221 89
148 91
1261 81
1074 14
276 86
1596 19
463 13
1486 71
1300 91
526 39
138 20
347 5
1117 25
1323 15
1488 67
5 83
553 37
1337 45
1094 19
1525 22
997 90
451 23
467 44
858 62
953 2
1247 83
1570 57
625 37
575 9
615 61
661 82
1580 98
921 6
451 73
943 91
585 48
720 3
319 74
1158 60
853 58
175 82
1538 98
1283 73
1402 50
143 68
501 16
1326 54
685 91
554 37
1448 99
321 43
198 42
1554 16
942 56
730 10
902 4
1292 30
240 99
316 78
705 7
1502 77
701 31
22 36
1160 18
40 91
101 78
373 92
1578 8
349 73
1179 26
218 58
505 12
1574 42
832 89
1005 53
1454 95
503 21
1602 17
849 83
306 4
1008 41
397 85
1231 59
1080 62
814 76
753 47
708 8
510 56
925 21
571 18
203 18
1312 42
501 38
1268 78
1162 46
1032 40
1600 63
1415 22
1299 46
55 67
820 49
1187 23
771 93
503 47
1273 93
63 15
720 48
1545 48
264 98
1533 81
320 16
914 19
334 22
237 63
1545 65
469 100
1303 52
534 37
637 95
1001 3
889 60
114 81
827 10
315 78
205 39
1051 2
1003 49
179 14
1621 69
682 38
1088 32
756 80
790 29
465 17
1023 39
522 49
500 8
1051 38
140 89
390 69
1234 86
1448 97
486 42
1383 28
1398 66
1511 15
347 60
303 67
866 93
385 2
761 28
948 62
653 52
325 37
1212 95
808 98
126 35
88 82
712 57
151 48
503 91
1421 44
1015 46
608 74
1016 54
1362 61
604 13
650 66
631 81
483 70
1051 100
365 18
291 23
1332 18
916 54
552 88
1201 27
826 72
1200 79
1066 42
943 27
696 50
1012 95
13 4
1526 68
229 40
294 94
1369 1
465 48
897 84
451 82
1625 51
1250 9
99 64
761 32
57 69
1566 67
1138 87
282 56
1472 60
422 52
614 92
333 7
1322 50
283 17
379 80
373 54
465 39
951 51
69 59
379 72
815 9
1406 53
1029 26
1345 72
966 82
209 32
871 80
1252 10
809 42
1349 65
493 33
274 89
1429 53
495 79
351 44
1599 20
67 35
170 32
77 69
1531 43
1057 31
1120 26
1187 98
1203 79
1437 17
838 39
258 48
111 22
275 72
661 48
973 67
1284 19
1269 9
1488 33
1133 52
484 14
343 95
404 72
1633 39
1477 5
558 51
395 1
852 83
969 45
347 21
939 34
846 16
1128 49
352 12
661 45
1193 1
802 32
1387 31
1640 20
572 75
1171 90
1137 96
1018 60
998 72
476 14
737 22
1127 87
1095 71
1087 28
1552 86
621 42
1383 14
1432 70
570 19
1153 78
1400 83
1343 84
1010 18
16 50
794 37
896 48
547 17
1202 47
250 80
1488 39
643 54
1340 22
1159 46
1253 9
1162 26
1311 55
1184 35
483 71
536 39
621 38
673 66
904 31
1241 52
262 61
145 91
597 34
444 87
1448 3
527 32
1440 100
1431 38
987 31
251 49
640 67
1351 49
326 13
1021 39
1502 4
1136 59
564 42
1578 30
841 11
82 65
1412 77
1547 100
1121 84
1484 4
7 1
1533 89
1168 8
606 22
1464 10
389 65
300 20
412 49
29 17
496 39
523 20
188 79
1390 90
353 46
1411 21
1149 36
63 40
1197 34
376 3
504 68
919 96
1156 42
361 49
469 59
51 49
639 1
1274 12
1599 35
576 64
665 6
57 69
832 66
612 35
1617 2
526 67
530 98
593 47
1415 38
201 54
1086 21
705 77
1544 89
1618 10
445 58
1017 14
336 22
539 63
1426 93
393 67
692 46
1078 39
1391 95
356 33
746 73
1578 62
1205 33
92 23
1319 5
595 92
1558 40
1355 76
1414 68
1090 3
970 44
1339 11
206 55
1266 95
964 93
631 90
137 26
643 71
1126 96
1247 41
1623 24
455 6
1169 27
1001 36
1038 51
652 36
750 13
1456 63
758 96
121 85
943 1
996 58
908 31
253 31
1116 42
265 11
717 48
851 33
486 50
1252 63
584 75
1174 99
882 3
407 28
523 53
645 44
1106 51
278 62
1612 51
1047 45
909 72
1551 9
1621 13
668 48
603 79
880 12
1416 13
1005 76
859 71
463 92
247 76
980 94
1392 71
123 47
716 71
1102 28
831 94
912 10
20 87
23 47
188 67
1292 91
337 41
1259 84
67 80
755 66
1029 38
1451 17
1107 91
530 78
675 80
626 42
518 25
138 19
1347 46
1589 88
512 79
528 91
95 71
306 32
366 39
553 55
871 47
382 89
375 46
980 6
279 76
903 35
1604 99
1443 90
617 87
1467 90
665 50
1341 13
541 9
1489 37
587 80
70 35
852 50
292 19
1183 44
582 65
780 83
148 77
1491 33
1477 5
960 36
500 91
201 40
937 62
225 26
29 95
1051 72
1285 48
875 56
1296 94
618 2
367 85
1441 12
1044 80
1347 67
1065 37
1286 44
484 76
20 33
375 79
819 87
572 31
706 92
2 39
58 79
127 1
29 50
461 15
1551 13
307 5
812 18
1561 61
884 47
199 53
395 25
1452 80
962 71
1348 19
1121 45
1603 92
1324 9
2 30
830 78
1350 29
382 17
1524 9
77 64
219 89
858 94
374 7
1322 12
1263 67
1239 29
1324 45
1607 37
657 26
1106 64
693 20
31 47
1616 86
157 2
1287 8
271 16
1223 64
766 15
1175 98
21 45
518 98
546 39
296 49
382 77
1315 41
1206 26
922 42
169 98
708 18
401 53
30 10
882 23
1121 86
994 43
1587 54
91 25
553 69
316 74
1562 44
487 28
224 38
433 26
134 60
433 46
1073 17
899 94
933 84
32 7
1185 92
1428 50
866 54
24 67
238 98
482 29
56 17
874 47
1337 45
589 53
504 79
776 81
1044 40
613 30
840 33
916 15
300 15
342 18
350 96
1049 81
1418 35
401 97
423 90
968 51
147 18
980 74
409 29
670 95
1023 68
683 100
561 95
889 56
1581 3
1311 28
230 15
1338 94
1319 86
238 2
1540 29
336 41
306 33
532 96
1104 41
466 9
797 1
117 49
338 18
422 81
1273 83
65 86
792 61
1255 70
81 60
1433 33
498 6
1584 51
485 8
1353 9
310 82
1381 18
731 21
1223 8
1117 86
1105 1
1415 52
834 92
1035 63
457 3
1052 97
324 68
1588 29
197 49
292 91
1170 24
1259 6
455 49
1058 81
284 37
598 13
901 36
674 93
1407 38
1179 5
127 5
521 26
1602 68
1621 74
500 96
962 5
857 33
1639 29
481 26
1082 57
721 97
1617 52
505 28
800 10
858 79
912 99
1020 24
518 92
1295 40
1238 5
1633 35
1627 39
772 99
17 91
998 25
607 36
495 34
1609 26
639 69
65 46
1330 69
1171 72
1341 86
628 79
1325 10
1379 69
837 23
408 70
241 2
1378 46
409 79
1592 10
1326 7
987 47
310 82
421 50
993 61
1103 99
1150 56
351 6
1393 20
1015 7
752 55
99 43
271 3
1596 67
1352 60
55 65
139 52
269 73
946 60
901 64
600 69
1186 48
161 79
1355 9
645 99
513 72
785 40
1120 53
260 50
856 89
1042 22
477 64
76 72
848 84
39 80
1362 15
915 63
419 22
1063 41
1344 59
1426 77
32 93
313 72
663 7
500 70
1056 68
1045 29
728 65
133 33
1550 90
715 75
654 58
1155 72
579 57
718 2
891 86
236 30
1103 76
1120 88
588 58
1468 64
1145 39
947 12
331 22
427 6
943 59
970 65
370 58
522 74
1606 34
830 57
1149 8
1234 36
1109 71
1447 46
1348 12
227 5
