6310
1254 24
1187 1
161 55
459 98
911 61
1218 36
466 47
200 69
488 26
974 44
947 91
973 51
884 91
1016 91
366 27
608 7
671 66
57 45
940 32
107 34
559 38
235 37
287 73
73 39
1101 91
1190 85
231 1
819 99
102 57
758 10
278 73
57 99
1061 40
614 25
509 38
642 98
476 48
1074 60
1106 71
838 53
1053 65
675 61
104 21
1088 51
209 11
467 37
950 85
1000 63
521 55
79 5
43 82
397 20
508 71
1224 70
992 33
1129 44
173 67
503 93
760 91
139 37
666 24
849 9
244 33
300 82
1255 51
926 17
466 24
959 58
1088 100
970 64
18 76
991 36
727 70
666 73
1196 30
656 20
322 57
733 41
488 98
383 33
1222 16
515 96
597 96
679 40
631 90
159 11
1099 85
381 75
663 39
100 38
1246 69
1148 9
500 46
148 30
590 85
407 85
743 70
150 63
439 88
318 50
1260 87
1012 96
962 55
571 59
500 18
448 89
237 37
725 19
292 52
821 63
779 8
76 1
484 27
62 87
278 68
909 88
1210 84
1156 89
961 81
358 9
134 16
1176 69
408 73
137 61
503 91
51 63
792 36
1063 26
563 70
498 67
1092 99
45 58
605 55
985 87
918 89
1222 22
794 63
1092 98
1187 33
1027 18
1104 71
933 98
1188 36
954 54
631 90
1056 68
527 46
1169 63
468 47
716 25
120 32
648 34
306 44
893 93
100 33
1196 15
1216 79
732 42
977 58
1124 100
319 19
606 54
509 49
810 70
636 71
740 35
617 78
506 60
636 22
1112 38
1004 38
13 63
536 49
850 51
1159 62
444 24
870 77
597 74
47 25
777 48
919 19
955 12
479 29
1164 23
1232 48
1230 49
1067 75
658 34
201 7
873 48
774 57
535 82
676 67
1036 62
536 96
185 78
445 100
990 91
895 99
1146 96
961 50
1228 58
1223 81
849 7
1136 93
1078 64
413 59
140 76
446 38
812 47
158 79
418 63
998 100
477 7
208 75
302 47
1200 97
969 67
1061 93
725 61
970 80
190 37
1262 57
1192 36
757 25
786 14
441 36
972 69
403 31
420 4
216 55
29 100
1261 26
121 5
59 60
805 88
387 57
1086 80
107 100
941 34
163 55
1262 64
1135 37
310 53
529 95
251 8
731 51
983 80
1190 35
687 65
771 17
900 37
694 39
739 60
589 99
1084 59
440 49
24 88
74 65
127 54
734 38
600 2
323 66
216 82
672 57
1109 81
581 36
165 20
486 69
685 56
530 35
268 15
468 83
344 7
251 24
1192 27
96 8
702 54
1238 38
739 20
360 45
453 37
651 26
165 61
213 53
632 75
220 66
1062 90
947 26
299 27
972 96
500 9
909 87
1095 20
919 34
257 75
536 31
85 72
266 64
878 4
698 28
215 38
445 99
777 17
382 67
1187 3
471 94
1220 19
328 48
1078 57
722 59
1194 91
984 88
1051 18
1027 74
675 42
95 5
664 17
487 90
585 66
989 27
739 79
786 23
698 96
1079 40
83 2
799 98
722 5
620 49
963 98
1128 59
569 41
194 9
395 48
392 83
864 16
953 78
1224 44
647 66
42 59
304 82
892 41
340 71
113 69
67 99
691 10
517 90
1167 83
45 90
1260 45
599 18
1084 81
23 23
1106 51
716 62
391 86
614 16
1204 91
182 96
734 78
659 16
482 95
861 8
1242 52
827 51
497 98
312 14
325 57
344 87
1126 94
469 8
569 56
170 15
1244 7
340 7
519 83
578 18
55 96
470 13
568 2
162 80
16 51
1014 55
939 39
934 85
546 78
1151 4
535 86
347 58
1200 94
1138 46
1101 61
165 36
964 94
223 11
1215 90
1094 20
916 47
127 77
450 93
870 47
484 47
1156 92
727 22
424 60
1176 65
598 59
264 72
259 43
117 48
1063 3
580 34
358 34
568 98
962 59
958 3
1093 13
683 60
1175 40
409 50
747 4
1251 27
921 59
403 12
278 55
148 41
968 76
947 8
221 60
560 75
214 38
242 11
402 16
344 97
1180 14
606 100
606 100
891 53
356 58
956 91
146 25
380 84
310 98
486 7
220 63
18 48
758 71
967 54
787 49
92 67
607 53
198 37
1101 19
53 35
1112 20
18 37
63 77
1091 48
1057 22
56 43
1116 69
145 57
35 62
698 54
326 18
372 61
150 63
391 96
252 45
1228 33
166 56
712 20
946 39
400 16
219 10
87 77
630 18
852 55
721 19
749 83
1110 31
541 65
1227 32
1193 91
267 73
275 47
570 91
406 20
7 49
1109 13
886 37
694 83
890 1
616 1
336 77
38 40
120 74
1015 84
978 9
1035 87
1185 66
942 37
299 1
355 55
723 12
252 37
110 58
167 40
574 28
517 92
215 11
595 74
682 62
1074 29
398 18
469 38
419 60
144 60
146 24
1218 61
676 38
1183 77
955 73
891 23
628 22
1159 39
1062 57
1040 34
1207 97
695 85
182 85
1148 7
969 79
867 49
267 37
836 23
1042 91
941 64
312 56
857 74
519 25
556 9
286 52
1224 81
952 14
703 9
282 73
777 97
507 80
1050 2
1047 57
510 34
1235 86
1027 85
795 60
464 60
269 35
378 65
769 43
1093 75
155 57
205 84
976 91
9 37
456 67
446 96
1041 68
533 23
1133 20
734 49
1013 56
114 1
795 97
1081 95
762 50
550 66
385 73
210 75
58 56
304 95
1048 32
984 9
489 27
291 98
1198 93
392 81
1194 44
1113 10
162 86
312 59
223 93
574 17
1241 39
724 85
227 15
441 32
921 45
505 97
409 49
358 28
1040 66
105 17
780 50
531 9
955 46
373 7
258 68
1045 1
611 1
424 50
260 94
472 27
653 81
1065 80
970 8
250 19
686 68
949 92
1119 41
292 88
1117 64
917 42
77 18
230 12
1167 83
315 91
745 44
247 27
61 31
997 17
1093 34
83 90
500 92
559 48
851 17
388 1
975 72
750 1
719 64
1185 49
382 78
225 2
481 5
466 15
1093 28
1089 69
893 12
619 16
997 79
1007 93
700 37
1257 99
465 48
117 34
1071 95
1091 19
798 6
1085 65
290 60
1 44
82 47
1132 98
325 5
953 84
1000 4
1113 65
152 24
685 96
1060 60
264 58
711 41
290 3
845 53
787 34
403 96
1170 13
227 47
1127 51
98 84
1142 23
109 59
1127 34
29 70
930 3
390 95
329 8
877 71
781 45
45 82
575 89
165 53
319 41
477 77
646 49
296 81
249 23
663 53
126 3
1048 14
225 91
953 70
505 58
62 91
1242 21
750 76
856 39
669 37
1014 66
344 22
228 24
469 64
284 46
416 55
1038 58
518 82
866 10
55 93
1259 33
1138 57
141 12
325 14
752 82
531 97
344 55
185 62
1063 10
695 100
460 86
629 39
519 77
1001 92
821 41
1000 9
1210 71
68 69
1157 98
609 68
335 81
300 43
144 23
52 32
893 25
562 3
114 11
44 35
334 80
1074 17
253 50
423 93
35 23
103 40
989 61
885 64
1003 53
606 37
428 64
188 48
494 58
614 92
91 45
619 70
121 71
900 42
755 64
737 88
787 28
977 80
1106 45
694 61
953 17
1035 19
524 93
1136 57
686 62
157 57
948 58
653 28
409 8
152 27
378 82
1212 3
250 25
335 71
85 60
943 88
881 34
64 100
288 54
1033 9
1134 13
1258 34
262 15
794 23
784 20
905 74
867 76
805 80
539 36
549 35
517 45
728 21
369 75
273 83
1236 90
1025 93
1159 54
119 30
747 46
107 82
461 20
787 70
548 73
1151 44
1031 28
767 99
839 97
1231 34
419 93
1095 30
53 4
1140 83
446 88
1106 78
427 20
430 66
888 92
629 86
651 10
801 1
705 89
1202 65
467 1
1032 89
316 69
470 21
590 94
774 18
361 21
288 84
1136 58
1053 15
42 60
531 3
735 98
1010 87
275 75
570 27
722 20
116 35
667 93
776 28
1104 65
170 3
786 68
927 4
380 97
844 63
507 87
481 52
429 56
243 41
23 72
512 55
116 22
1162 27
363 32
66 86
1021 10
785 60
1097 91
194 1
1091 19
253 20
911 59
540 31
901 41
961 67
1258 84
138 34
535 49
227 34
204 18
1149 12
631 53
1175 89
875 19
1261 30
203 75
590 37
935 18
534 42
79 76
1116 71
1230 17
686 21
1000 83
421 80
354 61
1138 76
618 82
1084 35
1197 96
102 14
572 21
30 17
160 7
176 53
1018 48
1169 76
347 46
179 38
902 95
513 22
1173 94
32 47
917 98
830 21
1156 87
518 93
1220 22
5 84
527 18
259 1
950 94
561 13
1241 60
32 56
316 98
457 37
788 43
464 95
171 7
536 54
95 47
70 98
1164 22
9 25
122 79
275 1
791 19
337 52
392 45
1067 70
305 51
227 22
262 76
515 60
1013 38
339 83
723 16
624 67
1146 68
475 73
1122 38
334 17
120 99
38 75
1153 91
942 36
662 30
97 88
632 80
274 86
566 12
81 67
15 88
781 76
218 63
1241 87
136 58
702 93
46 7
373 24
400 45
63 68
543 4
41 10
59 14
1015 13
843 51
619 65
1205 57
579 8
290 2
617 89
1246 97
81 98
697 60
519 58
755 39
427 2
508 43
3 18
795 14
898 86
862 5
1227 34
1253 85
1130 49
396 68
577 26
660 3
1077 78
962 29
564 74
1020 38
827 65
225 55
691 66
597 24
752 11
581 30
750 59
396 77
396 96
144 82
488 71
1215 66
693 31
1211 31
1079 33
1036 65
1083 84
641 21
1000 73
172 18
704 94
1001 42
51 8
637 42
469 4
702 8
582 24
973 9
1255 47
866 58
720 64
243 94
362 99
558 14
1049 95
1117 34
950 76
216 94
200 73
132 47
438 6
1123 9
1072 11
684 92
422 81
244 15
504 94
277 33
880 20
688 78
1080 79
1051 36
134 55
931 14
1068 74
283 85
469 78
1091 70
706 25
1217 92
1216 46
750 2
728 1
435 90
169 8
331 11
459 66
912 63
1179 37
1218 54
107 55
1043 27
1126 58
451 72
888 69
2 92
207 75
685 96
654 20
323 23
706 20
879 85
441 77
539 91
693 45
750 90
1156 9
386 81
649 62
600 24
757 57
499 3
113 90
976 7
460 98
1018 82
516 9
241 40
432 25
41 24
984 19
605 83
1011 45
135 5
1129 24
752 35
1109 77
833 26
958 10
1078 84
6 39
781 4
1090 70
362 93
881 2
301 58
708 69
221 42
1204 87
124 6
417 9
276 34
81 80
409 56
111 52
859 22
464 94
1103 43
467 14
1205 63
1250 89
314 18
286 10
111 48
1083 59
826 30
258 56
243 13
876 62
310 49
253 37
996 6
1056 74
1058 46
672 23
772 30
219 47
788 91
608 52
893 100
493 91
714 25
408 12
276 87
145 7
49 42
315 52
1236 55
1187 38
844 78
219 76
883 40
148 7
243 5
1205 73
552 74
985 88
1164 16
983 91
116 53
514 63
282 9
1070 55
1057 22
113 31
759 39
49 47
633 24
719 87
532 39
887 22
1157 12
589 19
1170 92
455 43
789 89
671 78
264 92
978 71
454 51
792 8
1108 23
311 78
506 40
134 98
913 25
483 9
349 47
223 74
537 32
730 81
391 69
531 70
370 80
408 8
539 9
1114 83
714 70
1181 84
96 56
952 11
1120 87
1262 3
1205 96
650 64
1172 52
150 3
1184 64
347 94
521 68
62 100
1207 57
826 10
1148 30
15 93
1152 39
110 23
297 37
1243 69
995 39
1211 93
762 88
234 95
22 29
274 82
1095 14
742 66
99 67
1050 2
11 83
1190 1
1251 43
779 42
1167 75
862 68
1134 37
1216 74
343 71
525 29
1018 59
452 32
712 61
86 84
118 45
1062 20
467 61
952 28
351 27
578 26
166 42
911 22
141 67
877 59
803 50
682 44
883 59
392 49
229 65
351 29
1112 57
501 73
574 58
446 77
971 39
1098 77
1177 62
973 8
454 25
1216 15
403 39
104 53
411 16
858 88
468 83
1073 2
773 43
718 51
857 98
926 40
165 79
541 70
1127 47
934 75
1159 38
885 8
606 8
43 89
475 13
11 83
1068 79
791 29
980 73
1239 58
416 100
161 32
1127 97
979 30
710 96
1081 80
36 21
522 9
822 49
250 97
424 34
137 47
722 31
482 71
343 50
104 56
86 48
939 93
634 27
958 96
456 62
986 22
954 90
738 8
397 63
759 7
663 70
1216 47
1176 6
778 11
994 74
631 44
798 73
896 9
1179 27
616 32
881 94
1260 15
524 2
90 84
912 51
213 58
196 11
759 44
652 21
886 31
1017 88
18 7
389 46
234 16
577 88
1025 1
341 16
776 69
585 4
1053 67
1195 98
457 42
1007 98
581 5
1159 21
912 12
209 4
391 6
442 42
888 44
227 39
24 51
850 17
260 73
1169 29
1057 62
682 46
202 48
1044 4
1222 16
297 22
124 46
623 90
717 91
102 63
981 24
785 12
809 77
865 73
1179 43
300 22
300 11
1065 41
1074 34
207 24
890 53
1048 34
833 87
625 62
951 14
624 63
753 3
264 69
286 8
1157 54
177 45
327 18
582 59
608 9
485 60
1016 69
854 50
803 87
1127 73
894 58
795 77
473 58
365 40
635 16
315 68
608 76
541 89
1236 9
874 25
1149 79
310 22
446 95
1116 9
1243 5
1239 18
8 16
556 99
1089 46
625 1
1241 79
743 94
1180 83
1175 83
54 94
415 46
227 78
497 85
315 12
573 42
817 76
1194 63
703 63
99 97
572 9
835 30
518 93
1061 6
484 85
5 66
435 70
151 1
1217 84
650 2
943 36
165 9
42 89
563 22
206 73
231 36
532 28
243 8
266 39
65 35
35 19
622 47
755 18
837 97
762 9
881 44
546 28
73 78
1223 66
891 94
795 56
541 98
216 9
563 23
213 17
432 28
269 21
1017 64
1187 16
345 48
989 39
387 33
241 10
281 3
765 55
1163 77
955 78
1090 56
894 62
681 18
229 88
105 79
790 58
161 86
1199 64
38 87
415 37
1107 45
817 80
433 69
1213 82
1020 57
363 60
533 67
520 50
1060 73
875 87
596 45
1060 12
952 58
768 81
180 98
583 2
1132 5
774 63
598 74
1039 43
1255 6
977 31
785 58
29 16
1149 55
898 89
1116 82
684 36
1054 94
910 77
885 11
483 51
1174 42
67 36
213 86
727 94
282 29
307 47
290 62
849 64
341 56
768 4
472 36
248 81
644 41
755 53
172 45
862 1
372 65
505 25
905 33
1215 52
230 45
406 20
1062 83
563 56
484 49
739 24
271 30
142 30
335 84
37 53
84 2
1237 83
374 4
278 68
659 86
784 90
975 75
268 80
260 37
960 100
1218 64
650 67
871 22
1134 95
1024 43
1027 19
396 78
804 74
300 55
527 75
835 38
395 26
1032 96
1044 49
381 87
251 83
573 93
397 83
717 35
919 36
169 42
835 41
780 79
417 13
963 12
540 10
823 51
1141 45
991 90
1085 99
1 12
147 96
1256 66
1072 43
1011 10
649 6
991 48
405 89
678 88
495 12
287 71
566 42
353 2
390 2
10 100
461 77
634 97
964 16
1179 49
750 90
889 62
160 9
394 90
1036 69
613 8
203 81
1069 90
425 23
64 17
164 17
232 97
599 11
469 20
786 41
1084 7
410 5
914 2
714 64
1069 90
892 76
1135 10
450 24
354 34
560 61
845 7
1162 5
1034 23
121 28
402 32
650 59
127 41
188 76
312 64
88 8
682 100
68 4
549 62
278 70
360 37
821 66
900 10
1161 40
761 2
1075 71
1126 21
475 49
779 71
525 72
572 1
99 43
443 46
158 18
859 47
49 19
1120 19
778 91
1017 63
450 82
334 38
1257 100
115 50
213 48
450 18
961 25
554 2
1189 43
707 67
889 77
345 19
843 98
582 61
3 76
290 72
461 100
388 14
196 42
907 14
760 81
125 93
1184 98
538 40
1153 37
385 50
669 23
140 44
713 82
725 40
810 86
738 91
170 53
537 17
389 24
271 73
1180 60
2 33
305 42
82 73
1124 88
678 41
435 47
872 96
1032 95
789 65
35 48
988 67
264 89
1123 11
760 54
517 69
32 51
30 89
1243 7
585 5
538 89
656 98
360 69
293 20
455 88
222 77
923 55
110 96
82 94
206 61
850 13
149 83
85 10
1003 71
1072 64
1099 13
740 31
191 59
751 19
366 75
1115 68
60 4
65 4
606 88
1248 58
194 11
1196 66
358 14
609 20
282 28
897 66
336 20
681 80
1116 8
1223 5
909 2
402 18
486 100
274 95
423 42
1005 28
858 4
281 26
847 17
782 47
230 22
1227 53
826 68
524 3
322 33
906 16
105 97
1033 3
469 53
1007 96
192 23
1229 92
88 54
1067 80
596 46
1001 40
340 89
147 13
88 51
94 18
1035 26
423 68
353 71
581 4
231 41
878 43
1172 75
1100 20
220 51
674 46
653 3
405 28
1145 46
484 11
1156 72
990 73
678 44
105 17
1011 41
547 25
55 42
910 94
196 30
1078 68
283 28
118 26
219 97
1152 44
1102 44
959 11
1132 67
877 89
280 23
671 73
401 98
665 17
386 74
1254 50
722 47
1002 28
1196 8
357 38
1149 47
63 90
1009 66
1136 5
836 99
335 29
1124 75
33 19
777 83
265 65
563 6
842 55
640 14
38 26
971 5
16 34
277 93
5 38
864 18
903 76
915 75
242 98
1050 48
89 10
538 6
165 92
956 26
190 86
986 31
387 14
270 24
322 44
228 49
649 59
1171 19
321 53
204 57
416 68
1258 15
111 99
408 4
875 41
908 84
1150 40
699 37
87 53
1232 83
75 63
785 39
1006 7
1189 12
218 79
163 31
62 77
286 17
364 30
167 31
842 50
1195 74
207 10
1092 39
441 61
809 77
841 1
341 20
1226 83
1009 16
16 4
452 28
608 93
105 2
890 72
975 28
690 43
779 73
643 6
1002 95
440 69
517 53
966 39
516 13
1139 8
646 21
235 57
516 6
548 48
540 89
514 31
762 15
1069 39
583 46
428 27
1160 29
675 59
135 8
725 100
456 55
724 46
431 40
830 67
972 54
740 74
862 21
1102 60
928 40
731 37
598 71
441 70
727 49
812 45
920 68
240 100
31 4
1166 77
373 10
1155 64
997 59
1184 62
1222 19
403 94
394 54
62 91
140 87
95 37
289 86
1072 38
648 86
400 57
641 92
178 77
1152 90
911 79
605 28
738 95
252 52
7 58
7 16
115 82
1075 40
324 8
576 97
692 25
660 5
648 39
710 70
657 56
1187 8
309 39
321 11
1139 87
1164 84
655 25
824 66
20 95
1088 26
581 29
1174 28
388 84
1042 8
221 37
967 15
1255 4
198 21
112 4
1072 62
140 52
311 96
281 12
499 6
603 52
968 21
115 88
870 68
39 91
1074 39
308 13
536 7
301 40
874 58
784 21
809 3
590 93
729 56
972 65
321 94
1185 98
719 31
703 44
258 97
1191 56
796 32
33 14
542 34
516 74
430 5
868 50
210 85
1053 22
133 61
395 4
1210 29
65 34
335 26
661 83
233 30
106 51
429 7
1069 73
991 62
1004 65
520 62
886 21
701 94
488 21
954 78
775 29
669 4
183 5
985 42
873 9
82 85
690 93
736 29
491 58
87 45
78 30
1109 88
176 17
93 30
60 33
1136 30
952 30
801 57
580 71
213 64
849 15
618 94
908 90
366 33
1247 82
436 57
269 18
699 38
738 70
318 59
908 6
920 66
1028 23
388 16
1086 62
585 66
819 15
474 69
903 7
151 70
888 77
1128 14
789 74
37 52
400 35
798 19
6 88
1050 97
554 36
513 36
736 95
1009 26
717 35
590 46
860 36
65 76
32 61
1162 47
367 36
992 39
922 28
487 29
1105 17
83 61
949 100
333 45
1016 62
940 69
585 31
371 46
227 54
926 20
816 29
1079 57
16 72
1064 53
387 99
442 28
335 64
143 39
642 8
290 21
696 93
13 56
1162 66
25 86
632 81
1024 52
942 69
139 30
225 6
1207 61
882 11
1050 29
1148 82
627 1
651 49
185 35
510 15
382 68
247 57
672 74
1140 52
838 72
1232 38
1071 38
775 55
1069 50
695 14
144 16
70 75
883 27
345 86
572 54
142 39
1094 39
1250 70
26 16
48 49
140 78
292 35
720 36
1136 5
1260 73
579 37
499 49
354 5
128 23
608 13
676 5
1072 47
558 35
381 34
1157 96
106 5
744 41
1063 90
1069 7
758 36
1107 89
473 80
750 72
554 64
714 55
699 46
704 33
828 59
820 89
242 94
366 33
910 74
240 76
1247 52
1250 88
1112 69
1156 7
164 86
216 92
398 49
933 89
508 26
468 53
1242 84
562 60
643 63
197 69
102 18
832 56
1217 61
74 60
820 1
729 10
899 14
3 52
922 12
138 50
933 40
186 72
143 97
97 18
471 66
1261 30
1204 51
1195 34
340 29
154 32
10 36
957 38
429 74
590 73
1189 83
357 81
625 43
681 21
1040 94
534 91
929 45
769 7
320 81
878 62
462 7
1149 46
46 89
359 76
180 70
639 1
1261 57
395 33
547 27
440 15
287 30
173 82
675 56
466 47
1101 48
840 5
1183 39
473 32
982 12
1247 38
1013 80
986 24
1204 72
1162 86
256 98
38 77
1232 59
291 97
91 93
1215 74
118 31
936 100
990 41
1114 40
1204 19
874 2
999 76
772 7
258 47
689 71
217 48
950 94
96 92
789 99
676 97
829 14
1136 61
138 67
491 61
1053 62
862 78
826 91
1171 100
425 85
378 62
906 1
631 73
265 55
322 70
398 9
44 3
482 51
315 86
425 94
983 30
147 86
359 52
117 39
829 84
1185 1
20 61
1064 81
57 84
579 67
925 35
820 39
520 69
1226 25
868 59
1000 66
966 45
218 59
24 23
78 20
145 8
576 22
623 17
438 57
1022 98
1143 71
639 20
858 34
1182 41
1121 64
511 78
1140 24
1063 24
216 63
673 42
866 55
121 39
559 5
1190 1
614 31
525 14
430 3
364 73
144 90
26 53
160 84
723 63
274 20
737 48
211 82
556 93
361 27
245 1
872 93
383 41
399 88
877 11
69 71
180 58
212 91
1016 54
1188 74
121 62
981 84
465 4
499 41
1180 42
260 77
696 17
567 25
794 56
117 96
64 50
1261 75
1124 54
1253 38
253 45
1064 56
94 55
640 22
1095 12
1228 13
571 45
652 51
1005 93
1194 51
139 85
1157 64
187 6
806 66
835 70
1119 78
96 45
505 79
723 76
588 48
305 90
1012 64
755 84
269 92
118 23
102 82
505 92
657 98
390 75
529 41
847 87
300 46
405 40
925 90
892 56
1253 37
582 98
950 11
1179 38
13 84
1202 91
509 54
1011 38
705 72
770 49
848 13
229 38
883 13
556 38
1197 76
821 18
106 52
188 34
1175 94
1217 8
836 77
830 17
777 54
1259 48
546 45
1146 39
73 54
1065 32
1118 43
1144 100
14 10
591 24
868 67
406 57
52 8
717 88
273 29
238 12
128 27
1077 34
1107 60
268 26
747 17
132 74
280 85
1127 47
867 63
1252 81
656 46
397 58
912 13
213 87
158 29
791 76
458 79
313 51
166 94
924 81
149 59
117 37
572 82
920 41
889 90
1251 13
254 94
414 31
129 28
100 83
318 36
1 69
730 51
890 94
1186 40
846 65
141 24
605 83
756 54
416 88
962 57
87 67
301 50
654 56
914 56
7 94
107 78
242 78
481 76
904 5
365 12
1116 5
660 28
747 36
108 36
504 62
1175 20
597 10
208 36
449 38
306 51
356 60
821 92
603 70
142 20
590 15
873 35
743 48
325 18
129 56
243 30
1110 49
616 77
376 12
15 67
898 11
487 8
194 64
377 76
352 8
218 33
73 99
1028 45
793 94
843 39
95 69
1047 50
427 49
216 11
1139 3
677 93
25 32
720 32
971 64
301 17
611 60
1215 68
999 37
348 96
1089 38
427 13
924 60
1067 55
1072 21
834 81
1030 68
854 92
409 10
105 63
1074 35
864 20
544 45
1234 97
712 19
1001 28
1243 93
828 1
387 86
926 83
730 82
552 48
56 4
651 21
926 4
1172 47
340 41
492 48
834 70
446 65
451 87
167 90
915 65
1018 34
551 28
775 7
344 5
196 51
194 23
1220 36
416 24
493 28
1253 85
949 73
281 58
724 34
839 80
1185 72
939 71
1160 28
1090 3
1100 51
76 34
473 72
2 47
76 81
566 97
128 33
914 76
620 77
734 37
172 9
882 87
605 43
233 92
185 63
105 96
607 72
473 30
456 29
540 30
345 74
21 11
267 47
569 76
703 64
338 2
55 31
1000 92
1064 77
527 32
117 35
1146 69
820 22
856 49
653 17
327 18
1088 99
478 36
560 50
1075 13
294 48
755 19
124 22
310 31
529 40
909 31
1182 9
376 82
361 99
477 16
696 48
1106 49
832 75
364 33
410 88
335 54
1069 36
1196 51
104 49
661 80
541 31
440 66
1206 81
102 20
433 94
229 2
422 45
1038 42
1198 9
505 22
243 59
657 80
1139 37
295 87
270 40
1058 67
138 97
538 95
721 72
1157 17
951 86
581 15
269 26
717 96
776 50
716 55
911 88
634 98
342 45
310 80
941 51
1143 16
414 73
660 87
977 44
1201 88
446 15
1261 8
890 82
136 25
1145 84
900 26
589 28
1003 50
1038 82
337 97
216 88
767 86
647 3
259 47
148 81
93 69
1123 63
410 5
505 61
262 24
434 11
725 10
48 33
216 100
689 80
1117 12
1074 8
1101 89
306 36
426 25
1169 74
150 27
681 93
253 34
1208 66
652 3
576 46
707 42
504 16
130 71
1009 2
1084 64
1092 39
15 64
461 85
649 12
614 84
570 37
737 52
228 53
112 69
793 2
484 69
671 30
