9488
1316 14
1539 11
687 92
296 91
1194 38
1809 44
1739 95
1734 18
418 56
1833 23
1165 13
1061 38
1102 71
950 64
308 98
888 51
1246 13
987 26
1611 60
1735 15
502 16
77 72
361 67
211 2
1392 18
815 7
101 19
998 33
1677 91
1454 17
1181 89
1250 31
1888 79
1498 78
1558 31
820 81
1615 54
467 27
1625 76
945 23
581 87
1292 72
213 45
815 88
1224 4
743 98
329 94
522 93
948 78
565 38
839 4
1284 51
730 32
1179 65
1241 93
958 53
1096 27
915 80
1185 38
690 63
438 74
339 17
1251 69
330 86
789 100
1582 14
488 94
1526 19
239 69
403 61
569 40
1503 7
1579 53
1324 97
551 6
1201 37
747 14
1371 25
468 19
642 28
547 72
461 75
1721 78
678 22
1313 100
1116 42
1789 28
1236 60
1108 90
676 67
1374 91
1760 24
776 19
424 90
1249 94
112 3
614 88
1673 65
258 36
1102 77
959 12
456 98
2 3
1766 32
64 83
465 52
1679 34
1572 80
1781 20
131 44
1203 21
511 72
1598 93
1616 99
592 57
907 62
1511 49
897 98
1825 37
165 54
1095 39
668 63
584 5
742 2
469 58
830 44
421 49
11 53
1383 23
486 16
754 44
813 55
1267 39
127 7
1800 90
1450 60
349 94
322 70
415 15
312 44
548 69
1396 35
1719 1
993 38
869 39
906 44
897 98
821 41
893 70
1883 100
666 82
540 37
489 4
30 91
1690 66
799 27
1181 52
42 21
697 96
1068 27
1149 65
1525 23
1641 16
681 65
912 55
1229 27
631 42
1611 59
1273 61
1650 12
815 95
596 56
620 65
855 75
1172 43
1791 87
1612 34
205 46
1758 38
139 11
1772 18
1251 68
1730 17
1823 64
135 89
1416 14
1727 97
994 37
1118 13
428 19
80 38
1719 31
191 61
1742 41
829 57
1202 84
1542 16
1092 74
491 66
1074 17
22 92
1838 98
382 67
1705 69
1516 75
1254 1
156 62
1201 10
77 29
472 4
1781 73
370 8
1401 30
73 22
210 76
640 67
1028 75
775 26
1841 12
745 47
560 84
1417 15
1631 52
1124 69
1278 38
1761 39
780 40
132 33
1815 13
1393 43
692 33
504 100
493 69
1160 12
1035 84
1034 14
150 27
436 50
806 37
1797 19
92 74
133 94
634 96
791 56
182 34
1107 5
342 6
1208 23
480 34
1668 45
1248 12
798 81
1832 18
1733 94
106 28
916 14
693 23
872 46
758 46
1801 41
1716 14
1042 94
516 23
675 70
428 23
382 49
482 77
1551 40
1471 100
1853 14
1450 27
809 96
1855 45
1559 74
381 40
1696 29
296 100
456 66
928 27
484 38
387 50
98 42
873 67
1495 1
1354 80
1179 64
254 50
1349 44
609 58
1659 24
355 43
1093 68
918 61
389 86
1236 86
36 55
926 9
1492 94
1637 70
1703 71
80 31
1574 87
322 38
1357 29
856 11
1654 93
906 84
390 18
1436 67
323 42
1850 10
898 51
1577 20
1313 96
693 43
1254 28
694 7
705 82
623 75
685 96
1872 37
1734 95
1298 26
604 19
1670 81
602 43
580 67
1652 57
1867 99
668 71
1569 62
1224 61
1219 87
32 12
1808 91
466 50
390 31
1806 96
1685 92
221 54
1818 40
1284 86
252 70
603 32
1713 57
1214 45
732 53
1817 13
1048 45
615 74
1314 34
759 10
1725 7
1028 32
1665 69
1670 9
921 82
1312 99
1824 49
792 46
1082 81
890 77
807 20
1471 63
1289 49
68 59
751 80
985 92
917 70
518 15
978 93
1458 76
1152 22
1381 45
437 61
1835 30
544 10
1157 18
409 91
794 12
939 99
371 32
1631 50
1255 49
818 13
1033 9
1430 41
908 97
214 92
769 61
90 70
1702 75
92 47
1582 8
1561 89
1546 35
1472 74
43 13
1376 67
272 71
1140 85
161 88
1017 36
1126 72
1386 64
626 46
234 83
1279 84
254 65
834 15
362 47
708 61
1792 53
1557 82
4 100
97 90
1186 32
1547 69
1455 79
1414 27
506 90
1133 98
234 34
34 4
853 27
1319 36
1544 37
1476 54
1311 28
791 87
536 63
1157 81
1162 59
451 60
1424 80
1654 90
245 25
1487 11
1322 87
146 4
1653 22
696 46
704 28
606 24
557 32
1356 37
729 40
1234 63
1078 2
902 89
1292 77
704 74
1190 20
1640 49
1023 1
598 41
1198 19
1414 50
569 27
358 13
74 96
739 3
780 22
503 16
1691 80
80 49
927 53
1091 19
1886 97
1832 55
423 12
884 31
1512 51
1746 48
1846 44
1115 95
1114 9
1778 3
181 62
4 69
1079 29
138 99
156 34
3 68
641 25
1504 56
1468 96
1020 41
17 72
6 98
280 59
1308 5
1416 93
860 99
807 62
1460 90
1055 54
975 42
697 51
1215 50
357 94
800 43
63 2
76 88
408 32
458 10
834 40
232 52
1491 24
1578 86
150 69
1700 98
1599 40
1708 79
25 2
226 82
1371 25
897 56
943 3
725 93
1157 99
539 59
1246 64
327 74
1015 68
900 35
1093 10
1618 35
1643 67
665 13
996 84
690 68
1062 10
1479 56
1659 48
1239 29
1569 82
1525 26
1164 55
18 94
241 17
1337 41
1805 10
725 59
475 47
542 51
125 83
1241 58
662 24
398 59
1601 9
1500 88
1784 76
1407 21
200 63
1149 85
1315 83
1736 32
1088 30
1464 44
1124 13
1361 41
176 91
84 90
244 57
967 29
744 31
1517 53
1621 71
252 57
1802 55
1099 95
1665 91
918 56
1494 67
1472 72
1548 7
1381 49
820 84
1743 76
309 89
372 37
367 34
1868 50
745 33
659 5
1751 81
1735 99
1162 60
1071 89
285 66
1433 51
904 1
1434 61
1827 35
1207 15
1618 51
1861 81
1456 98
555 77
862 57
280 67
1646 30
1318 47
1427 62
366 64
1192 21
1463 20
1307 15
746 32
831 71
453 94
1330 76
314 49
295 50
12 10
812 98
979 65
1830 18
946 23
978 42
1508 24
1658 78
1078 24
1428 38
661 5
1275 81
267 6
1750 41
1756 92
766 88
814 41
1775 88
1165 90
136 28
1654 24
122 28
1534 57
1870 35
1884 43
494 7
812 30
1761 15
261 30
1894 88
687 64
1270 77
1654 93
1356 1
16 29
997 96
1103 24
1009 4
447 74
1844 32
1574 51
549 57
496 65
1113 97
831 69
560 46
751 56
1088 91
624 96
1799 77
1187 14
96 33
730 75
104 33
516 57
267 64
1513 92
384 52
1437 8
142 67
1527 96
1457 99
532 57
305 87
872 20
109 5
872 92
166 51
115 2
475 39
794 8
762 64
1796 37
545 2
1098 8
577 98
1709 76
1815 84
1125 77
1489 94
102 44
142 58
343 22
498 30
1077 74
1644 22
1169 31
458 50
112 25
1069 31
738 65
655 40
1326 40
380 50
1649 75
921 42
665 57
548 37
661 22
1617 22
1287 60
699 5
450 21
1792 10
747 75
546 68
126 10
1739 52
1449 26
1085 15
1531 8
714 11
28 75
98 41
1253 71
683 25
564 76
777 74
599 94
148 76
1159 78
1341 69
935 55
291 74
815 85
1541 16
1555 66
1033 10
283 6
1848 93
637 78
614 96
222 56
1634 74
1112 23
974 14
1009 33
279 14
791 18
1177 44
1 26
1683 43
1483 1
1174 42
1109 41
1894 19
1736 50
1657 36
1312 16
461 68
785 28
526 24
158 62
418 63
763 47
1256 27
747 12
1654 59
809 15
286 8
1540 87
1632 49
1695 9
1110 17
59 90
256 56
1668 35
1611 61
1305 11
1836 84
63 88
167 21
426 98
1877 22
138 87
1408 3
461 69
1638 34
1206 64
758 69
425 18
507 35
1197 77
322 2
1230 47
215 83
915 73
648 4
536 67
1231 70
481 98
1415 30
1104 61
1885 97
1343 25
1156 37
1441 93
215 77
1756 10
852 56
81 91
512 98
25 58
719 30
1189 25
1558 81
1563 97
429 9
1807 85
1482 73
1696 40
730 65
460 66
894 3
431 77
466 2
1127 35
1125 53
1021 11
254 47
1055 68
1610 52
567 20
692 11
1881 19
1746 35
1886 54
388 52
75 2
926 75
1791 96
540 27
1577 46
1640 88
1147 25
1086 40
1231 65
1507 47
1332 88
647 61
939 56
575 27
824 74
1230 96
818 62
317 44
1098 48
1057 32
1473 51
1601 90
61 32
1684 16
8 29
266 99
1876 54
881 34
647 3
1800 49
1636 84
1455 52
1469 9
904 89
1047 48
481 59
1462 21
376 71
1589 57
230 11
768 55
976 32
775 22
567 61
802 38
15 71
1825 63
991 68
850 32
492 45
506 100
502 78
305 5
321 46
164 88
1146 69
1783 60
1057 90
892 21
969 95
578 38
1262 62
1022 4
1650 4
1678 97
180 57
603 79
1606 94
1608 84
1562 55
175 44
1720 53
1117 77
795 87
404 74
643 99
741 35
284 82
575 18
1880 94
431 14
886 23
1273 33
1238 74
1568 41
194 64
91 21
1440 36
930 32
1872 40
1790 86
795 9
693 61
1381 32
244 28
1765 64
1700 19
54 39
825 31
1106 85
1209 96
1157 4
431 26
1454 17
1535 46
994 96
1224 34
1673 100
637 7
1100 30
1431 48
185 13
779 24
812 86
1829 46
1734 66
685 1
369 58
247 69
1630 56
1814 26
1184 96
1674 6
763 52
857 81
737 1
515 14
3 21
485 90
1469 1
1145 92
254 91
1190 74
519 3
1038 7
1703 84
1528 17
1817 96
107 73
310 34
335 80
889 4
1760 50
127 26
1116 41
331 30
185 50
694 89
1716 52
1295 37
1216 17
1596 100
1507 64
737 87
369 73
343 33
394 6
164 61
880 14
1005 62
1610 47
115 38
1023 28
1466 3
949 70
1504 32
1861 50
22 61
712 14
83 73
1869 48
1589 28
1747 82
1122 97
568 32
1845 1
1643 29
258 35
1630 93
1817 3
1075 18
1750 17
916 61
703 40
1804 81
243 85
872 34
1162 46
310 19
1194 40
1128 98
1759 73
589 24
1876 95
359 7
1368 5
1782 80
1301 88
687 23
281 65
358 86
983 48
1464 82
1733 61
449 20
1797 14
959 37
5 29
1359 81
1102 13
1299 2
503 17
246 63
824 17
1021 45
1725 18
1645 74
1127 55
1124 10
707 37
1297 83
196 21
325 56
1841 8
1483 40
1308 73
99 57
382 24
1301 72
1796 59
423 54
1401 72
869 2
89 6
1887 55
324 76
1445 97
632 64
257 61
1206 95
350 43
1384 84
635 24
1762 69
337 31
230 67
1072 20
1181 94
1025 4
1350 46
728 90
459 38
958 88
797 34
755 100
304 93
603 57
1095 9
760 27
1258 20
1581 38
470 14
580 54
362 73
1598 16
415 36
1088 94
1745 59
1030 20
1874 38
1192 29
437 87
545 64
1075 54
658 40
244 88
430 64
173 54
1276 40
667 22
398 39
1120 35
533 54
807 41
275 13
1792 71
1026 64
954 86
1635 81
288 74
1133 70
398 19
277 27
312 99
720 59
771 59
450 10
1121 36
1163 11
1032 25
169 60
874 17
1766 75
1770 52
1195 98
1833 64
1483 22
1771 94
1331 31
1595 72
1309 51
1415 81
1389 56
1832 83
187 43
1307 95
75 21
190 82
1554 13
1549 40
886 18
871 33
1038 68
976 4
25 43
633 91
1363 33
752 60
605 35
771 29
411 10
1097 29
364 51
1678 45
1500 68
677 30
1735 79
433 20
244 26
1787 49
829 95
348 44
509 96
1533 2
56 4
1686 5
1729 36
624 86
1728 2
1285 98
515 63
1211 77
1048 40
1053 54
583 68
1874 5
910 67
1456 31
1347 84
202 97
315 76
1569 30
1599 29
658 69
1747 71
1142 19
582 71
115 95
1004 71
1664 3
993 59
46 75
666 82
1050 48
1441 80
629 85
588 17
677 87
1314 44
302 26
621 73
1659 70
287 43
1213 68
1561 28
722 65
1688 36
1312 73
895 87
1715 55
596 17
1162 12
511 1
50 30
1753 2
1423 73
786 21
1219 86
23 25
228 38
729 73
1893 57
471 18
1117 77
393 67
317 83
1151 52
1445 30
1129 92
1817 12
1186 83
1559 10
1567 49
112 81
455 18
1328 56
1466 90
1844 10
1837 54
958 83
1864 1
789 67
870 15
1773 36
794 49
1256 34
649 23
652 39
298 93
1534 90
849 67
1731 64
242 68
199 45
903 73
1593 78
1433 98
1610 25
278 65
1658 57
1897 59
1713 77
837 49
1135 9
202 58
1028 10
802 63
1166 32
1599 74
12 78
1347 65
887 89
411 19
1510 69
390 42
1835 28
1463 1
1301 59
1303 66
197 53
684 41
527 25
108 91
941 54
202 17
1239 20
1678 9
253 37
151 86
1774 7
1553 90
36 14
872 85
1053 96
205 35
204 46
1054 6
740 52
1267 57
1301 30
571 52
531 90
57 49
1844 76
548 42
158 72
125 69
1768 91
1805 3
1712 57
908 5
1131 25
1837 21
1893 89
279 100
980 47
1112 11
1052 81
972 27
526 34
1853 59
1135 24
1239 57
67 45
1124 9
974 94
1183 25
381 57
537 26
960 79
1680 10
457 84
1507 45
1229 99
1674 50
1517 23
1366 72
1102 85
828 44
777 69
1658 98
1127 62
180 90
408 67
1588 81
547 70
462 27
1711 17
190 46
98 61
1529 44
1835 39
810 22
1511 58
167 33
1263 17
1636 14
1046 29
1768 96
1185 21
1293 83
1375 71
925 82
1808 27
199 40
1767 34
125 65
1092 67
604 93
1308 78
266 11
302 26
966 94
270 2
642 35
1488 7
1214 5
1207 33
412 24
840 5
780 2
1675 97
1581 50
264 14
1657 47
434 61
471 36
685 58
1416 62
1429 51
266 3
1114 7
1578 48
245 6
232 7
368 48
1855 2
1785 16
6 38
1307 16
445 67
76 98
997 20
814 37
912 22
186 35
1540 33
1301 14
1111 92
1865 25
1479 69
873 1
693 91
1586 24
1625 43
1640 33
1284 36
609 19
923 1
1357 2
1548 33
1799 82
1204 48
280 13
1112 72
312 5
658 7
593 100
1145 84
1028 36
619 42
364 44
1082 39
306 7
541 11
736 81
1468 64
385 83
557 85
377 80
1053 41
1443 23
784 10
859 32
1103 35
1647 47
1286 15
1789 97
884 3
107 36
562 89
1474 93
1359 44
308 88
1825 12
126 83
1437 97
173 2
162 84
762 46
115 4
375 62
1094 18
136 86
505 42
1276 74
214 50
857 60
691 41
157 3
1694 9
454 14
629 4
338 48
1223 49
1192 14
353 64
712 22
835 37
301 96
773 88
524 14
1658 98
1166 51
1046 38
279 98
63 100
128 81
821 82
267 76
172 54
888 40
648 64
667 38
633 96
1826 3
186 35
1333 44
23 31
405 76
175 71
540 73
1441 16
932 40
643 86
1764 70
560 55
956 39
687 95
724 52
711 99
1014 31
145 98
1848 55
787 84
966 16
1063 84
879 39
861 22
505 13
116 61
56 72
542 45
811 72
1725 99
341 42
389 70
934 69
1296 88
517 64
1738 29
751 23
780 22
808 67
410 35
477 16
1362 64
1364 75
1109 4
1297 18
554 3
686 56
553 52
1004 21
359 31
589 68
108 96
1262 77
1629 14
596 22
492 66
1795 87
512 68
1010 54
1819 70
649 2
924 66
1413 97
711 86
1622 69
1099 70
1856 19
255 45
1835 98
1867 15
684 23
1638 100
1155 28
785 100
575 68
317 21
60 56
1618 5
648 76
1008 69
1667 35
1841 88
554 1
1089 53
900 31
1452 54
71 3
1016 15
340 3
1697 21
678 30
1648 92
573 85
1535 46
1000 44
245 63
631 11
1662 80
678 94
186 46
170 43
1608 54
415 17
1188 30
1214 43
1072 77
613 35
814 99
138 9
882 80
1179 44
282 50
1424 48
1696 66
1354 29
1469 37
1573 30
1887 16
704 19
1161 15
1267 40
1371 44
747 72
1207 3
395 52
1492 98
158 71
1023 98
1557 79
419 95
717 43
492 39
1333 42
1034 84
1635 96
1781 36
420 66
632 48
1237 88
433 75
228 16
1850 46
631 46
1209 6
1116 34
1723 19
1048 58
740 64
990 42
1059 40
1486 16
1109 76
1535 64
906 15
413 69
1770 79
1303 42
113 95
302 44
1538 49
1157 49
1547 2
461 96
1684 59
337 59
1286 100
1620 13
1730 90
925 30
381 48
832 27
1614 72
1659 22
1872 9
1806 92
894 75
211 17
792 63
1132 1
912 64
989 89
912 62
681 81
705 91
1555 1
1056 58
12 1
1179 54
346 79
58 45
322 16
1070 22
973 2
1012 25
955 32
1 61
1202 98
1864 97
165 7
900 39
2 47
630 88
520 20
498 51
687 54
699 1
1035 10
15 79
776 48
1727 40
1428 70
561 39
1824 26
1117 44
227 61
1108 66
404 95
1750 52
805 73
284 44
891 69
450 30
691 42
1452 97
1339 75
823 61
1283 8
1306 97
236 28
561 92
1373 79
778 68
962 21
168 26
616 55
1699 73
879 54
1498 17
1156 64
1875 74
409 91
1298 61
991 93
871 10
1662 65
1106 23
837 71
740 85
52 40
771 71
758 66
1410 44
327 77
765 31
1313 27
57 39
1615 66
438 97
800 16
1150 98
1545 32
1744 86
1319 35
262 70
84 57
1336 27
1559 42
859 15
1385 94
927 93
1744 15
670 66
405 89
1787 44
498 51
220 93
1579 68
361 5
1464 42
1321 52
1791 11
807 80
848 80
1310 14
367 26
1419 13
621 14
226 32
1645 11
1318 92
1590 43
1043 29
1724 86
1426 27
415 51
870 28
1368 20
1068 65
75 18
11 37
1406 70
1694 31
1792 78
1436 6
904 15
1896 87
45 95
1370 47
1084 89
987 12
1353 58
1137 9
1770 75
1485 45
1579 6
1474 68
1105 23
661 92
719 48
535 31
1010 83
99 38
1443 62
789 90
1624 28
1054 83
917 7
281 84
1561 47
288 90
1490 29
1653 25
296 72
1578 48
1868 18
148 75
1360 65
1088 29
319 81
1486 25
943 14
1044 44
1204 14
1846 96
1417 55
39 30
329 36
1656 65
1693 78
1692 62
1746 19
1363 17
19 81
1866 90
1185 80
890 60
469 62
312 66
1438 26
1588 74
1773 44
222 2
1193 6
1575 22
1529 49
323 72
316 11
1476 16
417 99
1186 89
471 6
1636 78
456 83
1662 16
1109 12
1476 65
589 21
407 37
1654 56
670 49
767 9
1458 53
1488 92
1309 76
1395 91
751 5
863 19
846 92
1481 70
62 48
180 67
770 12
617 76
554 52
1176 78
154 77
403 57
479 88
972 79
1867 76
1200 72
262 45
812 12
1731 14
1678 10
1560 69
1767 86
330 48
455 42
1785 23
1189 65
708 84
1458 45
1529 28
988 70
271 1
763 43
869 95
105 19
253 17
760 25
1543 64
230 79
894 75
1883 60
1201 89
1052 48
151 28
1887 97
1038 92
1363 96
1151 41
1755 72
999 90
1752 30
398 48
384 41
301 81
991 69
545 99
1377 47
620 84
1850 98
1504 12
659 77
174 87
1699 86
727 4
670 87
326 8
206 11
717 60
1578 87
1492 53
1347 38
1847 68
1477 31
1333 69
1709 60
1270 72
53 25
291 31
1049 75
1808 41
416 66
1194 69
1201 87
994 9
276 91
1176 52
289 88
1794 12
255 99
1615 5
1547 58
1774 92
341 47
563 21
274 88
1727 54
1123 35
246 63
1227 98
843 58
1355 25
233 21
448 69
1407 49
1748 94
1184 91
405 13
80 52
1842 84
140 56
1725 61
1401 60
1216 91
823 62
1286 77
507 50
6 33
225 34
961 93
954 73
1447 32
305 43
950 98
1450 88
230 21
386 97
1419 49
1090 11
918 6
513 49
1876 76
502 60
349 79
1436 23
1847 77
1023 77
379 12
347 49
1855 46
1319 38
1455 88
1703 69
842 17
942 92
662 6
797 57
1357 52
19 24
546 34
797 56
529 18
461 36
602 63
1538 76
137 55
1080 29
1618 9
1585 58
1126 15
1185 85
199 97
876 51
1742 99
1146 5
421 80
1487 92
1074 21
1051 95
737 49
697 78
659 27
1416 17
949 49
1149 46
860 35
1871 46
1820 65
1722 26
152 40
90 16
457 7
1415 86
158 66
1277 71
1717 93
493 100
1537 27
1210 10
1761 81
1515 35
527 85
1494 16
779 1
1624 17
882 94
129 49
965 34
97 18
851 73
165 34
1879 41
800 1
1553 24
507 89
389 66
665 28
972 64
635 49
1041 46
1107 77
1211 26
1846 61
808 72
205 58
1882 74
37 87
131 27
1202 96
1745 54
853 36
138 44
212 48
644 64
376 75
1715 35
1884 89
914 4
941 91
1785 77
427 98
23 43
78 73
1210 5
1169 50
1704 73
919 76
450 12
1811 85
93 28
777 87
230 50
1246 81
758 13
313 39
1121 89
956 70
999 56
1594 96
674 67
778 82
21 51
887 89
169 87
1644 6
1824 48
1631 56
137 85
1535 28
678 48
1702 53
1341 21
185 69
919 15
593 21
1092 72
1308 25
964 82
1182 61
643 72
974 35
1010 39
580 99
1633 6
35 18
1700 32
1673 2
1546 98
160 59
1120 88
1211 54
477 92
211 6
1673 44
932 68
677 12
1200 92
1379 86
1650 99
1499 66
1738 47
178 4
94 96
900 62
192 4
572 81
1820 63
535 40
1379 11
1721 40
1751 48
1065 95
628 65
665 99
399 24
1728 1
1103 31
210 79
726 34
501 100
1127 12
1086 99
174 98
1355 34
179 77
1448 63
360 50
540 71
1522 8
340 23
1010 37
1198 76
217 71
1527 24
1445 16
834 91
378 18
708 40
1338 78
951 96
653 57
388 97
1425 26
290 53
1055 84
650 14
591 76
907 81
1696 46
28 57
1127 91
1214 32
1277 13
858 82
937 22
864 70
1094 4
1888 54
1857 99
340 42
48 53
1438 6
1323 34
1526 77
1359 36
401 30
1237 97
1749 46
815 77
761 14
1013 30
1379 51
324 28
212 84
121 28
1323 36
1229 76
55 100
1593 5
1400 77
989 46
1535 91
1890 13
1491 40
1318 100
1027 64
236 27
159 84
1640 93
970 43
1299 89
250 100
1166 76
415 26
1827 26
1172 13
157 24
20 90
1690 97
1619 39
1394 89
663 98
798 58
93 38
820 78
1672 91
396 26
515 96
1411 22
1010 64
1318 56
764 73
779 33
164 80
1690 65
1028 43
1128 13
1066 1
51 43
1139 93
1061 68
212 92
14 92
1879 74
351 64
1557 74
1837 36
325 16
766 43
1827 54
1340 21
1009 76
335 3
1703 64
559 12
339 2
996 17
116 61
1714 33
1879 55
1872 51
1836 76
1096 5
771 63
78 33
1426 92
861 36
1343 2
1556 32
598 50
225 94
1266 79
758 7
420 20
826 33
1587 86
1357 86
1196 29
572 92
723 48
112 41
1580 56
1309 84
1505 34
739 44
352 8
1561 25
1777 9
183 90
1818 33
1326 62
1388 3
165 52
287 83
1561 21
744 83
734 96
1247 57
1165 31
580 7
70 4
132 59
1643 15
403 33
868 9
891 20
1783 2
700 79
540 32
531 73
928 24
212 60
1452 41
737 2
178 64
1828 14
1025 37
126 96
230 42
1180 63
1614 28
1740 21
1509 41
1496 22
771 10
1469 75
601 98
915 61
231 4
169 30
1597 79
505 42
1306 59
1215 75
1530 10
1387 43
1723 72
1628 75
1089 2
65 65
565 32
762 15
971 51
1650 1
1476 74
676 13
591 35
266 91
1651 99
143 10
959 63
1067 37
318 55
444 6
111 27
984 56
1143 18
1213 51
783 30
381 79
1178 21
583 95
1780 12
1278 49
1008 52
1438 72
1871 85
1029 58
195 34
74 33
1200 92
214 13
320 90
1209 99
1710 26
733 44
769 56
119 59
684 94
545 38
1332 99
87 29
1892 44
467 66
425 64
283 48
1021 15
1241 87
516 19
702 94
1652 10
1868 50
1128 91
319 65
852 41
1234 17
409 58
424 100
1827 81
898 81
1684 31
1825 43
1137 82
1637 95
626 90
1247 12
1883 42
108 17
1770 46
713 93
1667 93
70 22
1509 66
1656 64
220 32
1300 10
1737 11
742 56
1086 71
1498 76
543 76
1036 63
742 88
1323 40
178 89
1588 71
386 33
1527 33
885 78
1554 50
1006 8
779 8
1753 30
15 14
656 59
1455 58
1675 74
1037 19
361 52
961 26
1009 20
1870 74
454 58
680 27
8 42
1424 74
1595 83
1711 12
1488 54
1714 51
1348 16
1482 5
1779 37
874 53
1271 51
1605 15
469 13
594 32
1370 75
275 83
1231 65
1071 3
952 77
1770 63
715 57
230 8
117 21
299 8
201 60
1419 42
1 28
18 22
359 17
141 13
1656 84
1504 41
215 62
682 14
1212 9
771 74
1243 66
937 83
714 53
1652 36
1245 66
581 7
1697 7
1312 93
10 87
160 61
434 30
1691 64
1712 26
9 39
1319 42
865 13
204 88
1326 15
312 69
612 77
195 34
1800 18
214 54
312 49
426 73
90 65
844 37
80 49
681 19
173 47
1338 15
136 56
830 81
401 61
137 55
1708 33
174 22
1090 76
1500 77
930 70
1247 51
1230 92
549 94
1022 79
581 62
379 99
146 63
1635 53
47 6
882 81
561 23
1603 31
1274 18
1466 48
808 70
1428 75
1090 23
1567 75
878 100
1848 59
1722 8
110 14
1074 82
126 90
30 97
1863 24
1745 53
1205 66
1381 76
28 96
1585 93
1386 19
132 57
1824 90
621 54
846 40
1495 61
433 12
256 28
919 13
1241 69
1685 76
1667 19
1805 13
1841 59
1694 31
1547 48
393 82
893 84
1335 58
1676 54
959 18
733 86
498 23
1145 3
1325 50
1345 14
422 83
310 48
212 94
970 50
843 88
16 59
1007 30
1203 14
1324 77
828 11
879 85
292 13
664 84
645 62
1429 4
386 8
676 29
1057 7
1728 9
714 97
748 38
1749 87
1595 56
68 19
1574 72
769 69
426 14
1458 62
961 54
1058 15
1805 87
1204 33
1417 92
1404 38
1221 57
187 62
625 97
1360 20
259 76
1130 95
1295 47
693 42
803 20
1181 23
1379 45
1005 89
547 75
69 29
201 27
283 1
256 19
1618 73
1382 17
1778 44
1655 55
736 79
546 44
1296 14
807 8
1226 14
830 19
914 20
1567 76
1204 67
1342 78
1524 5
1890 22
468 20
1662 9
559 97
1765 28
1585 29
1530 30
1682 65
19 23
985 8
604 91
91 69
1508 26
114 29
930 3
1120 35
489 29
1557 74
1607 40
721 88
1712 62
746 72
137 80
367 87
276 3
942 7
705 68
399 49
382 6
277 92
1158 5
20 48
27 26
1596 97
1059 76
200 3
156 66
999 22
1368 43
667 55
106 95
705 51
1175 76
864 89
311 39
306 43
278 65
346 25
1475 33
615 90
1297 17
1705 32
447 82
221 55
1496 83
1126 9
552 91
964 98
514 77
119 33
576 48
136 69
819 17
751 98
855 39
924 58
1014 93
769 77
1175 34
773 97
1355 56
1768 77
1730 38
1548 8
1182 89
1656 34
