1364
20 12
228 55
224 48
150 88
11 77
256 36
216 66
168 42
194 49
175 3
246 92
134 86
45 15
53 12
123 58
28 81
39 95
125 41
160 96
76 61
18 35
93 96
7 17
266 49
86 39
126 80
259 45
101 35
156 100
45 13
155 41
121 66
12 75
13 21
264 75
4 65
150 67
196 15
153 94
110 13
127 98
125 32
220 36
83 4
133 27
159 36
67 52
47 93
227 40
70 83
85 36
265 92
253 2
54 30
147 15
74 27
215 69
137 75
174 59
164 58
222 83
149 3
86 54
201 63
126 13
141 3
247 60
152 31
86 80
196 76
260 88
6 83
192 87
34 66
266 76
33 65
182 39
255 49
108 4
11 59
248 41
137 66
206 79
81 69
101 22
65 43
98 81
254 66
234 87
161 45
126 63
193 42
110 75
273 11
208 21
58 77
255 4
3 34
99 25
101 90
189 82
141 90
126 68
175 14
77 59
229 24
168 64
158 95
124 17
140 64
89 78
187 25
171 68
99 96
210 49
162 14
40 94
45 56
234 25
50 54
186 30
36 58
89 57
181 63
244 26
204 5
16 96
130 100
126 17
247 55
273 23
6 83
173 17
20 77
220 11
124 88
36 97
69 17
75 33
205 26
111 90
42 63
270 48
227 96
17 93
133 84
30 40
223 49
93 45
108 15
21 52
5 19
209 86
164 86
62 15
270 93
223 37
220 14
5 70
205 94
143 9
15 69
48 77
235 85
191 36
19 90
217 51
95 49
92 48
128 98
136 77
82 8
248 90
259 72
245 15
23 64
151 12
197 32
262 53
147 72
202 66
15 1
46 88
265 63
227 86
94 49
7 87
94 37
140 97
46 67
2 6
40 42
64 21
107 14
78 23
132 52
86 73
191 41
71 8
121 14
76 45
197 26
270 55
253 69
99 35
90 90
210 95
52 83
1 55
32 89
108 38
120 57
256 15
262 74
153 30
153 72
74 93
134 4
228 70
166 41
34 63
119 47
172 91
62 67
37 33
262 61
207 59
118 28
75 27
138 82
7 3
221 98
58 2
68 29
207 50
237 1
177 19
74 33
162 90
145 48
189 88
100 39
3 20
116 90
96 89
193 36
187 61
189 29
242 77
201 1
17 88
27 12
265 13
142 30
20 53
99 51
71 64
259 45
145 63
272 65
14 73
151 77
237 70
79 30
45 56
103 6
63 85
268 79
12 34
173 53
105 47
109 70
66 24
130 50
180 13
51 16
264 14
38 6
95 31
79 82
194 69
65 51
36 28
113 53
17 16
88 64
126 98
178 2
37 31
54 15
253 63
252 40
121 68
106 65
194 82
42 84
191 87
176 21
139 1
11 44
134 42
206 51
65 89
116 57
131 5
232 26
170 70
92 90
100 39
83 9
243 100
74 9
131 23
63 80
138 6
65 65
251 79
68 82
19 96
212 93
188 72
70 89
210 42
204 76
10 9
162 17
43 53
186 44
39 2
162 19
125 88
269 4
17 50
13 56
191 89
155 31
4 83
13 60
65 9
107 60
171 40
106 89
72 79
86 8
23 45
152 35
120 66
142 91
243 95
262 64
256 35
95 20
119 76
150 49
83 70
32 92
128 32
81 38
9 24
70 96
174 49
263 67
243 97
51 29
177 7
120 27
125 8
10 86
75 5
38 32
251 76
100 45
88 34
113 58
143 91
38 50
78 46
155 66
223 99
144 29
244 59
42 15
266 37
133 85
225 38
206 54
82 77
17 72
170 68
146 46
170 53
101 50
180 62
226 68
136 61
247 39
123 34
205 87
90 64
251 65
35 82
34 65
175 61
201 92
106 94
249 26
19 1
104 35
49 98
92 17
45 31
59 61
219 44
179 80
3 78
162 5
86 48
223 88
106 7
121 34
35 40
251 69
237 61
70 81
113 27
9 66
55 16
48 83
193 19
161 22
207 5
145 91
71 41
11 70
3 23
5 68
144 79
86 38
136 92
112 50
16 56
261 34
47 28
43 23
266 19
78 35
44 46
233 72
53 26
127 20
62 85
157 55
271 44
61 60
190 46
147 12
84 17
158 68
59 27
71 82
179 45
125 50
103 19
270 99
83 74
218 66
193 96
109 42
90 20
23 41
178 97
32 45
149 40
54 61
171 40
34 79
188 42
12 76
141 26
248 52
144 97
173 98
160 8
192 63
145 88
162 92
221 55
133 2
5 58
271 30
206 20
157 57
153 68
146 39
67 52
210 30
24 85
79 26
233 74
232 35
230 26
254 63
131 21
16 62
177 69
201 46
170 33
226 32
234 9
221 90
203 45
70 69
242 70
197 82
122 31
67 75
2 42
66 38
42 30
86 53
81 55
107 96
257 87
188 55
138 90
223 41
115 61
16 72
156 73
239 58
107 82
143 37
180 11
2 94
186 59
219 71
62 52
115 36
188 47
47 61
271 16
155 87
266 68
256 55
242 76
146 95
136 89
155 50
35 8
115 7
39 28
46 64
248 40
54 12
273 69
106 25
244 45
109 47
209 100
242 78
70 67
13 54
22 44
210 13
237 42
197 34
158 69
253 9
34 81
107 59
185 79
64 39
246 32
175 88
63 71
21 94
46 50
68 39
98 19
91 46
100 25
118 3
195 11
148 30
73 71
223 16
82 51
27 100
105 46
256 74
256 22
225 60
89 30
76 1
14 81
140 89
198 20
45 8
237 60
93 76
246 93
168 49
247 78
235 39
144 77
223 80
103 19
67 62
189 79
266 61
34 62
226 35
232 92
30 86
185 4
138 20
256 92
176 18
258 39
81 49
178 9
138 1
259 11
55 86
198 23
167 35
33 14
42 80
37 45
259 29
240 98
175 21
269 25
20 30
75 57
41 51
232 40
53 40
130 81
30 82
176 13
226 72
148 77
37 82
77 90
253 94
104 76
124 21
113 85
112 13
116 90
205 55
179 76
116 27
249 10
92 24
241 8
8 17
11 45
230 17
198 31
69 28
83 64
183 4
129 90
52 53
194 9
98 80
114 11
3 19
25 8
85 78
172 27
148 100
15 15
196 19
242 12
252 5
48 5
231 82
138 36
61 71
161 33
234 77
65 94
187 61
267 80
240 72
230 38
60 58
86 38
231 79
155 45
92 75
263 68
241 71
89 39
228 45
54 65
159 60
67 72
185 33
20 47
192 85
69 4
16 1
70 64
222 4
187 98
179 14
22 99
217 20
33 85
20 95
53 15
81 11
153 29
30 82
212 63
114 14
39 75
182 74
255 25
76 8
10 95
233 64
105 4
149 6
142 49
37 89
266 85
142 44
221 18
228 62
84 61
35 25
147 47
2 2
12 68
66 82
75 96
167 46
117 81
149 66
53 23
5 80
117 70
30 76
50 95
180 89
119 77
142 8
215 39
195 84
115 91
51 67
14 93
53 36
243 60
187 88
51 76
171 56
158 67
214 93
139 75
160 31
77 54
21 49
135 46
262 89
83 45
185 90
148 15
2 74
105 13
200 29
261 54
20 60
113 34
220 5
138 85
155 85
128 46
42 7
224 73
263 100
110 10
272 88
35 94
46 12
86 90
57 86
147 34
18 16
231 96
266 11
267 36
129 25
147 3
27 100
8 56
45 16
183 74
253 17
248 10
127 27
11 61
211 72
229 50
172 49
212 58
175 11
238 77
218 42
165 1
123 25
84 9
13 1
212 79
183 45
172 18
230 53
171 70
212 8
31 64
269 23
272 92
21 21
200 27
49 26
83 58
32 82
40 2
37 72
62 7
104 24
270 14
175 87
122 51
105 100
65 6
241 92
135 69
104 68
18 32
69 43
113 77
151 27
163 50
62 35
70 49
67 89
74 71
101 11
74 5
119 4
219 13
48 64
272 58
154 27
163 88
193 84
127 62
187 69
94 45
266 44
188 95
15 63
113 19
7 7
272 79
101 77
64 91
160 100
27 28
158 44
54 74
2 72
170 20
241 58
255 73
86 48
106 98
87 52
94 34
75 68
95 48
258 61
86 68
8 10
35 63
125 37
214 99
134 70
260 19
59 13
97 77
194 79
146 87
26 54
253 92
89 72
258 6
21 76
124 77
61 18
181 13
157 19
196 20
27 4
228 93
228 29
169 23
267 62
87 20
88 52
216 47
228 88
223 23
38 93
149 38
11 6
138 84
66 13
28 63
136 34
18 38
88 82
95 66
24 33
168 2
161 48
64 71
105 80
217 68
3 91
54 83
154 31
161 57
180 92
106 60
17 17
227 5
108 65
244 21
79 56
255 88
222 27
2 51
262 79
71 75
177 7
136 22
223 77
197 19
20 64
267 86
34 31
202 25
192 79
190 32
2 89
46 3
215 37
146 84
183 48
56 92
200 69
25 61
232 80
40 76
119 82
63 94
244 13
248 85
261 61
242 17
226 8
244 84
138 2
240 96
263 88
273 70
17 31
229 31
187 32
224 83
179 4
55 26
63 53
225 56
231 1
237 1
37 95
7 95
243 57
114 99
27 25
201 16
102 82
263 90
209 22
15 79
245 74
122 92
26 77
104 20
253 7
233 97
207 99
241 31
224 53
131 8
25 17
91 58
204 68
168 83
272 61
49 95
50 100
259 48
145 30
49 94
44 79
146 82
56 31
156 21
2 64
169 31
93 64
29 97
218 77
46 86
130 5
155 18
181 22
56 10
141 9
21 69
195 2
120 60
33 89
123 13
134 62
21 41
1 85
215 18
87 96
222 90
56 12
23 9
160 37
153 75
133 69
28 71
237 18
218 27
7 65
20 3
150 44
26 91
1 12
38 94
172 18
271 89
197 22
139 29
192 3
139 56
4 28
145 26
36 75
246 78
188 96
260 57
109 60
11 69
25 27
130 82
252 37
262 13
31 76
25 62
173 69
223 13
181 18
263 12
240 1
123 19
159 9
243 7
224 85
76 12
212 69
36 70
33 75
271 61
112 58
239 54
117 44
242 40
272 36
20 87
70 79
16 86
208 19
66 13
50 3
204 73
121 21
266 48
139 94
271 53
175 48
203 65
111 70
81 19
167 72
247 29
141 24
89 57
193 15
231 30
76 77
227 100
87 32
113 7
74 98
110 45
87 8
207 85
125 2
30 89
201 81
21 95
177 92
56 19
65 17
99 75
109 11
44 48
66 20
119 69
163 70
134 54
43 43
257 73
87 97
181 44
243 85
213 17
94 33
196 84
262 51
137 63
199 13
129 23
243 13
83 67
36 35
198 80
122 22
31 82
92 89
200 37
61 38
190 44
44 83
37 40
30 37
229 76
150 50
104 100
115 68
144 85
246 52
180 3
113 41
101 39
203 66
132 1
101 8
66 69
26 49
72 37
161 41
259 12
273 54
22 28
180 37
99 12
78 97
8 34
113 20
78 61
80 46
6 83
204 3
69 36
210 48
109 59
137 50
58 97
92 88
210 76
15 42
191 81
230 99
216 94
11 23
154 60
249 42
263 34
129 23
131 60
89 86
229 62
192 97
146 57
160 31
105 53
256 61
46 3
156 100
201 93
196 27
134 2
227 71
256 41
99 42
194 44
52 19
165 36
28 1
209 86
26 23
145 68
168 42
44 27
140 9
263 61
161 38
68 53
139 19
155 40
265 86
52 26
116 42
54 67
47 33
47 15
245 18
131 98
251 74
187 36
28 69
131 57
193 72
55 32
133 44
246 69
165 21
30 45
209 29
80 31
241 94
196 98
218 14
168 6
227 22
20 59
138 56
95 4
112 84
58 52
162 51
186 4
25 41
62 27
236 68
107 13
147 20
248 5
136 26
173 22
127 71
72 63
191 37
217 18
216 6
260 65
246 60
34 53
5 81
191 97
125 48
86 90
250 9
54 72
45 56
111 34
154 34
14 17
20 76
61 19
105 76
138 26
10 23
209 80
172 62
217 94
20 10
165 33
72 7
12 62
98 44
139 67
108 2
207 99
71 13
27 3
130 2
215 47
34 23
201 68
98 45
261 83
234 79
235 60
106 8
119 79
45 41
150 71
53 94
212 50
265 21
208 45
201 48
4 86
172 79
152 44
102 44
60 17
249 89
82 4
67 94
254 61
80 16
77 92
200 25
98 2
130 40
44 62
27 70
11 80
19 89
272 18
222 39
170 20
155 58
134 23
43 44
42 60
102 18
208 55
86 100
102 84
30 27
118 80
8 34
244 81
108 77
58 82
105 63
8 30
31 89
106 38
153 3
33 33
59 44
232 78
11 69
114 45
259 38
208 100
120 99
122 37
238 27
60 21
93 15
153 55
115 1
160 60
44 28
103 97
136 9
165 92
267 62
12 88
264 10
63 64
96 13
211 5
272 2
58 33
120 11
62 92
135 53
60 25
81 30
165 69
143 80
126 61
68 20
213 2
162 44
27 91
143 95
105 7
23 59
259 82
52 33
199 29
108 36
185 89
98 12
88 25
29 46
156 2
253 20
184 66
133 76
206 64
135 94
214 36
68 38
97 69
240 84
226 97
134 59
201 34
187 35
203 49
15 27
64 84
197 26
17 43
159 41
143 50
219 29
131 97
13 10
251 92
50 28
32 33
45 81
244 21
60 72
161 98
83 21
34 22
215 95
228 20
266 69
225 61
90 97
258 7
88 17
249 72
136 100
248 52
129 76
5 26
120 18
254 90
100 25
176 57
170 45
202 3
157 98
47 78
61 61
178 43
124 24
215 46
177 15
31 92
273 36
33 31
51 1
224 90
106 28
217 7
263 96
16 75
82 34
53 63
249 72
110 37
193 56
63 17
109 88
134 81
201 39
195 11
18 26
65 60
108 38
255 43
264 48
121 52
61 98
175 9
188 28
96 54
166 16
235 96
261 18
80 8
244 70
122 64
126 36
132 59
180 28
17 97
14 34
262 15
220 26
38 52
161 35
122 90
14 18
59 73
233 42
236 16
33 87
100 73
242 68
12 24
13 75
54 39
136 22
258 53
34 79
177 26
171 30
248 17
227 69
43 86
37 16
170 6
216 15
8 1
73 24
90 31
227 67
229 14
88 76
259 77
125 94
148 74
35 18
101 91
243 74
6 99
222 37
141 6
192 41
118 9
72 16
230 54
52 99
241 88
129 36
179 10
127 51
119 55
153 45
4 11
258 55
100 44
167 17
248 12
172 87
268 69
35 40
218 22
32 68
118 96
181 28
38 42
52 65
99 95
223 41
174 91
132 37
30 6
66 26
265 63
163 98
267 51
254 12
63 99
7 40
88 58
118 89
148 80
105 80
97 57
20 92
74 99
90 52
126 48
138 27
112 9
89 9
269 69
2 18
152 40
86 12
34 31
73 30
208 71
185 20
56 30
4 9
142 26
218 41
171 95
93 87
42 2
208 61
194 42
5 22
223 54
40 18
229 91
162 50
146 61
251 20
96 65
75 53
257 87
210 9
220 26
13 14
59 59
203 83
153 64
28 76
208 40
135 39
222 33
183 48
45 10
245 27
136 58
109 14
44 12
157 6
124 84
272 7
49 27
197 52
159 5
233 21
138 71
255 9
98 31
233 91
24 27
256 61
35 22
258 98
225 13
219 50
197 69
28 84
263 99
266 62
223 59
188 92
105 52
52 46
73 60
184 28
166 99
128 7
203 12
224 24
164 28
41 83
71 92
101 92
53 28
67 87
178 98
12 51
124 27
253 47
232 14
27 95
66 38
264 88
43 55
138 63
191 56
145 38
22 40
95 51
108 24
200 86
170 8
82 78
51 81
223 83
233 69
273 71
77 2
118 46
6 19
234 81
272 54
201 99
183 33
251 52
159 90
147 78
162 63
152 66
252 58
210 90
23 30
149 94
219 56
249 54
161 12
194 31
184 49
65 89
154 90
203 37
246 76
232 27
34 88
247 88
86 56
68 36
163 49
271 31
234 58
117 25
258 79
102 83
106 86
273 64
208 76
56 53
50 66
245 63
23 30
179 81
56 60
9 43
16 87
270 59
97 12
214 19
170 75
187 94
19 47
252 74
128 20
186 17
112 83
48 19
263 79
71 56
177 25
131 27
253 95
75 45
234 92
153 98
27 73
102 16
214 23
185 44
63 95
38 4
82 46
50 65
146 88
194 55
45 11
16 49
5 67
23 61
24 44
196 16
149 63
132 41
54 59
150 40
188 83
176 67
147 97
269 45
83 64
86 31
30 19
163 98
68 24
204 38
78 31
151 73
195 20
168 9
155 75
4 98
263 51
161 94
87 57
37 2
61 9
108 4
263 30
111 34
55 41
215 7
144 33
32 14
118 37
60 92
258 19
220 100
44 10
130 66
45 69
97 100
4 55
272 4
266 62
17 65
80 67
239 65
10 76
35 98
172 12
114 41
80 41
245 48
219 38
60 55
216 41
224 59
63 30
189 29
240 26
69 73
80 11
99 51
109 63
62 74
42 46
197 49
162 27
16 100
18 38
73 15
190 15
25 40
43 6
81 79
139 10
86 38
39 64
126 82
24 15
26 4
180 73
67 12
147 58
192 84
262 26
16 13
43 83
126 36
265 35
210 52
222 55
171 53
268 93
15 92
66 47
268 68
12 70
227 4
172 59
151 97
109 1
193 29
187 8
33 51
239 57
59 28
129 52
134 83
8 54
243 88
246 29
54 55
237 16
254 47
29 62
14 80
193 67
171 6
199 10
270 58
109 69
189 66
71 100
150 46
27 81
35 93
96 65
233 81
50 22
24 69
55 92
21 57
73 60
252 58
241 56
166 76
2 75
19 62
67 25
171 47
204 10
217 30
245 9
59 98
129 26
195 75
247 53
246 100
105 97
142 17
176 9
110 39
28 75
120 41
41 22
97 49
158 49
38 7
167 93
54 83
18 84
70 50
217 44
85 65
116 78
63 5
199 57
74 18
248 83
151 86
246 13
183 80
127 18
123 69
105 14
99 48
201 51
117 40
29 97
209 21
52 57
86 51
118 30
178 88
179 22
82 86
71 68
156 37
196 87
257 80
203 21
49 61
231 25
58 10
204 65
122 63
61 41
37 17
36 11
263 18
220 86
236 29
272 20
229 27
209 11
59 49
162 70
161 87
61 42
206 100
119 17
119 82
38 66
259 16
42 44
171 6
122 21
26 34
242 15
135 41
86 29
2 31
219 76
42 75
37 66
161 65
174 42
251 37
185 40
82 20
130 85
232 30
108 95
207 16
63 73
260 62
51 22
206 37
242 80
93 31
17 30
101 21
255 23
67 37
22 16
58 97
37 56
129 42
19 99
255 25
267 91
38 75
59 40
137 74
250 71
50 88
132 53
47 9
184 12
88 69
111 29
177 96
253 44
64 57
264 75
135 36
247 13
41 41
119 32
14 43
184 92
26 83
198 79
89 62
250 32
81 88
156 17
251 73
138 83
68 87
184 76
97 69
87 9
95 67
110 60
163 8
207 68
239 55
185 32
181 77
141 35
259 47
2 50
172 30
43 15
134 95
109 59
255 51
7 71
221 83
23 19
235 71
58 42
11 97
81 20
213 95
244 55
203 33
152 46
80 12
68 91
116 64
196 75
91 39
83 80
270 92
123 17
176 93
237 5
111 81
226 10
44 40
96 20
77 40
139 21
268 45
1 6
231 82
62 75
265 96
56 69
11 99
29 39
227 47
210 72
191 61
145 85
214 56
249 72
140 39
33 43
83 19
174 95
50 57
44 33
245 89
183 97
224 22
35 14
230 31
37 35
27 69
197 49
257 98
43 39
268 86
100 62
90 21
244 16
42 31
84 69
198 40
127 80
118 33
86 49
165 61
187 50
19 91
262 43
112 62
34 82
13 14
222 72
105 86
254 49
151 81
200 6
271 45
149 48
232 69
144 40
150 2
229 81
12 74
155 97
83 51
76 70
12 57
73 82
265 65
24 79
134 61
102 43
63 28
36 53
220 87
40 13
203 5
267 2
89 32
8 14
118 28
18 45
9 18
192 96
120 55
258 40
51 8
56 10
179 46
192 97
34 24
187 4
67 81
246 1
84 35
108 7
19 10
269 36
3 44
25 78
92 77
239 76
224 98
172 98
193 22
257 51
143 4
245 13
199 88
38 14
57 52
176 55
265 68
273 31
200 82
183 86
12 13
255 66
250 79
183 6
160 18
102 95
153 53
124 91
158 62
76 42
194 39
82 5
43 94
59 70
173 62
10 18
154 91
268 78
147 71
66 90
103 16
15 38
218 55
62 77
9 70
56 52
242 83
124 20
149 29
73 54
88 80
215 2
69 97
69 30
32 61
227 59
105 52
212 13
260 78
94 55
34 64
34 7
113 85
89 67
8 84
128 15
60 15
1 48
256 6
140 33
160 33
86 17
202 8
194 76
147 4
231 79
204 95
41 23
261 7
113 20
43 99
13 62
99 72
171 57
5 11
89 84
246 68
258 44
32 38
65 71
85 77
88 54
124 38
123 58
95 35
131 75
89 3
111 13
178 82
172 98
25 48
49 81
218 18
106 69
231 54
175 91
136 73
217 17
100 74
167 47
84 81
147 29
105 94
164 61
16 14
144 57
87 98
70 83
242 26
203 56
66 17
171 28
145 31
151 80
4 7
35 24
34 68
223 89
229 6
107 74
204 38
265 92
253 43
83 73
16 54
16 54
71 54
78 21
201 15
223 89
73 32
219 83
209 26
260 37
123 65
9 17
249 3
194 8
168 38
24 21
51 30
72 11
142 73
68 23
11 85
232 72
170 79
103 2
235 43
77 68
234 57
107 58
27 28
193 95
63 47
235 7
59 40
4 33
217 55
104 22
91 71
49 30
90 83
62 92
77 16
151 75
93 41
34 31
124 70
23 34
40 46
152 61
249 1
206 56
163 60
148 4
200 15
105 71
230 35
146 26
141 59
262 68
129 13
117 23
29 38
21 25
144 32
26 13
96 85
166 97
273 15
82 48
202 78
244 40
132 64
141 39
156 26
137 95
188 4
212 72
96 58
230 38
241 36
166 59
146 88
67 50
8 76
21 28
96 71
174 55
84 21
81 10
167 94
272 53
52 89
13 19
166 55
214 4
160 86
191 7
82 93
193 78
1 60
174 23
58 85
65 22
228 80
62 30
54 78
181 88
230 35
16 42
244 94
229 36
261 45
180 23
227 52
199 67
9 6
124 1
187 23
172 67
134 38
11 26
269 9
160 99
121 46
65 56
196 81
122 53
253 11
84 80
137 78
256 63
135 58
247 14
5 45
238 16
181 54
103 11
49 2
268 68
268 92
174 99
52 16
178 68
174 37
130 48
246 60
240 27
118 78
174 58
238 9
70 68
7 78
97 69
77 54
204 81
57 10
126 73
193 65
273 54
229 98
159 65
64 59
236 8
112 69
242 43
48 27
86 85
15 22
189 94
260 48
129 70
96 72
195 38
268 40
22 85
74 90
265 18
132 49
82 24
89 8
152 5
83 36
89 84
177 9
262 49
6 99
84 45
193 35
164 25
210 45
79 64
172 50
262 10
240 80
14 11
171 22
91 66
144 52
37 68
273 38
66 44
141 92
75 79
105 99
198 60
141 95
150 93
63 37
67 39
113 32
119 14
269 67
235 20
12 24
208 25
122 16
149 79
25 86
145 11
198 54
119 35
5 64
238 37
187 20
110 53
227 25
201 96
95 30
201 4
90 68
167 29
136 62
118 39
143 72
95 61
65 31
149 96
192 59
83 33
11 1
129 93
161 95
60 60
175 19
210 52
52 8
185 19
249 73
72 72
48 19
233 77
84 23
54 18
247 38
78 47
159 8
32 35
70 67
243 14
266 24
93 4
158 4
109 39
260 14
102 40
181 44
199 52
111 43
170 62
27 73
147 1
129 1
42 57
190 88
219 45
22 22
97 83
194 81
118 92
10 82
146 85
235 84
229 71
252 66
65 64
20 88
53 84
113 60
206 99
156 3
260 4
205 85
186 12
248 60
150 24
24 47
141 88
47 1
92 5
123 25
158 24
271 39
81 64
57 54
222 51
86 85
145 22
165 6
52 76
151 98
156 69
270 86
141 44
24 61
187 97
223 64
236 71
269 89
208 20
131 63
53 88
229 91
81 12
168 36
184 61
107 90
94 19
162 12
234 25
134 1
219 85
120 19
113 34
178 11
118 32
244 34
259 97
269 6
142 38
220 37
213 91
145 7
111 85
153 53
222 70
246 13
169 68
11 19
96 23
155 32
164 23
24 24
213 45
159 43
43 20
143 59
156 12
137 35
21 80
216 94
169 19
242 25
253 14
152 99
140 11
250 94
178 11
2 29
97 73
153 43
227 91
206 78
191 65
44 28
37 62
199 14
62 18
30 24
250 37
198 45
76 41
75 76
218 94
64 1
106 51
55 20
255 100
56 81
124 83
150 99
130 19
246 4
7 51
2 18
120 84
246 57
216 9
190 58
109 100
219 87
8 25
87 18
30 46
245 68
148 53
8 95
131 69
53 12
262 28
268 92
124 71
90 75
135 34
241 25
3 94
89 7
69 97
27 94
148 53
25 89
161 37
46 33
77 38
142 35
39 1
165 66
156 25
81 43
217 85
237 25
254 7
32 68
45 54
234 90
118 3
247 83
125 12
205 91
89 13
122 78
106 83
251 9
179 6
268 92
141 5
47 10
181 26
100 85
177 12
160 52
