4455
327 40
719 46
287 41
676 76
865 83
95 98
462 69
669 80
885 99
838 85
397 51
179 37
196 64
732 97
139 93
870 64
866 2
217 61
561 85
51 41
221 43
58 41
131 31
43 69
856 24
511 34
396 84
814 96
630 29
131 91
8 30
175 100
476 34
225 44
264 62
453 7
528 65
217 36
154 5
488 78
3 23
194 91
711 70
631 43
219 79
383 61
784 28
244 94
781 8
795 73
832 84
546 15
302 49
64 58
889 17
651 88
458 97
485 21
421 83
57 16
625 2
309 15
51 91
506 97
406 46
205 30
269 92
414 21
461 38
192 34
837 41
566 39
355 48
455 82
523 75
663 70
773 15
356 96
328 44
414 8
592 92
844 58
815 50
389 9
324 37
383 84
178 6
621 36
622 76
605 80
10 1
552 39
54 26
325 6
344 39
89 89
386 16
337 43
346 75
516 64
709 77
864 26
658 84
621 93
471 12
388 84
700 98
524 53
96 69
257 82
148 2
207 28
538 22
185 72
349 55
868 52
525 33
358 42
544 35
785 79
197 60
636 84
79 69
51 24
866 91
47 87
580 24
687 13
535 53
367 19
630 92
574 32
247 8
318 11
10 70
515 93
367 26
205 34
146 86
13 26
108 66
665 34
125 88
376 79
249 65
735 10
380 82
290 85
799 14
261 17
25 92
294 45
162 22
2 19
857 25
596 100
272 93
859 68
37 66
300 49
789 55
61 28
782 53
136 90
50 14
678 93
460 24
497 22
173 69
821 32
831 46
790 66
853 76
183 8
499 13
93 86
34 38
679 70
434 26
739 47
625 91
813 32
719 79
637 69
248 10
697 64
639 71
604 75
185 22
114 52
27 43
296 10
837 22
5 50
828 50
700 46
491 24
114 85
550 24
159 25
232 92
519 48
206 81
740 48
438 100
513 34
395 25
720 52
641 91
844 65
361 75
726 88
99 92
62 66
805 37
315 5
651 91
148 87
648 64
550 74
477 21
97 68
12 23
801 86
830 93
64 59
828 23
324 58
563 37
384 11
356 70
164 25
741 75
318 98
655 87
590 97
833 78
458 95
670 73
417 73
308 41
63 59
174 2
338 87
700 18
390 42
588 12
520 82
36 75
840 46
179 79
345 11
400 77
359 79
686 7
599 73
50 63
714 23
599 58
471 60
567 99
862 31
428 12
453 61
379 38
885 68
885 95
601 3
119 69
652 42
385 17
710 72
217 2
187 15
51 51
293 69
493 46
697 59
128 18
883 98
800 40
622 64
565 89
779 66
102 17
181 82
467 32
538 80
432 57
147 5
511 16
23 94
631 53
13 67
488 41
393 46
452 40
364 95
715 21
358 25
518 72
874 64
157 59
820 32
865 84
264 52
451 49
139 64
778 73
134 94
534 23
75 63
489 79
88 15
824 9
495 25
154 43
708 51
862 66
314 91
298 15
95 70
215 11
158 70
806 83
815 88
623 22
566 69
532 89
526 3
537 64
243 28
794 55
851 15
279 71
515 64
163 74
474 100
534 35
436 27
388 89
541 23
526 58
450 45
184 28
733 39
724 70
512 6
443 3
70 19
311 50
592 93
384 27
872 58
35 26
554 15
48 18
881 86
577 84
628 17
458 37
497 13
396 64
239 84
595 53
234 86
218 85
619 76
310 82
381 90
418 86
96 100
643 97
644 23
469 53
80 87
487 5
469 69
554 1
276 84
577 76
474 11
370 76
161 33
771 23
719 26
122 26
830 35
271 76
753 18
785 91
581 89
320 11
488 30
759 95
90 24
751 24
493 94
353 77
871 43
392 38
387 86
133 1
360 45
709 40
37 60
418 28
688 99
35 100
889 96
361 96
420 30
304 19
182 88
169 71
204 15
385 100
90 74
230 44
238 51
228 34
828 41
357 81
78 8
203 12
39 17
770 89
624 89
620 31
814 3
480 15
366 91
564 68
408 13
858 48
504 14
483 97
164 96
524 30
286 33
279 90
761 29
815 64
145 28
89 89
820 14
262 45
552 51
319 46
489 33
629 86
285 83
532 73
316 19
593 22
349 41
738 33
198 1
553 72
393 21
573 17
872 93
382 81
320 35
394 59
813 15
345 68
290 21
259 83
437 27
531 22
51 77
227 85
76 71
222 13
60 58
663 89
693 24
680 73
205 26
858 26
239 67
441 81
28 25
188 62
864 81
221 41
255 83
305 6
791 51
82 45
303 69
842 81
109 58
844 61
637 44
204 70
654 77
22 32
670 24
867 65
608 26
259 70
121 94
885 43
79 70
409 16
821 30
705 14
576 100
316 91
688 42
326 38
881 16
369 87
97 97
430 32
136 63
628 14
293 29
591 44
55 91
822 53
457 75
782 41
749 44
104 47
891 23
149 22
56 78
401 37
834 69
324 6
328 81
350 59
562 64
91 61
485 24
479 28
692 33
655 26
496 48
622 14
170 70
640 91
281 89
12 65
60 60
50 95
829 95
532 43
449 57
174 85
582 10
859 95
848 17
779 43
117 1
606 78
277 74
90 45
549 57
57 53
692 70
769 80
577 18
378 95
96 43
784 3
490 90
708 70
754 73
865 85
446 83
633 50
266 9
678 15
741 52
630 31
661 34
271 87
175 83
868 36
77 20
637 60
449 64
642 37
316 31
672 20
363 63
229 96
402 86
453 96
858 97
738 56
572 26
747 22
737 46
436 51
488 23
606 73
748 33
806 80
740 87
839 3
810 25
845 74
596 97
835 63
684 56
793 63
567 56
353 33
669 34
612 32
864 30
377 29
588 76
152 70
305 62
816 11
645 22
173 74
406 38
694 29
220 83
240 28
348 12
353 95
800 17
436 65
32 14
281 26
491 74
802 15
444 81
505 11
183 4
649 98
28 79
555 28
884 56
91 70
331 52
510 61
579 17
261 40
259 6
210 46
677 8
670 23
603 27
577 46
191 9
307 19
342 87
82 86
575 61
863 53
319 38
121 25
196 89
480 85
380 92
235 19
330 1
555 96
579 85
252 96
191 14
151 2
128 61
857 9
593 94
677 21
770 29
700 21
787 28
742 91
673 90
96 57
318 98
591 73
431 28
266 79
162 52
719 53
783 1
518 36
222 66
859 5
296 54
504 29
656 67
316 5
705 41
489 60
748 11
641 67
406 67
569 33
864 94
184 79
49 49
798 31
721 16
376 28
331 7
270 22
714 90
830 29
483 98
281 94
343 37
98 54
610 57
474 80
211 9
326 9
260 36
647 35
198 25
474 21
769 47
630 8
190 2
197 56
834 14
571 70
96 14
796 76
210 94
205 94
640 18
141 47
516 62
218 39
705 96
838 17
800 28
194 19
461 25
260 87
228 63
184 65
304 65
828 40
766 4
198 84
561 67
525 66
80 68
177 15
486 41
873 93
325 5
63 56
641 16
97 88
484 31
202 50
229 91
633 7
470 100
321 28
180 74
759 5
568 63
624 23
527 68
574 99
615 19
696 98
118 99
307 26
201 37
179 48
59 36
589 2
383 64
4 39
350 62
880 12
59 14
536 87
868 56
530 54
862 89
705 20
619 18
72 29
443 59
734 14
603 17
332 95
674 49
137 69
552 57
755 51
666 37
361 27
529 67
121 46
693 13
130 39
297 99
524 15
184 67
689 73
870 88
636 51
663 44
753 8
513 96
709 68
454 23
331 77
46 68
61 18
248 89
244 100
340 29
434 1
409 70
538 41
344 64
59 100
509 31
217 36
658 46
633 24
713 28
729 89
834 37
693 24
733 36
201 98
668 41
160 49
812 85
223 24
300 3
272 83
699 26
184 47
465 12
683 14
715 45
231 59
478 59
355 67
832 76
256 81
779 5
600 44
877 60
363 45
202 96
777 68
129 92
41 15
708 40
509 41
565 54
568 85
483 19
698 54
598 100
597 83
679 1
760 47
542 8
337 72
663 43
104 73
730 81
862 46
593 73
460 36
385 3
482 54
820 35
505 52
445 83
81 44
361 50
426 50
60 38
789 27
305 12
241 78
265 91
541 17
129 68
33 7
493 11
76 62
635 33
272 85
429 90
671 30
349 96
541 84
330 35
639 92
542 52
100 77
535 64
135 79
890 95
129 62
538 10
755 20
884 29
51 70
746 40
358 71
882 26
14 77
597 61
829 44
502 63
375 26
683 43
832 76
120 12
653 76
329 63
14 93
388 38
76 18
717 89
156 81
94 49
715 88
502 98
243 83
134 82
94 42
384 42
430 27
681 50
542 95
89 73
42 35
781 71
97 87
331 13
528 7
494 6
757 60
556 72
181 77
831 12
424 10
653 4
286 77
146 48
570 99
278 30
80 81
455 81
70 38
733 16
775 32
397 50
417 5
557 32
738 15
90 84
124 35
347 12
37 23
547 28
552 79
100 36
83 99
795 83
149 26
231 34
375 1
811 60
268 71
725 24
329 6
152 72
632 93
673 8
107 22
756 24
235 20
842 21
547 55
296 52
61 51
775 82
562 9
362 38
691 15
485 39
155 50
758 83
173 65
308 53
163 14
285 6
197 15
669 73
301 56
365 77
318 68
581 73
818 32
259 80
185 46
808 91
594 20
630 7
348 71
740 19
344 82
574 15
796 16
339 1
276 26
554 25
565 35
762 49
9 62
304 86
795 59
787 10
819 76
470 79
456 22
409 57
176 1
294 99
29 54
34 11
756 96
278 43
785 58
412 52
213 10
519 43
20 70
595 42
228 43
691 18
854 40
385 64
73 85
6 77
384 16
125 50
610 44
822 53
133 3
224 70
116 16
699 59
458 79
463 28
624 77
471 26
849 78
346 75
119 57
62 89
608 40
415 77
517 9
33 59
547 54
660 3
568 35
59 5
602 41
732 53
545 81
14 81
2 41
807 72
462 84
848 8
779 93
379 100
91 73
594 88
434 93
90 57
144 7
540 4
206 12
517 84
464 47
865 70
93 100
187 47
381 9
523 30
501 57
671 14
498 84
444 68
594 26
267 14
73 49
277 18
637 95
475 53
348 58
190 62
614 58
400 78
50 7
622 49
606 3
368 83
194 6
49 27
299 23
91 57
182 71
604 10
428 4
489 38
418 46
506 52
594 9
877 76
31 50
348 90
338 72
710 32
142 100
661 96
394 47
879 79
421 9
211 29
891 40
385 9
660 92
184 56
104 88
620 20
116 2
295 71
290 52
78 32
613 60
310 8
734 68
381 34
891 82
75 41
166 42
621 26
77 8
586 62
262 35
329 79
294 54
521 32
161 44
147 14
412 88
79 70
343 28
577 19
684 74
9 93
812 44
311 47
359 59
70 67
75 24
426 12
799 90
228 18
441 66
234 26
621 13
324 97
399 39
206 97
325 95
719 9
149 74
724 72
684 97
412 33
572 68
411 89
600 77
79 70
107 71
91 73
479 30
145 42
520 47
83 26
484 60
706 48
443 76
472 2
382 80
718 74
112 34
572 62
743 15
430 95
845 80
315 64
737 60
224 86
282 83
36 35
573 4
298 90
133 32
613 15
560 57
128 10
789 50
127 54
418 77
509 26
790 30
446 6
165 81
278 68
21 84
406 36
89 34
750 44
819 39
130 75
3 54
311 60
474 71
887 31
585 37
279 50
768 36
159 66
360 40
486 50
696 87
497 49
127 3
753 80
356 35
568 19
412 15
310 15
192 19
716 53
165 52
813 26
615 17
398 10
158 43
526 44
11 55
552 63
462 36
710 11
652 95
775 4
753 2
51 72
354 30
624 61
719 23
261 91
696 59
458 27
602 54
855 69
266 38
46 46
190 42
871 69
524 53
142 100
337 73
143 13
414 32
278 21
562 36
343 94
800 66
888 62
476 75
190 41
13 12
514 76
826 25
45 68
591 83
33 47
839 43
697 41
510 74
559 42
802 78
90 46
227 98
734 95
849 54
674 65
314 9
476 98
244 54
665 44
616 17
67 29
308 3
853 88
364 57
752 79
767 38
7 40
442 95
409 1
313 7
68 18
163 46
744 22
175 46
752 33
823 77
503 38
716 9
605 76
862 51
333 14
568 61
606 71
615 60
195 83
283 37
281 70
605 87
669 99
169 2
692 18
463 41
266 57
212 15
144 96
390 100
729 27
844 66
792 70
596 28
273 54
543 16
469 68
41 2
799 45
801 24
85 8
97 71
271 17
418 6
13 49
664 54
379 64
123 47
615 37
361 57
237 38
540 70
688 17
839 61
81 65
349 53
264 19
85 100
152 100
32 63
424 50
552 91
800 87
22 12
517 30
577 58
471 96
844 59
280 94
44 43
543 88
812 21
172 100
362 51
673 1
195 85
429 100
181 21
254 31
216 35
119 15
665 55
814 34
776 11
731 82
837 84
827 63
538 39
856 54
765 13
389 10
586 93
88 50
502 79
496 11
465 33
652 70
609 81
620 79
774 54
245 43
807 76
13 93
749 41
726 50
757 80
712 17
817 96
256 88
266 21
60 47
645 5
185 83
287 23
130 8
618 17
246 26
125 62
311 57
440 95
278 73
649 37
391 35
886 89
690 10
673 54
729 90
615 37
535 2
806 84
268 48
44 42
825 39
588 1
782 16
440 51
720 90
871 37
242 41
688 23
458 55
40 89
622 36
578 77
322 34
746 85
696 10
126 5
380 99
329 53
852 5
150 100
193 8
784 3
163 39
302 50
185 81
654 84
317 22
96 85
714 59
301 56
583 100
809 40
391 93
441 41
106 7
400 65
514 74
796 51
616 3
294 53
82 80
4 50
535 37
611 46
125 87
838 74
715 38
301 37
661 47
830 55
376 43
246 15
872 35
797 32
744 4
766 52
728 35
170 80
481 43
158 81
231 49
794 35
456 40
547 39
90 36
60 92
152 38
780 53
750 17
294 80
708 69
531 76
430 46
867 77
721 65
78 18
320 7
312 3
467 73
589 74
95 35
352 80
462 68
433 15
665 4
211 93
884 64
220 84
374 83
851 84
88 71
696 3
843 27
819 2
561 68
379 97
333 58
756 8
386 98
76 2
582 45
458 36
363 66
792 57
90 32
814 15
476 89
433 59
577 97
397 26
837 85
519 16
68 23
34 23
494 100
186 76
132 52
181 61
477 72
549 82
774 2
451 16
267 20
21 32
303 19
722 20
885 89
477 4
323 4
217 22
130 91
333 80
599 15
877 9
369 71
538 25
450 35
3 66
437 98
591 16
163 50
104 89
718 12
25 2
436 24
440 8
184 57
685 38
251 27
48 99
384 3
573 45
73 44
303 78
50 84
781 93
394 22
45 98
277 56
449 38
507 20
750 8
117 12
512 41
190 31
429 96
611 41
352 12
367 7
784 56
710 69
33 97
246 46
552 69
194 46
201 99
74 3
528 20
359 92
644 47
126 26
191 59
768 52
39 35
308 89
74 23
357 48
108 37
774 55
526 20
521 22
89 72
591 30
456 55
247 35
839 4
489 35
412 66
842 18
324 2
452 73
87 39
692 100
49 87
34 82
766 5
509 8
782 14
785 31
369 61
353 72
156 10
425 99
290 9
109 24
530 89
637 83
376 89
537 94
796 45
132 62
536 100
378 85
156 74
71 29
497 92
678 23
578 15
571 28
844 78
670 15
862 65
281 35
131 13
321 61
498 27
55 15
452 82
811 19
284 51
640 40
350 100
186 53
46 88
874 83
699 68
737 85
605 2
642 51
412 44
791 80
478 69
406 2
542 97
674 29
698 50
441 100
466 10
720 75
273 66
644 78
120 75
197 30
240 13
431 50
87 63
154 27
272 29
8 83
86 13
862 64
9 12
68 97
442 77
443 32
352 71
880 50
789 17
703 2
31 47
827 65
91 21
825 29
319 25
740 68
890 99
703 21
297 88
93 52
802 47
676 15
568 58
578 5
165 99
856 92
198 17
867 19
381 50
650 5
205 63
168 23
632 49
855 42
890 47
435 97
600 99
654 71
235 44
577 36
768 47
138 1
774 98
26 95
2 24
853 5
587 59
262 85
519 88
805 18
5 4
445 79
486 7
689 1
515 7
787 76
571 15
577 27
588 60
663 27
485 37
19 82
689 99
135 63
15 52
452 100
702 59
790 70
189 15
566 84
690 19
776 100
578 44
554 13
40 2
620 42
399 32
426 8
615 78
404 77
255 12
586 7
115 79
693 45
137 82
447 12
324 35
243 71
855 40
739 32
415 5
626 70
180 46
195 87
148 88
523 72
666 26
606 91
177 90
820 61
645 92
417 65
397 15
289 14
518 73
772 1
806 99
578 57
265 62
121 87
811 65
622 2
826 69
173 77
128 95
286 100
261 59
551 52
107 65
854 25
80 67
310 98
691 8
828 24
560 47
737 25
533 25
665 99
436 57
870 18
77 18
374 39
552 11
809 16
781 94
487 64
506 71
47 42
172 79
700 10
214 15
484 11
67 63
103 86
247 68
50 81
605 100
25 32
469 52
312 100
860 83
454 22
257 3
413 32
655 66
38 36
749 73
330 38
743 33
121 76
154 30
275 61
521 8
266 37
140 49
671 88
160 79
66 95
598 15
357 4
657 55
236 67
574 4
633 9
527 27
430 84
236 19
255 56
301 13
816 100
744 62
879 33
690 73
727 17
432 22
547 69
760 80
251 97
768 67
270 89
679 19
811 16
824 33
217 47
729 90
828 43
375 12
405 58
787 29
106 27
180 69
857 64
422 71
245 12
592 89
582 43
462 16
720 19
857 35
861 47
759 91
260 58
794 83
594 31
341 83
857 72
182 33
330 44
825 18
156 38
395 66
28 28
866 57
696 50
332 51
99 57
853 75
554 13
228 16
222 48
612 99
750 96
195 98
610 28
260 65
336 99
692 60
734 80
350 59
244 84
326 73
35 73
609 23
582 44
415 59
319 28
611 21
815 10
775 100
169 10
362 29
728 64
538 72
591 37
234 41
278 4
159 50
256 15
23 39
326 32
131 38
491 11
610 53
276 72
682 7
776 40
839 4
805 94
841 7
369 61
173 95
215 16
342 81
576 18
68 67
283 45
311 97
309 58
231 6
96 11
67 29
817 33
549 4
535 54
807 44
704 81
882 58
885 17
861 56
805 70
406 86
760 44
216 74
291 36
821 28
378 32
499 1
239 60
762 40
604 35
631 91
52 5
77 95
144 1
593 55
136 79
160 100
367 84
704 74
741 54
782 82
533 4
747 50
78 51
120 68
802 72
584 48
16 86
29 54
50 53
535 36
789 39
788 83
512 25
4 50
535 4
483 6
829 94
420 96
815 13
717 99
376 1
755 90
318 42
655 72
188 11
387 7
880 83
611 48
493 98
229 27
458 33
578 50
275 47
290 2
285 3
266 18
528 17
229 87
631 98
735 15
460 42
825 88
257 54
132 31
636 86
849 51
607 98
468 33
638 22
77 10
171 78
776 93
70 50
203 49
712 20
574 2
310 95
584 13
339 71
529 5
840 63
503 73
318 96
54 74
494 2
29 31
47 53
866 62
192 9
661 13
396 90
279 90
578 11
521 9
354 24
841 49
338 86
789 72
614 79
60 59
634 14
88 17
845 72
689 19
56 73
67 71
343 27
433 64
189 12
250 3
58 28
815 17
523 76
374 75
570 87
274 86
83 34
871 94
232 85
332 63
284 63
27 10
205 30
47 8
90 15
787 59
486 53
189 59
613 23
276 29
427 11
708 49
305 55
334 16
841 8
357 14
883 38
510 87
91 90
323 85
84 44
534 65
413 18
856 67
273 86
840 91
601 10
138 85
708 5
36 49
143 97
75 77
153 12
704 5
542 94
133 44
108 94
868 59
540 33
92 72
591 30
877 47
374 45
248 23
30 34
14 37
268 44
189 73
563 98
520 33
639 85
253 5
520 24
174 9
345 36
764 74
18 15
874 73
643 31
829 28
422 55
304 60
701 15
226 84
880 65
571 49
539 57
185 24
619 73
478 47
189 54
736 11
65 2
757 100
429 84
376 54
212 34
370 78
384 15
740 87
61 46
546 33
72 8
541 93
276 12
531 3
357 58
23 14
133 54
574 43
744 74
157 17
840 88
433 62
43 94
36 32
734 13
161 64
241 100
47 59
776 48
423 31
95 29
600 56
753 100
490 43
67 81
516 75
11 23
106 24
631 91
552 35
851 72
866 2
330 93
782 51
664 42
375 51
374 97
485 12
854 69
552 18
230 42
487 30
814 89
14 21
389 93
587 6
102 78
147 76
171 22
714 20
232 20
342 82
46 78
296 79
45 53
418 77
295 78
602 34
185 36
731 70
278 49
796 64
506 50
142 18
423 85
349 6
763 16
776 57
524 3
781 29
700 57
529 89
252 72
350 35
6 57
54 15
153 75
480 64
599 75
419 39
749 25
589 55
337 14
362 31
815 77
552 12
131 25
232 31
187 44
833 54
314 5
773 62
104 18
756 79
503 43
64 41
125 45
713 63
457 53
747 84
196 80
833 18
265 32
92 87
499 77
418 97
676 50
197 7
531 96
141 68
190 30
143 55
377 96
683 2
171 61
858 39
225 54
704 52
179 10
663 72
745 85
331 71
145 35
317 57
762 39
408 86
187 42
142 30
621 78
314 40
689 49
46 76
492 85
42 18
227 79
723 74
648 95
264 92
294 55
122 99
34 53
582 76
714 58
112 33
319 86
549 28
172 23
537 39
558 61
638 55
353 6
619 68
266 57
537 100
744 26
799 28
406 97
696 39
881 33
593 95
223 47
865 35
298 98
264 8
357 11
456 48
350 51
429 64
14 26
61 57
660 87
782 23
467 51
308 65
42 23
169 17
823 39
96 46
92 61
890 36
213 11
578 35
825 31
369 18
473 12
682 39
610 17
695 18
561 79
22 36
166 79
630 28
570 5
413 61
69 87
387 53
121 62
633 41
852 7
200 36
88 68
320 84
630 40
683 80
692 83
432 29
761 66
413 82
608 72
762 7
173 59
132 85
55 79
732 98
523 24
509 91
152 65
717 15
515 11
374 48
437 84
882 69
717 95
78 98
180 31
11 68
404 11
275 45
819 7
591 64
796 41
402 74
680 67
701 25
531 100
226 52
377 22
452 63
600 87
28 26
314 96
209 15
502 88
118 38
586 49
101 39
427 8
731 66
194 80
845 99
503 20
838 47
105 44
262 52
617 79
401 58
250 53
763 30
83 29
705 42
37 42
367 41
354 91
794 42
393 44
703 62
477 52
877 34
317 83
156 73
194 70
561 90
511 91
59 23
582 53
669 98
284 88
161 29
307 61
554 1
351 5
203 80
834 64
353 42
21 31
880 39
316 24
83 46
644 19
479 75
66 68
343 31
144 4
847 34
845 90
610 79
139 78
512 100
524 29
510 46
62 11
226 42
313 85
49 28
365 87
426 27
124 3
552 30
80 52
718 42
640 15
650 67
660 10
819 61
154 86
302 84
247 82
164 70
260 54
781 39
347 6
566 68
681 56
863 43
802 71
625 34
658 76
380 49
62 87
47 61
550 86
624 30
537 33
481 52
695 52
761 80
227 54
503 18
244 40
457 3
346 90
804 31
285 26
694 45
879 50
198 20
106 93
284 52
526 6
544 84
477 32
364 69
339 99
713 42
295 28
420 8
276 86
536 80
661 84
289 45
542 47
424 53
675 10
626 83
623 9
136 97
635 8
672 48
177 69
432 73
251 1
564 11
522 85
484 97
428 27
591 24
889 25
73 5
419 6
605 86
623 49
297 75
701 82
273 12
88 29
650 3
135 59
588 82
389 85
670 9
293 31
248 9
375 35
94 9
38 43
205 98
528 14
688 94
57 40
12 69
52 23
368 45
732 17
571 6
687 76
342 91
368 97
738 51
665 79
390 50
26 58
688 18
393 46
381 74
527 92
801 16
588 34
212 37
679 84
172 89
772 15
829 53
254 9
478 17
478 19
98 6
591 80
290 14
526 25
719 39
548 77
772 1
704 51
635 75
421 99
650 88
691 94
118 21
538 51
488 70
411 57
495 29
477 82
388 41
509 12
629 86
284 29
708 58
390 41
328 97
332 93
763 60
629 83
675 12
423 88
360 78
818 94
673 58
604 23
856 42
732 85
222 19
306 38
283 94
432 30
485 82
683 69
723 79
146 80
325 30
826 32
575 64
443 1
786 12
714 40
256 90
563 51
442 64
258 70
177 71
308 63
872 18
24 87
654 4
793 47
639 22
257 70
549 66
826 30
3 3
423 88
802 91
556 58
236 65
746 98
325 56
311 26
815 4
601 95
156 40
349 30
272 49
596 85
472 90
182 27
20 17
335 34
631 2
716 42
128 87
618 83
647 26
222 77
113 14
521 40
62 18
348 89
584 76
416 53
18 55
248 28
848 45
725 60
646 60
380 65
185 69
248 76
164 100
432 45
656 46
299 65
757 82
710 10
826 89
279 91
748 60
885 31
661 3
500 24
790 30
684 48
384 33
127 87
413 96
234 42
648 92
85 11
801 96
292 31
577 57
170 94
575 38
702 73
352 10
531 13
606 67
475 36
661 41
223 80
283 93
847 84
348 8
886 53
673 86
318 9
234 94
481 10
739 42
567 56
880 34
506 47
264 67
649 30
383 49
226 96
558 56
41 5
789 35
769 94
587 67
370 40
204 22
83 66
200 31
656 32
531 81
703 51
83 28
31 45
368 11
19 57
