5194
295 10
1031 56
84 29
675 58
516 15
698 44
1008 52
582 9
459 98
1019 39
390 75
165 81
149 29
955 48
33 13
476 38
944 56
166 12
271 18
133 98
572 34
786 80
164 44
185 99
151 46
650 90
237 61
101 67
188 95
373 24
513 94
575 8
853 91
272 34
51 3
891 100
27 33
948 95
306 3
693 82
524 96
268 14
603 85
60 29
140 74
339 61
105 94
428 24
427 23
1017 82
536 76
623 40
434 33
879 30
389 64
306 14
1000 31
611 61
9 14
319 51
37 54
134 47
412 83
806 34
613 75
1032 87
818 56
942 13
48 56
178 82
205 26
464 82
258 59
448 54
994 62
795 36
962 98
533 5
570 13
322 16
268 25
226 99
712 61
121 69
847 25
628 29
567 75
690 42
50 22
634 78
597 100
316 82
460 5
45 35
548 27
844 98
272 78
97 91
53 12
772 31
387 60
383 59
218 72
696 27
736 64
832 43
166 4
409 55
577 74
25 20
15 15
239 20
697 76
772 100
289 82
423 30
779 90
563 6
435 51
389 31
700 96
608 51
14 97
164 43
511 97
952 85
58 64
160 52
917 17
928 52
1016 25
679 86
1021 52
497 73
366 2
793 95
258 57
347 86
423 2
757 72
119 10
938 97
574 90
355 99
826 81
69 80
156 53
568 95
172 67
586 86
988 37
388 36
129 16
701 88
261 50
529 83
854 45
926 35
211 37
691 28
245 61
272 12
807 87
794 90
697 29
574 54
134 96
188 71
251 23
379 30
458 36
954 96
462 14
240 82
209 42
284 48
5 79
758 45
490 11
846 41
983 70
649 57
242 75
686 58
556 14
253 41
970 55
515 8
306 82
520 66
942 35
470 84
198 20
809 40
169 6
205 16
122 26
123 63
41 67
904 24
479 52
313 14
136 41
703 10
940 72
942 7
81 17
85 1
321 12
52 67
708 61
950 43
716 94
104 52
324 8
311 93
163 41
906 75
327 84
455 60
940 18
790 98
1016 45
599 75
457 93
699 85
633 57
988 77
321 60
351 98
981 82
1025 74
714 9
959 46
279 59
404 29
273 18
211 50
743 81
887 76
926 14
468 67
751 40
773 10
169 30
169 27
63 95
552 20
518 6
1033 70
103 62
185 87
130 67
694 90
53 77
275 80
782 2
448 3
157 52
32 66
570 40
283 76
595 31
50 25
832 96
546 2
731 32
92 26
720 79
335 94
716 22
714 84
603 32
990 1
272 44
427 41
326 26
706 39
266 82
418 43
717 87
1036 67
278 66
465 92
608 73
411 79
159 32
937 13
589 90
435 3
800 93
799 44
456 91
405 40
88 74
299 57
298 55
817 94
598 36
1 88
813 38
30 37
167 10
546 83
745 81
924 50
301 6
108 16
811 25
368 58
888 31
261 95
609 81
887 85
605 79
301 87
159 21
754 56
487 23
496 71
358 21
358 81
443 4
831 72
315 93
235 68
448 78
474 49
883 74
363 10
606 14
189 81
225 55
334 76
686 32
459 59
351 32
922 44
785 3
781 56
1 20
295 63
414 39
543 72
155 5
962 73
811 19
280 53
574 24
985 74
371 13
953 16
818 4
543 13
602 56
956 29
191 8
868 95
211 93
272 79
329 72
767 94
71 9
861 78
433 28
356 19
527 21
173 89
467 13
194 91
499 84
915 54
444 97
25 33
744 40
346 38
492 8
232 17
316 57
316 49
168 5
823 20
117 26
674 52
203 45
338 89
281 89
146 97
1010 85
487 29
814 49
960 2
359 97
979 35
198 2
628 22
31 95
621 80
913 38
397 63
504 72
608 78
41 62
213 10
927 22
799 44
341 39
757 66
341 76
2 68
632 66
1032 31
918 15
237 51
540 59
238 36
662 82
687 98
460 11
813 67
77 93
746 55
989 31
364 1
603 30
980 66
666 26
981 36
64 88
795 24
792 84
902 48
984 95
654 33
645 28
974 10
389 65
491 70
581 28
861 52
191 36
176 93
979 83
546 18
918 44
120 10
328 67
1005 68
393 9
178 51
212 71
62 66
326 5
52 82
816 69
341 85
861 94
713 22
985 93
853 92
286 67
582 10
770 48
987 74
543 74
518 94
581 77
953 70
718 94
984 74
874 33
675 12
386 88
875 92
976 92
524 30
474 7
603 8
373 53
938 62
599 93
394 76
258 8
457 48
893 29
993 48
230 82
631 20
749 68
1021 10
121 24
685 96
35 43
4 84
1039 3
879 7
774 57
914 13
365 62
653 57
650 28
211 92
936 60
955 17
854 16
631 17
318 97
790 77
652 39
333 79
241 99
825 100
219 49
1016 23
999 68
525 70
137 69
459 98
207 97
160 3
560 90
592 55
287 62
315 49
539 26
102 70
644 44
152 73
510 34
708 85
423 98
303 41
406 38
291 32
186 16
89 74
240 70
459 65
136 65
860 58
247 60
387 48
390 21
968 68
420 15
238 45
409 52
258 86
580 49
111 56
425 29
943 80
104 68
804 21
677 14
464 25
50 94
576 43
999 76
41 13
536 71
763 43
423 87
974 25
995 32
959 66
606 32
851 67
515 4
538 9
543 83
366 14
332 60
561 47
964 48
380 98
18 64
399 62
239 63
250 11
707 69
506 19
181 40
571 61
113 56
453 50
493 39
632 23
644 14
742 89
726 31
463 50
779 25
957 42
277 97
401 69
68 11
846 47
521 2
590 67
306 10
990 87
1016 5
810 95
575 39
777 3
414 5
946 17
290 11
654 42
352 4
536 29
929 1
921 87
770 34
648 17
129 15
454 15
786 49
302 88
679 93
87 70
442 3
69 56
639 22
429 70
639 38
25 64
865 81
816 94
328 58
149 59
32 90
65 11
897 57
827 85
644 74
673 39
40 86
336 47
781 11
430 22
987 35
163 57
824 47
54 27
348 64
25 4
340 53
84 93
36 73
932 24
413 26
351 52
923 43
424 58
549 84
518 50
483 33
595 100
366 84
445 26
758 59
1020 11
12 70
833 15
580 52
941 81
793 59
233 28
881 85
972 57
590 42
755 75
128 26
135 16
783 57
770 33
863 40
904 60
901 82
794 28
658 56
983 4
23 52
147 33
837 41
494 27
412 70
629 42
973 24
124 14
174 67
852 39
982 43
669 43
429 78
696 60
657 49
992 39
127 75
518 23
68 31
1022 14
310 35
450 86
135 20
1039 46
952 56
4 79
916 16
258 5
862 54
188 97
762 78
637 50
52 53
283 93
271 36
257 21
27 1
719 42
688 62
246 93
618 84
537 82
560 1
930 6
688 87
417 79
529 73
947 11
87 23
138 59
911 70
174 62
289 29
738 62
648 5
60 19
423 58
561 54
141 14
147 92
490 96
536 24
645 1
380 26
898 14
49 13
599 24
804 40
1016 13
625 10
678 62
366 23
266 29
449 38
743 52
893 3
626 86
411 66
946 95
591 86
531 2
345 58
310 61
129 72
965 25
298 45
209 50
106 50
332 93
810 7
320 24
404 45
734 95
906 2
52 27
874 22
683 47
241 4
934 4
595 60
1006 81
511 78
920 16
479 77
1002 51
40 91
267 50
481 23
635 20
492 30
14 34
747 24
350 9
684 70
203 46
931 35
992 65
140 71
434 79
105 52
766 94
913 60
347 12
598 92
757 99
721 80
293 28
297 10
32 31
304 55
225 98
650 72
916 26
809 85
332 53
336 93
813 95
494 85
962 49
54 37
276 22
396 97
719 67
715 44
554 38
308 72
100 4
268 92
427 64
159 81
95 17
482 91
354 77
372 56
865 24
55 39
639 42
489 14
99 45
576 13
36 77
822 3
792 77
680 22
163 45
223 46
526 38
993 57
934 61
468 22
975 97
755 95
595 33
417 85
510 61
770 3
24 50
89 23
953 18
686 93
1008 91
225 26
714 93
308 18
1029 51
9 86
592 47
749 12
152 68
63 59
710 59
304 92
448 96
186 47
141 8
568 12
425 87
63 30
785 38
955 18
491 8
604 45
218 10
472 2
593 89
213 89
71 79
550 7
318 74
222 24
571 3
174 93
574 89
693 88
809 95
885 83
784 63
608 89
399 23
108 49
202 21
578 15
769 20
511 54
139 22
223 97
266 58
641 54
507 43
611 6
323 33
464 28
321 4
880 54
407 5
485 45
995 41
983 57
899 20
716 73
79 66
603 32
197 86
372 54
477 44
210 20
876 33
962 77
234 74
850 15
682 11
190 64
529 62
769 59
383 53
378 84
957 72
930 62
595 92
304 61
534 91
65 70
104 75
103 2
153 39
910 61
630 51
39 16
458 35
81 60
747 59
21 5
492 66
242 42
442 73
1008 2
261 18
800 36
891 77
928 88
774 22
212 33
227 28
194 53
173 85
684 93
952 1
602 46
657 10
345 77
326 98
401 65
595 85
771 77
595 80
636 51
860 96
775 69
223 61
662 100
155 2
1011 65
861 5
711 9
79 70
453 60
764 99
826 14
182 45
17 54
830 1
461 29
477 88
984 68
570 18
107 62
110 56
274 81
760 17
526 33
760 95
553 75
700 70
56 45
982 97
866 95
785 7
484 12
253 55
890 43
653 12
500 41
854 86
891 52
191 96
367 17
949 73
23 94
731 82
894 27
195 83
856 43
697 41
244 19
395 42
151 31
698 36
315 47
810 80
719 4
669 15
360 5
153 78
499 59
614 60
178 30
625 50
818 96
927 5
602 26
939 40
702 76
589 78
703 87
409 47
430 75
335 31
149 44
998 20
351 56
830 37
558 37
972 66
230 1
263 97
462 82
774 88
716 37
549 74
82 30
587 34
568 72
926 67
939 70
158 26
608 57
534 56
398 97
270 56
919 64
703 37
438 84
508 13
395 68
333 3
1033 31
317 15
331 81
834 92
292 10
720 87
753 64
48 44
485 8
103 11
114 83
728 12
490 29
356 7
12 86
104 11
975 61
735 13
776 69
743 64
378 60
642 77
759 32
350 66
596 68
483 14
426 24
829 42
581 13
436 75
215 96
1008 15
829 12
73 82
457 57
600 27
471 41
157 42
390 94
977 53
560 97
438 11
468 89
390 10
908 59
966 36
1025 87
1018 43
713 40
610 61
711 76
261 62
97 30
376 75
190 12
276 35
125 36
492 49
880 48
685 12
833 51
946 79
328 36
128 81
446 66
667 84
624 14
975 73
643 5
850 62
457 22
158 93
941 83
253 87
1038 52
308 4
944 93
596 94
377 64
613 71
545 63
280 66
195 74
838 45
680 64
560 27
711 70
14 34
966 82
276 56
49 70
52 9
263 62
370 31
384 34
873 3
605 77
963 78
603 79
555 19
63 22
435 6
97 4
923 64
758 29
60 38
137 74
271 9
322 88
641 54
937 73
987 52
250 10
518 95
999 57
787 25
469 96
675 19
465 47
302 95
516 46
679 29
1008 79
937 41
72 93
975 94
61 95
237 90
193 11
408 87
38 55
746 27
946 23
741 39
857 98
559 62
511 76
1018 65
729 98
224 64
139 91
553 70
521 89
719 81
263 94
415 93
471 26
167 85
824 75
532 99
793 100
237 87
236 33
997 67
88 98
795 41
982 35
391 47
249 41
853 42
64 33
286 95
284 68
489 100
758 68
207 53
197 19
437 55
286 82
695 32
270 48
494 92
127 44
778 41
618 48
386 47
211 40
631 54
912 93
857 98
602 8
272 100
211 44
778 55
424 4
1005 45
395 68
1012 64
137 50
477 72
17 47
434 15
1006 52
599 12
430 71
710 33
788 55
1012 59
974 27
629 51
559 95
997 8
146 64
883 99
809 18
800 56
748 62
663 28
788 80
514 53
209 67
280 51
368 11
547 73
165 45
1030 22
101 77
757 64
172 73
381 100
129 94
321 8
14 90
858 48
338 10
716 52
106 49
973 25
14 86
158 47
591 96
644 67
778 50
1031 68
846 20
102 6
539 48
23 85
43 53
344 5
343 55
885 100
817 17
157 75
337 20
536 24
543 83
612 81
880 92
395 86
213 88
787 69
560 88
840 79
969 25
601 51
1028 95
316 46
52 79
946 3
216 25
456 25
52 20
735 48
256 11
210 8
43 92
461 20
280 15
1010 29
543 90
587 1
377 39
932 98
294 50
230 8
763 30
543 10
497 62
961 26
464 96
595 55
913 68
509 74
534 69
385 57
726 27
329 18
866 2
567 75
1012 77
622 53
190 29
412 2
959 48
257 34
221 56
330 35
288 66
474 31
723 17
770 78
880 80
218 78
425 83
748 11
1007 86
608 64
758 43
970 38
546 61
824 40
504 93
105 93
183 68
82 96
86 22
91 18
358 38
727 14
893 91
395 92
3 2
689 25
839 60
729 35
165 56
276 19
300 64
681 76
973 41
933 5
390 5
515 93
588 11
722 90
564 68
217 41
724 63
452 30
831 52
547 7
871 89
124 93
498 67
485 24
880 65
340 57
888 59
559 64
349 90
665 84
886 72
731 72
331 35
873 13
600 83
975 27
632 27
564 17
199 61
659 44
437 55
144 77
133 73
90 42
317 6
614 42
256 29
86 84
122 99
888 61
540 42
975 22
889 5
294 6
756 76
799 42
769 91
445 80
401 27
121 8
784 70
475 61
60 68
888 26
39 99
380 45
33 10
220 19
604 42
202 65
4 44
261 80
643 1
874 48
109 60
839 5
619 55
688 35
482 38
370 76
425 79
438 97
84 81
1032 22
367 42
68 53
851 78
890 95
882 37
404 26
854 8
159 79
365 60
989 7
99 58
228 79
90 12
980 4
483 58
901 79
141 22
202 43
730 6
700 22
912 2
661 65
11 35
23 80
175 75
471 48
498 72
757 34
297 56
990 33
752 76
724 29
53 93
817 13
584 85
864 86
893 47
718 61
200 74
892 38
546 9
367 39
177 19
388 49
260 64
787 45
24 82
191 67
400 6
71 9
58 13
170 56
191 21
461 46
645 40
17 60
396 74
796 2
338 3
276 31
909 81
313 53
564 12
530 43
762 62
690 21
164 10
491 15
461 11
286 4
40 35
338 19
409 40
256 30
1027 11
555 97
537 51
497 13
24 52
781 34
241 84
490 33
1001 38
800 64
430 57
745 75
736 42
673 16
6 10
562 23
978 32
856 84
185 97
960 96
316 23
633 51
712 98
1035 45
688 58
723 86
324 32
136 23
294 9
1002 37
285 12
534 6
99 78
980 16
362 69
59 91
121 15
600 90
848 21
215 80
590 5
889 81
889 83
687 47
264 81
245 64
257 49
957 40
168 94
896 65
941 91
342 67
952 9
57 26
195 92
18 80
509 39
216 52
71 43
464 71
758 10
233 100
377 57
723 95
691 94
41 52
591 78
609 1
631 52
403 9
28 52
292 68
413 86
190 54
755 18
837 70
743 80
120 57
898 89
411 84
884 80
49 38
959 51
1009 63
520 39
959 45
77 78
171 92
38 38
787 100
294 92
923 28
111 3
33 64
859 47
341 25
81 25
915 82
742 85
234 27
986 90
397 41
932 9
53 37
835 37
584 40
302 83
24 21
707 32
316 51
425 61
777 37
66 53
442 93
492 40
582 15
357 85
837 75
513 67
251 25
736 31
893 6
290 30
282 8
991 41
30 2
215 46
997 62
366 80
37 60
872 60
333 31
578 3
688 62
420 71
380 5
680 59
849 96
770 2
809 77
326 54
724 97
159 27
696 94
916 59
775 96
992 41
121 41
819 93
485 65
298 6
162 51
673 47
426 20
916 63
279 22
1016 32
275 44
394 71
27 68
359 10
857 54
394 79
436 52
524 56
963 20
107 97
980 12
570 58
691 86
606 36
299 66
749 23
91 4
654 54
123 34
970 48
902 58
952 21
265 20
737 41
267 95
732 61
1030 30
477 24
1008 1
617 69
177 7
2 100
683 57
1039 60
864 37
109 50
271 24
249 80
662 58
277 22
247 86
456 19
667 90
275 63
478 94
398 57
833 27
745 62
34 83
487 8
226 44
415 54
392 50
299 37
157 7
687 63
521 51
185 69
128 78
422 8
243 36
62 23
142 20
489 76
522 38
317 49
1014 93
953 96
119 98
615 13
560 25
891 29
1004 55
826 67
420 42
573 53
1024 76
654 77
68 92
561 89
351 90
218 34
525 13
785 72
497 60
465 91
510 18
91 89
146 28
507 69
361 97
645 80
334 13
989 30
630 31
1014 65
957 35
313 4
43 80
605 10
398 91
798 55
617 29
408 35
783 64
313 31
11 68
176 23
350 73
831 7
462 51
889 33
103 83
86 30
1037 53
1023 79
322 97
31 77
766 75
367 22
644 22
935 27
12 89
238 55
638 56
310 2
75 57
702 68
573 32
830 26
109 100
324 47
205 13
881 80
934 40
103 99
107 33
932 22
723 63
558 34
242 91
51 61
70 63
352 17
1013 89
795 26
160 20
1018 81
459 49
539 8
585 78
383 71
501 64
911 55
685 69
530 20
923 26
687 58
225 10
662 50
705 33
680 29
125 67
465 38
823 18
955 53
119 36
890 23
635 38
533 95
800 48
893 4
137 46
966 23
264 87
335 85
33 87
184 90
379 86
2 43
994 74
596 93
1008 37
681 44
668 34
235 29
115 72
339 29
258 53
662 9
801 12
135 74
151 39
832 22
904 16
409 98
919 52
691 55
148 87
72 78
711 11
46 33
498 50
459 43
245 92
501 45
643 24
266 61
770 22
343 14
139 89
165 63
76 72
939 24
991 65
739 28
898 30
309 21
954 83
923 9
20 81
676 25
223 81
180 82
361 29
760 91
843 23
1030 78
931 5
296 67
794 57
828 91
268 79
217 88
414 82
828 3
915 23
26 36
574 28
895 35
438 39
132 78
524 40
747 24
778 9
602 56
404 76
705 74
647 1
498 8
49 49
740 29
425 44
273 94
686 72
894 86
192 10
225 67
865 37
581 24
574 45
627 76
440 39
358 86
234 19
526 88
1018 37
392 35
51 92
130 15
236 27
255 73
731 96
738 28
892 59
719 26
890 93
582 8
845 69
866 40
694 24
955 41
130 67
208 28
91 54
953 36
1003 9
507 80
512 11
297 20
450 85
36 38
137 20
614 80
218 48
86 83
921 26
67 17
432 65
869 1
470 69
172 76
980 35
374 1
771 53
711 80
128 32
857 97
278 55
357 56
1015 100
555 80
910 32
404 8
146 39
255 95
804 20
873 58
69 22
917 50
990 87
969 24
781 71
395 42
724 42
207 65
493 46
214 94
811 84
429 71
996 98
548 60
588 30
161 81
758 43
369 44
152 99
460 34
874 57
534 63
644 69
378 68
177 14
259 66
538 58
108 58
1013 60
900 49
671 41
816 8
361 20
456 82
199 93
235 64
174 28
692 37
734 9
414 34
77 90
256 10
519 44
377 8
100 34
828 45
187 40
996 17
581 46
720 62
226 93
399 12
567 34
33 1
514 59
942 66
616 79
224 96
74 21
523 91
1029 74
249 77
714 10
712 69
913 92
902 65
399 40
412 92
600 71
968 22
329 22
675 73
555 8
876 43
944 33
455 19
955 60
923 84
609 66
13 48
724 21
949 97
470 91
501 66
829 36
414 96
469 72
992 17
576 74
845 33
290 63
104 57
159 61
291 64
645 28
75 44
118 90
141 40
199 8
128 22
725 28
72 65
84 26
759 1
1019 6
677 45
291 94
1030 50
421 36
869 11
280 66
688 76
380 32
233 80
955 20
1038 25
26 17
786 44
149 57
952 41
799 35
16 16
54 92
34 58
174 12
344 100
806 40
280 37
580 89
44 20
309 29
40 73
443 20
191 45
585 77
56 40
557 6
711 7
436 9
372 3
99 74
710 44
351 64
550 27
432 66
603 85
634 9
202 2
712 15
9 48
518 14
378 10
112 74
320 96
604 38
811 98
563 8
769 45
245 79
9 67
725 39
103 16
168 31
866 82
701 98
843 97
896 99
911 58
68 76
373 31
133 10
472 59
989 69
424 28
746 31
891 5
688 21
265 83
411 59
1036 50
595 37
474 35
546 20
1014 79
103 87
329 81
93 48
597 30
666 79
138 23
468 38
483 99
190 52
575 92
822 66
669 42
31 25
430 17
448 24
191 13
350 16
898 75
122 80
550 81
566 3
1017 76
689 69
1011 50
1008 51
922 3
123 87
314 70
637 32
137 100
789 17
257 56
848 66
916 86
52 29
889 85
461 13
367 82
476 16
194 32
585 62
807 38
258 55
872 99
567 74
863 86
775 50
279 48
910 61
291 98
974 55
379 64
593 22
634 26
572 45
138 71
607 62
584 1
16 44
460 73
814 62
394 71
420 93
520 13
281 17
980 36
288 36
1004 19
1037 96
203 69
287 39
510 42
605 92
498 10
680 81
99 17
392 7
146 76
344 2
342 92
442 94
562 20
554 16
242 14
644 94
602 17
617 4
166 24
687 45
864 11
39 78
340 62
34 54
525 82
268 79
955 70
1039 34
517 31
732 34
102 15
451 94
539 53
249 26
967 63
448 50
418 81
1017 27
635 15
594 89
253 94
69 55
905 73
653 11
1026 31
127 56
471 95
823 33
164 45
362 39
376 46
1012 12
710 62
768 9
588 33
668 75
895 72
526 19
362 67
573 59
596 29
563 1
15 25
249 46
122 39
830 100
431 66
565 90
548 27
987 88
624 18
891 17
1005 74
56 29
250 56
287 52
68 51
731 44
661 29
766 36
589 84
209 43
803 43
864 26
82 73
287 79
214 36
969 38
782 95
472 41
588 97
691 35
496 8
925 98
965 100
97 57
338 2
785 42
726 10
694 76
837 87
971 46
227 79
475 27
857 37
842 55
923 49
178 92
763 98
715 31
898 84
513 80
890 86
989 13
255 55
429 36
29 100
499 2
183 8
12 4
477 40
797 63
168 54
592 34
336 69
737 67
810 93
993 82
287 85
443 49
362 18
35 68
237 91
110 9
728 79
16 68
294 92
762 97
895 12
563 86
831 22
398 8
166 86
921 23
582 19
267 97
70 59
842 49
646 80
156 6
763 20
167 59
440 53
115 83
183 33
665 8
703 65
439 20
756 39
79 76
129 70
664 63
966 2
30 25
728 21
832 16
903 35
80 37
188 13
960 26
780 37
150 36
45 66
522 48
147 84
837 61
50 58
46 81
323 9
329 94
250 18
811 53
237 40
561 71
371 84
856 77
196 76
1016 95
66 74
168 40
837 49
853 6
537 40
668 90
834 48
927 32
91 82
858 47
339 76
574 29
316 99
687 48
674 94
378 89
786 77
113 98
663 36
951 13
983 21
195 4
872 8
820 69
985 11
216 84
41 99
439 35
1005 48
855 57
44 24
498 71
802 58
372 64
678 61
996 26
773 36
996 83
84 52
284 6
919 51
835 63
493 62
699 82
830 6
317 11
511 55
321 39
354 52
739 46
961 82
480 63
837 73
147 76
343 97
588 93
578 42
338 95
166 43
645 9
169 35
821 50
200 36
398 12
36 84
516 69
790 54
183 65
102 25
1026 71
50 22
756 67
843 85
613 62
433 60
445 35
521 35
403 32
580 95
954 18
65 90
901 99
302 19
716 18
696 100
484 61
151 100
2 96
547 11
999 100
855 69
180 82
39 75
16 60
1015 12
409 100
864 13
631 70
598 51
719 87
340 58
549 62
177 90
232 88
347 80
778 45
634 59
878 24
96 59
43 19
80 43
727 88
513 56
806 94
487 91
455 97
391 42
1021 64
524 23
82 76
163 5
734 43
768 9
702 98
783 22
979 93
703 88
690 96
503 65
184 15
595 41
261 84
138 10
290 91
242 7
1039 53
27 17
782 37
580 8
921 94
334 59
595 100
7 16
408 20
457 47
853 44
860 38
266 45
235 8
1012 36
1008 7
30 37
124 95
79 66
617 89
228 55
244 55
203 46
641 54
101 54
366 18
139 65
308 13
921 67
507 69
237 80
999 6
444 69
1006 13
816 76
350 14
955 45
995 15
362 91
866 78
16 54
254 99
646 86
176 71
999 95
623 6
250 7
747 24
35 46
655 14
230 7
933 19
497 70
915 79
393 27
1038 36
1025 65
806 66
374 67
160 15
167 95
74 49
17 12
693 39
59 84
561 43
242 70
1026 58
618 89
548 15
416 17
695 23
982 29
590 65
588 75
111 26
388 43
423 29
994 59
73 77
859 2
9 5
839 4
1028 56
54 41
202 6
635 48
1013 21
20 87
43 59
87 29
355 1
829 86
667 73
798 6
84 32
799 14
566 89
24 73
596 94
88 48
141 48
731 56
765 74
938 12
702 37
823 87
797 21
867 41
746 61
527 57
195 41
197 92
1033 1
797 80
440 30
832 7
834 43
243 95
568 77
144 56
134 12
497 97
841 10
636 30
958 38
359 74
379 33
538 19
579 52
226 100
431 32
159 98
608 30
51 17
253 46
63 98
523 16
790 22
579 14
687 47
992 5
1025 76
670 18
715 16
947 91
182 92
216 45
322 13
348 47
982 97
429 8
257 38
642 13
792 75
726 82
704 71
416 96
597 32
86 94
476 64
290 86
898 54
879 99
849 64
706 30
531 32
114 90
676 77
322 67
323 25
609 9
794 5
243 86
483 78
913 83
434 8
893 58
39 60
172 54
1026 43
554 55
575 92
410 29
782 64
287 71
570 39
121 54
751 96
588 47
354 41
501 33
134 78
354 61
253 73
1029 23
475 44
808 9
734 54
556 94
677 12
780 14
826 59
106 66
88 17
162 65
805 54
1031 93
170 69
963 92
