9630
1467 73
1220 23
1472 54
619 79
616 35
696 24
756 13
1631 75
925 32
1344 8
1208 79
1008 74
1926 81
848 27
1755 48
259 32
1797 100
192 76
1226 45
239 31
405 72
1611 83
1021 7
1829 20
1071 83
756 16
685 35
1705 68
1861 100
449 19
501 67
500 16
417 87
267 92
508 65
1081 11
1095 34
796 84
1349 63
1001 82
781 32
652 95
1120 44
232 29
19 31
344 17
1436 26
874 83
1795 36
1458 3
515 23
805 58
1393 78
987 13
1222 67
1813 76
51 89
461 3
1096 65
896 68
367 15
848 32
1233 55
47 64
1884 52
835 27
109 55
1120 34
1507 97
1640 92
1157 64
155 44
13 22
1896 59
1396 86
228 70
868 68
1496 86
1655 2
15 46
1037 62
245 9
1018 93
643 78
183 93
595 88
1791 45
324 52
292 46
838 54
1802 35
454 35
150 82
431 87
1327 33
1301 30
1285 7
1786 90
1577 5
351 53
1276 69
128 21
1078 16
1797 88
889 97
385 45
565 13
1272 86
1763 29
244 17
832 23
60 79
907 2
578 74
631 36
1398 40
350 37
1100 94
1758 49
1451 2
1777 94
1825 69
1225 30
143 33
560 72
1122 90
829 26
956 13
716 91
1754 14
1740 86
1665 84
1736 71
777 25
164 46
611 45
1521 98
1728 56
556 3
559 75
166 45
655 68
1051 19
1715 3
1394 96
1271 41
245 79
814 45
294 59
859 24
498 67
990 89
688 87
1673 57
1634 63
839 45
1662 42
1693 38
470 97
1488 46
1626 26
1094 31
251 31
203 49
349 32
492 75
542 4
46 71
1125 43
1160 68
242 17
1441 32
517 5
37 47
144 54
546 86
1597 12
724 72
1832 83
1412 48
284 77
1331 6
379 28
476 1
1253 53
1926 31
1711 69
274 63
145 74
1180 8
447 95
1444 72
916 70
396 88
871 26
1541 84
191 26
1645 13
286 73
1048 89
669 48
1382 81
1385 35
1762 86
1618 16
1070 47
1663 86
1637 83
1492 18
140 13
1252 93
961 3
1484 51
1699 39
284 79
185 3
1402 13
1473 96
1536 93
691 89
1245 37
112 30
737 80
264 3
296 95
554 14
400 58
609 83
1403 10
1304 67
145 32
1595 49
291 78
30 62
261 72
398 75
1369 73
1194 80
1487 77
1573 6
1904 61
1297 1
746 78
605 34
1916 6
842 27
204 26
941 12
1170 19
1211 9
985 18
1117 29
87 52
323 47
255 63
824 59
1062 51
875 41
194 65
932 78
1511 48
457 35
121 18
1300 22
271 19
1285 45
414 75
656 87
1580 43
1205 85
561 50
574 72
889 96
1138 17
834 56
344 44
1032 68
1907 94
1281 5
954 62
1189 85
1283 14
1465 85
718 15
1622 72
1542 9
1253 99
1217 43
929 13
1464 48
1136 62
1343 15
904 3
839 28
1370 94
1531 31
949 86
759 50
661 34
351 4
649 100
1274 38
88 61
1653 75
1688 47
847 65
385 15
816 12
882 81
546 62
399 98
1250 99
1182 80
1625 28
1341 5
839 30
651 26
998 77
544 65
1438 96
679 42
1186 34
163 37
308 29
174 50
741 38
1879 33
1530 84
1211 92
190 2
114 77
849 2
1024 60
1726 30
1232 92
956 75
464 27
1045 98
1632 33
1086 32
768 100
130 49
1860 30
433 8
1556 96
1212 85
1830 6
53 90
102 4
1607 62
1825 59
399 36
346 78
1402 30
209 28
1173 46
1319 55
1013 66
887 95
1402 22
1543 15
900 13
750 96
873 66
1411 1
195 41
46 98
564 56
562 63
903 35
1438 66
1729 28
180 54
1565 61
141 81
1491 47
1847 23
986 1
81 26
1594 22
698 26
1013 17
1615 72
1653 67
825 68
251 12
1383 89
538 78
961 76
1373 34
1252 64
1825 43
1750 85
666 58
1110 80
1588 87
666 46
1256 61
709 7
1454 87
1312 17
239 100
1734 55
349 4
660 92
1346 70
614 26
658 98
1210 68
1303 71
1507 66
1164 69
1253 65
1049 53
1698 17
1072 92
765 49
18 66
762 50
1176 35
1382 5
680 30
386 66
248 6
297 61
1122 75
34 83
1494 56
394 37
824 10
318 82
91 94
1744 5
1341 86
685 25
1625 55
1702 29
277 86
997 83
848 41
694 23
950 63
66 41
388 96
633 26
611 83
1588 88
174 60
271 61
1184 77
1821 86
946 87
80 79
246 73
1488 82
1008 88
1807 29
1134 75
1432 1
924 12
1669 64
835 76
1634 54
1471 84
442 40
1291 83
210 87
1611 98
1418 4
1619 100
1705 45
952 67
1466 39
154 58
1080 59
480 73
933 92
1550 70
996 23
1136 31
335 53
487 56
1039 1
1803 51
100 53
273 3
1564 8
70 93
908 92
1818 47
1776 22
1348 64
365 100
1294 75
199 10
633 92
1802 1
1037 47
1043 4
842 12
1212 87
413 27
1346 85
774 92
243 11
438 55
1877 23
9 57
1389 57
1866 30
521 59
931 68
1037 36
803 29
1795 31
947 86
658 70
813 6
1129 19
384 25
389 63
10 37
1714 23
1060 11
1254 84
1845 45
1922 48
170 24
1102 70
930 93
59 2
1670 80
1315 6
428 13
795 24
1243 96
1556 6
548 57
1197 34
1897 58
1302 54
464 1
1409 75
1574 40
1399 63
1550 36
841 41
1424 52
1735 31
1901 33
968 81
1416 9
591 6
1191 51
1138 28
950 62
1077 26
398 36
1660 55
996 87
1596 97
323 55
1559 55
799 23
1446 52
1424 71
1531 66
1453 74
743 12
989 64
1040 11
1652 84
59 34
1905 66
1058 49
1068 37
907 50
301 33
1624 28
217 25
1847 77
1520 67
94 44
1082 100
1067 93
1249 76
1609 29
945 50
1245 100
1016 14
891 96
501 94
734 16
1088 84
1276 35
1141 99
1683 41
1207 79
568 80
1682 100
963 56
967 35
698 80
650 57
349 82
155 71
424 89
420 73
1812 81
1708 50
129 23
577 44
526 53
291 8
1271 49
1400 36
129 88
508 53
971 13
412 94
164 2
1465 74
506 9
473 33
856 58
955 92
1609 39
1451 13
368 61
1016 87
87 79
1341 97
171 97
145 66
124 32
905 96
1363 22
1359 24
1512 11
1813 34
1521 72
617 23
941 7
1900 29
1769 37
1663 64
1199 61
1347 80
1300 37
451 37
1133 25
1574 91
1601 32
941 61
198 56
1449 80
123 31
1234 46
59 11
1327 42
1375 85
763 12
452 59
1219 56
726 92
508 83
746 1
1437 92
32 50
465 53
485 37
1069 23
1771 97
790 19
825 46
1011 50
1285 35
1152 68
1057 55
330 10
1888 86
527 79
1126 61
1884 40
1560 59
1689 73
1706 91
1150 21
1541 25
306 72
11 60
1594 82
1075 37
436 100
1360 33
1516 18
1677 11
249 13
232 85
893 42
1331 49
1197 59
1204 16
1738 71
1046 54
1272 64
1241 94
979 34
686 45
530 41
1613 54
1210 31
1322 81
280 96
863 56
1229 29
466 68
397 83
75 28
1187 1
264 57
54 77
225 49
795 84
445 20
1453 88
935 96
967 7
1192 80
607 77
552 6
755 79
1146 84
1391 59
1121 38
5 99
781 48
1249 63
1526 2
189 10
47 17
1792 8
500 33
82 14
919 68
862 75
1091 75
624 32
1185 62
786 67
1204 88
1189 74
308 39
74 48
1500 50
1309 82
1878 76
1039 33
807 51
1277 79
412 69
1615 80
898 24
233 99
1848 74
1739 21
518 8
737 36
1296 16
1885 45
872 8
345 50
362 9
1107 38
1428 17
1823 65
416 78
1253 44
1243 38
350 83
284 25
707 32
5 62
1008 30
1659 17
465 54
1338 76
1151 21
1413 95
595 39
56 57
1852 62
1692 1
1741 89
867 62
282 67
265 92
570 59
1908 19
1583 25
926 98
135 78
633 92
1880 65
479 51
382 98
1909 29
781 36
512 27
1908 41
395 84
70 85
64 66
1903 7
24 95
281 16
233 99
990 91
531 41
1457 26
376 9
183 23
166 38
882 31
118 24
262 47
446 10
506 23
1836 94
1119 96
1056 41
497 67
1446 2
1640 28
1850 47
394 11
1205 55
1413 83
924 49
17 59
459 70
205 84
428 28
1018 49
1913 65
1495 66
379 80
344 35
256 90
1047 7
375 22
535 16
817 60
504 31
395 31
1244 64
314 90
1865 39
1361 72
1788 36
734 82
396 70
879 21
1395 70
1651 43
1228 5
1333 60
1595 60
1771 93
637 82
1149 92
1083 64
801 4
149 7
572 57
774 83
1607 73
399 56
1008 40
1589 22
1649 77
1019 51
151 64
915 12
1292 18
79 17
160 17
1399 64
1152 16
814 34
1840 75
1112 16
1668 14
1222 65
1864 12
860 85
1315 92
1730 81
1423 95
244 29
1248 57
684 5
1081 51
219 13
840 94
489 13
1748 76
1514 93
802 32
442 12
337 63
372 65
507 25
1724 37
435 58
966 88
1431 66
797 23
228 19
1117 2
1420 78
1437 74
1094 16
381 91
214 15
1902 51
1216 80
17 66
577 8
106 93
362 66
579 29
467 98
1759 49
302 78
1100 82
1628 82
1530 10
672 66
725 60
1109 28
552 95
1380 12
1273 67
439 56
292 10
1564 47
49 28
547 15
1009 62
476 56
733 51
1690 89
1159 49
1241 68
1661 81
347 79
1771 86
581 73
531 89
1418 79
378 45
1308 6
750 60
947 24
979 20
344 49
913 86
685 73
118 38
376 17
1208 66
145 31
901 53
69 32
81 94
1270 64
363 55
1167 39
280 1
1683 83
1558 60
1372 51
229 35
481 34
827 16
1082 87
981 46
647 79
1131 14
746 32
992 93
605 54
1831 56
1119 46
1077 98
1560 19
755 54
1769 45
1253 28
4 75
1893 8
1092 80
1708 56
696 64
581 14
1330 52
958 16
414 21
1830 46
1542 13
704 26
610 39
815 29
1502 13
1352 97
129 8
1123 9
978 19
652 75
175 83
166 38
48 56
139 54
878 22
1168 100
958 80
744 7
1556 96
52 52
165 58
1482 14
50 33
99 93
75 14
1136 100
682 65
302 49
180 44
603 88
824 52
1479 57
482 92
126 65
1481 7
36 38
964 55
1588 58
1925 63
334 78
331 20
1149 39
28 20
667 27
642 62
1884 96
397 85
484 85
525 12
1677 56
1157 33
158 80
1846 55
965 92
758 75
214 89
243 12
717 91
296 81
1914 25
1347 88
562 6
1211 93
1234 5
1692 63
1825 45
194 28
339 62
1264 58
1403 42
1242 60
191 42
1586 99
585 7
436 3
443 90
267 82
1612 29
1509 11
46 72
1700 25
726 57
562 4
46 81
762 39
1594 60
604 99
1252 42
100 51
1378 32
927 26
1032 71
1573 1
1260 25
1825 69
819 99
1563 12
878 10
150 25
191 33
671 1
1272 50
1594 58
915 87
349 24
1765 39
174 6
1857 4
1524 67
157 27
943 80
1876 80
1077 32
486 61
767 91
1705 8
471 25
876 6
1763 95
399 53
1383 63
1650 13
244 86
1645 26
696 40
27 32
1053 45
1420 91
1847 87
597 1
1075 61
483 94
1341 57
442 53
953 36
242 58
1730 15
103 33
55 56
282 95
427 100
994 2
1756 81
686 41
1435 73
357 63
548 96
93 5
1530 18
1441 34
1193 39
1212 2
1544 27
672 57
205 14
1667 84
181 67
1231 40
155 70
1224 63
1782 18
903 77
1037 15
756 16
834 35
1338 93
1498 49
1331 50
1406 65
1267 8
1317 49
1839 76
1729 85
488 50
1775 24
1680 99
700 23
456 44
846 97
1658 98
919 91
1605 35
391 45
592 25
561 88
1766 40
1797 48
389 94
1786 7
1265 3
597 91
1781 18
587 66
259 92
793 64
1396 88
1534 36
1467 85
224 39
1916 7
747 18
637 34
1893 15
1777 37
611 24
1221 48
186 100
478 58
327 47
1865 53
1089 96
1884 8
1312 26
133 31
282 16
72 54
1664 75
79 92
1394 33
1489 88
573 59
617 40
476 68
1133 25
1639 86
279 50
1260 44
202 81
913 3
1880 78
602 90
1 74
908 31
1805 8
227 6
1156 35
1678 100
1601 90
1140 62
1347 41
1629 24
1370 65
1715 9
1197 59
1841 72
1589 3
1733 53
95 82
428 26
896 38
1399 5
1170 9
338 31
150 80
1149 13
1097 98
218 83
1065 85
1077 94
1475 41
841 57
1812 38
1229 88
42 4
1327 31
1763 39
958 27
183 34
839 74
1326 75
1483 75
76 19
843 100
209 61
1675 32
89 26
715 61
1793 68
1159 6
1188 3
1713 92
1229 94
1727 19
1674 24
1655 53
79 67
912 31
1520 21
84 94
1862 71
835 78
569 50
1057 64
1048 14
946 81
1438 53
953 21
1906 93
171 96
1133 20
1911 84
400 66
517 24
901 13
810 72
482 24
1274 69
739 76
1596 75
1071 20
1835 50
1869 41
583 75
1402 68
266 6
451 23
338 34
952 20
1669 2
428 6
420 76
1777 55
1394 35
812 21
813 70
593 10
1034 46
1418 7
1040 21
462 81
1088 81
683 23
1893 75
470 88
834 17
421 51
1218 47
1678 11
1289 35
1231 65
712 69
737 91
629 60
1163 45
611 86
107 2
892 21
1203 32
1369 89
1266 95
613 93
1222 93
59 76
850 3
331 94
528 96
84 48
841 71
680 35
510 75
1314 48
162 40
511 65
1544 57
995 61
1186 58
1169 21
1892 11
1173 12
1758 25
1903 2
831 26
1762 48
358 31
1573 23
380 72
1914 15
1541 97
1354 72
28 85
1028 94
1529 55
1773 80
1255 17
794 44
1272 2
1493 92
1631 76
329 70
1146 96
567 94
997 97
1440 88
399 63
1497 35
1432 54
1848 66
1818 10
928 56
1121 83
1183 55
42 46
331 70
384 61
1175 20
1914 30
496 75
1295 28
478 76
1291 73
947 49
1336 98
1737 21
1275 100
1069 100
629 42
1236 10
1750 69
1899 87
1090 36
1810 63
868 38
1504 45
780 17
1068 36
1850 56
539 62
201 47
779 46
107 82
1477 6
800 55
1735 96
782 30
855 17
456 36
551 87
88 73
149 35
1321 76
1301 16
74 14
1061 18
1734 91
570 52
1851 24
513 77
791 35
168 48
352 41
1109 46
197 36
232 75
1843 61
984 3
834 68
1913 96
508 41
1418 36
1475 35
1599 34
1248 49
120 12
1399 40
1288 64
1330 17
721 56
931 52
1706 20
1595 66
1356 44
1230 88
434 17
1549 79
1207 41
889 97
563 79
1673 41
449 61
1238 85
1424 18
642 1
1857 68
1907 63
1217 35
1140 15
1104 99
1165 47
1108 54
1017 65
264 17
1650 88
812 14
109 46
958 16
511 35
1591 92
306 37
495 59
1390 43
760 82
471 30
565 51
1393 13
1216 98
254 17
309 58
1224 49
1568 86
308 74
877 30
491 79
1318 68
1812 34
1012 98
730 16
278 68
1318 13
456 93
66 11
1230 1
1734 67
1528 94
586 61
524 11
472 19
1489 91
682 76
1177 25
1297 52
980 31
1405 6
1910 75
1550 40
1234 44
619 86
1597 41
1222 30
123 82
42 92
1594 55
122 65
665 45
521 55
974 56
1713 38
49 48
595 40
238 63
1541 13
1178 78
1125 72
822 82
1306 49
1337 62
1407 1
1095 22
1385 15
363 65
1608 65
741 87
1552 20
542 97
1646 68
1002 28
1602 54
1504 37
1432 60
1645 81
1131 86
1662 37
1862 86
287 96
1095 89
1851 43
686 51
150 87
528 96
647 21
304 14
855 75
129 50
375 20
1539 61
1912 7
175 18
1318 34
340 87
1146 62
65 19
894 99
744 33
1053 3
725 56
653 6
1256 38
514 53
268 32
1103 91
496 26
832 63
578 18
410 19
406 74
99 50
1520 51
31 23
1587 2
544 62
1552 15
252 78
1198 29
944 74
1825 88
787 3
1811 27
1839 37
1725 61
575 90
1328 47
1590 34
1819 13
1064 93
1180 91
693 46
1530 43
629 67
1077 2
912 24
13 28
705 98
612 16
801 17
1028 77
1495 37
646 30
12 30
579 62
1086 16
41 79
606 82
1373 53
1598 60
79 42
1475 32
783 87
230 36
352 15
819 40
472 32
768 61
1 58
930 55
779 28
1878 43
1870 34
1164 4
39 74
1546 16
1471 33
470 5
383 7
1391 10
502 17
1123 8
110 18
872 12
796 38
1449 14
1101 37
1374 98
762 94
604 92
1005 47
1181 15
192 34
5 94
1339 71
877 87
1083 24
152 77
1081 67
1730 43
1189 84
94 34
1682 25
1124 84
764 22
1443 46
1497 11
534 61
504 22
1843 6
920 54
1705 4
1467 89
415 27
1703 66
664 42
1731 28
1106 23
47 16
1568 84
449 3
553 33
753 78
1239 93
646 12
1692 93
1193 56
1140 47
1920 12
173 78
1572 79
300 86
604 22
1373 73
1481 24
871 9
218 74
1665 14
819 11
409 94
690 10
979 56
435 27
950 60
468 2
962 26
125 63
1376 26
46 6
1648 4
111 42
808 19
1312 9
850 10
287 41
235 68
872 18
1650 60
1839 75
519 79
328 53
1758 52
1676 49
1563 81
440 27
1282 26
366 4
1200 70
1561 5
1149 25
1575 3
222 31
1109 33
316 10
1572 86
1602 8
439 56
1628 96
68 40
906 46
1483 6
460 95
1772 39
705 74
1293 47
1644 91
529 81
1781 63
216 34
992 14
199 19
1088 2
319 4
49 2
1087 74
203 82
1822 68
520 24
1292 45
337 61
43 94
51 8
1708 61
1875 25
1636 14
1337 97
1515 80
1286 29
1430 89
1294 32
1411 92
1036 41
283 54
468 82
1246 3
426 57
1589 44
102 44
457 57
1671 66
657 90
34 59
706 67
619 71
638 100
387 69
644 77
755 96
1087 48
1567 24
1095 25
1538 17
1611 3
1573 43
1245 27
967 48
536 73
1068 35
1789 17
327 40
1462 16
1364 61
1003 19
432 65
773 87
1170 82
1728 62
1726 25
411 76
914 51
1773 71
233 30
1267 46
152 77
1681 3
44 16
420 44
575 89
1310 19
900 68
1244 54
1877 84
1496 45
1633 87
307 92
1900 65
1417 11
672 77
1162 93
1051 80
173 68
439 33
1472 14
697 1
397 68
1038 75
88 17
1018 97
371 47
1114 100
492 42
370 17
497 96
1375 11
840 82
1135 61
993 97
38 65
636 29
1446 45
831 67
1442 64
502 29
745 39
1361 76
112 40
1604 74
1361 86
64 88
1112 35
307 63
463 65
42 39
1010 93
35 8
1639 13
403 5
1605 66
989 29
386 32
1659 25
1561 13
881 82
1124 92
1222 44
802 30
1595 45
1581 66
120 90
780 27
1813 7
1648 10
700 99
422 71
198 84
1555 44
1451 48
653 56
699 36
1582 91
778 58
375 66
1881 7
1444 42
341 97
1858 6
376 7
421 22
1504 35
192 88
568 61
1832 48
636 78
1831 74
1279 65
1789 41
1824 11
1245 50
67 47
1356 6
6 1
284 63
411 83
966 98
329 43
775 94
438 28
1743 3
1373 72
1309 79
1662 1
1926 84
1538 59
1285 89
980 62
1713 37
779 93
94 36
8 2
1076 55
1523 86
555 98
883 72
1511 59
37 81
1897 47
1784 76
1098 54
466 14
1347 14
830 21
400 51
887 55
1707 85
1924 10
359 35
428 12
85 62
72 28
82 46
312 62
690 84
470 94
952 70
1908 96
543 40
837 17
488 22
198 67
1140 31
167 92
1081 21
476 78
827 28
550 83
1047 10
865 23
858 49
294 75
952 35
1549 94
755 28
634 77
733 74
1036 18
1185 33
1383 74
1080 63
485 2
508 15
974 20
1511 24
1872 53
1518 60
903 16
1034 83
332 97
1236 76
645 34
1329 27
1363 12
6 24
1179 78
1787 47
531 27
1245 74
598 47
1810 15
445 17
502 20
1311 99
77 69
806 1
1386 73
37 53
1453 35
1146 48
1766 44
1445 80
671 80
922 29
640 71
275 63
602 45
792 91
988 41
1525 5
985 14
531 71
532 69
1230 73
1731 49
1634 85
548 14
1152 15
455 97
1466 95
1104 37
1619 18
591 17
658 72
1618 60
1028 27
332 48
1323 40
1324 20
821 48
643 80
960 51
767 86
94 54
1883 27
1041 81
539 17
604 82
1760 19
1134 45
412 76
1363 77
1651 74
1155 44
129 25
253 37
454 8
722 53
594 11
538 86
1535 19
938 22
1380 79
1280 65
897 34
502 79
1179 92
1808 40
1701 45
4 88
1851 80
1003 77
1685 8
1188 65
1655 7
500 67
1599 36
613 91
448 98
1434 22
1696 6
174 94
700 36
1881 62
394 90
1611 37
1909 4
550 25
1199 95
1165 85
479 38
705 66
1621 33
335 72
1593 84
1289 62
84 90
1234 65
674 57
1039 1
1571 16
3 95
672 62
1846 67
1319 88
531 32
814 25
964 58
1444 55
1426 79
258 96
1812 99
527 89
436 93
509 80
1243 88
1860 32
1612 66
1813 19
1491 76
1015 78
1522 49
773 32
791 89
426 56
1799 72
528 72
242 91
304 51
1700 21
186 40
545 38
630 3
1844 59
1617 94
111 57
1272 20
1285 6
370 70
596 17
800 81
948 18
359 79
1617 80
977 13
908 62
1626 16
1117 95
754 69
1732 78
571 68
787 87
590 42
906 26
323 75
623 50
1416 32
716 98
1170 90
111 57
581 7
852 26
486 83
720 91
783 10
1287 55
915 62
1502 10
886 29
1464 78
1496 95
1399 54
801 16
1553 51
357 91
1670 7
875 42
1261 40
1615 28
825 89
229 40
1328 11
296 55
828 91
1334 51
518 60
777 67
1834 86
1247 66
163 35
965 16
892 59
1771 42
264 93
1665 88
1469 16
1774 61
1519 15
1428 39
678 47
500 38
971 70
526 68
1216 54
1574 2
656 56
1683 27
1165 13
1311 8
1294 56
1752 15
381 57
716 39
1791 35
1697 36
336 36
1513 16
1654 92
504 30
1061 62
1324 23
1108 89
608 33
381 18
924 52
1564 84
1442 100
1313 65
597 12
1090 58
434 66
1848 76
720 74
786 8
1259 52
194 9
1755 97
621 44
283 70
561 43
1528 39
598 8
339 90
793 16
1015 62
84 22
859 83
1519 99
1246 97
1743 81
599 83
37 63
1311 31
77 36
1788 73
1297 18
1281 38
1175 96
122 82
55 95
57 54
66 3
431 30
1308 57
195 55
368 3
1166 30
1749 66
361 90
930 78
1087 98
1470 47
1546 14
918 54
999 10
1491 82
205 49
1220 63
867 33
1595 80
912 35
794 49
476 78
1062 9
939 30
1821 96
835 92
1591 81
181 15
1 94
303 79
160 93
388 2
858 66
1155 48
442 6
614 21
370 15
1845 32
864 77
1661 43
703 32
963 99
1904 38
1433 45
1916 61
683 38
1165 44
1082 20
1367 54
1066 47
762 94
1187 5
1403 93
1468 18
1485 43
816 10
1395 29
1507 96
566 42
1068 78
913 15
246 57
177 7
1430 20
182 48
357 84
1371 99
1229 30
774 70
1829 94
847 11
1609 2
262 96
843 55
817 67
1427 90
238 55
386 45
903 25
1516 96
867 14
723 34
1842 8
890 5
1146 1
1573 25
1893 11
583 68
328 26
1162 77
722 25
1375 3
34 33
475 11
1651 3
1317 13
271 75
202 44
448 93
85 27
15 22
714 13
50 28
222 26
1665 77
1364 40
374 99
823 80
1223 63
1789 94
946 20
1382 41
1504 18
1900 12
178 11
1402 94
497 35
568 83
349 34
938 59
360 100
358 90
534 49
1456 77
1363 18
1550 17
603 77
870 18
20 13
585 78
1476 73
1894 60
1162 21
161 30
1701 71
1774 42
927 64
915 77
853 2
499 12
800 100
1923 93
538 17
512 90
925 38
1566 4
1758 52
49 94
1079 91
730 96
1497 26
1624 99
1351 3
1131 94
807 81
1284 26
773 73
63 79
549 47
966 86
1621 90
270 74
1303 9
87 57
902 91
596 3
1896 24
1729 30
423 17
982 55
163 94
292 68
1582 64
154 63
1007 64
596 27
236 71
568 24
908 81
1275 23
1123 38
680 42
1677 58
98 26
1697 8
1383 31
247 35
325 19
1254 59
1160 59
661 90
1732 7
68 66
1271 4
1032 62
1224 95
574 27
606 90
1013 78
459 28
31 44
1320 26
42 16
66 27
352 17
1818 92
1420 1
1904 44
240 92
711 73
82 22
208 40
556 76
1706 91
531 90
214 87
473 11
1816 99
1462 5
1401 66
850 3
1608 96
1513 34
712 2
208 76
274 79
1011 36
841 58
1766 78
396 81
1827 14
784 31
1901 66
501 45
1662 57
1698 93
872 47
489 98
1458 97
1645 16
379 61
763 50
403 59
196 49
58 51
1260 51
1515 30
8 82
734 65
1574 69
77 12
1857 90
689 89
1387 61
1399 52
1398 47
1247 12
1068 1
684 64
841 74
1720 10
1358 89
1166 36
467 15
1678 60
595 73
1256 97
39 51
1133 54
1216 84
231 57
4 33
1050 45
1698 97
1527 61
1785 74
15 32
1654 67
611 6
759 70
279 59
1128 12
1692 44
1431 23
1425 55
1819 30
1910 25
1007 58
1878 23
1878 68
800 91
235 29
1500 27
1415 74
1312 38
163 12
81 43
93 61
249 28
754 82
1652 79
406 37
94 24
1296 72
822 6
1163 83
549 17
1728 90
563 77
145 87
462 15
1698 68
528 25
97 75
958 25
311 41
1836 98
249 82
1121 15
4 28
1663 38
1769 36
993 39
1211 52
1634 12
341 40
1506 33
528 37
1618 80
826 49
151 2
909 39
1593 31
21 6
1502 88
1205 95
516 69
1293 46
1539 61
1018 40
540 57
828 20
1772 39
190 32
1230 74
481 33
259 70
923 8
1796 24
10 15
1061 54
120 82
652 59
1705 89
573 54
1308 6
671 34
1874 89
1144 3
933 32
1455 65
743 20
1712 85
498 15
724 56
1266 6
1420 86
1401 36
38 24
1143 57
1146 23
810 83
33 4
383 48
1790 29
538 60
471 9
695 14
623 44
1594 14
702 53
1219 13
253 66
1452 9
481 77
247 2
1483 35
1803 24
1323 15
123 91
663 73
1182 20
1400 100
1608 98
1082 26
1222 91
1079 90
927 3
543 26
1877 69
1113 56
1710 9
472 3
969 64
167 80
540 81
18 63
1380 56
1611 23
1222 24
1264 90
320 84
1695 58
1847 46
515 23
1781 62
1879 95
269 40
583 64
1215 59
142 20
121 44
1215 19
1398 61
1863 43
1771 59
37 42
1425 86
446 74
1433 27
645 66
645 21
1620 85
42 64
411 59
1475 3
503 41
946 18
46 86
1870 27
1472 3
1599 84
1384 44
1326 43
1666 64
763 2
1558 19
276 11
1136 14
534 51
368 93
1526 88
429 99
150 84
499 92
1833 75
536 52
1317 26
1175 29
1395 87
1085 47
1652 10
1561 5
1105 37
278 46
1065 79
1302 24
335 19
975 38
846 71
854 32
400 15
1288 95
1439 12
1384 78
1112 3
1863 91
1100 54
1406 50
925 31
893 71
1044 94
922 24
1045 54
229 27
1271 97
1160 34
163 52
1675 23
381 93
275 56
1319 97
118 61
1925 83
995 89
823 65
1520 67
1734 98
1148 90
257 93
228 35
418 86
776 19
319 54
1206 74
70 30
1916 61
572 74
937 60
194 84
1634 24
1374 50
350 65
209 50
1337 3
128 43
1078 86
87 60
1189 8
1293 46
72 87
643 61
832 94
691 98
426 26
321 90
1492 23
570 8
1856 69
807 55
512 58
747 20
1275 8
212 92
1372 19
2 28
228 16
485 83
131 15
