6716
199 68
755 7
541 36
1049 68
1157 3
893 86
470 89
43 39
789 64
379 20
1108 78
1143 16
1247 52
320 59
1099 97
1060 37
549 36
777 91
535 59
750 37
36 1
285 10
428 58
475 45
701 21
350 67
960 94
335 100
755 22
971 67
693 43
642 81
1170 8
1185 69
1342 20
1024 69
852 42
256 97
462 50
809 18
955 58
54 93
179 12
380 44
153 12
846 21
139 17
22 60
80 91
383 49
955 97
688 15
1260 49
549 50
976 46
333 36
156 66
1188 57
904 54
287 66
356 79
779 83
518 90
578 74
775 82
1286 29
1206 6
788 14
1169 62
349 11
935 41
198 47
1326 88
719 53
1162 72
608 71
1237 71
417 97
1292 64
139 41
354 24
713 94
986 88
51 65
464 12
831 89
1010 42
754 11
249 60
135 69
835 89
873 80
195 38
1280 33
1261 69
897 49
405 17
1068 86
1281 44
1134 81
821 79
620 94
84 28
190 23
543 50
925 52
998 7
1198 58
1044 17
6 78
51 3
519 5
793 78
1246 12
969 87
57 91
422 75
1226 18
1133 17
666 10
1216 84
985 31
546 41
912 72
545 46
722 75
332 70
1340 17
1034 79
549 23
535 44
927 20
884 62
678 84
555 14
179 89
181 85
259 78
1164 47
76 38
890 96
148 51
411 49
159 92
583 43
39 67
1274 13
578 63
774 73
770 13
1166 68
1098 53
527 37
298 46
171 17
1335 90
1024 95
606 47
681 98
690 73
738 88
57 20
1215 5
772 66
883 4
1032 20
1077 51
272 98
17 42
677 51
333 66
779 78
1107 98
104 61
524 7
441 87
1337 37
378 9
891 12
423 73
684 39
31 59
531 74
74 55
845 92
943 56
715 73
821 80
456 18
32 62
963 21
305 55
256 48
1184 27
534 59
479 73
740 48
903 68
872 15
540 57
482 32
1031 63
1090 70
259 8
451 75
17 74
358 65
46 37
784 60
605 7
758 28
66 69
298 44
676 50
1007 77
649 37
1099 85
195 70
982 98
1314 51
43 22
235 97
935 98
915 3
1340 17
1290 8
129 74
1304 39
240 67
807 18
502 86
530 78
960 38
301 22
914 34
940 36
300 54
1300 52
602 76
891 52
8 24
99 98
640 75
1154 51
1049 18
284 39
450 86
888 15
999 96
1132 100
1118 38
863 7
511 6
99 29
445 88
851 3
276 41
313 48
525 6
614 73
1085 77
686 24
997 86
275 76
579 53
894 29
724 92
446 12
876 49
941 47
1118 66
146 44
1257 28
783 80
589 37
280 95
518 69
267 66
1082 54
1203 79
574 99
973 47
194 61
412 4
283 95
1101 91
213 27
884 45
210 88
386 59
651 54
758 73
377 98
391 19
1316 86
226 82
1188 35
685 42
1048 90
508 31
238 3
669 50
1133 44
911 3
348 78
1247 41
1147 43
452 68
613 63
841 47
88 99
1254 32
700 60
509 79
490 18
1027 60
941 96
417 23
859 90
352 48
371 50
527 68
294 15
1250 73
1248 93
602 80
646 23
138 41
923 92
516 27
1240 29
716 65
1339 58
787 94
685 89
986 15
105 54
1060 54
198 72
987 42
531 94
864 16
214 44
211 35
739 90
509 74
1263 16
176 11
681 73
354 23
497 17
541 32
497 13
1334 8
50 60
1112 23
382 61
914 47
914 35
821 34
1220 31
14 7
27 5
313 59
1267 10
1292 15
234 32
311 76
937 25
46 40
630 95
658 75
405 66
128 64
1304 20
495 44
1075 62
561 36
936 17
642 6
221 50
151 65
162 60
167 56
295 19
638 78
71 3
506 24
220 64
1118 8
728 88
605 32
358 95
1182 58
1055 95
607 34
271 21
119 62
786 42
1315 22
626 3
704 1
964 19
1320 86
636 97
814 47
732 58
706 2
1104 3
290 30
230 69
1264 1
1203 18
1308 32
617 21
883 21
660 26
90 53
1197 56
768 15
1013 84
382 3
1034 32
423 48
1336 34
185 5
1290 79
1159 96
989 61
910 78
1167 18
116 67
1022 61
535 82
141 47
700 71
715 22
83 49
1149 65
662 79
1265 74
1013 17
1148 80
1028 73
826 67
1289 87
673 3
1048 45
205 54
697 7
823 14
812 60
894 40
174 55
686 92
347 48
246 44
835 2
953 75
1338 7
386 90
851 99
38 8
1008 70
579 84
427 29
122 21
83 52
853 43
584 34
80 56
1117 46
1088 92
215 76
435 87
416 70
318 79
969 67
813 25
203 14
907 76
670 66
763 35
1177 70
71 98
990 21
1200 5
212 77
553 90
295 60
1139 68
70 62
1179 70
31 93
1251 67
1206 96
1064 93
28 31
1029 14
26 32
1336 18
372 52
136 17
809 36
75 41
914 52
540 27
817 56
1277 38
631 79
858 19
1056 74
715 66
710 11
66 72
977 74
738 73
602 67
206 20
147 94
729 45
61 85
764 41
115 53
7 72
305 92
1118 73
1284 100
823 54
785 12
71 18
733 79
219 43
931 64
121 81
404 91
1281 72
470 80
730 60
1097 40
368 38
1141 25
148 95
892 24
474 44
1149 79
107 22
570 68
1214 49
940 94
824 5
491 33
1042 59
339 48
909 2
1144 31
562 36
133 34
32 67
1334 53
924 80
1007 20
402 31
976 89
1111 48
831 58
282 97
717 41
133 22
1141 75
607 45
581 56
662 79
615 92
1157 58
947 97
420 84
1151 33
174 38
448 35
1228 48
741 39
846 25
393 60
1321 64
1038 22
1343 99
1283 53
167 20
1153 34
1256 75
340 3
1204 84
882 7
390 47
346 36
741 10
937 14
94 53
1319 5
1177 20
691 34
829 35
855 99
101 73
1187 79
676 18
994 3
1191 26
609 65
1235 51
10 21
1116 92
910 64
126 54
655 76
897 33
1190 74
1262 20
38 19
298 11
255 84
835 15
1156 44
1286 57
1284 12
638 23
1238 14
532 29
538 87
1260 100
955 49
1166 74
71 64
544 82
1067 71
1047 45
472 61
236 51
1117 39
560 61
813 38
1004 76
13 1
1021 79
743 51
1275 55
1316 56
1142 63
286 80
1299 73
1322 98
53 68
1080 72
387 46
240 29
676 77
880 91
665 26
542 36
1186 19
40 85
136 35
652 31
960 79
714 2
1119 53
318 6
477 29
727 40
27 56
374 61
175 89
1311 64
1028 99
173 55
1185 4
650 42
288 99
764 11
1271 57
407 100
90 21
567 95
1311 74
144 21
493 87
1170 1
1292 53
190 41
148 58
629 48
364 37
16 39
961 45
716 21
246 73
1241 4
578 54
573 53
377 96
673 7
902 40
497 15
355 15
85 74
415 77
602 46
97 15
1234 82
1160 6
1135 39
921 27
1066 34
1071 57
37 25
452 91
592 67
878 36
955 25
675 71
846 90
1179 45
288 9
771 24
30 86
476 25
425 40
1081 21
169 99
289 62
873 72
1088 25
1337 56
1157 75
970 92
1191 57
968 38
921 36
413 24
534 40
1224 10
648 18
1183 33
1229 64
69 75
721 14
87 18
640 91
869 96
687 92
153 73
1286 47
295 99
715 27
1043 39
474 14
1064 11
44 33
665 98
1218 32
726 95
364 4
836 33
433 55
1222 58
469 19
662 71
175 16
928 30
1146 86
412 60
989 98
1182 66
1208 20
906 66
1343 3
299 45
485 45
1296 48
978 7
566 74
357 41
207 32
857 96
163 28
64 68
647 100
1267 74
91 88
1323 68
995 22
1283 24
1172 54
959 9
319 4
1221 68
131 19
106 19
140 96
103 22
1042 4
525 35
955 37
303 90
389 73
46 4
258 97
158 25
545 72
1161 55
496 65
833 25
608 16
853 17
868 95
868 84
1121 64
1174 21
348 94
105 50
939 71
144 61
1114 1
1288 42
359 12
552 13
106 52
630 74
269 54
724 73
1335 88
199 50
1249 93
1075 21
117 9
153 28
320 67
1010 59
181 90
838 75
665 14
1210 39
727 17
290 96
155 84
1327 67
882 94
139 54
384 4
596 84
810 65
884 94
927 21
113 43
228 76
1300 83
821 31
253 76
1326 78
290 49
307 58
101 52
240 76
725 93
1271 23
1209 70
262 94
1309 91
1110 14
22 31
619 25
1325 59
316 24
911 90
881 4
232 4
1191 2
128 46
3 92
543 18
739 7
1098 38
1300 46
182 2
1112 40
844 28
483 43
257 44
976 73
826 26
10 29
1128 67
1309 49
1091 20
849 27
374 71
1117 80
238 70
963 92
97 58
815 31
1221 49
445 3
625 32
515 66
643 16
686 13
520 90
190 66
483 12
803 6
633 62
1149 16
955 29
1164 30
1223 17
597 88
519 44
1201 3
660 80
897 32
257 38
1325 34
96 92
807 91
98 65
353 55
487 94
317 47
1322 8
410 71
163 96
1232 86
1044 93
88 75
133 39
709 100
114 44
1087 29
588 73
184 63
231 5
1238 33
365 17
223 21
109 72
179 21
214 83
997 85
971 41
568 67
543 13
273 5
1317 88
866 65
269 92
551 26
1274 98
47 7
1316 51
107 88
747 12
1047 1
1041 84
1124 42
276 71
70 82
87 8
209 50
696 85
1331 97
322 61
1080 96
386 93
1209 93
929 11
653 24
1018 54
600 79
226 86
1310 94
87 34
434 6
104 82
349 94
564 37
267 43
986 28
60 61
1186 86
1186 88
96 60
1255 62
176 97
787 69
631 11
1130 72
1004 86
639 76
967 96
514 39
220 16
48 1
552 41
998 71
857 44
805 22
890 56
765 45
566 62
178 88
1266 84
937 10
451 70
393 13
664 91
739 30
383 68
1131 24
1219 19
63 9
276 72
297 52
66 27
118 55
468 75
501 58
1296 45
1122 57
591 77
654 33
1186 93
445 64
761 14
375 79
29 15
1239 73
168 51
1125 32
174 29
122 15
1134 13
642 39
105 88
1069 99
883 8
1017 83
865 22
133 24
768 21
311 36
1109 14
908 79
1178 2
452 2
891 80
1165 85
6 97
411 5
1215 61
472 41
955 71
1103 26
865 99
426 25
154 5
760 44
752 92
111 19
981 100
1215 1
64 33
1092 7
463 58
1000 87
34 11
875 74
1042 58
341 20
814 68
798 95
41 48
891 15
602 3
987 88
6 56
491 78
569 14
1175 92
421 5
1131 36
443 67
469 54
1027 17
807 95
570 28
536 96
964 33
74 69
241 8
267 62
931 59
932 92
1122 99
1163 76
201 31
561 69
152 66
48 98
483 19
741 21
1235 53
704 70
162 43
927 43
1189 100
312 61
996 37
740 18
191 71
338 68
816 27
801 60
17 82
111 91
804 1
910 98
70 58
1206 93
571 1
484 41
948 1
866 76
1081 83
1119 75
630 11
979 48
1099 83
1215 51
55 20
1224 80
299 79
644 2
525 29
321 42
1317 52
966 79
981 26
1258 79
715 46
1327 70
523 73
820 39
455 99
639 70
683 96
600 42
361 18
757 77
123 80
943 1
873 88
886 51
1126 34
590 74
639 28
5 67
308 10
231 32
1095 96
421 18
1324 61
863 73
524 79
13 25
722 3
83 72
842 89
988 89
490 75
889 38
916 69
1335 36
890 36
758 84
406 98
18 31
369 62
95 70
1033 57
1205 28
906 67
1035 6
972 22
206 99
1017 4
200 9
1085 73
1068 65
180 42
1101 45
670 88
626 63
901 87
1006 68
1201 7
522 42
378 71
787 12
1327 23
164 35
266 78
1247 15
1151 21
215 61
391 70
1156 31
1022 64
975 47
539 37
1240 37
904 63
383 2
347 36
382 6
38 45
894 44
882 87
50 19
734 20
447 20
60 8
764 87
96 66
165 5
1041 65
92 65
731 100
890 92
591 32
673 77
573 79
104 33
80 67
668 18
1272 5
675 89
472 48
574 74
155 86
487 68
660 75
1250 47
68 49
1078 78
1121 77
832 48
368 82
733 81
35 67
238 78
768 82
1256 13
1077 87
623 14
351 98
485 82
119 60
640 19
60 2
989 83
729 32
535 88
424 78
739 10
1128 1
967 36
1274 84
753 31
948 68
656 94
858 26
731 90
260 9
1278 65
672 65
215 96
714 20
879 47
1062 12
1087 44
345 70
192 75
1003 12
94 95
1337 78
1314 13
971 22
581 25
1169 50
76 100
1220 87
460 98
353 22
485 71
963 41
937 1
3 29
903 47
296 100
1334 21
925 61
1010 1
230 8
490 10
1185 21
352 28
1328 52
607 84
1024 82
1327 89
405 14
487 37
345 89
915 84
588 40
44 34
1308 2
989 99
154 30
225 50
1043 77
600 12
11 100
762 71
640 12
274 47
182 37
312 71
220 95
1341 50
595 38
1334 77
550 8
1301 60
198 25
1137 100
419 79
359 37
188 27
316 37
1273 63
1324 47
355 66
1092 12
1013 94
526 13
1177 91
995 95
990 8
897 61
629 22
727 27
1128 65
342 90
572 19
875 87
1007 75
991 31
568 36
1181 38
867 56
542 96
916 85
612 2
266 68
1076 10
620 96
809 69
964 66
786 37
726 91
1096 86
855 39
506 23
1323 48
594 91
625 72
285 53
655 52
454 67
940 22
1062 98
875 66
872 81
1275 28
881 83
532 50
893 98
590 11
716 12
229 16
910 40
1061 62
947 76
900 41
591 72
541 59
1047 8
486 34
1161 37
599 27
519 30
65 47
146 33
312 72
50 92
433 40
318 17
816 17
585 32
1246 33
619 77
589 95
966 41
748 8
174 63
726 19
750 34
416 74
1330 1
402 65
1186 93
416 30
381 40
23 31
170 14
630 35
565 62
907 17
678 9
165 51
1030 19
895 58
1241 15
939 50
231 28
116 16
615 42
79 5
1168 98
1200 6
644 87
653 5
798 37
1153 59
463 42
1268 71
184 93
157 96
164 50
192 66
130 62
435 82
713 100
805 13
329 44
961 76
623 17
949 29
728 2
582 83
971 96
820 30
1329 36
1173 16
329 7
17 95
807 41
959 28
116 92
483 39
21 66
508 20
605 88
338 57
46 82
160 6
447 75
760 23
489 82
550 73
1103 1
902 66
117 37
1135 11
206 90
612 71
582 98
641 54
746 19
981 26
98 30
671 9
1096 58
1089 69
1173 24
524 99
285 82
684 38
69 44
1163 63
1300 51
836 56
242 34
851 59
1200 88
1 74
229 98
847 40
764 55
931 7
597 33
143 60
969 62
954 36
52 61
467 86
225 84
1030 68
961 12
60 55
295 83
695 66
1282 20
302 17
1124 89
129 39
521 60
1104 60
434 47
912 95
445 39
544 47
31 44
398 95
252 92
668 92
553 97
335 14
468 48
308 6
777 73
1252 11
614 16
1256 49
588 53
1275 15
1208 93
639 5
377 74
1129 47
197 72
1262 60
866 20
375 70
674 53
384 96
856 48
1031 19
978 30
1082 59
1091 15
989 34
449 47
716 100
944 30
925 79
437 62
65 69
309 98
225 27
186 66
1044 1
946 10
1316 51
1250 20
568 38
217 79
1217 7
754 56
1113 75
458 22
221 71
364 17
840 23
106 57
483 53
462 23
1306 24
135 42
560 62
785 11
1264 44
47 82
507 64
789 83
637 88
723 23
974 52
807 41
448 78
923 56
635 24
87 4
1092 42
1131 65
1245 59
1115 69
1187 33
283 25
1322 85
882 68
457 81
1223 76
967 13
439 78
946 16
408 20
443 100
620 66
797 29
644 71
181 32
1004 23
776 17
70 88
22 95
555 7
1219 100
491 100
479 55
825 25
1335 35
211 63
931 84
895 39
1329 58
1000 65
235 31
736 16
754 100
1188 48
297 27
1 48
693 31
1111 36
140 37
665 22
665 70
617 34
531 60
549 50
1318 20
526 7
1047 96
1332 27
443 53
1139 45
642 93
591 10
1298 33
562 59
995 19
989 29
243 30
167 38
147 5
321 45
18 93
1088 98
693 97
1155 73
590 26
230 34
63 19
235 32
476 27
823 95
938 8
1177 87
1159 64
1117 37
905 14
936 50
29 26
591 56
1147 89
445 19
1016 75
384 36
365 34
1151 50
775 79
940 81
267 70
243 40
658 94
1133 63
398 44
1085 84
1176 23
229 38
585 84
65 75
945 76
817 11
355 94
1175 48
1063 38
1194 88
702 63
1229 83
14 26
13 45
238 46
725 57
581 98
1119 51
317 37
164 1
677 59
190 1
749 70
959 58
274 99
841 62
639 81
359 60
1033 27
357 36
737 53
9 47
1060 55
202 54
400 55
960 91
13 63
332 60
552 32
1239 33
316 87
228 5
1142 96
475 31
608 48
164 67
314 99
1146 3
466 10
1213 52
176 73
1181 91
981 40
711 59
1199 29
212 57
463 74
949 92
385 79
1094 44
770 100
247 5
778 4
566 16
1043 8
798 23
913 7
973 70
613 61
806 73
583 34
203 64
340 43
1053 32
213 94
232 21
1073 79
166 96
884 6
432 13
66 20
1217 8
1233 22
239 22
649 69
998 42
198 62
1240 1
135 94
110 76
1178 5
914 5
1332 69
802 68
535 9
766 84
651 84
3 62
440 68
547 78
364 92
1309 94
402 22
1256 3
457 49
244 4
443 20
516 36
608 39
726 51
227 43
542 74
247 37
1068 66
352 25
134 18
261 77
461 60
177 94
794 35
1009 24
1211 25
318 91
539 40
1123 45
147 33
258 22
220 49
139 17
87 68
1146 71
19 69
346 26
542 75
760 70
905 96
1327 77
317 33
906 24
318 45
295 63
1069 10
470 99
517 85
1208 28
272 98
168 95
705 96
300 84
106 49
1253 98
221 82
873 61
685 66
1099 77
657 98
1152 58
947 58
140 66
872 23
1222 25
228 20
906 74
826 59
154 72
1180 34
1309 90
713 63
16 2
152 31
837 49
809 78
1268 77
394 20
196 7
979 62
568 72
72 76
750 32
899 61
342 47
59 79
1309 31
964 37
1284 22
1261 70
187 92
1146 43
44 1
763 34
354 60
893 49
1120 30
152 79
67 53
19 23
580 98
380 17
1052 18
646 70
989 1
142 73
995 17
104 62
5 63
509 78
768 74
1176 96
808 36
905 75
1056 38
616 3
271 24
1013 18
475 45
79 97
1081 100
895 1
670 83
1308 47
1149 73
885 51
612 96
568 53
606 89
1252 48
292 26
43 84
1002 13
110 83
568 64
282 36
374 71
75 83
369 84
959 50
1137 69
1058 27
462 63
777 68
377 4
1172 44
980 64
598 55
275 49
764 58
731 64
574 29
513 22
779 59
617 62
1016 34
158 89
96 55
1042 8
298 15
238 45
817 74
221 72
979 94
1134 79
251 92
468 39
1269 53
1333 55
1173 97
176 48
5 78
949 25
662 89
247 62
932 28
601 20
140 85
972 68
553 5
656 46
984 83
1099 20
1141 68
441 43
541 7
974 40
1178 42
382 54
17 51
655 43
813 95
86 58
1079 13
494 36
1297 9
1065 23
660 37
128 66
25 59
138 86
927 85
322 100
900 89
983 84
255 100
72 65
511 74
523 99
376 23
841 27
892 20
869 55
743 52
184 37
387 36
1322 88
1262 84
1133 2
832 31
185 13
992 86
594 58
1112 48
915 38
294 36
152 21
819 79
56 73
331 62
38 96
1305 87
1214 87
485 78
125 47
882 9
1249 36
343 70
53 72
349 92
638 92
1300 64
637 79
515 38
504 16
111 78
168 86
126 24
939 54
95 25
1249 34
1072 72
314 58
784 49
1129 74
1160 48
791 61
28 45
395 25
247 42
562 41
470 81
644 40
906 14
638 86
1092 28
1119 27
139 89
1334 66
1077 80
1053 22
941 32
226 65
256 73
337 100
781 5
1243 11
1106 38
551 39
835 4
1111 14
257 81
106 69
1181 53
962 16
649 23
57 71
1305 70
1168 81
1057 42
724 96
801 90
1109 29
148 23
851 73
491 2
794 86
841 75
1217 29
475 33
355 96
1054 58
752 82
735 14
1303 84
76 16
161 75
376 34
864 77
646 16
548 66
102 43
64 62
667 67
1217 8
938 34
792 42
638 75
636 1
389 13
856 94
1242 3
50 65
546 73
135 69
771 33
1188 72
653 26
1313 65
203 52
95 92
189 97
879 52
564 14
223 52
443 54
1284 15
844 27
1257 20
741 69
439 57
757 54
249 97
676 83
396 5
53 16
963 99
953 69
604 100
396 69
1278 38
665 44
229 94
673 32
484 78
1042 63
105 97
734 40
463 68
232 55
644 65
273 20
755 41
447 34
413 53
287 75
581 99
880 63
739 59
621 91
199 54
712 94
968 48
941 39
1127 53
1053 76
1336 92
1255 54
317 36
1280 58
988 13
695 70
690 21
448 65
966 67
598 40
118 74
785 70
634 47
788 60
66 65
1082 68
859 52
290 83
814 80
16 23
141 34
424 45
558 68
973 41
108 2
1253 16
438 96
271 87
1177 47
541 93
33 68
1027 68
434 10
784 63
1131 67
68 65
612 61
1265 55
40 43
94 49
886 91
91 95
1318 20
1327 62
1064 58
1130 24
69 43
141 53
791 67
171 36
102 28
672 87
1204 75
1010 91
647 47
395 60
791 45
116 56
79 41
650 27
865 28
291 84
913 50
1048 47
756 76
383 11
1120 60
1072 100
145 33
887 37
1179 28
238 62
884 74
664 77
764 99
737 65
824 81
1154 2
351 23
75 27
359 25
517 68
20 3
1180 75
701 33
824 6
584 67
993 23
1300 37
1269 94
230 3
1223 18
997 10
176 32
599 53
196 87
1189 81
211 52
871 54
714 97
1196 52
228 58
621 52
312 89
919 77
475 76
1315 92
636 3
1218 57
891 9
787 88
169 68
419 83
703 39
495 44
1077 94
1286 32
1031 15
951 40
1320 78
699 71
630 11
729 85
1035 56
524 27
459 82
742 39
722 78
1343 19
845 21
342 82
501 26
1099 30
54 47
641 49
21 54
547 92
579 30
8 68
1162 29
27 7
60 14
326 9
1316 35
1159 84
312 77
1338 86
1177 26
1295 53
1101 36
616 67
397 96
32 17
1168 75
510 97
1178 52
302 40
316 54
553 43
1235 16
375 91
1104 100
1121 99
98 74
929 95
1238 82
1278 88
944 92
217 34
1112 86
1061 91
1109 1
568 32
85 45
95 33
583 66
382 27
231 98
1205 14
268 13
553 85
649 21
940 89
296 13
257 76
46 72
848 5
887 2
1252 79
1054 27
1227 77
301 62
846 8
76 96
1090 72
260 78
457 20
60 71
1222 32
344 100
580 88
146 82
96 43
179 33
666 15
623 22
465 54
545 15
1227 30
738 29
1292 58
501 75
115 95
930 15
111 58
1060 85
895 63
570 60
870 70
1017 91
1342 32
227 50
654 56
1243 76
232 1
1235 96
490 95
376 42
360 56
959 8
462 28
829 33
456 97
1000 12
139 19
698 48
1067 62
330 73
1119 9
106 39
353 31
7 89
1257 5
1329 17
718 16
439 75
1136 89
785 30
844 94
1232 48
1002 21
1159 60
1284 18
675 79
742 33
692 19
203 87
536 74
699 20
185 50
580 100
473 23
773 94
371 96
849 93
186 10
772 89
883 77
686 92
971 91
927 44
1207 14
1052 38
714 31
276 71
525 64
757 25
676 85
24 21
400 9
1026 70
830 78
199 23
658 11
85 55
122 24
652 88
1117 73
944 86
669 41
1287 67
253 73
1102 100
80 1
232 58
722 69
1056 4
736 80
1094 27
458 68
424 8
645 98
1134 20
697 22
732 65
189 13
1266 4
967 60
1088 40
352 76
1075 61
112 53
701 79
1304 35
612 46
192 74
259 66
1340 70
341 24
549 95
659 72
1274 57
1094 48
746 55
1221 59
412 56
298 77
1217 57
790 65
976 37
364 27
406 56
907 31
1300 27
774 64
681 78
570 51
188 37
822 82
1167 27
325 14
337 99
543 63
361 7
483 38
885 64
696 34
782 36
817 51
211 81
1129 82
775 99
867 92
509 94
909 79
196 21
1136 63
287 21
232 27
147 54
1040 67
345 95
453 70
1044 78
974 35
71 86
978 41
752 89
1284 75
373 88
1279 14
538 26
590 90
1210 78
517 43
338 84
362 55
643 19
1004 54
1089 80
109 28
89 37
1204 51
494 78
1157 30
815 30
897 50
855 66
11 91
36 40
618 84
555 27
1305 15
650 85
812 74
575 88
1220 34
276 95
1342 93
589 41
106 21
1150 96
382 41
1077 58
673 79
300 24
35 18
1102 93
964 87
5 37
938 62
828 65
31 31
328 39
517 85
756 62
56 46
1235 91
278 86
417 70
741 41
1287 37
1217 87
124 19
951 56
730 94
739 65
757 64
1182 99
1328 31
60 91
393 70
1234 48
470 27
37 68
181 32
663 15
198 29
651 30
397 74
564 56
19 94
1029 79
243 61
32 14
24 69
889 51
1260 84
31 20
1000 85
15 42
777 84
629 93
120 29
530 1
673 54
315 2
504 26
761 41
189 96
53 54
914 94
1126 11
272 52
593 11
16 45
81 51
993 4
987 13
1198 72
996 44
700 78
136 11
1009 96
237 44
220 95
1292 99
262 29
642 84
765 84
1219 37
1066 9
452 82
465 40
192 83
446 36
976 48
964 47
822 17
249 72
967 99
42 61
441 80
9 33
809 77
889 76
1180 51
106 98
355 89
982 12
330 14
1190 19
774 68
880 80
1273 44
160 41
1119 16
151 100
941 91
61 6
563 4
1244 57
273 26
765 42
88 82
1269 29
556 62
1151 78
252 48
120 58
1319 29
1278 48
722 30
1178 76
589 84
1272 79
918 13
990 64
241 14
75 24
547 90
1219 2
418 76
1240 47
857 15
1327 13
461 85
447 45
341 65
1152 50
1250 91
565 55
1282 95
1231 36
1082 31
1006 26
251 3
1264 36
260 60
989 16
592 37
481 8
816 97
1327 4
1021 46
60 46
717 73
98 10
435 83
839 21
400 98
295 70
1235 86
448 3
828 15
687 92
1199 20
1182 31
628 22
106 66
1225 21
1038 39
880 58
1107 69
74 32
797 29
752 51
524 66
1259 91
380 60
25 30
31 15
653 7
1149 23
400 77
207 93
1146 13
436 93
351 61
218 96
964 12
984 98
234 63
547 93
352 76
1125 52
355 15
77 71
1233 37
1229 69
1315 19
453 26
768 45
1033 45
563 32
408 72
1117 29
336 17
691 85
292 95
963 32
866 28
138 5
399 24
843 57
1196 98
1063 60
1065 3
857 85
706 76
482 94
862 67
552 74
747 88
892 85
509 87
5 88
259 7
48 11
873 18
394 87
633 10
359 88
614 2
952 83
1227 98
662 86
913 35
615 12
1115 66
1200 90
79 73
86 18
79 69
663 41
737 14
514 32
1260 36
1036 60
1210 79
1101 79
68 21
700 55
214 47
275 23
1188 52
