5529
282 100
508 88
754 73
640 50
781 100
1043 50
242 62
1042 7
476 89
931 37
948 54
732 46
215 91
259 89
295 7
267 92
757 78
340 22
380 89
583 40
8 39
114 79
10 16
593 65
475 64
948 32
101 34
939 14
26 58
564 11
644 4
952 44
76 90
940 9
607 38
667 98
12 27
930 43
804 89
554 44
37 90
344 35
72 19
703 50
700 35
239 90
811 1
935 77
180 8
391 41
985 22
228 67
760 61
416 50
821 12
474 59
381 77
582 60
150 1
1059 52
490 22
65 27
729 31
794 13
433 83
966 87
295 66
214 66
136 26
750 89
130 95
777 81
138 30
764 42
1046 40
344 1
574 59
839 65
950 11
494 11
488 64
781 33
853 5
962 27
1047 82
738 22
354 59
256 11
653 48
1021 98
211 8
446 86
872 44
195 3
42 16
497 87
30 34
86 42
180 5
286 85
45 95
669 30
287 87
907 19
416 71
121 5
882 23
13 40
460 89
126 26
1053 27
129 68
840 20
744 94
505 52
583 88
877 60
88 75
277 55
198 9
930 63
561 70
492 14
144 85
270 50
183 27
615 31
1030 15
589 57
319 2
956 6
1075 99
800 35
296 62
681 29
307 15
1031 12
430 2
140 53
929 66
277 35
502 4
355 26
1045 18
24 88
1042 54
510 76
803 57
587 5
310 37
656 58
665 93
179 86
741 33
146 57
687 87
551 40
827 23
414 70
896 94
518 68
155 17
381 12
575 60
448 38
5 61
694 71
711 79
266 46
745 35
1079 2
371 37
61 17
1098 23
25 36
922 42
295 53
125 77
740 58
454 64
774 40
745 91
733 29
94 46
410 68
533 98
702 33
77 6
875 1
564 9
169 38
155 29
1062 69
718 70
135 93
805 96
501 38
1058 84
604 46
944 5
669 54
772 96
197 66
606 80
300 47
162 12
367 87
1078 100
344 37
229 40
633 94
335 1
1055 55
402 46
883 60
63 91
190 67
366 89
562 70
686 97
942 27
881 87
401 96
702 86
335 61
823 27
690 76
941 50
160 95
219 71
325 77
889 81
277 13
638 11
833 78
725 61
710 16
449 4
25 66
958 25
99 9
131 52
878 82
974 96
713 10
1101 86
917 28
1028 92
206 76
1105 39
1064 46
476 72
297 67
735 51
886 6
596 29
798 99
605 27
250 5
888 29
788 78
630 33
66 59
695 63
113 19
571 69
431 19
455 6
422 3
123 75
140 85
1098 96
1101 49
1106 3
858 34
377 61
413 44
263 80
1 61
32 42
645 21
261 53
76 12
570 28
427 7
771 5
881 93
900 52
888 8
534 65
10 66
782 6
50 20
20 30
327 83
73 97
418 83
322 50
213 29
1092 8
43 87
890 59
1062 39
965 12
632 100
967 73
1091 89
745 3
861 4
343 60
786 6
355 10
480 47
337 21
734 24
277 66
488 63
231 94
243 78
353 62
331 95
1004 83
538 12
241 24
795 64
219 16
783 31
754 28
897 100
171 75
686 63
503 2
467 22
209 66
1037 57
406 88
888 89
617 74
75 32
242 13
622 25
643 8
173 8
685 10
562 89
333 91
593 65
655 99
657 13
537 44
887 65
822 42
813 59
532 29
420 30
747 46
818 93
335 59
1043 70
357 32
811 38
1051 51
1060 26
728 29
791 81
178 61
890 37
55 48
105 57
164 92
624 42
520 15
521 78
111 74
623 24
199 59
72 81
522 5
416 93
474 89
155 21
1106 11
231 36
56 45
683 44
868 88
4 31
801 8
463 99
659 22
898 85
365 90
765 49
788 43
355 15
213 39
354 21
929 31
365 24
532 82
747 44
724 99
963 36
470 86
92 68
482 76
381 10
768 52
380 34
695 43
93 94
272 73
903 66
633 93
189 32
472 44
342 10
589 91
243 85
1010 68
1039 91
1043 66
1087 11
263 44
766 71
463 74
328 43
891 97
874 64
384 47
455 51
482 40
499 60
14 39
89 1
225 60
390 84
248 30
704 20
783 43
1031 52
753 10
1098 68
776 50
689 44
390 47
682 60
533 18
285 5
60 62
1094 30
253 81
129 55
383 21
209 41
207 78
670 99
61 87
294 88
1035 88
1020 92
156 93
33 21
796 20
696 40
287 31
321 92
354 14
638 43
814 83
183 14
703 11
311 17
49 86
949 42
611 50
876 26
996 90
603 34
973 57
802 35
63 81
33 36
705 37
238 29
1002 76
862 63
946 47
136 81
934 83
584 12
667 6
164 69
591 24
671 49
204 98
134 98
466 21
174 55
225 92
750 95
191 79
457 49
99 60
279 88
1066 94
389 55
648 57
712 72
62 100
657 94
605 81
281 45
670 71
304 59
703 31
944 53
1054 65
214 54
29 65
276 24
1031 68
307 91
107 72
405 100
895 95
514 75
168 38
570 15
1012 12
325 89
1099 79
576 62
1039 73
82 8
552 4
918 66
8 6
538 8
1057 19
1080 67
1009 25
1101 17
381 58
100 29
975 75
1019 49
957 58
610 92
689 4
959 88
967 38
539 14
887 98
484 36
246 29
89 70
418 35
984 57
383 66
668 71
773 4
1021 33
996 29
294 13
191 80
990 81
226 45
1105 21
440 73
881 5
298 28
76 24
653 28
356 4
1092 40
248 47
717 52
289 20
671 57
163 92
93 55
159 6
552 53
135 16
169 26
215 43
158 84
552 53
305 38
72 68
680 38
57 48
943 22
933 19
524 16
892 82
829 93
545 69
618 44
765 98
206 13
120 98
578 81
63 48
188 79
636 53
404 52
366 94
752 27
759 2
437 89
12 72
642 43
12 77
329 35
135 62
674 72
904 83
941 3
774 27
950 51
121 16
255 60
495 5
31 71
320 58
308 5
772 55
343 48
829 5
701 44
228 93
65 65
214 60
187 100
83 6
1024 5
67 52
719 82
554 97
166 4
608 49
1019 19
867 75
452 47
128 84
411 51
840 61
32 14
917 8
148 61
258 42
34 91
494 91
37 43
429 72
515 7
962 98
799 9
140 86
1035 62
655 66
445 67
702 98
739 62
341 30
892 96
565 47
195 8
1036 39
634 14
44 6
1026 90
1086 31
812 14
323 45
19 94
465 67
416 99
932 66
275 30
885 55
1041 16
685 87
808 100
832 82
645 46
745 99
182 15
819 83
746 88
53 49
524 60
411 40
910 48
134 99
592 89
53 8
385 4
1035 90
924 83
11 31
193 62
680 12
1022 31
26 45
306 99
199 94
855 80
459 22
1096 9
607 28
1026 63
366 70
1089 96
819 23
515 40
724 92
167 42
29 19
972 43
1007 47
359 22
480 39
792 11
575 5
1053 29
707 15
1027 69
516 93
14 14
597 27
254 5
1074 20
828 15
156 6
1087 32
252 76
194 1
90 83
184 84
858 56
1080 84
288 40
1106 61
939 52
269 5
59 36
370 88
973 16
439 85
1100 88
696 9
92 9
50 54
541 33
77 33
883 46
991 82
619 15
488 72
381 63
547 7
182 72
536 65
405 51
322 91
851 17
266 25
157 98
132 31
698 98
1027 42
31 86
415 23
92 3
928 91
685 44
763 73
699 76
728 94
194 48
352 65
277 5
504 44
272 96
387 31
270 39
326 7
406 15
311 33
914 51
201 45
304 55
158 21
313 26
545 11
625 49
403 98
439 29
446 27
458 66
955 93
521 5
997 27
261 29
203 2
512 92
252 2
264 76
208 53
651 13
478 95
187 44
779 36
742 3
975 67
807 10
223 76
501 70
353 41
277 87
953 11
843 25
1073 33
423 52
896 59
747 25
884 34
629 20
809 31
156 68
782 54
504 79
241 94
703 50
261 45
543 88
129 93
1031 46
955 7
721 99
873 62
248 21
962 32
353 14
425 11
488 38
1070 42
679 14
821 13
443 22
954 31
651 65
721 28
36 45
654 45
812 66
916 85
474 3
510 52
447 3
330 13
361 94
950 41
387 63
986 49
146 24
290 9
501 69
315 91
737 71
705 46
823 57
648 9
366 56
80 47
106 58
365 23
129 36
331 88
479 31
1070 85
664 3
493 55
553 69
64 8
768 38
130 8
1050 18
300 1
892 86
765 57
929 2
491 64
42 67
37 2
629 96
914 88
377 42
110 8
253 82
285 30
1083 22
857 54
456 59
404 9
882 64
182 99
953 37
328 91
658 91
710 55
713 23
860 20
244 95
632 96
786 94
591 21
918 4
110 16
441 75
269 76
163 64
1028 96
587 28
705 82
468 98
587 84
993 82
622 83
927 69
411 20
176 2
823 30
1044 72
645 59
410 51
92 84
47 82
879 41
531 8
876 30
492 15
349 67
2 41
873 30
25 72
916 69
447 63
564 97
727 44
1102 35
65 18
446 84
810 26
221 86
1006 45
995 80
867 39
745 27
806 91
610 29
217 8
254 55
285 6
33 5
266 20
911 22
668 74
514 86
520 88
869 89
678 66
879 77
640 21
604 12
609 10
1025 46
790 45
745 95
241 86
1040 27
137 6
71 49
668 53
999 29
276 20
321 30
351 67
347 59
579 86
29 7
609 81
448 6
977 12
1085 78
835 81
136 71
30 15
1 55
155 32
656 38
1062 94
366 15
252 25
254 3
296 99
138 48
548 100
685 53
587 56
583 98
891 38
228 16
927 29
345 85
164 90
848 76
304 21
909 13
227 40
349 30
906 24
283 57
987 19
1027 82
53 67
467 69
1036 41
405 45
524 22
188 6
935 4
268 34
565 63
313 96
825 78
862 61
157 44
298 27
469 15
132 62
129 11
110 18
562 92
100 69
144 61
249 79
1030 8
951 62
259 46
55 97
5 48
762 77
892 25
321 100
1032 86
44 7
1060 16
3 33
871 46
941 44
77 39
950 79
768 38
882 35
434 33
20 95
910 30
123 23
395 72
507 96
433 4
369 82
896 87
443 100
890 43
973 81
316 93
412 78
124 59
1095 96
261 44
298 91
221 3
127 90
93 53
681 95
755 21
288 69
1013 34
957 74
537 56
721 99
1023 27
953 34
356 10
1089 2
375 85
333 66
593 78
182 100
422 13
1069 57
30 9
148 66
114 4
379 21
378 80
79 98
695 61
884 1
343 10
665 82
1008 91
1000 69
579 4
307 89
992 39
843 81
346 48
1106 89
386 19
841 21
601 17
430 31
1048 7
844 27
741 36
689 14
243 39
857 22
1037 28
505 62
739 37
97 85
2 61
16 91
618 14
1014 11
1093 99
145 79
175 55
373 59
406 82
257 67
272 76
472 68
307 75
877 29
671 89
1022 81
694 87
317 97
780 66
1082 67
492 45
587 100
832 11
732 11
437 53
340 19
225 54
171 59
31 100
525 50
1056 41
371 55
240 98
583 94
1039 64
38 33
1074 100
1073 19
626 79
396 92
89 73
750 99
251 64
78 16
106 13
780 86
257 82
483 86
1029 43
555 43
727 100
692 18
433 13
345 58
659 69
38 65
730 40
366 98
301 86
552 44
815 1
920 76
142 21
760 15
3 78
964 60
710 2
583 72
197 13
124 30
420 18
78 66
889 81
282 23
1002 42
244 73
576 42
511 77
705 48
773 45
59 83
208 28
956 56
155 32
480 39
433 9
501 24
1050 96
916 16
883 54
568 86
402 52
536 82
522 92
581 81
1087 88
626 64
280 65
644 26
223 65
130 31
683 35
943 89
321 55
75 94
176 48
484 85
315 5
685 56
299 19
897 3
850 98
18 19
973 37
878 71
609 95
559 2
473 60
231 34
1100 90
766 12
234 78
744 27
83 74
609 50
409 72
690 67
617 64
1044 29
743 8
305 96
321 48
806 50
762 86
586 100
504 69
835 62
410 71
957 77
153 70
798 37
1033 56
338 57
623 28
983 16
60 54
718 68
617 89
25 84
682 51
357 63
848 24
986 7
672 69
602 98
674 92
681 24
474 94
125 50
153 82
286 74
1012 44
311 13
1049 78
641 71
521 79
448 94
268 8
905 14
399 93
858 80
419 90
871 80
367 22
993 74
582 53
115 81
95 59
482 6
463 56
185 70
768 35
1034 12
683 14
967 24
261 11
2 45
696 21
54 58
262 49
979 83
380 58
937 37
336 26
21 88
764 69
771 11
571 18
765 77
973 99
724 61
369 4
811 62
280 65
100 58
378 5
685 56
852 14
944 41
437 44
789 6
612 95
759 82
232 34
803 48
394 73
886 72
877 23
1004 27
512 75
133 2
162 84
46 5
859 10
540 76
253 21
402 16
802 49
854 27
842 59
734 34
964 31
126 86
650 57
335 56
659 89
690 5
1010 25
217 6
143 64
919 60
372 73
52 78
62 9
285 51
719 68
641 98
626 41
218 39
699 48
451 73
1068 56
408 3
621 37
93 92
256 52
138 15
957 95
22 23
488 86
158 23
17 16
182 47
385 70
513 10
183 44
476 94
63 80
1012 36
439 62
646 100
62 55
764 24
679 54
1021 71
120 41
551 73
631 61
278 26
758 67
885 55
806 70
74 60
262 38
247 82
949 56
36 45
1056 16
382 74
419 79
776 13
730 8
837 7
155 47
873 24
154 85
231 57
780 7
714 81
438 22
736 55
904 25
111 16
771 87
214 40
915 80
467 63
378 65
983 42
152 66
29 7
748 57
711 38
875 2
103 2
590 25
867 21
292 77
727 13
870 47
223 3
532 69
500 87
1088 57
114 47
542 28
685 69
566 88
460 53
798 72
978 30
1085 84
346 64
479 4
23 22
541 73
241 14
186 74
1036 33
45 25
785 74
1044 75
389 80
347 66
867 38
242 95
845 57
575 63
951 55
721 96
597 38
431 12
416 50
747 76
604 94
883 76
871 42
700 97
307 86
595 33
192 50
481 43
30 63
832 76
625 37
992 11
372 54
429 23
689 52
492 83
1092 100
612 59
655 12
1048 69
456 5
41 60
37 7
161 84
471 61
285 51
251 17
951 98
605 85
1077 43
115 22
78 89
721 99
1088 12
214 17
553 68
115 38
286 43
343 93
559 64
611 93
593 23
41 38
840 20
434 52
173 38
611 60
660 44
103 90
823 37
240 71
1061 92
146 24
936 44
208 59
743 46
70 24
874 95
1028 65
229 5
35 12
135 87
992 58
1102 42
1066 8
957 97
737 43
959 43
507 87
1102 83
991 55
392 11
593 79
1011 4
864 44
694 10
627 90
150 25
1066 23
51 60
94 21
79 39
316 61
589 77
450 13
805 80
968 86
723 1
624 89
470 34
964 97
121 58
622 31
411 100
648 74
576 31
956 32
1026 17
564 78
922 28
658 7
7 42
576 31
800 15
495 86
408 54
960 43
1035 85
876 2
716 95
846 4
727 11
426 81
699 84
542 21
38 26
289 37
876 77
305 19
263 36
991 72
19 27
321 91
781 94
448 58
809 99
715 18
601 15
1067 19
843 49
474 45
878 98
24 69
93 52
127 87
222 62
526 65
509 18
486 82
577 36
823 76
133 84
1097 56
380 68
493 45
681 40
751 26
469 94
234 1
1097 63
480 92
856 58
23 83
902 18
484 72
1058 17
884 36
344 37
334 24
372 85
259 70
237 19
616 35
126 48
731 38
905 6
189 29
22 32
80 48
1043 10
707 37
906 64
272 11
732 76
44 28
67 94
1005 20
736 37
1040 1
32 50
838 65
456 47
606 3
982 30
176 89
162 30
681 63
241 19
923 44
758 27
675 44
423 22
428 96
30 73
28 79
219 21
626 67
527 71
528 100
56 88
407 83
811 63
743 88
55 40
185 51
310 83
925 15
127 92
518 47
692 76
786 45
43 4
310 72
628 96
822 41
50 42
106 18
78 70
492 87
603 69
271 28
903 44
225 100
418 67
633 67
125 30
93 24
867 61
660 82
562 31
392 77
674 59
813 86
705 53
1089 15
865 66
528 81
366 87
934 22
464 12
1073 83
222 92
244 66
116 55
697 42
196 28
795 33
500 91
464 74
872 63
1052 13
621 56
849 92
1015 74
166 31
274 72
86 54
848 7
56 74
914 44
43 93
470 22
775 23
121 76
751 56
967 7
150 6
866 43
27 12
863 49
596 74
492 76
264 73
161 74
158 7
346 55
487 77
722 84
620 26
463 86
637 1
311 67
380 43
319 39
799 89
276 28
785 91
805 48
921 94
165 80
463 55
295 58
576 20
463 89
87 4
645 79
746 21
639 50
134 95
1017 12
606 30
635 12
696 14
287 37
468 89
214 86
1018 89
588 84
51 49
793 96
1037 67
613 54
915 43
318 96
241 62
21 44
476 60
107 22
892 20
536 39
669 40
224 37
529 67
440 10
489 60
452 1
240 54
417 31
1021 66
621 52
738 4
982 28
445 84
1052 37
84 70
835 97
857 24
656 16
850 8
80 24
565 62
618 68
1085 50
1051 68
173 26
766 22
607 3
633 6
565 37
145 94
762 14
235 79
178 66
181 95
592 2
27 41
1072 69
107 62
747 15
242 70
275 55
850 56
256 79
522 73
34 11
19 75
651 10
618 17
247 1
607 100
462 11
507 21
119 39
1042 69
275 56
102 39
458 96
885 51
522 59
356 11
61 99
583 97
1033 24
196 32
178 8
507 66
373 96
711 79
60 94
161 61
232 31
362 13
976 68
38 84
511 14
424 62
732 72
63 50
997 92
73 28
622 24
308 98
738 16
425 7
174 93
342 6
677 72
667 5
174 77
27 31
645 65
803 60
598 49
143 67
554 32
936 12
1106 66
934 98
535 35
983 68
124 86
1014 60
674 92
562 13
297 58
781 85
216 26
329 78
70 59
564 1
492 41
540 77
793 95
848 55
96 27
609 34
428 60
851 15
956 34
27 3
275 59
884 13
329 76
584 65
926 74
610 75
1079 36
488 62
435 76
62 90
451 5
607 45
769 80
86 39
361 24
140 69
360 76
60 2
357 80
636 54
703 52
22 55
152 53
549 53
960 32
1086 57
102 78
154 56
247 10
917 59
236 14
562 63
621 71
591 100
159 62
419 52
246 26
285 65
993 66
953 96
928 32
96 61
791 51
359 61
989 89
169 100
710 14
975 81
301 91
386 97
635 96
960 40
289 25
738 75
92 50
455 38
808 51
1060 79
58 5
93 78
207 60
909 9
815 30
847 29
360 28
400 94
935 57
711 92
392 62
782 21
183 31
562 61
43 68
393 51
696 60
1077 23
727 35
145 90
689 33
138 31
1051 32
983 96
816 56
297 45
783 14
255 16
892 57
1066 78
480 7
256 65
82 37
900 95
590 95
207 75
1095 6
40 58
1070 42
847 81
662 18
705 58
560 87
521 60
420 2
63 100
603 30
126 43
460 15
979 83
286 43
209 9
964 85
137 15
107 94
655 20
67 57
634 9
395 62
401 19
1091 32
911 68
555 94
408 94
138 86
461 21
194 56
675 88
296 44
793 12
1106 94
650 12
875 84
560 92
469 71
1104 24
942 51
801 58
365 11
448 42
622 63
307 64
159 57
819 65
531 6
218 53
820 82
35 6
402 53
358 71
791 27
1019 43
588 80
568 57
68 74
1097 52
879 10
22 46
424 86
383 32
420 28
536 41
307 15
401 26
481 39
417 85
893 66
194 95
713 5
1105 26
970 84
596 84
722 39
470 19
297 48
376 26
276 82
1007 17
803 51
926 96
296 7
295 11
339 43
676 57
569 99
167 25
993 1
953 91
967 23
860 89
984 73
666 77
1024 7
573 74
727 100
296 98
1094 93
161 67
658 64
327 52
440 77
313 18
996 34
13 42
418 49
938 26
346 83
414 73
59 10
863 77
976 10
161 63
309 87
972 30
604 75
664 46
880 83
188 31
1043 47
1106 99
680 11
304 63
910 67
810 58
246 77
332 86
686 10
132 7
328 90
296 80
967 72
1060 71
684 17
117 65
1051 46
1008 9
858 83
893 11
927 56
4 45
816 75
995 57
236 26
365 8
1064 9
587 19
1066 16
781 52
320 50
32 75
765 87
34 62
217 54
420 92
1008 85
1017 79
552 71
1100 71
336 38
1068 28
270 2
896 29
1097 10
310 25
509 63
525 66
429 95
444 34
982 85
611 76
927 37
57 21
623 16
601 32
536 52
64 26
202 17
226 26
295 99
219 82
862 24
707 63
1079 45
598 38
1020 80
866 49
762 59
448 83
1058 84
949 27
607 92
252 1
158 96
222 56
683 19
400 9
949 8
314 23
629 84
44 28
296 13
396 46
144 96
1098 64
909 21
1092 31
761 71
945 8
499 39
587 77
476 87
1087 36
85 29
183 22
523 36
1003 45
669 26
954 66
1075 62
390 96
775 100
1062 9
461 48
505 82
272 2
1084 39
264 87
283 66
565 43
1101 74
651 61
60 87
239 35
781 47
526 60
388 4
466 18
519 2
552 77
1009 3
694 85
748 78
374 38
233 92
690 97
1012 7
505 100
463 16
265 66
860 5
357 70
174 51
647 50
2 96
1010 3
713 22
567 48
961 18
583 54
971 76
116 90
1036 32
899 30
934 68
159 30
392 92
257 76
937 53
388 53
631 13
135 5
54 33
280 69
1024 27
277 32
20 65
447 62
675 12
919 51
418 97
261 6
552 70
632 43
629 7
925 54
287 15
457 18
130 51
602 12
465 36
811 79
674 39
72 89
202 51
1050 12
239 61
15 71
909 15
746 97
888 29
564 46
150 60
333 62
1059 95
192 87
884 58
591 35
1078 84
873 31
585 95
823 67
406 97
781 33
267 57
61 74
159 12
179 46
553 70
204 94
926 80
105 37
504 69
1018 64
590 63
537 98
594 71
919 77
317 13
1073 49
321 92
344 68
1106 39
625 4
675 95
696 21
982 7
348 19
856 46
784 46
869 17
33 4
335 51
442 94
828 81
326 75
207 99
755 40
693 39
684 55
446 17
7 32
585 62
436 1
735 87
1075 31
274 10
617 60
109 91
135 47
418 54
678 25
171 44
679 86
304 79
808 63
475 17
920 65
850 34
946 27
20 7
947 47
79 87
762 5
1085 69
435 44
69 26
834 6
409 53
316 79
21 37
867 72
507 98
382 18
175 59
54 97
426 100
1057 57
1089 5
382 76
298 6
1102 61
86 34
461 26
281 54
708 92
276 21
332 66
437 3
884 3
1070 98
343 56
305 25
282 93
491 66
479 6
1061 70
438 100
666 96
741 97
524 57
1034 18
79 7
249 83
122 41
1079 13
458 11
885 10
109 5
1028 75
269 47
619 85
825 64
729 87
72 85
133 71
750 55
1009 11
92 46
680 6
87 86
90 67
105 69
247 72
1049 62
494 87
58 88
513 34
711 85
462 73
721 64
180 91
799 85
994 46
733 68
205 58
1083 80
951 22
293 55
1020 77
290 69
751 96
211 17
880 82
1033 18
48 46
799 31
151 77
248 80
11 35
838 87
248 41
448 17
436 4
408 36
635 7
476 23
323 2
448 16
127 79
155 16
975 13
481 96
841 43
680 21
296 76
263 98
1 84
92 59
943 16
225 75
123 73
577 88
295 60
457 78
363 75
440 91
732 81
207 21
164 2
703 37
369 89
437 42
1071 30
270 46
951 96
135 20
1043 69
978 60
187 18
535 84
68 39
386 87
156 94
193 25
98 2
572 56
151 90
482 18
639 86
437 50
847 51
109 76
881 24
302 53
1047 95
530 1
496 81
206 92
530 53
105 6
1071 64
200 1
423 33
376 40
455 32
1015 43
448 6
556 37
849 82
1039 26
84 44
499 15
51 72
10 19
945 14
781 91
100 36
903 72
875 53
200 37
914 58
945 26
294 91
997 72
84 3
38 18
986 18
1055 8
721 55
876 41
858 100
275 46
291 12
705 91
289 99
880 63
911 61
629 32
474 53
261 57
1072 22
724 100
533 63
866 64
820 8
361 14
964 15
48 64
472 14
995 84
301 83
1099 62
265 80
878 77
256 75
680 19
786 98
330 10
215 10
1006 38
1098 94
566 28
126 34
244 76
884 78
444 54
893 98
181 93
72 1
243 20
246 46
433 20
388 48
678 22
396 23
1033 71
126 4
478 77
334 6
5 65
618 86
1036 95
643 47
1008 23
1024 87
632 50
778 28
59 61
344 7
117 9
1044 2
700 58
353 84
188 85
706 75
500 3
615 41
584 40
388 96
182 90
449 68
878 11
202 67
35 31
109 25
926 35
844 32
891 59
618 20
627 49
578 65
598 27
575 96
794 52
364 94
508 76
202 50
223 59
64 95
246 59
1064 23
706 98
477 88
959 100
193 50
511 74
196 30
1013 51
134 85
770 87
311 77
421 74
1054 65
3 99
666 48
56 66
539 67
309 36
118 25
491 81
101 51
334 63
833 4
622 11
285 54
871 91
55 78
372 17
88 15
90 100
87 92
748 78
700 64
767 40
402 22
810 42
639 83
772 10
159 44
504 7
1099 15
352 2
373 52
33 47
210 9
992 63
855 73
416 50
300 92
968 46
767 92
1056 88
592 9
987 11
368 4
191 2
634 93
1106 77
974 83
769 50
582 65
293 100
689 14
589 38
906 71
328 54
781 48
720 22
987 18
282 59
960 100
1099 66
235 18
756 12
1072 90
397 81
869 88
794 26
328 5
293 17
673 12
410 100
160 43
957 65
88 3
980 3
563 60
57 20
646 49
111 20
340 19
447 25
862 61
367 49
579 96
615 98
411 69
715 55
863 82
615 10
226 4
1074 7
685 75
429 40
934 26
844 8
289 33
358 66
475 11
795 75
927 12
754 33
542 93
679 63
550 22
259 30
1069 31
487 54
758 71
666 77
122 3
676 60
487 41
560 75
336 57
1027 66
902 19
756 4
15 61
508 43
499 98
221 37
171 23
938 74
1023 39
7 51
825 90
960 20
1024 18
665 8
350 70
431 48
696 11
308 41
467 80
1104 19
138 56
650 81
51 60
188 80
942 87
330 14
523 21
801 88
252 10
730 21
655 75
302 77
981 74
647 11
553 81
590 81
489 33
138 74
119 73
464 35
450 86
555 91
968 56
999 78
255 6
442 39
852 62
300 93
110 76
810 62
394 37
902 58
712 56
802 46
