746
136 13
17 54
143 39
109 52
35 90
149 57
132 79
144 42
80 80
140 76
30 62
141 85
76 77
148 97
20 52
64 93
139 42
85 25
58 65
108 49
70 99
61 50
28 24
45 87
74 57
108 57
51 44
128 7
143 30
132 56
70 19
19 1
60 73
134 93
110 22
13 63
147 4
138 47
3 90
77 82
22 64
66 3
72 29
133 59
52 87
142 97
31 57
108 48
48 35
82 67
90 18
53 78
37 76
128 49
61 50
49 12
53 92
122 59
85 40
56 87
100 75
80 41
57 32
78 30
43 14
134 96
145 49
49 44
91 4
58 39
102 71
108 8
35 30
63 36
108 73
123 45
81 80
23 11
124 95
124 60
56 85
44 36
77 46
71 45
6 71
120 90
110 26
129 88
22 1
139 61
138 28
133 91
134 58
88 96
132 44
137 21
96 11
20 84
105 52
3 65
57 28
78 67
11 26
54 51
63 80
144 79
32 2
36 95
146 79
88 24
48 55
16 67
125 79
87 74
74 90
123 84
72 78
132 78
141 56
43 71
131 85
31 35
121 35
88 36
13 31
21 11
126 83
116 30
70 11
80 52
145 22
132 15
15 56
36 8
143 46
21 93
142 10
90 31
79 25
124 18
24 72
82 80
111 43
110 74
138 86
48 62
74 78
6 25
130 77
145 73
85 30
46 100
82 9
105 35
43 29
60 97
9 38
143 30
44 38
146 15
101 10
126 10
30 48
94 34
119 58
126 48
60 89
104 82
9 40
58 33
91 66
108 24
39 29
122 27
25 66
113 18
46 64
70 47
41 1
98 29
120 80
147 27
78 37
72 6
56 7
9 82
100 10
93 34
37 59
83 64
3 26
65 90
116 65
30 5
123 56
19 45
94 49
24 72
53 51
98 7
78 84
128 80
66 79
131 47
38 60
138 50
132 72
113 50
76 42
134 5
78 7
27 47
128 95
23 47
137 79
86 36
82 40
77 2
102 7
116 83
95 9
98 96
106 59
70 46
84 14
99 88
87 86
75 26
90 41
116 31
132 30
3 36
48 2
83 62
25 34
45 28
70 22
56 48
5 100
47 7
131 93
101 20
36 29
144 11
134 57
93 44
14 55
84 65
26 42
136 13
70 73
138 89
111 97
23 77
147 55
58 3
52 69
146 92
118 54
11 47
44 86
30 84
110 35
51 79
58 12
18 15
106 44
40 52
20 1
98 61
110 34
34 94
37 46
19 2
101 6
59 80
121 67
109 33
45 63
72 56
81 65
119 58
114 31
12 59
8 28
32 4
63 84
62 98
2 45
14 38
5 57
100 34
57 70
61 36
125 40
149 68
14 96
68 93
120 75
8 81
132 46
94 11
49 50
139 36
68 43
145 49
47 50
82 19
15 79
30 36
25 36
128 14
58 99
68 59
77 41
140 33
128 20
29 84
61 66
31 78
44 29
11 30
83 31
52 91
7 6
1 75
129 54
83 78
49 11
1 54
30 44
149 90
130 54
9 13
18 40
98 6
56 37
72 68
108 38
75 62
90 36
19 83
115 5
83 47
85 18
144 99
92 6
39 71
131 56
104 12
30 18
65 5
60 26
145 59
25 69
26 59
125 3
148 77
22 31
10 77
140 53
68 37
139 46
28 7
121 97
3 45
133 63
75 92
102 3
21 31
52 55
89 76
55 30
116 90
131 26
144 86
42 87
73 89
40 52
34 55
110 96
39 73
74 68
140 84
135 70
34 89
131 60
91 39
83 18
129 10
127 84
132 18
74 12
104 95
90 38
90 78
63 7
93 65
41 95
96 32
3 33
53 96
91 9
98 83
114 93
103 56
72 79
14 52
76 58
100 54
118 64
103 79
80 32
106 51
129 66
111 89
124 26
104 80
126 9
61 60
84 57
73 5
33 87
145 30
45 54
126 64
39 1
31 11
100 66
54 5
48 75
7 26
142 42
13 13
102 8
89 79
116 61
130 29
79 66
46 70
81 52
68 29
69 71
95 94
19 98
69 37
124 45
110 37
30 93
66 58
127 7
44 51
29 38
116 57
55 8
134 52
2 40
29 21
103 26
26 11
102 35
109 56
30 21
59 52
46 33
100 79
23 42
87 25
44 24
139 32
88 75
119 64
64 23
50 25
132 93
148 89
6 23
105 33
97 65
132 35
127 85
43 52
112 55
104 12
25 51
79 77
112 60
5 67
59 4
57 6
142 85
9 97
35 38
148 98
104 62
118 56
58 43
64 100
145 33
148 4
24 60
60 82
99 71
113 61
96 21
46 14
9 63
5 63
46 70
35 10
46 90
126 51
140 95
65 87
126 57
49 93
93 50
49 75
138 38
123 22
48 7
13 33
21 16
105 82
132 75
29 75
82 54
137 90
132 1
100 14
35 18
74 21
106 52
142 4
129 32
19 79
21 62
125 29
127 95
49 79
87 6
12 48
115 44
72 40
2 37
48 82
120 21
3 34
98 4
113 24
146 10
138 81
109 35
3 76
86 34
69 69
55 8
18 60
79 30
48 3
18 44
134 27
113 12
131 43
54 33
22 83
85 64
73 3
13 27
22 38
80 72
86 71
37 4
40 83
139 10
8 79
132 35
94 67
88 68
132 34
16 74
102 40
68 60
50 95
67 57
5 2
133 53
134 10
61 59
57 50
49 27
36 54
82 88
84 11
35 19
105 32
27 23
7 6
63 61
30 55
90 93
120 81
69 100
133 60
69 49
122 53
63 6
44 92
6 48
33 77
43 74
45 8
119 58
94 20
20 36
91 96
113 46
23 2
94 68
37 3
14 8
7 60
145 63
63 69
40 36
27 48
9 34
45 8
58 84
60 13
4 74
97 57
43 78
141 57
130 97
55 22
139 95
91 18
27 1
34 37
104 14
135 2
58 14
7 15
93 89
6 89
148 31
117 56
125 27
134 92
124 72
11 61
95 37
92 74
97 20
14 79
115 23
34 73
44 73
140 60
20 66
128 6
75 63
25 85
118 47
51 69
18 15
38 43
24 44
138 64
11 17
83 77
70 54
58 16
83 62
86 35
62 60
54 71
138 69
140 21
135 20
117 45
33 44
74 68
143 50
104 80
11 25
13 74
128 75
52 13
111 22
125 50
142 9
72 41
56 74
34 98
121 16
89 83
55 82
74 46
41 28
51 12
102 52
122 95
24 48
66 10
149 95
8 71
46 46
47 24
58 4
74 89
80 55
8 45
58 15
9 54
126 67
98 53
124 15
16 8
128 98
55 92
119 80
144 33
68 10
141 8
102 15
22 13
50 31
71 48
149 23
48 87
102 47
21 4
86 16
56 84
131 93
123 2
55 42
24 95
58 74
57 2
98 63
105 30
113 39
135 41
69 57
125 34
45 92
40 36
90 100
33 84
98 95
76 1
69 36
35 57
114 32
77 60
10 51
131 28
103 100
22 87
31 15
60 29
70 54
143 96
109 28
35 96
117 22
112 60
34 7
94 21
54 29
10 47
2 35
49 62
15 25
10 60
110 53
45 89
129 39
9 38
93 68
80 63
76 8
148 92
99 90
135 58
115 28
80 19
129 96
34 38
72 86
122 17
69 89
30 50
1 50
90 99
50 80
63 99
51 81
10 6
76 11
142 95
147 92
74 85
129 78
145 71
101 29
67 86
32 19
28 4
131 25
146 72
82 86
81 62
37 81
114 72
46 11
116 2
69 29
80 96
48 12
10 27
63 74
75 3
9 4
62 33
126 32
52 88
19 77
50 49
47 87
123 74
148 45
23 8
146 86
135 50
103 64
45 91
26 25
2 8
77 3
130 48
50 81
81 36
109 54
75 35
102 64
134 22
123 70
56 88
123 57
11 12
36 7
13 21
15 46
132 59
101 40
54 25
122 98
56 5
142 54
125 89
78 50
48 57
23 93
42 59
51 9
89 70
7 62
131 92
89 1
69 8
22 71
11 62
17 31
107 76
126 51
82 25
16 15
144 50
105 15
60 11
15 37
118 69
75 46
35 62
147 22
51 40
43 82
51 9
92 86
127 78
24 97
54 100
48 1
29 81
83 59
32 89
74 53
141 98
105 5
48 1
43 56
68 40
31 4
66 100
59 83
30 58
65 46
26 62
25 58
71 81
140 20
93 2
98 61
9 45
7 87
109 26
61 40
22 19
58 57
39 39
24 34
44 67
118 87
22 89
3 7
26 71
9 78
3 59
114 75
139 21
111 35
144 61
133 19
47 36
113 27
72 33
98 93
67 3
69 24
65 84
5 100
27 50
69 8
89 33
88 84
77 97
37 26
145 67
70 78
106 44
21 49
102 81
31 17
45 99
45 15
46 9
53 7
117 98
94 69
80 76
16 92
24 55
122 67
14 61
41 10
102 5
86 86
73 6
62 17
111 53
99 82
27 5
16 90
61 27
28 33
132 23
15 88
19 26
87 22
30 94
32 41
87 52
118 29
39 91
127 43
37 87
87 59
24 48
36 89
81 86
97 40
92 49
81 84
71 92
14 90
100 85
7 82
4 95
128 73
38 24
35 40
79 98
70 76
124 84
111 40
125 90
53 44
131 96
89 8
29 85
120 57
60 71
14 81
103 90
90 33
118 59
124 15
8 45
3 55
81 17
144 54
112 55
63 2
133 17
119 56
122 34
5 79
138 23
10 51
47 29
115 100
58 34
82 60
82 1
6 21
8 31
124 53
63 53
17 7
69 45
55 98
7 97
32 18
142 94
84 50
28 13
131 79
113 92
76 60
70 16
64 74
84 3
136 11
71 73
8 15
77 64
38 60
110 47
21 45
149 66
26 47
99 25
14 81
55 71
137 93
82 44
123 61
93 86
30 85
144 8
60 62
109 21
142 73
71 33
72 63
37 79
47 52
15 36
34 51
103 92
87 79
38 98
78 39
103 33
97 40
142 26
113 45
90 41
143 77
57 8
80 52
95 45
107 68
17 98
50 73
147 77
47 57
143 29
112 39
113 46
36 100
78 77
33 36
63 37
136 49
87 18
131 9
100 79
34 36
15 27
84 7
90 43
71 43
102 67
32 89
116 44
43 6
68 66
131 35
95 23
138 9
47 37
61 74
147 2
72 96
66 75
41 8
41 80
91 20
86 30
149 27
46 8
49 65
126 83
53 11
133 39
130 93
86 41
63 97
96 24
61 58
37 68
19 93
62 42
107 36
132 3
130 87
41 50
53 63
148 86
11 27
55 18
20 31
67 39
125 83
26 25
42 32
98 95
11 41
70 21
107 30
97 19
53 78
65 39
51 4
134 15
129 18
131 36
130 35
16 45
64 66
13 88
42 45
103 59
80 52
131 51
133 4
136 63
139 78
129 20
141 79
129 52
38 4
123 69
131 25
147 76
132 31
18 100
117 1
96 68
101 82
78 97
88 28
125 9
3 22
42 82
104 70
68 55
69 79
48 24
44 21
14 69
45 32
147 41
102 43
74 70
24 39
130 21
16 26
136 84
67 67
147 22
68 75
37 62
125 54
146 52
144 38
32 13
108 79
88 20
19 5
12 18
67 5
84 11
112 82
8 15
50 63
120 12
138 32
59 77
93 42
57 77
47 62
102 31
55 82
137 26
31 15
107 80
7 25
114 34
139 76
76 37
42 57
96 3
129 78
55 51
74 18
19 39
115 73
76 55
51 45
67 52
13 48
99 21
38 1
35 82
102 84
18 82
7 99
105 22
17 73
107 59
99 56
93 2
94 17
79 62
53 73
134 22
42 3
9 62
49 82
47 77
142 2
36 35
138 34
6 6
133 13
116 12
26 90
62 71
71 100
147 92
100 53
11 82
135 74
87 6
8 83
51 64
107 18
44 92
132 75
117 62
85 19
104 86
17 44
70 48
32 20
88 35
92 19
2 44
128 47
143 5
84 99
146 97
6 80
19 44
64 74
136 38
134 13
35 95
144 39
134 17
49 27
96 34
43 43
103 89
64 11
36 25
128 63
32 83
4 32
17 44
17 44
105 29
133 4
26 81
14 49
57 67
54 68
82 5
21 68
95 22
3 52
55 63
117 59
12 30
69 57
51 37
75 23
74 63
106 78
52 10
92 69
148 60
24 69
2 37
26 52
118 20
78 96
113 57
138 67
38 7
15 56
8 81
69 15
127 29
104 76
26 45
105 32
83 76
25 18
19 90
97 10
13 27
118 7
33 97
70 31
85 7
100 31
87 9
48 26
138 99
21 24
149 54
136 80
5 15
121 41
98 28
127 60
28 81
88 21
95 73
22 69
108 97
11 57
2 57
116 41
116 34
120 4
34 24
40 84
24 85
78 77
72 13
84 58
84 21
134 22
63 64
36 47
6 22
53 41
79 79
100 1
146 36
121 51
139 77
71 65
133 85
57 32
13 89
101 10
79 91
16 93
104 95
114 23
99 42
20 73
65 35
45 27
26 34
55 35
111 48
47 97
85 11
89 97
56 100
16 25
67 48
111 77
21 82
11 1
107 1
102 72
136 76
126 3
132 4
51 28
112 99
10 98
137 73
28 92
51 35
26 81
64 30
97 14
77 25
148 86
109 96
3 66
28 58
70 79
146 59
17 7
48 33
99 69
70 84
132 20
84 23
120 50
114 8
19 8
51 27
52 29
77 43
86 91
50 30
140 50
56 59
24 49
117 1
146 73
115 36
85 50
135 16
11 50
131 97
131 63
82 94
5 57
27 51
74 59
103 7
37 39
59 21
46 8
98 23
49 51
60 35
60 93
78 58
109 34
146 87
54 34
96 58
73 29
7 71
144 22
124 33
32 68
77 99
69 50
17 77
98 30
65 82
65 22
58 73
4 83
11 86
81 53
32 42
104 22
101 13
109 26
86 2
90 18
103 34
11 57
137 45
111 46
50 41
94 37
94 33
12 72
102 89
67 97
9 10
36 65
131 32
53 74
97 57
122 2
31 72
35 54
136 18
77 32
88 21
72 43
48 58
80 24
137 21
85 59
130 63
21 33
144 59
141 9
123 63
140 70
72 82
58 25
37 95
120 59
98 38
20 57
68 21
46 91
146 12
31 19
87 7
123 8
98 71
70 71
33 99
88 3
98 8
137 75
137 15
22 32
80 58
132 7
57 61
19 12
112 70
112 96
10 65
146 24
36 45
109 80
25 11
101 91
113 30
112 41
107 98
85 40
37 95
23 24
19 81
134 100
81 30
103 7
135 87
48 9
43 64
82 100
140 85
69 54
69 30
127 68
111 30
12 44
100 43
8 78
18 26
140 61
48 66
146 69
28 26
143 90
16 75
103 71
64 68
9 23
58 75
49 47
55 5
104 53
1 43
35 13
41 23
138 41
148 65
15 74
101 12
99 33
62 50
57 92
35 91
49 70
103 61
13 95
81 20
27 47
139 79
34 31
39 45
17 46
141 19
26 27
83 53
50 98
147 29
59 99
100 39
116 97
122 68
47 7
44 50
83 78
80 29
82 31
138 5
98 11
112 42
82 61
8 41
102 92
46 7
113 31
60 89
3 37
109 98
117 89
27 78
43 7
29 82
79 92
22 69
13 6
88 71
79 46
141 69
59 27
84 74
53 73
113 41
46 91
102 15
113 14
139 48
46 3
66 96
29 100
56 43
48 77
33 61
49 96
41 80
124 42
33 26
3 6
61 78
120 23
16 59
80 83
6 41
56 25
26 42
53 46
105 21
76 89
75 65
32 17
52 1
104 29
22 39
74 67
72 2
54 53
37 88
131 58
49 30
124 15
2 24
2 39
20 99
98 99
18 97
129 9
84 91
141 15
141 28
104 3
46 25
113 21
74 40
116 20
20 69
2 68
15 46
105 19
29 6
41 81
88 100
8 87
136 34
22 3
97 92
100 21
18 86
39 83
142 57
50 73
113 57
85 61
75 6
49 98
70 6
33 41
13 5
34 60
123 63
143 24
145 81
78 30
18 63
143 36
52 23
59 10
8 100
75 72
21 6
70 29
38 69
75 83
90 98
8 65
1 23
75 1
4 77
2 49
76 40
144 2
56 46
140 4
103 77
87 60
122 74
83 80
23 100
105 90
128 51
57 8
123 72
95 55
125 47
94 93
117 10
34 57
2 81
103 36
83 58
49 83
44 74
105 72
46 66
36 64
70 23
50 92
67 90
74 98
126 77
6 69
122 98
94 51
2 45
64 41
10 12
74 58
8 38
34 23
1 46
43 34
134 88
149 4
58 44
87 21
11 99
54 95
78 3
45 19
139 67
112 49
53 42
15 91
92 89
39 21
89 27
19 61
92 97
65 7
21 97
115 92
126 93
121 86
105 96
83 87
103 93
82 35
126 92
91 68
19 32
64 86
81 43
81 36
107 74
117 86
45 38
131 23
91 12
102 89
108 30
46 75
109 39
2 67
35 55
96 10
104 37
65 68
101 45
46 27
147 70
85 78
67 62
32 88
136 4
38 46
120 90
126 20
107 22
134 88
107 37
90 95
39 3
132 95
31 76
101 17
84 61
20 59
95 3
140 1
99 13
123 5
105 39
143 5
9 77
97 14
109 44
91 92
90 98
18 6
60 63
98 51
31 34
47 60
88 45
86 8
56 65
142 16
137 11
21 86
10 16
44 46
13 29
118 50
146 5
54 82
17 25
126 83
105 86
102 4
67 11
29 75
58 75
77 27
64 49
76 87
52 40
56 86
110 44
86 61
50 40
80 82
2 43
13 39
16 17
19 16
68 1
145 18
70 42
81 17
9 72
28 28
110 26
73 34
41 83
78 21
18 41
12 51
130 100
109 50
120 100
135 1
56 66
94 71
141 31
147 30
32 89
104 1
14 91
145 12
60 21
83 49
45 77
104 45
44 28
123 33
34 28
91 45
34 49
18 46
70 100
14 7
121 38
58 70
149 24
39 98
134 98
73 93
94 14
74 70
78 73
106 90
52 68
117 62
10 44
73 24
39 22
1 6
87 75
145 40
30 66
131 31
30 29
71 2
53 50
33 93
139 96
86 78
88 15
15 99
1 9
121 74
120 27
141 59
19 84
12 97
80 98
2 14
19 5
56 46
112 10
18 38
77 74
20 38
34 57
141 93
34 73
10 26
38 51
97 5
33 78
148 82
123 7
64 50
18 39
90 88
117 75
29 15
53 50
127 34
101 20
117 33
56 94
107 13
101 88
14 50
118 75
1 93
129 23
118 98
140 73
62 83
18 91
74 55
101 60
101 33
33 31
53 10
40 66
32 55
31 56
133 16
109 97
46 7
140 58
135 24
86 51
77 60
70 86
76 77
113 50
25 65
117 55
80 35
124 73
146 59
141 73
23 63
127 63
103 34
115 38
149 41
122 11
100 23
80 52
28 55
44 46
144 76
147 61
112 51
136 33
76 24
1 58
53 18
106 18
34 23
103 58
18 84
66 7
16 75
109 71
67 1
121 14
99 60
89 17
87 25
43 32
90 21
53 43
81 56
61 37
69 41
3 15
42 65
91 67
111 11
26 8
80 7
81 69
123 81
6 50
69 26
94 79
139 2
71 91
127 25
132 70
78 59
72 93
146 57
40 64
20 95
42 70
128 74
39 27
34 97
123 13
77 9
57 68
126 91
137 4
147 26
87 100
60 21
54 22
5 99
122 41
55 26
8 84
11 72
122 52
97 11
109 82
69 63
74 85
77 62
15 89
142 77
115 72
41 88
138 91
18 83
128 47
128 12
109 23
70 30
51 99
42 69
2 78
94 34
95 67
104 22
102 61
99 73
118 75
92 23
98 87
57 17
120 2
46 86
24 39
135 70
124 24
74 58
17 71
126 88
74 100
22 86
77 10
53 81
107 47
79 26
28 55
3 53
127 96
123 59
61 11
10 25
70 8
53 68
124 89
68 21
92 59
83 13
113 92
133 15
87 17
67 47
6 42
93 24
111 77
117 95
91 97
35 88
120 78
16 73
135 93
62 84
147 87
38 27
139 56
50 54
26 20
136 94
16 59
85 81
130 48
131 74
39 92
5 79
72 17
147 61
47 37
40 100
42 78
121 48
108 84
128 91
107 99
65 64
93 46
110 74
149 32
24 14
98 40
56 70
54 4
103 8
40 63
132 96
53 84
44 33
127 49
138 14
139 35
51 26
105 42
110 43
125 63
127 5
116 59
83 4
147 44
88 86
21 94
19 8
101 31
51 45
42 51
136 11
57 4
95 89
63 21
85 8
31 59
91 4
101 44
95 50
92 36
146 48
144 98
28 27
107 9
134 91
134 96
85 28
138 54
32 74
132 4
143 54
103 61
37 76
80 65
79 87
123 31
133 4
31 48
56 44
29 53
57 66
116 97
34 93
57 32
20 57
4 98
46 70
86 55
4 7
50 87
137 11
107 31
5 68
9 86
14 41
30 59
130 50
101 64
116 88
88 4
88 73
38 54
66 34
69 29
71 71
68 90
56 26
119 68
118 6
66 25
50 34
92 95
1 85
54 93
3 17
135 42
70 79
26 35
19 65
149 12
133 96
142 97
23 6
16 38
137 14
70 57
130 68
137 44
119 79
2 77
142 34
138 100
112 32
20 16
62 80
81 71
95 33
25 50
19 46
96 36
122 1
99 95
58 23
75 27
21 30
141 70
96 16
2 54
144 43
9 2
93 97
134 40
105 72
14 31
107 64
133 73
4 74
88 2
34 14
92 100
41 51
103 73
140 1
84 58
5 65
64 83
117 23
63 15
100 100
99 66
26 69
94 96
110 41
44 12
5 29
112 98
93 25
124 44
40 21
101 50
55 17
102 61
130 77
37 86
119 48
58 91
125 6
100 41
82 82
54 17
84 86
138 63
60 3
17 65
58 71
46 40
77 1
95 53
145 56
85 56
110 52
96 6
103 11
12 36
22 79
143 95
59 52
24 78
90 67
45 17
135 32
66 92
143 66
126 41
129 53
148 41
65 51
19 28
138 47
75 34
32 6
67 6
142 79
98 79
12 68
59 89
54 68
111 85
64 42
22 96
75 18
123 97
111 41
40 75
54 59
56 23
6 72
77 44
100 32
90 82
32 70
138 73
24 3
94 58
96 1
112 19
61 57
88 90
107 2
31 31
128 28
129 43
128 100
33 54
3 70
134 79
29 10
66 45
94 29
94 57
83 35
87 13
28 16
39 45
25 54
83 66
28 93
132 18
83 92
101 30
77 73
128 19
91 64
57 28
75 71
20 86
30 99
133 1
131 27
145 70
96 27
104 57
33 93
3 85
28 41
39 43
112 21
142 82
70 55
78 70
110 20
79 7
104 35
26 44
107 71
82 61
71 82
120 64
71 100
2 98
16 95
136 39
35 9
90 94
143 19
88 27
106 59
81 21
7 72
117 33
42 44
17 34
37 58
45 41
28 37
14 75
108 21
12 13
98 92
148 85
106 99
6 29
132 24
112 82
39 11
85 90
125 16
82 17
117 85
95 38
15 47
27 94
18 32
65 30
62 26
123 90
73 69
71 62
43 88
57 31
32 51
66 99
64 57
8 14
31 84
78 91
80 21
107 10
36 16
101 43
12 88
123 74
4 93
93 89
74 99
5 21
62 29
35 30
95 66
34 43
136 81
48 49
108 9
104 72
25 20
148 36
53 40
115 62
104 83
118 62
17 18
110 4
31 36
39 71
22 86
16 38
17 49
140 96
72 70
107 8
18 7
108 38
81 43
138 91
58 83
147 33
100 68
117 16
18 57
127 76
51 19
17 16
130 16
50 67
68 9
133 97
72 71
111 10
27 97
8 8
112 90
19 98
95 95
127 60
114 74
21 6
67 67
23 10
92 63
6 68
24 30
45 64
123 2
95 80
91 10
26 12
75 66
107 88
142 24
97 54
113 34
77 88
81 6
91 75
28 47
18 51
86 9
102 94
26 88
123 21
130 45
107 16
41 42
124 76
85 66
83 70
21 36
14 26
125 45
53 100
60 66
65 11
85 66
135 23
54 99
16 35
56 98
27 11
90 28
53 10
99 25
74 13
93 48
65 29
19 42
125 48
35 89
49 92
110 43
49 76
134 67
51 63
77 22
8 47
50 70
72 75
146 62
50 79
44 77
3 86
11 83
122 96
124 60
3 78
10 40
99 30
82 47
10 76
68 5
114 90
80 13
98 78
80 61
31 97
80 75
134 38
86 16
36 56
113 42
117 41
73 11
53 28
78 51
29 66
27 3
45 54
142 55
36 36
119 30
51 16
57 92
119 34
18 58
54 82
105 84
110 23
7 66
77 11
75 31
16 54
107 94
114 3
57 64
40 4
92 90
76 57
18 71
93 74
131 49
117 26
68 26
12 82
134 60
33 19
101 26
128 3
42 5
131 86
77 49
21 20
5 88
80 72
25 13
108 60
105 11
7 72
54 18
33 23
50 33
31 83
102 34
98 32
16 28
140 2
39 91
98 23
64 15
50 81
35 42
14 3
101 25
144 58
131 47
12 10
19 67
102 77
118 4
133 7
82 21
129 90
52 45
115 24
104 87
44 83
15 38
109 9
50 17
125 14
79 36
117 37
17 22
10 87
55 9
54 50
102 41
99 79
4 90
38 29
97 14
21 43
63 29
72 88
9 90
107 28
128 32
20 74
139 67
13 64
61 74
56 91
55 50
79 76
92 32
16 28
130 80
19 35
147 67
51 27
19 8
133 79
67 45
142 62
44 48
10 27
57 21
80 9
100 80
32 49
77 58
132 25
74 65
13 53
135 91
12 87
27 7
79 20
64 39
94 10
99 84
54 84
121 75
123 35
31 27
113 3
112 75
112 86
78 35
148 68
97 63
95 19
70 19
80 42
127 95
114 93
87 68
87 41
54 66
131 99
18 38
135 80
95 51
7 26
142 67
53 97
39 79
59 39
94 69
26 29
69 50
94 57
105 30
24 34
78 64
36 81
30 74
96 12
34 23
142 61
