3838
207 86
250 78
77 64
617 14
675 33
385 38
406 17
281 59
95 38
395 88
85 5
433 83
138 37
339 65
505 52
73 52
66 3
541 66
367 44
212 3
81 34
337 27
470 11
621 42
121 31
630 60
331 22
672 84
569 52
36 89
731 46
96 69
25 12
114 31
730 22
260 70
545 100
529 8
354 33
96 20
492 98
611 96
558 98
355 28
482 43
228 98
285 68
727 21
294 4
70 5
577 20
109 69
222 73
767 19
762 46
588 22
357 94
234 52
543 78
731 45
629 69
401 9
334 47
634 74
746 22
583 1
495 26
359 92
685 54
34 90
213 80
728 64
479 57
265 62
586 29
645 24
532 5
473 79
167 92
460 17
278 84
626 80
722 16
112 97
398 42
205 5
331 23
214 54
474 64
71 52
612 25
593 59
398 10
492 14
174 39
531 80
728 19
699 42
23 16
311 56
129 77
494 32
689 7
212 39
416 6
609 80
603 86
287 43
528 79
604 33
104 8
483 74
124 71
66 63
164 46
113 44
341 67
347 18
217 37
147 68
625 82
725 34
437 89
758 36
81 9
125 46
478 34
358 22
554 42
3 81
742 45
17 92
636 70
58 58
118 55
204 19
388 48
521 34
444 34
656 100
256 49
711 98
493 54
597 13
725 40
321 90
542 43
143 67
363 94
115 47
480 92
642 96
663 27
559 9
320 86
713 93
353 72
737 75
143 71
270 28
608 28
323 47
37 69
46 50
302 14
162 80
606 87
720 82
727 43
350 18
362 51
503 88
386 88
690 73
164 52
101 94
603 11
109 7
646 46
52 40
161 74
273 2
388 22
395 7
735 40
506 14
253 69
632 38
685 1
460 74
11 66
136 28
113 26
404 76
260 5
358 94
124 49
179 70
654 42
715 94
132 18
625 25
394 42
395 77
521 88
32 4
435 12
444 28
511 42
693 36
313 83
681 43
755 90
725 98
454 79
468 93
689 91
541 58
725 43
323 77
91 65
75 58
41 78
25 26
757 70
566 26
106 48
410 34
460 6
549 5
340 100
674 81
303 95
423 20
78 5
480 99
31 99
422 29
694 54
106 58
449 16
185 46
4 80
315 80
662 30
89 40
350 30
117 74
216 28
411 90
51 39
535 91
676 26
388 58
582 36
110 39
665 40
377 59
394 44
656 47
519 48
428 78
601 74
751 97
107 28
470 51
152 47
224 13
85 100
486 20
471 48
164 67
261 82
614 97
260 24
709 23
747 33
697 100
346 76
562 13
214 84
582 3
206 9
310 56
720 9
86 31
641 33
274 78
696 91
6 92
727 94
245 34
354 93
403 44
580 52
327 77
41 72
607 86
579 74
766 4
400 70
373 17
599 65
432 9
324 45
759 65
478 21
36 27
535 52
628 58
312 20
299 96
542 8
57 61
707 50
124 55
500 51
514 55
577 31
358 82
675 12
733 11
712 47
707 9
582 80
744 36
258 81
125 65
509 99
540 20
564 4
331 77
560 9
205 17
751 43
545 89
464 82
210 23
749 19
704 10
239 79
312 41
79 72
516 48
219 20
170 41
624 57
660 82
295 83
49 91
165 12
570 79
580 2
214 56
350 82
402 44
579 71
391 25
534 70
633 100
397 21
552 67
540 75
212 59
444 38
599 88
502 34
308 12
406 66
279 31
645 77
237 78
587 22
55 89
219 43
328 71
525 100
103 23
566 83
764 23
487 14
719 79
205 65
442 33
650 70
40 80
497 6
550 42
99 21
709 4
191 71
35 92
231 69
345 53
95 64
463 97
348 78
230 62
387 89
340 90
422 7
726 31
354 46
751 79
29 98
70 90
508 86
468 66
126 48
207 68
191 81
140 44
153 64
47 94
731 64
492 89
67 11
719 25
69 30
518 3
456 42
20 2
276 62
358 83
481 52
547 30
714 46
95 45
493 77
272 76
19 10
404 91
143 22
766 76
726 80
151 67
729 17
737 16
19 35
613 95
369 57
114 84
603 25
526 57
738 21
526 83
57 85
72 40
353 2
217 80
241 2
369 63
399 7
326 52
221 27
479 48
113 61
562 4
45 92
199 58
366 5
93 3
496 33
570 20
356 88
268 30
210 33
479 67
172 32
682 24
240 44
755 88
721 77
46 44
390 68
387 51
146 97
267 15
140 70
399 58
387 95
256 88
47 32
765 47
209 75
447 52
171 8
345 71
570 29
159 62
336 90
99 76
690 100
717 53
342 68
205 38
312 2
537 77
495 39
267 31
764 75
292 21
304 79
254 74
108 28
36 15
595 85
97 98
72 12
556 27
488 10
16 73
655 81
273 65
449 27
328 89
170 9
309 3
128 83
105 62
213 31
473 4
124 26
99 10
723 24
342 71
466 30
248 50
110 45
649 59
765 97
186 79
455 51
757 1
8 33
221 48
590 37
42 35
293 26
667 31
85 83
146 36
16 50
103 82
672 13
290 73
337 42
3 47
674 14
320 57
680 34
354 66
441 45
763 59
53 23
609 45
324 84
763 12
663 50
274 95
170 54
572 81
607 89
10 12
519 19
170 6
629 41
575 37
768 34
7 89
669 9
648 86
379 6
499 66
152 5
323 76
92 65
713 31
596 24
481 17
195 83
655 17
246 80
730 6
754 38
24 62
390 80
256 62
424 67
312 30
469 44
600 46
44 71
697 86
93 24
266 55
655 8
279 87
253 28
544 86
112 52
138 6
553 71
535 31
686 66
404 93
283 90
556 30
623 37
746 13
463 4
328 19
755 20
404 11
185 47
584 37
106 11
516 52
29 94
285 27
209 16
91 70
181 47
233 3
381 51
95 83
190 18
594 55
609 91
727 20
468 58
339 8
548 91
603 79
288 67
611 82
452 61
538 7
299 12
342 86
647 29
267 31
10 75
61 25
104 47
492 11
689 50
73 82
487 3
342 30
357 95
749 17
605 96
460 18
474 41
582 60
108 48
82 28
698 32
257 57
587 64
538 88
633 95
536 41
91 86
290 24
394 10
433 94
700 4
121 41
133 96
348 2
321 54
559 94
585 13
65 33
619 87
222 47
20 79
471 35
716 17
563 81
100 55
124 2
511 45
650 43
525 53
339 2
625 40
656 64
88 43
523 40
151 73
507 3
672 35
430 15
441 34
367 25
161 28
50 77
46 83
655 11
231 89
363 80
342 49
228 16
180 41
637 87
505 83
228 84
631 90
766 100
182 95
687 20
119 80
51 56
131 91
721 65
511 89
545 8
548 84
102 57
168 95
302 59
38 30
416 66
444 34
170 54
75 2
301 54
758 75
214 94
275 36
149 16
359 88
603 72
523 25
245 24
357 80
459 7
634 33
205 88
672 41
577 85
158 28
70 45
507 58
479 5
115 60
364 67
211 88
272 85
597 89
202 81
714 46
282 29
522 15
300 76
648 39
625 80
414 94
371 11
174 25
89 62
519 52
336 12
334 28
660 2
612 92
5 2
79 33
451 74
712 53
390 95
281 98
714 79
747 48
64 53
397 13
69 27
190 84
81 34
190 69
435 79
705 34
122 6
411 6
396 55
486 75
295 54
526 58
640 65
49 73
417 38
239 58
342 77
448 53
410 13
476 38
434 14
755 46
219 84
252 33
719 2
758 96
107 38
149 90
192 14
546 7
384 60
231 100
452 100
365 84
211 12
85 9
43 20
615 13
297 57
386 34
197 86
301 20
371 81
606 11
290 20
675 33
742 6
298 67
462 88
659 91
534 57
315 86
91 14
637 30
5 40
9 11
434 38
390 90
454 88
488 78
490 75
336 69
728 42
336 97
508 33
469 97
101 57
201 52
474 52
506 67
535 57
679 86
98 6
296 17
85 59
132 53
669 30
205 91
457 86
535 95
702 70
402 84
656 96
506 69
398 65
57 100
122 49
648 65
642 73
699 17
271 46
271 97
755 12
107 39
542 100
274 33
189 19
215 75
143 38
46 78
572 94
544 5
510 81
614 26
458 57
117 86
425 7
343 83
399 18
202 7
452 95
340 37
519 96
398 76
759 97
533 29
754 53
703 90
328 68
538 77
137 36
592 75
642 99
316 50
219 2
469 26
691 71
666 27
547 64
126 95
341 78
421 51
415 65
79 80
638 65
659 31
455 7
97 13
683 5
689 95
132 86
24 89
356 57
422 82
351 6
622 10
712 69
468 63
546 19
105 63
191 39
213 72
229 66
191 14
664 36
618 95
616 91
511 75
709 98
636 96
29 98
332 46
446 33
312 69
60 45
638 59
496 76
690 5
232 97
383 60
575 68
564 70
281 15
613 24
345 63
8 70
605 23
304 91
740 32
301 45
690 48
491 95
455 20
430 95
497 59
265 29
648 51
432 6
379 100
84 33
550 1
94 38
672 99
360 58
382 61
572 98
98 17
27 30
162 14
433 89
432 26
727 52
52 11
72 86
98 49
212 23
643 91
654 16
280 44
281 7
185 33
639 71
185 94
371 98
112 98
659 33
161 74
266 93
141 29
80 38
718 20
208 60
55 7
82 41
161 69
524 34
460 31
400 84
743 47
353 32
204 52
462 15
670 84
225 73
280 84
172 17
701 3
39 66
561 12
350 25
310 29
119 16
553 71
419 96
560 97
11 99
219 20
285 39
74 90
526 38
60 49
355 95
44 18
151 56
731 75
381 73
118 67
25 63
665 42
373 96
569 94
675 63
545 87
683 64
618 48
506 67
44 73
532 55
441 91
492 39
725 21
732 78
576 33
163 48
44 14
760 24
362 7
725 88
675 5
337 96
649 43
718 96
553 97
332 29
315 65
205 58
459 8
161 75
256 100
763 83
731 82
690 69
342 9
562 100
630 92
741 47
740 48
30 83
46 72
580 90
253 72
660 77
573 7
511 93
509 16
363 95
144 95
211 13
570 93
479 96
624 81
50 26
179 52
49 80
713 66
393 53
689 33
644 21
378 40
569 97
453 20
105 17
512 33
305 44
60 73
434 5
457 1
72 10
708 19
438 84
711 12
453 69
262 12
659 42
357 33
684 68
741 68
749 29
48 11
97 75
685 2
194 40
34 33
221 18
83 31
325 45
608 88
453 20
11 39
441 29
119 29
633 61
663 66
373 29
192 99
599 95
433 63
15 53
766 48
696 33
231 59
679 55
148 55
302 32
762 40
382 95
501 97
298 4
173 86
489 97
251 17
147 7
223 71
735 56
288 69
486 64
464 76
87 6
426 59
562 57
663 25
441 29
370 7
627 96
63 70
740 91
141 82
225 69
127 85
603 11
576 12
210 53
637 53
552 17
408 13
603 86
389 86
592 48
392 74
10 34
31 55
149 16
516 32
216 2
519 77
420 26
391 33
479 65
177 12
492 3
380 41
688 19
462 67
201 89
601 65
517 61
455 75
58 97
656 65
458 68
606 5
125 36
761 64
164 96
71 62
205 60
766 23
352 94
620 70
33 41
64 56
689 92
747 18
746 48
292 74
251 51
359 47
213 56
445 77
588 76
303 27
403 50
60 72
627 7
137 45
104 10
649 59
329 27
353 20
175 1
413 87
699 50
337 59
208 78
100 73
686 52
145 5
484 42
305 1
4 57
611 75
58 61
83 57
679 57
689 36
367 38
170 52
329 41
339 31
240 80
445 5
753 59
197 88
287 56
41 22
335 38
687 10
330 46
535 87
177 14
342 28
670 55
477 25
254 50
224 9
654 85
79 64
602 42
452 27
518 56
152 37
649 69
183 74
12 51
429 79
636 28
726 29
83 52
688 36
581 21
151 3
137 37
378 34
403 48
169 46
273 38
148 3
364 21
243 3
335 43
48 60
211 65
307 49
726 68
544 80
68 38
760 60
207 63
568 36
726 16
379 8
736 44
283 84
524 97
359 40
355 11
111 73
619 86
554 65
648 53
673 41
175 84
404 54
234 98
584 30
764 9
651 82
622 61
533 15
217 25
660 54
435 36
672 8
253 51
685 74
70 89
680 75
549 79
706 52
36 100
755 100
705 24
3 62
206 82
28 10
331 80
308 70
523 71
581 57
233 21
100 12
470 88
334 89
294 10
475 40
634 53
410 41
544 1
135 87
401 55
301 11
724 99
415 40
64 4
529 67
446 66
756 51
658 41
714 82
701 5
90 58
658 34
429 44
759 17
693 69
173 63
682 83
41 90
54 34
584 67
405 53
16 46
709 82
496 51
196 45
339 14
275 97
358 45
531 71
66 2
108 65
282 21
225 48
445 55
348 28
79 13
693 10
319 20
367 40
704 31
674 44
249 96
751 70
671 54
276 60
197 58
627 8
260 17
505 83
255 96
245 54
446 49
552 97
699 25
32 66
480 33
213 26
361 10
370 15
199 31
94 28
677 71
709 33
202 43
404 82
253 98
133 59
688 89
148 24
384 38
237 94
105 33
184 33
650 10
571 32
40 8
706 17
288 79
749 34
497 90
161 32
706 46
491 55
568 90
365 47
740 97
210 46
570 78
619 95
422 68
668 53
498 45
476 74
621 24
224 18
94 95
559 55
98 78
9 80
62 62
33 45
598 25
125 2
82 53
45 64
541 18
602 76
612 78
199 57
627 77
16 97
428 38
606 87
428 17
722 68
707 80
747 42
401 86
301 34
177 60
712 63
532 22
191 89
32 16
551 41
91 99
521 16
202 45
316 2
87 34
21 27
464 81
456 50
34 60
287 32
435 58
612 12
526 57
406 82
106 17
2 22
220 41
187 53
687 37
619 37
455 4
493 54
126 72
737 9
26 31
116 16
465 39
736 38
718 100
752 46
106 79
466 13
307 16
496 72
627 15
522 49
451 26
462 61
578 31
100 13
99 83
77 50
278 6
190 80
662 78
751 49
340 77
286 16
371 70
585 85
27 50
540 87
180 91
541 87
521 39
338 28
559 71
676 27
493 44
749 2
597 10
327 35
79 94
512 9
106 83
404 42
226 86
498 30
653 29
523 66
400 12
685 60
326 1
38 51
558 14
115 26
128 8
317 45
496 67
407 93
628 69
760 80
546 84
254 85
558 33
655 69
57 69
544 48
48 78
363 74
443 55
156 44
552 66
258 5
57 6
664 15
235 28
25 83
601 66
428 79
283 31
647 8
624 13
159 4
171 9
88 94
57 73
554 17
478 68
116 83
474 14
60 32
213 66
348 64
216 90
539 41
33 83
568 16
474 21
352 5
139 76
373 85
201 88
426 81
218 96
284 87
315 62
287 95
614 99
754 92
606 14
494 58
153 100
245 4
475 53
731 89
693 66
344 34
475 35
382 45
384 6
452 1
531 30
136 43
687 83
202 25
273 43
257 10
377 72
673 36
597 59
339 3
744 95
350 95
388 61
559 56
195 6
100 78
10 88
534 89
591 7
745 46
176 51
413 18
383 59
294 28
493 71
437 46
398 28
237 23
510 22
291 15
621 11
687 46
581 13
584 35
303 24
130 57
95 41
664 83
284 14
174 39
247 28
40 6
295 1
718 81
22 88
757 74
74 76
22 24
285 92
521 40
480 34
621 79
483 18
644 56
528 60
176 94
443 43
741 46
323 36
653 57
751 54
634 89
145 54
752 38
269 27
474 2
288 25
160 66
62 67
483 14
92 39
572 90
289 49
385 89
205 46
26 56
613 49
395 37
574 28
740 76
512 28
8 81
752 9
480 19
460 24
474 41
163 19
201 89
135 49
522 20
70 42
419 8
231 53
715 91
227 34
339 71
408 35
239 9
263 22
293 23
298 33
536 81
672 7
767 43
164 51
449 49
513 67
604 56
664 92
115 91
417 8
576 75
401 64
349 79
665 8
310 49
106 76
628 32
620 45
709 56
501 25
353 44
452 64
164 96
741 30
649 11
463 15
622 16
285 100
573 42
278 12
67 65
460 71
501 24
527 73
360 52
343 55
75 68
207 32
32 55
363 91
547 90
557 64
118 44
661 92
582 33
155 2
169 76
213 88
16 31
618 47
484 92
300 4
212 56
54 39
734 48
533 92
674 53
649 83
327 50
537 26
420 86
577 34
550 97
579 90
706 72
277 33
424 45
573 56
172 38
698 99
625 60
681 38
95 100
259 59
378 96
624 59
19 70
649 66
248 64
173 30
132 1
628 12
498 2
569 10
216 55
564 13
488 22
534 33
429 93
620 76
679 46
474 98
756 73
577 84
85 28
14 37
358 42
546 9
719 69
161 23
752 60
196 38
144 54
22 65
591 56
378 3
254 56
640 33
558 35
562 95
599 18
9 13
493 8
443 60
665 89
480 12
6 85
729 59
536 33
363 42
720 70
602 72
718 88
60 42
283 100
383 14
34 23
44 18
217 66
127 70
33 26
40 14
548 90
426 31
604 31
632 80
169 99
107 23
511 8
231 23
750 22
297 10
186 5
64 78
139 46
378 87
68 21
401 18
377 32
596 31
84 14
687 88
294 17
623 40
285 11
406 85
449 5
436 33
493 36
365 30
335 66
159 3
77 34
511 88
193 91
189 52
89 30
653 45
247 5
370 7
598 65
628 19
478 95
374 83
543 24
263 84
204 74
602 40
633 33
33 56
517 62
576 13
337 43
691 75
39 11
214 42
185 61
646 74
744 83
501 47
32 18
712 27
629 78
22 32
401 81
728 21
141 98
483 19
641 63
389 27
188 16
730 76
291 19
568 34
119 28
598 49
388 74
575 75
700 6
397 40
310 90
526 84
147 42
708 40
123 51
581 7
323 84
152 80
420 10
60 10
564 6
502 30
65 100
89 49
472 9
598 27
18 65
297 11
729 20
705 10
546 58
140 5
13 39
329 1
300 72
37 44
104 14
380 4
428 84
381 81
177 46
61 14
37 13
698 79
415 98
339 41
746 42
325 19
533 100
478 45
28 77
674 89
135 88
3 100
191 19
626 30
22 20
356 67
593 70
375 51
361 47
566 84
403 41
144 13
365 82
733 2
114 46
570 61
628 17
93 84
76 60
88 74
170 82
664 5
549 17
692 35
523 1
428 77
361 7
306 48
108 100
335 78
78 56
707 94
499 100
102 50
267 83
175 24
240 67
276 16
456 71
313 24
459 34
351 62
9 87
639 15
466 23
421 96
12 79
587 65
17 81
649 1
660 79
691 67
506 45
76 86
88 8
178 54
427 42
479 25
252 21
180 100
410 75
522 25
406 9
272 61
269 32
475 85
127 73
590 80
271 99
155 59
388 3
158 75
384 5
425 92
288 53
494 96
727 34
461 70
709 85
409 57
169 15
385 15
462 79
35 59
165 72
174 90
284 12
273 96
301 2
521 28
399 47
621 58
61 12
107 100
390 92
299 80
633 85
389 49
579 97
130 9
768 78
335 22
571 54
741 79
473 30
26 67
670 21
369 5
584 81
396 39
46 36
436 55
144 36
716 29
90 95
682 82
259 21
483 25
623 38
501 4
415 44
236 42
121 21
341 53
127 28
325 46
631 1
636 77
15 91
638 78
465 35
68 31
466 42
193 94
234 74
79 71
412 81
432 71
449 28
64 14
521 17
756 9
322 77
4 84
597 68
497 48
413 55
538 36
666 62
758 79
211 76
27 53
566 80
619 73
138 29
225 97
368 82
308 52
262 4
395 39
700 84
467 7
116 40
377 43
47 90
200 40
443 63
184 81
18 68
118 21
529 79
261 56
603 5
492 13
742 87
221 65
428 46
234 34
459 58
372 54
716 38
460 73
660 36
361 86
185 30
547 66
634 11
112 24
275 6
46 55
628 86
155 12
244 51
592 92
200 75
211 65
180 48
681 14
681 94
633 96
574 7
212 31
378 87
285 51
57 49
109 84
17 45
616 31
595 8
622 81
226 88
10 71
6 87
96 30
401 31
498 82
202 70
501 92
378 70
127 95
498 97
760 4
31 77
479 16
416 13
572 43
138 56
558 56
158 87
217 12
224 11
28 83
452 52
185 33
124 48
474 70
272 65
333 9
517 41
566 27
261 48
504 52
649 52
535 38
531 71
667 48
525 86
440 69
142 82
516 94
361 92
126 61
207 57
675 49
756 20
95 24
614 66
249 33
481 86
715 78
539 24
192 63
63 6
579 69
471 8
748 53
462 38
640 16
562 3
370 44
530 78
61 16
692 58
367 5
161 41
592 77
563 88
231 85
433 77
388 94
609 32
170 39
81 58
697 88
565 26
123 51
553 45
421 5
589 76
417 95
352 62
527 16
712 35
472 38
480 64
134 5
82 88
733 49
584 56
188 71
47 85
524 53
198 36
21 56
157 84
639 42
181 78
79 30
634 43
493 20
338 93
272 72
105 9
11 91
465 66
374 31
718 68
651 89
161 47
559 41
605 8
764 60
128 23
338 24
622 48
170 30
142 46
120 54
7 88
572 66
614 33
65 56
599 87
182 34
352 55
758 14
698 76
569 44
398 66
695 4
321 94
329 75
403 62
56 69
407 98
136 85
766 89
212 65
692 47
403 25
466 49
437 30
71 81
686 12
523 48
265 78
697 68
488 17
159 39
687 100
730 54
740 31
692 85
719 2
175 84
518 29
172 16
630 44
117 56
442 96
411 63
299 44
281 47
392 11
754 11
243 97
645 39
350 84
767 25
122 85
364 21
455 62
649 88
652 33
469 95
97 28
581 83
748 99
710 14
87 4
269 19
545 2
557 95
388 100
194 41
37 82
378 44
555 72
75 13
589 98
271 11
268 46
294 90
312 31
704 56
544 27
436 24
3 91
38 23
152 47
332 84
762 40
414 17
20 51
271 76
653 1
361 15
59 34
70 12
136 65
707 21
346 93
278 63
689 91
557 53
751 44
731 25
211 59
237 67
696 28
752 24
119 76
476 49
221 65
393 68
546 29
23 31
739 98
481 55
273 44
287 63
203 95
565 72
565 84
300 90
277 66
488 42
619 81
559 8
561 27
149 23
599 29
276 23
480 84
288 74
54 36
419 71
133 60
738 31
1 81
335 55
493 12
176 70
392 42
532 75
675 57
377 21
26 52
571 59
103 55
694 67
417 87
121 70
246 7
201 2
522 53
563 4
299 84
203 33
29 55
728 73
286 6
20 18
217 21
659 59
53 30
499 26
736 95
620 10
132 38
557 50
499 72
55 3
515 1
361 31
202 13
285 41
593 80
505 55
665 18
490 25
552 20
98 21
323 25
187 17
601 52
85 13
517 34
604 32
745 55
555 57
60 98
134 63
298 98
704 22
717 62
484 85
412 46
175 17
465 84
470 73
325 42
418 21
529 69
172 72
747 61
154 62
742 12
590 5
613 9
231 67
281 8
254 80
418 61
221 26
765 76
764 62
666 98
211 81
204 6
276 70
753 51
91 26
255 10
73 19
470 30
452 72
189 53
469 44
581 9
408 52
265 19
583 73
702 17
567 8
506 70
385 37
491 97
197 88
524 60
299 98
433 62
476 53
358 94
565 40
376 80
402 18
41 47
29 65
136 5
372 33
102 78
632 10
704 5
194 50
661 36
109 37
105 67
602 13
373 29
491 56
699 20
173 43
251 75
506 7
594 8
458 14
491 55
640 16
509 82
675 96
189 12
440 5
168 60
429 4
15 77
632 86
557 63
36 33
245 37
653 2
78 92
157 63
279 4
428 26
451 66
285 10
97 22
520 63
336 24
565 36
432 66
4 47
73 60
695 31
121 23
57 14
471 42
428 69
484 60
400 50
716 65
568 69
201 80
20 90
570 3
559 65
168 91
369 9
632 23
6 73
510 14
487 55
569 100
515 94
197 40
113 24
651 50
704 68
553 8
487 5
86 78
645 21
382 6
471 61
143 84
181 38
419 30
405 46
612 78
145 89
101 16
759 47
386 53
759 78
601 77
301 49
24 85
109 19
33 99
635 75
324 60
352 67
1 47
409 52
511 44
466 31
620 2
140 22
269 54
165 83
301 74
119 100
572 11
130 88
142 29
423 82
213 84
723 3
458 29
125 62
324 32
435 62
70 82
189 8
632 52
261 88
666 60
725 87
136 88
255 70
733 42
281 78
158 98
349 10
470 47
271 2
763 74
738 13
641 30
399 40
63 77
160 5
332 15
564 41
6 45
338 80
572 44
123 63
695 4
309 3
543 90
693 34
565 88
194 91
261 79
2 42
572 65
294 5
606 67
661 78
630 62
371 30
275 25
580 33
658 61
316 12
617 2
622 45
162 64
336 97
637 84
21 80
720 17
124 40
315 86
34 73
330 38
595 93
435 15
471 32
28 71
446 66
368 33
364 5
237 89
592 92
482 83
508 48
623 95
668 26
480 40
8 68
99 63
508 85
417 10
508 13
135 47
414 12
548 60
79 64
685 30
430 11
552 11
65 87
690 2
9 95
670 7
333 1
730 71
334 84
73 10
377 42
221 51
11 93
407 53
287 44
509 24
18 55
636 95
33 18
346 28
62 95
276 89
495 48
159 2
638 32
147 79
641 31
399 59
190 12
550 32
36 87
287 63
105 44
470 75
420 45
318 53
739 59
700 75
255 19
315 87
335 56
339 97
408 76
94 31
521 2
756 25
454 38
200 92
665 66
417 74
106 85
250 61
760 52
600 37
425 1
143 29
94 91
503 88
177 55
525 99
701 65
693 88
106 40
199 39
749 21
661 96
49 77
684 18
174 70
94 74
761 75
300 54
232 20
680 42
511 31
245 69
228 14
451 61
380 75
302 96
243 28
95 14
234 91
412 78
692 76
238 34
80 27
715 25
36 12
293 29
325 73
441 5
455 61
12 79
714 65
590 74
603 27
135 19
575 68
47 99
584 23
346 32
181 83
471 48
473 15
8 19
471 29
456 75
139 13
533 72
248 63
26 21
492 75
88 79
118 63
289 43
230 40
713 21
730 33
640 66
614 62
295 25
180 68
629 61
749 46
136 72
375 16
336 17
305 19
644 100
74 65
481 70
639 58
128 38
396 21
701 83
126 69
687 39
306 52
