7007
1309 74
1213 38
768 89
1211 34
1239 3
999 96
1230 75
295 21
747 24
940 44
805 2
942 27
816 3
599 93
1206 68
175 43
1031 55
455 65
1190 50
731 54
402 95
758 47
155 80
710 47
384 98
1288 64
815 20
302 66
870 61
1257 28
1072 19
48 91
765 83
591 7
267 76
1141 55
1165 76
1005 69
882 39
201 64
536 81
604 4
299 90
994 32
494 30
1155 20
817 99
128 24
887 75
634 80
764 4
826 84
1390 16
102 66
1029 25
268 78
1321 93
857 93
351 81
802 78
821 51
1295 3
480 29
570 63
1024 84
774 25
47 38
661 52
1232 5
354 43
56 86
505 35
112 7
320 8
1004 56
931 16
1165 94
1123 60
622 79
985 94
214 60
834 79
292 96
929 31
463 94
646 65
758 96
1271 79
1259 76
132 27
1352 68
805 100
68 15
885 23
1213 55
469 29
1361 86
853 80
604 41
614 57
1050 52
1010 84
925 5
695 42
360 74
599 40
901 61
113 34
734 20
1381 83
40 40
248 79
413 40
820 41
519 7
1103 70
1392 46
630 24
1392 99
121 15
819 82
1005 46
456 60
1353 87
963 2
1159 93
304 51
1236 97
1295 38
1233 55
825 36
585 59
341 83
1321 62
1349 81
356 12
1124 49
889 7
1375 34
1055 69
588 53
133 64
657 97
456 39
295 28
312 5
112 47
545 79
418 87
1326 61
970 89
75 74
376 64
976 1
1348 10
715 53
360 72
302 8
21 56
477 72
679 77
357 44
192 75
635 46
591 96
169 3
203 19
852 99
404 86
11 76
185 63
525 34
158 71
797 30
160 21
54 32
564 20
1394 63
1060 75
35 15
136 12
1057 62
215 28
1124 63
1269 32
294 13
288 78
390 31
639 69
1315 67
188 55
1368 13
1314 52
1338 15
1261 44
1114 89
591 70
448 14
512 48
374 19
405 84
1401 86
1143 87
658 34
248 1
183 38
1254 77
1105 80
728 3
633 86
864 28
1163 86
233 4
1017 19
303 97
746 56
1369 94
762 45
1337 7
1188 3
889 59
1209 89
791 45
1321 72
606 13
1275 18
1189 81
1146 25
345 67
593 46
646 87
925 90
179 9
1046 94
895 99
527 95
777 40
1205 97
546 8
128 43
612 81
391 9
854 91
343 37
433 18
1288 10
639 67
1200 70
514 55
23 29
187 30
680 79
593 100
193 77
813 2
338 39
136 22
195 36
686 58
861 78
494 40
55 96
666 4
183 23
14 41
888 9
443 20
922 76
161 21
163 44
829 76
241 65
803 80
928 41
1161 99
565 44
111 60
1104 24
970 34
207 91
16 94
789 63
254 45
362 43
1304 24
302 91
1315 83
317 27
654 89
432 11
937 75
346 43
896 32
994 44
1233 93
943 83
1368 51
233 80
590 84
550 78
370 23
819 20
972 66
839 51
29 85
750 13
434 73
203 41
493 34
1149 59
1165 16
698 40
79 61
1106 98
190 36
537 15
945 17
638 34
1232 77
474 90
869 67
47 99
73 86
1267 76
1056 63
114 64
728 73
440 99
595 67
1105 21
702 81
556 3
1225 26
147 60
1167 64
1224 99
764 23
216 70
165 16
1278 47
508 62
1156 54
790 5
434 21
1301 47
1377 74
193 95
295 15
136 25
62 37
1057 87
327 1
1015 86
81 46
1083 14
1340 98
1053 48
668 79
721 33
1263 43
1266 44
164 37
570 26
528 65
674 20
83 9
634 42
485 80
1210 62
1252 75
73 26
1058 60
1294 73
1159 91
699 78
1358 93
124 64
1244 7
1387 50
249 51
452 33
1235 66
72 19
58 16
124 68
1126 70
190 59
312 99
887 94
917 10
1343 80
11 29
780 26
519 43
242 14
466 4
279 89
337 20
563 85
465 28
95 42
742 69
429 75
93 57
1338 81
112 3
1343 82
644 78
736 53
825 76
851 13
927 11
292 69
937 88
556 20
1131 74
1268 56
338 27
844 70
67 38
336 91
1175 9
194 40
1380 52
654 74
1325 39
1059 34
35 4
978 97
621 59
1305 99
203 3
802 15
714 39
887 36
207 63
975 9
249 99
419 95
788 95
943 35
1024 20
503 3
1001 61
265 50
439 9
197 30
210 59
1072 90
1258 97
1149 85
304 62
491 80
289 68
668 70
1243 94
371 49
1331 85
446 65
197 28
975 100
772 67
217 63
108 82
550 92
421 75
1129 10
278 72
266 89
486 96
1361 97
591 97
614 71
1295 4
844 53
586 15
1362 38
856 68
1299 6
753 77
1199 4
5 35
699 21
905 94
405 44
529 69
666 39
463 89
308 80
993 37
903 39
282 71
270 16
883 89
1064 18
514 12
1054 70
1190 88
521 92
714 57
1274 11
209 89
850 40
1 65
319 21
311 14
192 93
786 31
1045 28
365 57
690 88
529 50
481 62
207 27
728 13
925 11
1339 20
309 13
888 31
1029 16
484 47
210 91
699 88
566 66
136 87
465 91
1341 9
1034 65
455 84
885 7
128 63
1060 2
202 54
897 84
101 35
1154 14
148 10
1277 69
965 89
1196 87
894 44
758 80
824 56
406 46
505 98
1053 81
71 31
720 12
159 15
959 14
1128 18
188 58
595 16
1004 84
57 81
665 58
137 45
845 20
303 27
776 41
1289 30
181 48
336 78
1005 36
729 86
237 58
11 33
806 47
608 62
90 9
458 50
789 22
189 41
915 29
1242 86
1355 2
1127 14
1241 92
1134 27
972 4
643 31
1386 4
1195 75
156 44
935 55
819 61
1056 66
837 83
358 85
508 93
38 84
854 59
430 9
93 53
852 77
507 78
870 94
1329 29
554 64
948 40
843 55
444 16
1027 67
251 15
1017 37
77 28
1154 66
378 6
502 76
681 31
310 83
466 86
1384 73
506 86
1245 7
1074 7
1004 29
118 31
215 27
100 37
463 3
313 55
48 46
150 88
291 28
403 86
28 58
1219 76
1063 58
912 67
677 16
583 27
929 20
84 14
1153 15
819 55
761 59
203 61
1219 89
1327 77
230 63
921 66
761 78
809 96
621 67
769 62
173 1
1381 83
63 44
990 26
488 11
1000 61
133 70
644 42
1115 37
534 50
1148 19
594 74
67 85
10 82
1146 5
57 74
284 72
1315 55
1166 33
263 11
484 98
206 37
1120 26
316 84
614 44
111 70
80 99
218 34
7 22
1318 46
132 64
369 55
1180 86
629 18
670 58
1394 86
1017 8
1015 6
418 82
1158 77
10 43
468 67
866 98
796 3
692 4
554 83
1152 50
970 76
327 96
1110 55
403 89
272 88
315 68
497 15
569 59
687 17
329 76
894 61
1014 39
837 77
1108 32
1339 29
13 81
303 85
437 12
888 74
238 40
377 15
616 36
591 12
1143 88
865 71
1056 10
206 34
391 97
1012 25
639 100
309 57
1386 90
381 49
234 28
1225 57
928 50
31 23
178 75
521 85
769 11
1093 88
725 24
915 13
347 17
1176 11
924 49
219 15
871 49
1323 89
1229 24
592 9
474 67
1286 59
747 6
376 22
200 90
850 57
1238 58
709 5
981 84
161 76
117 75
184 60
212 74
253 86
1189 12
583 93
745 52
201 64
726 39
405 91
186 51
1070 99
396 21
855 91
705 86
622 33
731 79
1112 13
982 5
1077 2
1225 55
983 68
616 28
1376 16
1217 8
99 53
746 24
655 32
902 41
95 22
825 64
480 91
261 79
262 68
917 4
188 58
604 69
95 23
1274 64
1345 96
1190 45
408 84
659 71
110 85
54 23
544 30
941 98
688 37
1314 71
779 98
721 92
1207 82
844 50
1217 51
1074 78
750 74
566 33
1342 1
698 40
984 17
802 58
241 54
1282 89
387 90
457 92
1138 86
1200 41
1044 70
413 36
265 100
1004 3
614 74
593 4
49 19
602 14
428 49
1255 23
1335 57
559 29
1227 28
412 19
1388 80
99 84
1166 14
125 10
690 36
102 22
56 23
313 92
174 39
1088 47
990 70
1148 39
1155 77
731 17
1283 81
143 30
864 57
503 84
1068 42
801 27
341 94
760 100
731 17
656 56
1142 66
1294 27
1008 71
128 3
340 4
1317 45
1384 62
792 49
1298 92
1168 64
108 93
928 74
1306 6
1161 1
1151 24
605 31
782 3
976 61
542 89
860 12
930 25
68 60
403 59
530 96
71 19
1278 9
1122 4
774 75
558 28
900 29
957 59
615 75
1182 65
639 77
5 32
1366 93
882 66
525 89
881 41
1141 72
272 22
426 15
674 55
1022 16
164 28
728 76
16 54
687 19
914 16
512 81
3 49
642 66
1040 68
516 87
1273 73
879 65
403 33
746 42
1122 23
908 60
1220 46
680 78
403 67
906 88
1202 14
72 7
934 75
723 11
787 8
732 28
1079 50
1396 64
1264 81
762 6
121 44
35 12
1239 33
777 65
404 27
695 7
619 95
1303 78
861 53
201 61
1026 19
421 16
1212 37
928 80
722 89
311 28
1096 89
219 89
46 75
431 35
1002 92
937 93
1250 7
537 73
203 42
472 64
1130 53
747 78
550 89
494 27
1030 11
968 19
115 25
1136 73
1219 64
1214 57
318 96
1047 72
622 20
125 4
828 66
60 44
830 44
919 89
1123 88
531 16
169 29
632 41
535 54
577 6
186 52
921 76
431 5
585 89
1267 95
898 39
1225 59
889 55
398 25
1394 23
1100 22
1196 82
1309 82
989 27
1068 52
762 67
955 65
893 67
1282 42
997 41
851 31
1121 72
726 34
35 18
678 91
1024 99
655 18
1312 51
500 56
498 80
605 74
130 14
602 56
357 19
778 92
1068 33
161 46
314 81
779 5
934 43
600 92
218 23
753 69
492 37
1325 70
661 26
761 97
654 98
1195 95
1146 69
953 34
258 27
1198 97
1139 83
887 11
1215 54
973 86
809 28
537 43
808 52
411 71
1089 59
752 51
481 95
857 33
1345 16
216 39
1266 51
386 19
488 66
888 5
530 97
666 8
150 94
193 86
1166 21
173 75
856 83
179 62
406 19
88 88
1243 20
1041 65
398 71
1238 73
357 34
1089 93
991 13
649 98
184 26
119 4
674 46
356 65
679 91
290 65
1365 52
468 68
417 28
1071 87
1099 93
379 19
390 15
1245 68
1083 24
1367 8
774 4
968 46
796 35
308 8
682 63
232 27
447 29
434 52
1251 43
409 26
912 37
954 8
953 45
403 97
861 47
1124 70
914 30
1110 72
838 19
775 48
768 40
1096 35
1358 9
276 89
295 21
328 67
1339 47
501 18
461 22
1043 34
99 67
96 33
1183 9
608 79
953 2
422 19
1338 9
1306 70
66 41
1127 55
568 19
1013 56
62 82
295 74
194 8
945 38
651 68
543 47
919 18
1290 65
841 51
1350 97
558 23
241 23
72 33
1336 27
620 77
283 17
501 17
264 5
1212 49
1071 4
494 33
1054 52
668 5
236 47
928 16
840 28
853 85
110 85
606 57
1222 70
44 26
1399 15
840 5
650 52
244 33
1171 30
323 56
479 24
1186 14
1327 67
1060 58
1266 62
1132 90
1197 80
1006 57
690 100
654 85
305 28
816 10
812 20
158 37
345 36
472 90
1341 55
554 45
1374 13
856 59
1096 73
764 86
90 81
901 32
1233 13
419 82
3 15
811 83
298 71
442 57
705 93
1125 40
938 59
322 68
492 48
891 98
263 60
947 26
86 81
611 17
394 13
754 96
1139 98
264 25
289 23
1142 22
415 99
696 14
1206 38
262 56
602 42
509 62
834 67
1289 83
245 8
133 47
1291 36
246 45
853 84
639 39
42 33
261 58
39 80
616 17
487 71
166 95
248 38
1072 91
1265 20
847 86
1368 82
85 89
1310 25
148 25
881 85
779 51
1165 21
462 24
296 28
906 54
220 10
1369 19
1187 17
451 26
150 11
105 75
1121 42
660 24
1047 91
1041 55
757 15
1297 35
1149 46
1034 28
197 28
794 42
216 62
1016 75
87 4
1103 5
1085 41
1271 71
117 46
1287 9
68 52
698 10
898 9
1108 99
187 23
233 78
304 42
637 35
842 75
1242 47
510 88
1198 67
1058 75
535 79
213 27
604 35
62 30
625 8
732 44
1248 86
1154 86
1364 10
114 15
291 51
219 79
592 73
80 21
923 28
427 88
751 56
141 24
188 12
1281 57
918 66
1037 57
1062 86
1359 15
639 83
212 38
441 16
921 44
984 79
880 37
109 58
804 43
1095 70
574 30
1026 20
1144 31
904 6
119 79
1292 100
989 2
425 18
439 72
1307 11
142 98
1253 96
733 34
1138 75
374 38
366 86
391 85
788 9
146 33
668 38
273 87
1123 14
1137 8
373 96
284 42
95 96
513 43
335 22
333 87
1238 58
645 63
1123 47
611 71
256 26
727 1
1271 39
758 18
310 39
783 7
863 90
1324 72
1311 37
640 99
217 95
451 53
520 92
677 35
828 100
94 75
1352 99
473 81
762 97
351 41
1102 38
576 35
592 58
374 56
44 3
729 28
1340 6
534 97
675 64
991 41
1035 96
781 91
386 41
664 5
1297 55
542 98
818 25
873 96
1108 98
365 76
1384 18
1357 5
97 57
257 31
467 28
280 25
629 39
1084 93
350 14
504 20
646 98
696 100
886 32
620 42
236 57
55 44
1290 71
6 38
987 99
1274 20
1319 34
1195 27
330 71
91 100
344 21
1261 66
68 77
1290 82
798 87
552 48
757 26
1129 51
1051 25
389 31
369 51
516 81
925 32
300 15
774 48
69 95
80 90
132 8
69 46
1181 12
129 75
833 22
57 9
145 46
731 40
952 58
62 10
383 6
1221 18
889 66
167 80
1114 74
971 32
758 65
875 95
116 19
1307 68
431 86
674 96
333 77
1147 51
1187 14
963 78
1030 94
149 6
731 60
1374 31
42 36
658 36
639 4
767 38
977 42
182 48
536 16
481 27
1399 30
882 67
749 30
1019 38
196 75
499 32
1042 29
1386 8
166 15
1037 24
1401 17
295 11
304 16
1239 77
1302 60
735 34
166 40
283 37
1025 10
603 5
760 7
624 70
1344 36
279 81
1288 20
723 89
195 16
320 96
67 67
1012 69
176 44
1133 23
279 29
664 60
815 17
477 53
48 32
740 93
1015 38
660 35
937 52
1012 14
1373 54
145 19
1182 30
743 52
941 36
1007 57
1338 1
374 52
1393 68
757 48
306 23
656 96
783 8
1180 60
126 23
1094 39
372 85
192 55
1081 60
1034 43
871 68
557 98
601 48
1054 31
269 2
1036 38
928 87
695 49
785 91
164 17
1045 14
200 35
371 1
1299 32
4 20
915 15
262 3
190 95
548 38
24 6
844 1
1352 30
108 23
281 55
695 77
955 36
507 99
413 15
265 34
166 14
310 8
870 90
386 90
822 53
267 26
905 22
354 24
1161 88
954 67
132 90
137 72
1064 9
772 17
725 84
829 66
1376 22
1378 67
721 1
589 4
519 81
775 38
152 91
97 29
733 53
1096 20
402 69
811 81
1098 19
594 85
37 45
225 72
1373 76
501 52
292 16
95 91
1308 9
53 44
257 20
406 33
647 31
164 39
1344 7
349 90
383 29
898 62
644 27
687 66
1226 58
561 40
928 34
589 84
620 87
153 29
931 19
832 7
1371 56
857 29
950 80
1307 93
1254 8
899 13
632 80
969 49
708 13
874 18
151 62
949 25
516 29
659 88
1115 63
1276 2
1106 42
257 55
634 2
938 7
868 87
296 46
618 89
1398 24
1225 80
462 86
655 4
334 75
999 43
1286 19
1113 48
87 95
239 90
454 74
693 15
667 28
90 76
1186 48
467 29
819 33
373 59
1305 59
318 11
730 57
1369 31
1201 4
823 91
182 17
962 75
979 28
607 77
545 89
757 18
262 89
1158 28
937 82
943 19
689 92
1189 82
3 49
752 97
66 17
725 66
716 71
913 100
961 34
635 92
1082 16
844 68
480 11
1204 66
522 88
1280 78
884 46
237 100
17 92
30 16
238 7
1240 65
1339 57
1209 53
371 80
978 49
901 11
25 85
142 36
1146 87
1184 10
893 95
1090 4
1313 100
634 94
328 87
1322 2
586 44
472 63
570 68
1037 20
151 3
303 89
379 91
828 95
1286 47
1037 77
993 75
851 19
1052 5
1178 99
543 76
1020 70
390 40
1207 89
866 75
579 29
1269 99
235 32
909 100
1257 62
1349 58
281 27
1325 34
1221 33
937 21
1398 1
401 22
20 62
1187 28
811 53
533 34
532 4
502 36
460 53
569 42
365 31
463 55
1219 33
1154 33
145 100
962 3
1338 12
111 52
320 17
883 40
605 84
239 31
1155 81
35 31
748 14
1227 54
1034 2
106 6
864 97
1276 53
1155 18
513 83
1162 65
25 91
239 52
1014 77
260 41
1355 49
34 58
492 42
1288 92
690 71
664 27
1148 39
1324 35
1126 2
212 28
954 76
1389 10
414 57
1254 78
1247 59
343 19
1051 45
654 7
598 78
1293 53
1382 25
31 31
903 98
30 72
906 56
1253 99
325 53
761 80
922 84
1392 2
525 48
629 69
741 18
1331 75
337 68
819 93
177 9
333 92
147 37
174 82
484 75
1208 86
217 55
43 58
182 11
930 30
782 70
1076 30
752 85
898 6
210 56
148 64
238 94
1196 73
1216 96
992 6
777 28
381 19
683 67
252 82
1090 58
693 67
1346 52
1149 2
682 90
1043 14
890 75
533 42
1184 76
657 83
417 63
775 75
1359 25
504 55
1022 99
452 87
1095 3
888 30
1 84
478 21
1334 96
1071 21
269 19
548 49
673 73
327 25
1214 83
895 24
1023 38
1011 29
73 54
569 17
175 18
1279 9
806 23
212 88
1303 95
82 56
740 66
700 66
48 53
885 33
708 21
167 19
1354 59
474 79
1216 68
586 66
12 90
800 32
596 17
97 55
52 66
1301 5
550 95
1306 20
980 11
370 77
288 5
884 69
1337 37
42 77
446 41
562 92
1293 75
1304 93
1033 77
323 62
1130 88
251 61
1038 90
608 82
1167 88
357 42
786 7
1309 88
116 11
786 68
547 10
873 32
1074 83
1331 54
1313 56
1100 35
969 73
1315 12
54 17
516 28
307 100
1078 52
775 100
776 46
1026 40
1268 93
45 52
1351 27
515 22
1237 70
919 46
363 6
774 49
461 36
126 6
839 26
1018 85
615 41
364 85
42 94
943 47
317 100
271 58
257 70
1312 83
193 82
1031 50
235 81
992 99
1401 99
119 69
784 77
852 90
1298 12
13 83
1149 99
67 68
1263 47
167 26
302 71
1188 1
329 90
366 13
701 59
144 33
492 72
207 97
501 58
611 55
128 29
339 94
467 39
71 69
886 12
1106 55
1299 32
790 59
1340 22
43 77
302 10
1116 12
1262 57
835 14
334 67
1309 59
991 29
390 42
390 71
979 67
93 10
1052 99
325 1
237 28
966 22
1136 45
1294 22
10 48
874 85
87 87
758 25
885 17
1287 31
309 2
606 47
17 37
942 15
45 12
271 75
1108 72
1146 35
305 76
1227 57
401 33
833 84
206 25
827 62
1127 78
589 7
656 63
561 54
1179 97
1317 94
967 25
869 27
741 34
440 61
409 89
967 3
457 69
767 98
846 44
1387 1
206 86
1313 31
603 14
1123 62
780 58
880 32
542 26
128 10
1270 35
878 12
772 82
760 13
1277 79
1191 99
924 63
172 86
197 6
550 17
156 55
99 16
1130 97
503 34
582 19
414 31
1377 85
89 41
1037 42
1161 96
341 77
703 21
735 20
364 29
797 4
254 53
669 78
194 54
1033 44
1053 33
30 64
1259 96
1038 33
848 67
631 11
1118 8
528 5
526 43
906 31
1386 68
172 38
667 55
118 96
829 10
83 65
392 23
222 52
365 84
23 56
854 22
1340 2
216 99
803 87
1347 37
317 4
658 46
304 35
1052 46
371 48
607 15
370 23
446 83
568 51
446 51
1155 71
437 26
714 32
475 31
581 86
804 72
1071 7
386 88
789 19
197 37
396 55
533 60
195 97
939 33
1308 51
274 36
1049 59
71 57
1265 17
536 87
313 49
243 97
393 83
1246 13
1264 28
286 1
320 59
292 45
994 29
823 11
1308 46
833 68
423 90
152 41
1322 97
1223 37
531 20
672 28
107 78
274 18
484 66
870 91
284 2
1088 100
326 96
1117 33
95 56
989 2
3 45
35 91
1014 77
1275 82
614 85
26 30
323 34
910 7
1124 70
1207 95
238 11
659 68
661 25
776 69
583 55
641 86
1083 45
840 68
75 10
115 91
456 89
444 8
455 100
668 7
1305 35
1323 97
1029 100
853 98
431 45
720 67
1346 9
667 61
904 54
341 76
582 20
929 47
373 54
1257 37
939 44
71 54
744 88
73 83
371 24
1390 54
877 94
917 55
551 30
691 81
289 79
316 48
711 61
648 100
799 43
944 64
1371 91
883 26
169 63
962 53
198 2
1314 56
189 71
220 14
451 33
1153 95
299 79
383 31
295 84
1343 70
407 86
620 9
345 10
1126 84
83 69
149 54
121 51
1004 29
594 7
54 16
1036 29
943 59
39 62
363 95
1134 57
1391 64
1004 2
1354 4
992 51
506 99
625 61
462 88
910 67
761 55
1131 13
102 81
884 56
200 76
171 57
87 20
288 55
42 41
872 71
1111 66
618 46
735 38
1252 66
361 52
1396 17
574 48
833 46
1097 68
312 61
457 38
770 99
948 86
931 48
534 61
277 27
255 91
755 54
2 50
1112 14
830 20
921 1
127 92
1243 19
664 100
27 54
650 54
273 50
727 15
1175 1
295 61
1369 29
1187 27
1055 62
974 39
1201 6
862 26
498 85
947 7
361 66
705 63
1297 26
775 94
642 100
512 33
558 11
1073 38
259 49
1132 54
138 46
200 56
161 19
858 15
737 26
168 62
365 62
381 55
1384 61
750 83
731 95
943 84
1245 59
1048 12
1335 90
948 53
1208 87
127 87
1130 77
960 52
559 23
626 43
975 75
934 69
186 83
94 34
281 45
802 20
1309 6
451 63
324 33
177 28
334 64
868 63
407 11
368 89
103 28
733 13
399 43
562 66
501 17
834 92
322 77
1209 33
371 21
545 64
477 17
17 18
1317 87
1000 12
1176 35
404 37
528 1
409 38
730 51
545 1
567 17
884 46
462 16
822 28
75 40
516 2
411 91
850 99
28 20
95 7
1305 39
167 81
118 20
1074 31
320 83
393 27
321 55
27 12
1157 82
391 27
344 43
763 20
447 32
18 16
1011 23
353 42
1048 24
182 51
1185 17
1154 11
643 19
1355 73
218 40
464 59
1362 91
537 51
1295 18
172 51
5 91
1258 41
794 39
303 56
26 33
271 37
1022 21
1066 77
534 52
1087 26
311 92
840 29
275 54
726 75
246 24
752 94
37 87
436 39
1264 68
1210 9
1139 36
58 63
77 53
734 49
840 36
334 67
804 58
1081 65
673 64
627 61
1153 28
206 20
1381 18
297 79
1171 14
2 76
1069 7
727 25
281 65
341 9
758 41
1256 37
782 2
883 32
1069 100
474 81
189 2
390 96
1387 17
741 75
1126 65
133 7
316 4
1341 22
387 80
965 97
77 54
1352 36
112 44
879 64
1360 47
11 97
706 2
1393 59
668 19
1202 42
644 24
444 51
370 70
1183 49
1224 55
106 41
747 20
1147 32
639 75
1355 73
301 84
1346 53
239 1
12 39
613 40
503 92
1030 14
1060 46
1229 9
1103 97
1019 5
795 26
1038 17
1229 24
1307 61
196 31
519 12
664 99
614 35
152 94
841 56
566 76
151 42
359 47
240 36
1244 25
185 5
346 97
442 13
74 73
556 4
1144 79
494 82
213 83
832 100
1183 30
528 57
1129 63
309 3
1378 33
915 56
1073 48
219 8
202 63
439 42
217 73
268 7
148 73
959 15
439 73
1274 77
113 75
651 39
506 26
713 60
207 34
1254 52
472 60
714 62
1174 24
215 45
163 82
709 31
108 73
489 90
855 4
748 49
535 63
445 76
1132 44
1400 9
445 63
778 46
727 20
882 46
1303 21
667 7
32 83
20 97
1292 82
1083 34
984 60
1348 52
1245 82
396 98
435 66
657 34
1293 85
1162 45
1247 64
187 9
39 97
1047 57
60 69
821 41
938 11
34 1
1353 73
596 83
16 84
850 55
532 43
166 65
1400 80
618 94
1234 45
953 55
883 37
17 6
1233 45
1309 60
1261 11
849 83
323 15
976 41
246 83
382 54
520 39
1228 67
256 35
61 42
1297 96
498 88
735 69
993 28
110 84
447 72
996 74
874 72
542 76
1338 80
463 35
77 32
541 73
1216 68
487 22
227 70
134 60
786 34
1163 31
712 44
11 52
1117 91
1380 78
802 29
904 67
1249 59
1254 41
1185 69
477 11
321 51
1150 44
976 36
1344 32
144 90
1389 37
168 20
625 13
144 39
1094 83
1202 71
713 11
593 78
1217 34
290 44
310 3
74 24
24 31
444 77
981 69
1257 33
559 30
795 88
1393 67
749 90
148 40
405 84
848 91
1312 92
71 64
1365 86
1037 73
153 20
641 20
1110 55
1309 99
942 84
1128 44
1087 73
998 79
1014 38
1168 1
680 75
711 70
212 92
221 52
778 99
718 15
267 45
767 36
409 95
1313 93
1066 6
1220 63
427 56
361 47
230 54
1107 69
622 72
545 35
1040 76
1240 2
1380 68
681 20
1330 97
777 95
1044 95
935 60
1255 50
146 72
1149 44
581 10
969 74
263 79
1349 78
1241 31
480 95
1036 99
945 82
364 43
382 20
145 26
191 23
800 13
327 30
867 12
656 25
107 65
926 93
1237 56
781 56
1208 46
766 62
577 21
356 82
1041 38
1257 82
64 42
272 12
314 30
105 49
714 92
321 82
297 87
818 79
1283 65
361 28
686 36
1370 83
712 47
1336 59
1357 82
890 56
933 51
1046 24
816 85
70 5
1319 98
291 65
265 14
1279 17
1310 35
1168 28
743 87
657 88
76 76
912 2
1176 11
183 21
1097 99
248 20
273 25
1223 66
643 35
510 25
320 7
498 1
1 82
595 72
908 69
864 21
186 4
967 80
614 43
192 6
594 68
886 16
1126 5
82 3
547 50
411 86
1024 76
529 16
602 92
811 29
73 19
888 47
113 23
1267 29
982 100
183 93
262 31
483 25
156 14
14 70
865 16
583 52
240 31
1241 69
671 72
1272 62
973 8
253 78
957 55
203 89
1163 50
713 15
461 53
762 36
584 64
1084 90
472 60
642 94
209 16
442 6
911 47
1007 100
301 47
76 3
618 13
481 92
701 17
553 98
189 1
703 36
361 15
800 69
213 85
88 13
1347 5
1243 74
1379 81
806 13
1233 15
221 95
314 48
1299 34
271 82
1371 64
1343 22
629 11
865 11
1392 45
387 85
1190 98
1228 9
792 21
1125 6
1258 35
201 42
264 43
1139 4
876 5
558 74
31 7
47 62
535 92
309 40
941 82
78 25
48 19
1182 98
612 55
873 37
77 67
705 71
485 39
428 19
756 42
598 13
925 93
95 50
527 77
338 80
1005 97
1087 32
136 69
728 14
218 80
122 87
490 72
267 32
564 58
1237 71
