5812
110 8
8 31
11 38
611 13
384 44
468 66
699 65
854 88
506 13
72 47
406 66
1130 9
796 62
798 9
310 77
426 88
218 81
963 43
43 59
181 3
10 29
347 39
368 25
482 87
307 14
721 36
698 44
196 1
246 31
1136 70
936 39
1054 67
33 12
173 83
978 28
394 76
468 43
570 64
371 94
542 15
744 7
607 24
80 40
1035 25
422 43
71 6
1079 28
642 77
409 5
252 17
1042 12
97 79
1076 71
128 16
15 92
754 93
828 96
918 77
607 68
486 54
1019 72
513 35
879 69
681 39
1118 81
462 42
1065 87
969 61
338 11
980 65
915 44
813 91
786 38
406 30
695 50
202 42
225 74
195 50
151 59
303 86
1141 22
418 60
674 98
12 88
720 59
590 7
1039 11
375 49
93 97
992 16
21 68
936 13
1030 4
260 81
209 98
398 71
649 57
146 76
219 83
608 72
417 54
569 56
112 34
156 88
861 32
1073 39
237 7
541 92
243 24
128 31
671 46
712 75
649 83
341 77
657 9
691 24
787 60
122 89
375 43
941 6
629 4
1055 73
556 83
160 17
534 2
882 47
712 70
138 42
793 43
1138 38
99 13
1088 23
766 9
179 21
1050 82
305 16
1151 90
1160 41
343 24
533 71
729 55
49 65
631 72
650 33
316 90
534 78
331 96
973 36
903 2
228 22
749 83
816 86
1116 45
797 63
514 40
674 23
275 69
278 40
349 48
225 99
479 58
21 2
609 74
510 28
273 22
804 72
113 38
1098 99
74 72
335 1
131 100
31 8
25 21
1147 47
803 28
1092 74
1 21
550 72
754 85
838 79
1147 100
458 85
59 47
282 97
70 35
211 95
828 28
416 89
890 10
693 13
815 13
282 63
223 96
371 41
154 15
752 53
780 96
1102 14
238 55
242 28
261 30
204 75
673 94
811 76
930 79
109 75
46 73
684 47
549 28
116 15
3 64
564 78
1051 80
898 44
764 60
675 58
489 92
967 44
1102 74
1130 67
281 59
459 50
560 91
961 33
24 68
666 15
992 83
1105 46
455 77
7 12
516 80
118 64
1123 91
692 38
683 7
516 53
360 92
34 53
614 72
897 28
967 47
67 97
566 1
112 16
786 50
1153 23
50 76
1021 89
186 18
545 77
1101 85
1105 5
1043 78
926 89
1126 100
611 44
1002 41
848 33
456 99
468 86
864 32
466 34
614 66
1106 89
225 61
597 23
306 92
725 40
1035 36
369 90
19 94
917 24
79 95
977 49
27 4
1151 92
299 30
1110 93
407 93
271 25
493 41
576 96
329 4
604 43
11 23
937 28
811 58
410 22
957 23
511 49
123 52
977 53
1046 1
931 21
435 74
977 29
142 13
166 4
1127 92
478 31
77 96
176 23
881 33
116 58
853 88
1098 25
707 85
1011 22
397 55
1033 99
1021 47
493 41
233 69
594 74
146 40
723 21
209 52
673 13
111 52
376 99
1107 17
75 70
188 82
387 85
226 23
29 57
86 17
299 90
1039 66
306 58
57 51
94 56
987 54
578 66
509 69
309 68
341 62
1137 86
650 56
58 52
1036 16
818 96
509 90
365 46
583 52
329 47
248 52
635 36
541 88
313 35
949 15
980 29
435 67
856 17
422 49
405 13
28 8
617 70
225 7
1125 44
702 40
689 11
189 94
959 99
464 3
15 92
694 11
300 47
313 40
163 26
43 39
860 71
446 15
735 10
537 51
161 8
715 98
1042 31
328 99
967 50
1117 42
658 62
843 4
633 86
1141 91
1041 15
678 97
315 1
157 41
697 87
126 34
1078 58
209 23
439 78
462 57
1074 37
364 65
1015 61
755 58
979 21
1025 50
697 42
1064 37
558 59
244 77
639 88
700 36
972 29
1138 6
41 96
231 70
887 90
216 13
250 83
457 89
547 11
708 63
866 24
790 69
843 69
1126 46
868 94
1029 20
411 36
1145 52
694 33
1020 30
670 69
931 82
674 52
490 6
109 20
112 41
742 31
823 21
116 10
160 79
594 63
758 75
547 71
1094 35
513 54
949 13
1109 31
207 90
1030 29
437 95
461 58
906 19
855 99
989 60
188 38
863 36
850 16
85 39
666 38
465 87
258 19
398 24
1030 49
543 1
409 50
8 17
1078 98
230 69
443 61
94 5
237 27
373 49
577 11
527 3
689 65
333 77
1113 65
597 75
793 87
252 9
1055 69
839 52
480 85
731 74
948 15
346 19
709 48
589 52
494 7
492 27
588 62
754 4
950 50
139 63
1152 46
572 16
197 23
722 32
15 17
654 87
101 79
725 44
701 74
208 57
849 14
823 47
280 34
264 39
212 89
1070 19
622 74
6 70
336 92
739 46
116 57
709 35
212 14
673 40
885 72
1012 13
725 11
763 15
210 24
700 21
647 82
1048 36
53 26
582 2
601 96
611 5
306 20
26 32
339 12
98 85
1052 42
423 69
1030 32
775 28
656 40
570 92
584 21
619 41
126 66
1155 86
631 32
957 55
139 29
87 14
691 51
1009 89
344 29
60 13
1144 8
1153 74
831 44
1080 8
364 7
221 89
1099 13
549 92
245 21
199 1
1129 72
776 34
462 91
776 50
382 5
279 11
692 96
31 85
1057 44
431 38
1131 7
917 36
538 100
793 43
155 75
1073 15
212 68
780 41
87 29
262 70
879 87
193 23
35 74
105 22
635 70
367 5
289 91
1067 86
463 55
1118 37
831 45
459 17
895 34
449 38
527 68
676 91
153 22
881 64
878 26
347 54
1129 100
255 2
129 79
1013 88
980 30
519 85
259 44
501 39
61 29
307 5
754 59
814 66
58 27
867 34
896 62
777 47
223 94
903 25
226 47
34 96
758 7
305 92
991 58
25 12
905 81
1110 67
27 66
981 3
89 60
680 81
1136 44
318 51
1143 9
219 21
233 12
1048 58
863 5
965 11
189 3
50 61
367 71
548 56
1090 23
98 35
987 84
16 56
393 40
828 2
851 91
322 88
779 92
956 59
825 33
575 80
406 22
342 1
3 93
214 27
148 68
237 37
537 41
978 13
725 34
930 44
1161 64
342 74
829 14
344 55
948 98
886 52
701 78
208 83
336 21
80 44
809 46
1070 95
989 82
1106 80
903 55
124 84
1149 9
763 23
73 88
342 5
129 24
108 42
978 94
174 28
248 57
502 64
36 77
63 23
376 10
1158 54
883 25
1053 37
937 5
77 90
254 9
963 17
380 21
703 42
1020 58
49 40
429 87
901 44
131 67
120 33
538 74
959 45
548 69
213 6
290 77
1159 51
391 20
881 32
536 75
53 49
18 28
1144 56
148 81
346 42
945 85
304 6
455 3
594 11
523 98
480 10
1127 18
254 38
386 84
694 13
435 49
135 77
269 97
1027 58
930 94
275 75
830 42
747 4
854 93
461 5
164 66
987 15
244 75
58 56
288 28
291 62
949 83
53 58
543 19
659 64
980 39
503 23
893 55
637 15
551 72
1039 20
823 90
984 17
582 96
396 35
1097 10
21 80
196 76
101 81
662 44
337 44
989 2
569 60
1072 22
563 77
954 32
291 67
1141 87
9 60
343 67
676 36
176 54
303 75
986 56
282 8
353 82
79 45
513 17
1092 40
825 46
904 41
686 70
213 82
649 52
887 27
827 27
450 1
10 75
129 35
579 55
915 42
816 30
856 63
37 100
313 75
473 63
573 38
1011 61
1095 84
891 15
695 91
198 33
827 31
185 92
346 23
374 74
849 52
584 31
528 88
573 62
24 1
631 29
132 86
782 37
445 95
1038 11
1011 38
795 75
1154 25
236 89
93 70
855 34
892 49
645 16
852 61
848 34
1152 59
191 23
67 16
999 32
1016 62
223 70
632 30
1054 66
413 7
859 26
539 78
597 96
74 2
892 6
907 71
104 22
441 22
439 45
514 84
561 29
128 52
497 25
583 29
942 7
4 54
235 100
467 41
722 82
1105 4
432 64
247 50
146 25
415 41
909 82
534 15
572 4
913 48
876 57
326 43
1142 35
796 39
1004 15
408 13
432 27
399 28
43 36
463 26
220 76
1137 5
919 79
199 57
287 13
1003 13
355 68
837 84
133 54
307 64
766 45
835 29
499 87
375 46
296 21
97 28
21 19
814 62
455 63
413 3
391 32
1152 19
146 39
908 12
1085 27
1118 85
125 2
435 52
97 41
1053 89
366 41
46 14
699 50
330 65
719 64
536 48
352 35
250 44
943 45
572 59
1020 61
576 7
145 30
76 51
15 6
997 39
622 56
573 53
857 47
388 43
82 78
487 79
429 15
86 79
592 23
668 90
417 52
280 65
876 52
1065 32
29 14
734 25
598 49
789 56
176 61
856 61
838 36
416 12
969 72
114 35
449 92
1107 89
409 67
841 16
406 15
248 2
1062 44
233 31
450 46
1087 96
545 13
1048 20
1068 9
891 38
529 9
1124 27
1130 67
866 11
25 29
1099 9
963 59
70 70
785 89
231 88
10 94
195 40
717 27
218 98
1052 29
930 51
355 29
160 77
807 39
93 85
172 17
642 56
575 5
86 11
1145 4
57 3
455 47
915 70
44 20
285 58
751 69
423 81
1085 24
710 23
28 65
556 69
517 14
850 32
214 62
584 57
417 61
947 43
976 54
684 68
1008 15
284 15
1119 41
228 40
1161 65
781 47
518 62
884 55
1157 96
930 86
540 3
522 4
593 30
1120 44
1146 26
529 46
78 56
1086 85
747 64
691 49
286 78
621 79
831 55
555 2
499 68
228 6
615 5
432 74
683 73
1143 43
538 86
246 25
298 98
54 25
868 12
469 30
228 71
413 2
742 100
373 62
1084 28
857 97
1069 22
1 92
1052 18
633 86
554 6
1078 57
281 68
472 69
384 28
228 78
64 52
949 92
81 82
754 9
61 43
34 8
581 29
647 29
641 9
200 12
840 61
226 47
895 17
591 44
598 56
234 53
1081 63
70 76
207 66
1106 97
129 10
481 95
746 77
879 79
115 35
860 63
670 26
775 92
39 75
219 12
814 22
512 70
679 29
36 31
11 99
151 13
988 94
1159 88
1053 65
1109 96
1126 27
515 33
934 70
166 44
983 10
731 27
322 44
586 95
339 79
671 24
210 53
1117 14
672 18
130 18
623 29
154 36
356 32
809 14
194 47
873 90
1039 21
13 63
536 23
935 43
896 60
432 29
743 8
1022 8
457 51
981 65
822 12
455 65
833 40
325 89
936 46
165 84
38 70
518 54
485 69
644 4
639 50
418 56
503 4
800 94
832 67
908 94
500 86
160 66
710 17
1107 1
933 74
1148 37
153 21
89 75
1133 75
106 92
1028 83
840 69
83 67
870 71
953 17
78 71
216 42
809 74
1088 67
817 73
168 13
1044 15
72 67
62 62
938 45
287 19
473 16
645 50
52 6
991 19
868 55
451 30
352 9
579 3
875 84
560 100
900 45
530 73
788 34
16 11
477 37
1010 100
390 90
777 100
210 60
13 80
182 21
69 34
877 40
1015 20
14 84
568 69
295 19
553 25
518 12
313 98
455 57
5 83
532 20
836 2
1057 2
449 79
295 87
874 66
317 16
557 32
1130 19
402 19
1116 7
558 76
1059 14
1004 83
1113 62
355 29
907 81
517 100
680 52
566 58
40 69
12 1
193 91
261 48
541 63
206 26
366 43
374 73
726 35
878 100
452 11
255 26
63 64
154 42
355 59
438 74
685 46
442 90
553 91
1099 9
1161 91
853 20
1121 33
971 20
281 29
705 8
680 89
587 29
181 48
204 43
823 27
321 35
389 75
831 2
5 86
776 59
463 34
56 44
701 9
1002 24
1043 29
495 32
572 19
534 91
585 36
626 68
1043 5
111 66
729 100
482 14
448 59
1021 9
1010 25
831 82
619 40
635 84
402 2
864 93
1136 26
759 12
1037 96
109 4
698 72
44 49
737 12
1119 4
94 57
413 80
614 38
1068 57
281 38
285 60
666 40
547 78
583 50
260 66
1128 9
348 30
103 75
73 47
1082 30
619 74
157 47
627 56
487 40
703 13
385 91
192 72
215 45
258 22
440 59
538 74
663 92
763 23
107 10
570 50
273 62
882 12
458 70
979 35
803 76
666 9
768 64
239 29
663 16
470 68
189 8
415 36
824 9
706 22
1067 96
1051 100
84 8
999 24
131 82
1094 74
659 62
221 88
550 50
206 32
306 22
327 93
933 63
79 58
31 93
65 71
601 92
302 81
825 25
250 80
380 13
319 82
752 69
651 59
603 25
11 43
132 35
839 7
360 17
1116 42
759 73
1141 20
435 7
1011 13
427 64
1049 12
802 6
137 35
1128 20
151 47
638 24
551 91
316 85
1159 70
2 77
737 48
292 93
806 81
514 41
54 50
594 98
1099 80
555 84
150 1
248 97
532 55
58 35
71 80
1140 41
627 83
771 87
198 90
85 56
852 13
428 10
613 44
425 63
380 32
777 94
978 8
982 47
545 13
822 94
773 16
525 44
734 86
209 13
1124 83
392 61
253 36
881 4
727 57
644 8
662 25
1032 37
146 67
488 75
1012 1
1031 45
1156 65
731 11
467 99
327 5
199 55
16 44
897 38
231 89
209 68
366 21
1029 87
540 1
490 3
912 3
250 80
96 90
1142 89
65 6
511 55
967 31
132 78
953 52
805 27
492 18
151 99
228 21
961 29
41 77
234 10
201 50
1005 77
1010 33
4 17
1110 60
701 37
427 33
769 84
252 52
240 95
301 96
35 13
265 31
42 4
719 9
299 2
1144 95
53 27
1124 87
637 21
194 79
598 34
823 80
286 90
1138 4
207 68
1047 52
990 56
562 43
767 97
906 15
356 35
454 66
914 70
452 4
308 20
427 89
46 11
327 40
620 61
426 35
994 67
232 66
880 75
266 99
697 52
22 58
959 83
1026 74
991 35
642 19
683 55
379 70
436 82
239 52
146 94
1079 75
271 35
769 43
864 5
794 78
1112 42
812 86
990 53
320 77
523 12
705 26
827 35
417 6
543 54
383 41
913 65
336 51
835 91
459 55
231 40
382 35
973 29
887 72
379 70
143 68
151 34
971 77
629 2
567 32
939 91
443 1
201 31
1002 52
132 13
675 9
602 60
715 3
768 59
443 24
117 81
426 88
1015 88
533 56
1134 29
505 81
178 75
824 33
414 82
961 86
77 29
490 85
614 18
1145 42
25 67
794 56
394 2
348 64
893 84
197 65
1128 92
441 38
73 69
784 31
340 42
299 87
228 69
640 3
498 30
418 21
462 12
84 11
14 68
219 10
1150 14
821 29
435 91
567 59
205 8
639 99
107 65
402 2
851 5
410 19
148 28
478 8
951 82
147 23
542 56
499 12
402 72
269 81
853 28
198 97
347 27
95 42
450 6
1045 63
858 56
1162 13
492 3
346 16
457 94
704 50
385 26
787 16
814 91
98 46
593 6
277 53
795 71
557 13
305 1
142 27
511 80
662 97
714 32
417 60
1048 73
870 96
94 65
644 94
662 38
426 13
591 48
296 58
467 45
1022 52
144 94
648 55
369 80
216 49
835 56
365 50
114 19
253 100
649 77
591 44
266 53
314 14
677 59
398 40
575 58
1123 54
538 71
41 73
693 30
914 50
1042 20
164 11
760 34
456 13
972 40
606 78
923 13
489 66
348 6
1158 12
123 54
21 27
230 53
1128 40
707 87
954 85
1024 26
453 1
53 22
296 25
587 26
752 13
1157 41
899 97
149 34
1066 5
475 39
1118 22
714 97
186 57
171 73
65 22
897 46
228 49
346 47
934 38
909 71
1023 46
961 3
833 96
601 63
1063 10
815 6
220 73
313 78
911 38
244 29
36 84
996 31
390 14
107 5
531 26
928 18
1120 75
542 10
193 49
1023 69
1001 1
793 50
689 27
11 61
1129 28
126 17
588 29
198 46
264 14
726 64
974 89
285 59
704 76
1026 26
12 72
835 77
516 52
830 9
719 9
1101 41
892 28
858 36
1152 33
971 47
437 70
648 56
817 40
724 14
778 77
104 4
70 25
731 45
418 16
541 50
55 69
562 48
617 88
1123 16
1145 66
973 57
890 97
267 21
181 14
906 90
564 18
605 57
408 22
847 50
953 76
903 81
118 3
201 87
522 32
974 35
287 47
201 25
877 9
298 70
838 48
241 36
732 71
440 7
861 74
71 91
771 57
534 89
348 99
637 19
198 9
1112 87
605 78
546 17
240 51
6 45
927 37
1068 57
212 22
772 23
984 91
918 89
412 13
676 29
533 19
747 57
191 52
1045 60
231 10
472 54
1060 23
809 45
840 27
647 1
17 80
402 76
636 43
416 72
1012 34
937 41
186 96
618 79
281 86
1060 66
1091 71
813 90
1082 90
556 11
90 57
905 40
304 37
295 2
883 14
260 90
921 94
484 87
263 85
655 18
49 8
706 2
126 48
758 67
343 79
839 90
465 67
138 80
229 27
369 84
233 89
542 21
259 89
684 20
314 34
1053 93
90 72
1068 21
1055 91
171 76
819 35
438 81
698 61
364 1
213 60
563 29
829 1
177 76
528 66
859 57
865 71
880 9
971 15
56 12
106 78
416 4
45 32
1161 32
1132 27
463 93
1002 26
945 35
745 33
936 20
803 1
1057 4
686 96
544 97
427 40
234 81
604 17
497 33
1051 33
556 77
402 95
21 19
728 15
502 22
850 14
164 87
131 81
926 19
570 42
372 62
622 40
288 63
48 9
406 24
576 72
138 72
186 85
439 25
897 20
817 31
865 79
8 41
98 54
163 26
250 8
623 68
123 57
789 76
978 24
937 7
839 25
755 86
954 92
79 3
422 19
449 68
544 83
1133 40
885 24
659 81
888 96
360 24
710 36
592 67
71 59
419 90
738 5
974 50
1026 47
363 90
972 61
494 1
490 76
654 17
1009 10
991 80
143 6
178 87
486 95
285 60
190 68
988 38
6 25
311 17
1058 5
349 66
338 19
133 48
44 33
155 50
309 52
871 70
853 80
328 58
1122 61
1116 77
521 22
1011 7
724 84
718 23
357 28
479 66
22 73
913 4
216 3
819 9
128 66
450 76
1101 29
248 42
485 9
897 59
787 38
640 42
817 27
1099 11
1106 100
16 97
618 34
242 39
473 82
933 69
235 57
731 48
1118 19
742 47
844 84
217 58
1076 45
793 37
402 64
283 40
566 59
975 23
602 41
185 38
843 76
946 96
166 36
581 9
966 81
736 17
1102 86
325 62
515 80
255 85
50 78
16 42
397 61
512 63
544 41
116 67
165 61
665 11
815 21
1103 91
886 10
1099 2
1127 66
556 85
1122 78
774 9
616 3
729 13
136 16
951 78
192 69
760 27
693 86
392 83
368 75
474 23
159 80
1130 14
981 20
882 20
30 88
140 93
81 80
905 53
67 25
981 56
354 68
895 88
794 89
398 16
557 47
359 3
1122 42
337 54
1029 89
1080 25
678 7
777 95
558 78
853 53
844 70
899 97
817 16
580 17
213 72
893 48
355 22
315 29
368 32
717 54
585 64
320 51
501 96
514 47
600 74
1050 63
979 59
737 84
164 30
503 33
572 46
54 65
742 43
886 60
838 62
1086 100
1089 16
59 14
563 92
216 34
600 24
915 14
98 56
692 16
404 99
255 49
581 2
664 26
157 83
351 99
1002 91
618 1
389 67
56 24
1144 78
1110 72
903 6
385 75
222 39
339 41
408 89
510 92
20 3
269 4
237 89
64 26
1138 37
1056 55
667 59
627 50
450 61
472 36
296 43
822 22
553 25
42 97
557 41
357 87
122 24
43 89
695 14
887 56
99 42
748 54
83 35
542 53
1155 78
280 8
327 7
561 38
512 10
83 30
1049 23
987 34
829 20
1009 81
731 55
804 30
257 60
449 98
297 68
197 99
695 96
530 28
848 57
57 45
872 23
339 37
238 54
337 9
1149 72
458 5
548 80
1087 53
1127 17
127 96
158 82
1008 1
240 44
1079 52
1084 74
1091 75
978 11
1105 7
304 25
492 63
936 1
729 10
937 89
1097 46
160 79
987 82
864 84
1132 62
898 65
81 59
92 60
230 63
494 87
814 78
629 9
181 16
50 100
718 12
513 59
53 67
963 57
682 11
730 88
409 77
571 26
624 3
1150 27
293 48
773 57
1117 45
1049 78
771 8
709 86
1102 44
537 87
317 69
48 12
483 53
724 1
410 5
667 77
61 2
476 85
782 61
354 10
639 41
78 21
698 46
306 49
612 40
1061 34
58 62
634 50
756 29
528 63
986 49
106 35
213 3
303 39
651 85
833 35
45 27
577 21
485 16
544 80
995 36
1160 41
337 98
469 49
519 63
569 9
804 9
1061 99
883 24
1113 47
364 27
970 24
549 63
1084 77
125 53
846 13
1102 14
570 95
359 24
277 12
463 26
429 95
164 25
254 94
1000 14
931 34
1020 90
455 82
504 27
802 74
361 89
663 57
275 69
891 9
956 25
737 91
108 28
561 69
183 6
112 54
611 22
847 40
451 100
541 1
530 79
498 50
491 4
498 71
561 58
854 76
799 22
979 82
834 91
383 16
939 90
236 70
326 55
298 76
303 97
715 70
1093 99
790 46
1089 31
152 74
553 53
638 43
528 64
270 24
463 7
397 57
1153 100
809 29
640 95
243 9
343 91
251 73
121 20
778 28
549 55
889 93
281 37
650 44
1020 77
298 69
480 49
259 76
649 76
1030 19
314 26
888 62
451 66
1135 52
577 78
510 13
426 53
137 48
320 18
963 10
236 7
719 36
188 46
429 66
685 24
507 69
1081 36
959 86
106 51
330 7
493 93
646 49
300 82
1036 93
1138 46
201 24
421 9
801 45
609 57
962 93
23 93
11 41
687 74
381 51
1147 11
357 4
633 72
214 15
1154 39
1063 8
118 93
122 16
1018 77
745 26
667 52
193 52
599 36
716 47
198 38
476 38
828 56
508 99
863 22
1088 7
894 22
526 47
784 2
391 36
958 9
1040 43
740 71
1041 82
474 49
465 14
1134 45
542 95
403 10
409 54
1142 41
407 53
759 42
893 49
679 22
600 100
490 52
239 6
963 62
936 7
74 13
337 27
1045 93
774 94
54 96
331 97
1015 6
971 40
4 42
903 21
1050 73
334 45
518 71
794 11
1091 43
211 59
568 57
422 70
1082 69
892 68
609 34
539 52
96 2
67 37
1037 70
452 29
656 63
465 19
93 69
499 90
208 16
101 73
1131 95
359 67
776 81
480 100
127 32
517 74
1043 5
318 77
1009 13
1011 48
722 52
521 34
366 19
954 78
1138 51
298 25
915 62
125 1
1081 2
799 77
704 88
75 26
315 36
21 11
480 34
877 40
956 13
91 37
624 43
849 36
122 23
909 97
736 64
106 62
180 97
1098 25
923 22
877 97
637 11
632 34
1152 71
593 88
265 2
421 12
333 10
430 44
424 19
919 93
527 39
992 75
34 53
538 62
274 44
551 96
683 68
539 100
96 59
363 27
99 72
806 47
608 76
445 59
684 73
690 67
1084 47
362 89
349 51
613 12
537 25
57 72
489 13
1016 36
893 8
793 22
337 56
101 60
692 18
108 91
449 91
807 18
578 4
344 83
326 25
975 89
402 78
361 25
765 56
213 84
877 16
661 13
812 73
889 6
1112 29
535 8
504 62
44 78
1 42
616 57
828 94
672 34
105 92
1128 44
157 46
187 30
599 68
63 78
14 79
616 100
912 43
12 76
691 5
955 10
261 39
665 88
27 35
908 29
448 53
108 3
574 34
718 53
202 18
807 92
523 3
1123 97
624 3
181 9
602 82
918 8
116 81
572 25
881 26
147 54
422 88
438 7
138 32
97 76
248 81
928 82
816 94
586 99
917 86
729 29
427 20
607 77
639 12
902 87
773 88
386 86
88 49
71 80
901 24
552 67
1073 31
1129 66
699 38
261 13
955 29
392 36
25 89
436 86
639 26
149 95
277 16
284 5
675 46
699 72
505 63
627 12
67 50
890 54
542 34
455 26
1016 54
252 3
368 73
666 40
513 51
339 81
693 67
100 77
615 85
334 75
756 54
133 10
800 95
1070 30
1096 41
353 1
1076 16
970 53
440 89
931 74
347 10
80 34
770 60
182 80
489 90
349 44
323 74
584 91
643 43
293 14
892 37
938 10
873 13
646 40
409 15
1161 63
365 45
377 49
104 92
809 10
75 99
807 66
542 79
1011 51
185 33
520 74
117 39
837 27
192 39
1067 39
838 69
448 15
246 90
168 69
650 35
367 28
927 52
19 22
305 82
456 93
552 46
591 8
395 91
543 53
991 43
671 93
323 63
894 42
237 69
456 18
457 25
979 61
643 68
813 9
444 32
597 65
560 48
716 19
542 86
1114 62
180 23
878 65
777 85
582 44
653 74
679 35
1014 59
471 38
6 1
114 39
795 54
533 9
8 13
161 20
1000 71
114 60
262 44
525 30
358 1
278 73
935 58
36 19
1110 57
722 13
481 67
318 4
218 69
572 55
337 31
773 54
86 21
74 98
924 39
279 10
1051 41
774 93
473 44
253 85
1063 48
242 74
184 66
10 87
435 87
1079 60
580 97
542 31
184 98
606 22
466 95
314 92
468 11
615 42
816 93
960 72
803 85
364 74
385 17
219 29
202 51
366 26
435 100
299 42
714 23
747 71
1121 7
743 28
650 75
772 94
290 66
12 82
1007 78
21 36
44 70
585 4
719 78
39 20
313 66
707 37
890 35
283 72
1115 33
48 12
304 65
16 40
1015 34
369 67
9 62
255 74
287 52
366 73
848 18
677 47
782 15
915 53
30 62
971 65
176 79
1109 65
201 1
368 72
1083 89
370 54
660 95
852 92
507 74
778 67
654 68
633 60
724 94
895 13
638 60
943 53
817 42
19 93
779 30
522 37
666 90
344 45
857 91
658 34
784 55
596 84
761 94
135 11
335 6
1017 52
240 95
181 81
669 89
193 16
1126 70
998 72
106 93
222 86
952 69
956 1
1089 87
731 47
454 75
289 15
777 5
773 99
1055 49
633 40
428 25
906 52
894 35
1020 12
623 47
1046 3
571 32
1035 90
921 11
717 66
625 39
873 49
968 6
849 38
848 48
530 4
1128 78
875 86
1009 21
329 30
96 15
806 30
1144 23
576 66
704 19
659 39
549 75
706 27
773 74
92 43
209 96
50 60
750 28
760 46
923 17
965 65
363 68
839 97
995 13
384 56
1093 93
545 3
1044 58
463 18
345 60
189 46
55 36
852 87
164 77
166 82
314 79
470 53
114 77
111 1
98 16
171 59
1065 85
499 59
