3544
27 85
112 78
628 97
630 81
686 13
707 99
650 20
350 35
271 60
123 65
618 18
73 37
438 47
25 35
566 22
294 35
246 73
452 3
626 31
65 1
245 9
170 88
617 34
297 39
271 54
460 70
267 41
511 96
591 68
147 8
665 42
71 7
590 20
498 63
120 71
590 26
219 47
657 37
355 57
660 47
6 72
29 14
343 75
107 89
606 14
197 35
319 35
440 19
210 100
650 97
244 54
584 26
699 3
518 36
209 77
284 57
365 70
655 14
407 75
203 8
278 97
507 33
371 3
177 32
81 7
132 24
179 80
310 68
192 1
639 40
318 2
191 59
258 62
89 49
402 82
21 32
410 84
631 15
281 13
85 92
5 58
606 40
363 35
269 49
602 81
351 2
161 38
508 87
271 9
88 66
703 10
619 75
168 70
359 22
104 79
541 79
250 88
204 58
468 65
151 14
615 15
510 59
199 52
86 89
44 75
89 71
373 7
440 100
336 44
227 7
207 74
148 9
403 99
131 26
38 4
93 80
242 31
346 70
162 70
327 87
371 37
563 6
181 28
686 7
328 95
406 77
605 79
643 96
673 46
485 13
461 11
405 96
456 35
647 38
428 67
515 76
423 66
389 80
283 84
220 21
632 90
474 29
399 57
25 75
71 10
113 29
34 54
610 17
539 6
561 47
241 14
513 90
432 7
137 87
42 52
547 33
248 81
646 56
330 13
270 74
562 55
478 60
686 55
440 67
430 57
556 66
393 79
468 72
382 61
694 79
667 52
384 11
364 33
572 74
236 45
512 55
40 78
295 80
251 36
492 32
211 31
566 63
184 19
58 82
7 22
147 8
311 73
34 77
556 53
596 32
321 49
649 7
67 82
460 77
301 2
235 41
285 29
154 62
280 22
277 76
500 68
302 37
560 76
648 6
708 77
117 28
200 43
175 24
252 50
664 67
397 38
343 17
39 82
336 75
21 23
141 39
391 73
504 63
61 91
1 6
346 21
537 15
255 69
4 63
599 21
78 38
523 76
173 77
132 59
368 34
115 55
215 33
568 23
511 66
98 83
690 100
198 70
240 63
67 26
542 4
87 86
147 90
209 23
402 36
56 82
104 57
692 18
376 69
447 85
8 64
278 41
147 42
644 15
333 10
380 28
357 10
386 62
75 40
412 9
405 16
390 94
334 29
296 49
536 14
684 37
453 77
666 45
518 28
459 95
562 60
677 27
284 35
325 59
89 26
99 12
288 31
320 34
252 46
709 65
28 48
339 25
555 64
534 80
483 83
643 22
609 39
699 94
252 42
225 6
319 80
168 43
586 48
637 18
3 43
321 92
348 100
676 58
130 64
110 46
310 90
397 28
531 25
354 41
568 54
144 9
89 18
107 49
31 83
51 92
242 27
366 31
128 17
506 81
584 82
542 85
353 82
243 17
307 24
387 80
333 78
614 57
621 94
99 89
458 89
463 1
697 58
473 79
18 65
456 3
638 25
644 26
585 17
307 39
612 48
498 62
465 57
97 25
273 35
429 40
70 47
74 48
442 1
399 4
613 44
284 62
398 79
76 88
597 11
263 28
324 71
688 21
166 9
461 27
78 25
658 66
376 17
664 58
191 63
223 43
470 10
609 70
520 58
345 21
450 96
7 23
201 60
353 57
668 57
337 62
653 35
409 28
117 25
623 25
189 100
695 65
663 91
78 95
678 65
467 66
601 19
361 99
225 47
42 12
540 9
416 19
386 65
650 38
319 90
673 95
687 91
72 29
537 67
281 33
197 33
418 19
397 81
61 26
149 51
4 71
129 71
166 76
87 75
80 20
65 100
75 88
448 28
278 46
54 44
550 84
652 31
479 83
290 13
337 29
107 34
147 23
706 4
3 81
175 91
643 67
36 73
483 34
419 50
459 16
325 76
574 82
476 8
242 64
536 77
376 30
212 48
136 55
676 21
33 61
274 2
604 7
658 65
684 22
51 14
706 24
6 3
473 30
295 77
151 96
123 43
629 47
452 48
436 20
179 96
318 62
251 5
706 13
135 74
610 42
184 88
671 18
325 85
603 45
198 33
171 65
2 84
85 38
299 41
661 4
237 62
370 73
387 64
327 15
534 9
218 70
150 37
599 59
92 8
268 91
35 24
248 89
685 43
162 96
240 73
471 68
482 82
90 63
380 34
659 2
246 46
541 78
137 29
152 94
610 64
638 79
6 60
640 74
365 4
204 39
415 27
104 44
701 76
581 64
233 57
162 4
231 86
705 21
672 51
656 8
309 77
71 59
437 33
655 7
385 64
54 37
284 86
622 74
383 51
557 1
301 25
22 13
4 40
51 82
635 22
554 16
195 39
480 41
7 90
6 91
84 56
110 56
693 82
324 26
475 68
345 52
314 72
556 57
698 84
654 1
171 32
454 5
482 97
100 75
629 33
388 38
94 68
121 32
286 95
403 62
180 10
66 54
523 90
511 32
24 2
529 98
63 69
510 51
60 66
376 69
44 64
192 7
445 30
245 71
559 23
675 43
472 50
629 1
222 9
65 46
173 83
97 82
570 37
450 4
268 75
52 18
212 7
124 11
1 26
362 6
566 97
138 96
403 58
40 82
477 17
192 18
532 24
394 82
335 13
324 17
194 1
97 77
210 94
521 42
666 18
32 43
153 67
174 60
265 7
140 7
619 72
662 69
139 31
326 33
637 45
24 10
204 52
424 28
100 92
340 56
151 74
488 69
596 95
508 15
647 23
68 72
382 61
497 27
247 13
249 48
709 78
362 1
315 69
391 85
692 10
448 20
107 62
400 41
637 31
241 68
376 33
75 11
132 46
610 55
338 56
485 41
168 59
39 28
504 56
616 52
368 1
593 27
652 71
105 42
350 24
504 21
451 33
493 44
423 82
211 23
688 3
263 71
113 28
240 78
147 17
122 25
450 99
497 10
395 63
3 75
56 94
603 62
57 89
258 3
5 54
606 34
240 38
299 5
183 45
611 35
134 7
414 87
650 95
521 58
323 53
277 41
247 41
565 3
697 59
68 20
554 20
699 88
230 81
35 14
432 80
424 93
176 22
434 54
680 23
537 45
36 73
560 51
378 88
604 87
24 47
283 86
173 4
211 50
494 68
319 78
567 5
667 78
556 70
574 73
691 93
232 95
260 89
475 35
415 93
387 29
343 33
596 54
282 10
586 15
550 71
409 83
440 48
74 12
211 71
211 12
565 24
33 9
161 45
485 56
344 80
564 63
654 32
483 66
76 33
311 54
402 66
664 28
399 74
362 27
670 46
28 47
215 72
474 60
429 86
315 33
135 26
283 17
13 71
262 93
444 13
595 4
338 33
242 35
70 66
235 5
274 88
128 15
180 12
645 21
270 47
497 80
306 47
462 42
651 1
78 87
269 47
592 71
181 77
360 49
409 47
314 9
654 14
452 100
360 22
177 69
216 22
530 12
267 100
463 13
261 45
53 47
221 18
233 7
426 4
707 16
83 19
391 100
221 51
287 5
109 81
199 81
322 57
198 78
456 68
624 63
251 87
606 55
326 55
413 83
443 4
397 72
320 98
697 25
403 18
207 19
621 54
562 60
691 93
645 1
640 76
603 6
321 88
38 99
261 98
581 80
576 26
238 92
27 42
386 77
366 41
87 26
403 77
3 19
269 100
588 53
296 99
475 69
164 97
180 78
134 18
121 73
425 82
17 57
706 17
574 86
66 11
380 29
411 79
416 78
513 78
574 66
622 90
692 59
352 99
484 78
69 19
456 52
517 59
675 11
293 3
40 98
307 2
110 62
473 14
122 72
495 58
94 57
702 81
22 93
173 10
530 67
392 63
62 72
643 78
114 24
639 22
47 21
87 87
271 47
146 68
646 93
584 16
495 25
690 75
51 88
652 29
320 33
115 90
548 76
133 5
312 23
563 73
514 20
404 96
265 7
75 35
222 37
402 67
176 87
189 21
305 48
129 1
202 55
303 13
38 100
678 10
589 4
101 74
187 15
112 73
549 99
388 57
103 76
153 82
65 7
674 17
416 14
356 77
589 32
470 56
46 46
264 54
672 59
16 31
257 72
221 55
407 45
30 33
437 92
88 95
144 92
300 57
224 15
622 18
219 50
328 78
260 90
152 99
440 31
638 61
617 97
7 65
315 27
52 27
243 60
22 63
33 47
206 6
83 50
536 4
645 38
622 62
221 28
447 93
83 43
221 17
284 78
238 45
363 89
150 43
5 77
666 32
704 34
246 6
77 47
31 16
516 73
453 89
405 71
216 36
698 90
322 31
359 74
606 46
320 59
642 3
288 32
542 20
653 17
310 45
48 69
248 9
465 41
260 58
489 10
17 81
200 62
676 82
367 60
534 94
683 58
312 11
107 39
333 71
332 28
132 49
92 41
653 22
491 48
170 66
514 55
348 38
364 79
609 70
702 49
381 34
258 45
16 89
432 26
215 96
424 98
53 36
612 57
193 52
231 73
699 72
306 89
441 36
360 81
88 83
138 10
141 22
496 77
540 16
530 14
248 87
337 34
506 10
647 55
533 59
638 77
65 62
515 48
490 69
282 57
459 97
686 25
145 15
224 98
578 66
707 25
564 18
447 52
69 92
514 67
386 26
310 8
107 2
489 10
603 76
625 7
466 19
658 14
295 15
388 24
174 22
484 61
529 77
685 81
392 57
601 96
32 85
286 97
137 78
489 36
471 72
99 19
264 66
266 100
308 59
502 86
533 33
137 83
256 45
251 39
590 58
513 5
394 25
436 40
1 10
143 96
30 53
32 29
268 21
508 45
528 5
205 74
562 57
70 73
569 30
675 100
342 56
565 62
302 34
557 61
14 28
261 81
385 65
689 95
595 20
79 11
119 82
13 66
572 37
343 93
483 7
700 8
266 77
516 55
580 4
448 34
94 64
72 38
696 100
331 67
618 31
173 5
495 20
27 16
148 63
242 83
604 51
120 3
557 24
702 10
5 5
363 22
438 74
433 99
430 50
514 59
242 16
664 14
26 82
270 93
367 68
337 68
548 15
447 91
195 79
601 62
522 51
273 99
88 85
555 24
115 3
113 56
693 52
23 76
162 36
105 56
293 59
409 65
617 80
261 100
458 31
311 86
417 86
149 71
389 92
157 90
236 100
650 53
20 88
122 52
100 87
445 31
708 53
393 21
661 45
384 92
17 75
13 73
38 54
379 55
626 18
542 42
340 81
297 81
557 74
541 35
671 16
478 47
38 38
449 76
84 94
176 49
483 40
113 49
221 86
533 96
7 42
588 72
623 18
152 20
527 54
620 59
477 47
585 76
118 39
109 64
142 71
539 19
8 9
174 91
499 24
506 7
405 24
670 48
372 91
274 94
310 9
32 31
7 9
291 43
311 65
564 67
498 79
351 82
430 10
20 77
288 86
350 38
284 95
197 76
291 66
581 81
19 79
393 21
418 21
267 37
292 60
402 26
559 7
601 40
586 8
68 44
117 99
55 73
325 46
306 93
396 79
85 72
119 13
560 68
586 85
616 45
447 18
374 27
264 62
544 61
634 49
137 96
543 91
620 18
563 70
308 79
682 21
273 19
295 33
125 7
54 20
451 96
657 75
609 28
89 30
390 77
227 97
341 26
289 5
178 24
302 58
376 19
261 51
523 29
313 25
329 94
88 38
625 45
544 54
653 40
362 82
72 26
426 29
173 1
682 12
203 40
296 58
301 29
296 49
130 100
227 41
143 88
688 24
238 74
674 80
543 100
518 78
633 77
618 76
661 89
595 2
514 34
79 11
651 29
214 65
637 68
623 96
575 40
93 3
514 55
401 65
322 26
479 20
253 33
531 68
205 47
491 85
665 52
599 96
695 37
199 94
400 17
28 11
617 88
307 81
583 20
431 70
599 10
40 11
542 66
238 41
58 53
63 59
631 61
370 49
432 50
551 1
627 65
385 84
397 57
531 60
448 26
70 67
95 64
369 28
563 98
166 10
103 28
635 55
486 66
70 87
52 89
125 40
130 74
535 28
64 79
399 57
52 15
164 75
158 96
343 83
504 22
574 26
299 27
453 25
197 65
449 62
589 64
429 32
422 43
636 78
528 7
623 41
469 70
533 16
584 57
117 59
426 28
101 76
595 100
477 31
140 73
197 56
137 20
42 56
508 41
671 94
685 60
425 92
669 84
117 70
423 1
442 94
141 25
389 11
370 10
371 99
113 26
582 54
59 64
687 79
544 78
523 98
599 21
679 95
625 92
591 6
642 18
248 34
64 51
689 53
297 4
364 95
558 27
105 33
592 37
527 24
44 19
592 1
177 2
246 79
467 76
219 43
285 12
274 69
586 7
234 82
532 77
706 96
307 96
688 82
269 11
389 63
164 54
588 32
37 63
10 30
222 13
75 68
338 85
175 81
323 11
353 27
14 94
491 88
448 78
485 5
80 25
132 72
132 12
600 74
467 76
241 9
34 94
557 47
335 13
648 38
427 75
634 92
56 15
707 65
238 15
108 36
359 58
227 50
520 86
409 14
279 97
441 58
313 45
203 9
299 48
636 93
49 95
141 93
86 39
436 53
68 84
269 26
259 19
409 22
115 49
603 8
191 24
621 81
351 57
231 35
662 33
314 89
53 59
187 28
245 52
361 4
476 54
633 52
653 50
540 61
207 52
620 40
331 58
576 89
153 35
363 15
515 13
15 15
231 11
448 71
12 34
384 76
116 16
153 4
291 45
36 59
426 64
146 13
698 73
373 25
189 59
157 31
476 61
328 54
187 70
63 51
553 85
177 16
553 87
177 62
622 57
400 7
655 15
176 81
72 30
60 6
2 38
653 12
511 21
111 89
586 26
707 52
524 90
592 7
11 83
52 51
546 20
585 79
219 87
557 17
599 48
366 80
81 97
316 67
251 88
294 58
562 82
198 67
460 82
420 5
505 95
26 48
702 25
623 73
89 22
540 37
286 2
562 63
355 9
594 47
49 73
82 16
445 39
335 68
519 93
497 67
477 27
158 68
46 98
248 31
81 31
140 97
17 33
528 81
246 2
400 49
489 31
579 47
311 82
375 3
226 96
15 58
128 60
275 57
490 25
264 3
690 10
236 96
292 14
636 80
631 65
503 55
50 72
693 50
620 87
212 73
309 8
44 75
137 70
157 100
327 2
62 91
490 58
120 17
614 83
515 12
32 75
66 42
293 18
185 48
221 34
42 74
207 65
703 76
686 43
704 84
700 28
546 30
342 58
305 69
677 28
77 90
158 71
663 64
450 43
472 35
191 62
517 68
64 30
590 25
552 43
632 69
640 62
100 92
623 82
128 65
513 83
586 67
655 88
339 97
115 11
578 24
501 93
195 54
419 91
517 40
658 17
12 23
700 33
492 38
277 88
187 84
228 93
382 70
364 6
176 83
238 20
641 52
475 32
310 57
201 9
244 80
242 67
337 73
89 82
586 52
445 99
178 37
335 65
354 43
683 53
682 54
492 92
306 91
547 39
632 40
118 36
54 78
448 2
378 5
701 12
173 5
22 4
252 55
621 79
349 19
265 31
421 20
392 42
6 62
128 52
511 4
452 82
561 66
367 13
41 46
605 95
598 69
627 69
167 58
522 35
677 52
371 18
698 49
401 48
510 77
535 40
359 65
240 13
74 23
394 12
66 58
499 60
39 70
602 88
483 78
468 67
33 41
632 48
647 75
157 1
676 42
474 51
467 40
364 64
640 71
671 9
394 25
641 50
531 16
152 98
89 11
201 44
81 77
622 37
263 33
495 13
400 35
16 85
620 23
564 36
510 80
364 65
129 89
51 34
311 75
572 59
192 85
136 21
528 95
676 100
614 14
168 96
12 95
504 39
72 21
360 88
250 52
188 7
366 7
313 56
292 4
50 44
484 47
274 8
413 52
135 66
255 7
502 55
661 35
130 36
567 94
558 33
692 73
21 38
43 55
163 100
581 86
509 8
105 91
503 28
619 63
349 6
638 5
52 50
51 30
645 14
376 100
521 84
23 79
562 4
428 49
24 5
40 97
439 5
667 51
226 15
159 86
247 63
163 45
315 59
519 27
701 58
533 9
689 78
653 75
46 79
384 21
410 80
126 36
362 82
21 100
301 13
349 79
224 49
149 58
358 46
686 45
292 26
664 50
7 49
340 45
527 28
292 15
58 68
370 84
72 94
669 22
566 3
353 59
279 69
520 98
492 83
127 68
177 64
443 6
577 35
101 82
692 41
348 53
352 24
511 33
3 89
318 49
127 65
433 55
528 99
58 13
500 43
446 25
464 53
594 98
177 31
501 69
91 59
213 76
181 68
27 48
631 45
708 93
656 8
305 68
166 49
309 79
205 54
627 72
12 2
534 51
178 78
127 8
648 43
699 90
448 26
505 36
524 34
518 80
601 9
217 57
105 82
121 4
480 8
174 96
307 20
409 6
622 85
602 50
682 2
17 76
112 50
277 9
611 71
109 16
574 48
179 60
654 83
629 2
279 45
295 48
108 85
265 9
285 4
586 4
294 68
198 23
521 26
306 43
27 33
344 85
144 62
218 99
504 78
185 59
365 95
211 50
177 75
156 5
85 69
416 7
430 86
453 39
32 63
343 89
175 33
664 49
597 91
344 52
685 75
315 79
416 76
6 70
651 44
193 69
125 76
57 15
494 3
568 36
626 81
143 96
605 14
682 45
150 100
537 78
274 82
202 77
132 29
590 61
297 15
313 41
584 53
240 54
12 83
339 81
387 46
281 21
652 93
17 93
649 53
280 97
11 80
346 94
116 63
103 53
338 90
462 9
541 62
300 74
225 1
249 47
565 35
701 86
326 36
420 16
560 46
619 74
593 63
44 78
400 84
272 95
211 72
173 32
641 35
307 16
668 23
30 71
376 95
563 69
677 79
44 69
18 63
491 88
346 40
643 73
612 2
528 30
690 31
667 15
399 33
316 50
679 39
657 2
571 98
348 71
211 8
657 39
641 68
126 15
47 1
278 11
9 10
242 98
236 93
187 36
509 91
75 99
698 99
162 90
292 81
703 29
453 7
632 90
326 93
259 80
336 31
623 39
320 19
26 66
531 7
238 68
667 69
555 98
349 73
197 36
592 67
348 46
506 93
614 93
493 92
122 69
308 65
560 20
366 47
347 59
243 31
339 65
575 95
226 16
3 24
172 81
132 43
154 50
675 9
656 77
351 20
563 29
560 72
709 74
453 77
704 72
226 52
267 77
694 47
112 71
237 46
195 56
184 89
406 19
398 6
553 40
297 47
636 19
363 13
499 1
400 81
413 94
218 83
321 27
32 93
67 41
264 31
330 92
429 26
9 12
285 31
687 37
338 52
382 69
569 3
638 47
399 27
592 2
458 95
666 12
167 96
475 55
150 14
79 75
230 79
507 29
507 95
569 20
325 59
696 67
50 30
565 82
579 61
101 25
187 100
520 65
277 87
144 94
31 4
410 38
161 36
557 75
296 67
478 51
209 37
106 39
424 94
241 1
616 13
478 27
626 31
606 89
193 61
369 84
498 78
278 61
571 71
304 22
474 17
204 41
395 100
317 48
183 54
675 50
599 12
328 88
623 9
43 32
195 16
143 89
450 65
301 38
481 100
242 81
449 91
395 81
213 55
555 15
707 43
366 15
497 88
641 74
498 10
105 68
484 6
489 49
150 78
588 31
91 75
531 27
431 36
632 67
319 81
467 72
1 78
400 77
269 75
681 85
208 85
32 46
546 99
533 86
258 51
460 32
551 47
187 72
700 56
278 14
249 84
307 36
109 48
267 7
326 21
245 44
644 21
237 64
241 76
404 83
41 23
211 69
375 93
140 27
528 47
621 31
206 5
164 89
29 2
340 48
506 25
96 84
489 15
276 31
312 38
143 7
233 60
188 46
369 45
639 47
472 35
147 87
359 30
592 7
264 82
567 75
351 17
307 66
318 96
325 43
16 13
277 72
573 85
78 7
412 81
81 79
567 1
193 8
191 37
665 65
706 86
369 26
247 80
213 83
139 78
570 41
115 78
183 29
7 63
213 29
106 46
405 58
143 68
708 19
662 46
443 19
28 70
17 6
124 54
171 98
620 10
169 56
15 41
439 16
649 84
351 6
200 23
106 71
266 26
274 3
126 34
635 24
704 71
566 35
624 38
211 74
340 59
435 91
211 28
648 13
363 52
255 75
273 68
419 39
101 45
193 63
416 37
595 99
250 21
10 62
477 84
598 46
104 84
492 71
601 12
153 44
432 68
626 95
403 58
150 81
672 91
209 21
678 57
568 86
632 92
260 56
300 3
401 45
62 45
619 22
197 52
206 25
618 100
338 93
265 91
237 27
227 81
230 34
447 58
482 65
682 14
75 63
7 28
223 52
474 45
646 88
561 35
349 37
290 25
194 21
194 92
415 72
448 2
361 98
114 17
607 63
532 44
233 50
500 34
419 68
452 72
645 76
385 20
372 2
484 15
279 85
403 76
650 24
189 96
49 11
456 49
319 39
243 46
316 32
180 6
139 6
114 47
561 30
66 16
133 22
6 33
659 54
626 53
513 10
229 1
493 92
201 58
139 82
585 30
49 49
615 64
330 35
540 18
22 56
649 37
698 67
596 94
597 41
673 37
581 14
447 79
623 18
687 41
300 5
8 61
332 72
643 89
471 84
513 98
501 70
587 54
521 11
1 100
428 21
686 84
20 29
161 15
353 91
216 5
579 99
189 42
62 34
342 68
354 38
208 1
569 50
653 16
504 83
434 28
527 16
125 12
615 5
414 86
402 81
649 78
36 12
483 13
343 38
619 26
175 87
581 27
10 29
491 75
696 48
441 43
366 53
690 67
374 15
607 37
36 9
341 99
248 26
557 9
123 50
91 47
119 62
34 79
438 21
432 89
348 22
597 80
161 90
495 47
42 7
481 45
679 67
482 32
617 35
292 32
356 41
349 79
183 56
540 2
525 82
416 87
101 33
115 80
23 94
359 48
544 72
333 37
175 71
677 18
158 56
222 6
518 97
457 89
34 11
464 37
299 29
28 68
122 47
381 89
529 67
57 36
632 14
405 19
535 99
507 37
15 45
130 1
670 85
584 9
360 84
394 36
578 50
704 28
704 53
225 90
675 14
531 4
384 54
211 62
548 14
696 17
684 64
610 65
46 17
19 66
282 40
123 11
15 88
177 93
8 1
18 50
281 49
590 60
665 29
587 52
256 59
601 35
206 99
601 35
372 22
470 42
527 14
405 63
66 69
150 98
358 42
672 50
483 51
36 64
334 86
537 25
421 88
98 56
690 71
574 26
180 38
506 42
565 71
589 58
374 25
127 93
142 76
89 39
521 35
212 100
234 92
418 31
61 89
575 51
391 46
127 57
287 62
377 47
461 82
277 40
387 94
399 73
677 38
116 89
488 79
124 78
223 46
254 72
513 35
464 25
44 6
528 26
497 57
465 100
669 70
690 59
71 32
152 49
185 36
172 22
262 73
588 83
445 90
608 53
589 60
89 3
246 38
410 91
75 13
352 20
265 42
506 33
364 1
188 87
294 38
83 75
160 22
560 37
393 60
474 43
193 51
33 67
287 94
176 57
705 28
25 13
458 58
496 44
549 85
615 16
92 15
411 46
586 27
204 8
112 83
208 37
164 3
702 11
661 62
424 13
338 91
377 41
82 77
23 57
550 59
444 41
32 99
184 48
686 4
327 3
314 49
260 31
302 28
63 96
574 74
609 90
143 76
59 78
19 77
517 32
600 70
349 48
510 29
10 82
245 94
304 29
580 60
244 50
48 75
114 64
607 39
40 23
288 65
686 49
351 14
36 58
48 3
215 33
446 42
535 47
652 6
309 93
675 49
663 43
191 74
236 76
339 4
504 49
607 81
342 61
74 30
448 27
237 16
389 100
388 49
551 77
316 48
355 8
643 48
450 28
321 94
656 24
459 37
39 82
411 27
201 84
234 95
627 99
420 56
28 80
320 55
637 17
346 8
3 42
293 51
375 76
200 35
203 96
346 95
557 1
459 44
291 74
127 77
336 76
626 14
531 58
242 51
508 23
536 13
564 59
427 24
597 91
423 44
327 37
499 55
661 30
439 59
97 10
95 39
212 13
269 66
254 1
275 45
330 40
412 78
521 48
420 17
659 25
628 20
129 68
591 77
598 93
594 23
537 79
20 52
121 54
176 70
139 14
393 25
643 54
532 97
54 83
506 4
697 94
646 93
297 60
19 69
363 2
335 52
164 29
322 18
156 90
36 58
228 18
64 50
424 97
10 9
81 83
554 23
303 72
457 19
429 56
693 14
294 85
647 15
652 31
593 35
225 71
593 34
458 49
202 89
307 92
182 3
651 89
174 18
168 83
215 44
336 84
687 73
617 29
133 96
448 64
97 36
648 93
223 48
539 51
116 28
264 74
261 27
85 89
252 3
101 57
691 58
243 3
68 56
183 80
290 77
25 58
574 17
48 100
420 85
663 63
133 62
111 81
198 94
546 49
433 77
436 90
116 83
345 90
516 20
242 66
482 18
552 17
240 69
163 43
391 46
407 96
365 39
127 98
640 46
607 84
324 6
416 31
310 65
466 22
556 67
199 12
175 41
610 65
657 60
681 73
604 46
90 60
409 69
327 42
600 48
453 89
583 35
257 83
496 33
454 37
133 15
264 35
325 69
212 79
114 87
138 42
124 80
443 29
5 36
616 35
117 79
52 22
216 1
670 25
141 89
580 25
489 47
432 14
316 10
509 35
456 61
624 12
511 93
704 78
331 10
648 85
326 81
158 26
583 13
431 52
649 22
90 90
300 59
363 90
413 44
39 17
296 71
449 10
218 93
78 29
97 2
592 38
235 14
599 41
595 10
92 41
176 64
452 18
684 26
312 86
384 10
344 81
13 10
396 39
605 67
674 24
40 21
276 74
275 42
172 50
473 69
354 45
205 64
335 26
129 55
332 72
707 96
422 77
594 89
422 15
111 62
571 63
171 23
646 6
50 40
257 35
30 23
322 80
53 58
621 73
627 89
128 33
334 97
5 78
445 90
661 20
500 11
112 86
291 99
326 42
213 25
255 32
403 86
