7578
1170 69
888 48
120 40
177 56
1341 7
643 56
416 27
1056 55
162 50
1147 21
90 53
151 30
260 32
1464 43
998 3
1090 95
1057 82
350 62
1398 68
1274 71
618 89
631 72
538 93
144 46
1281 22
868 63
661 50
460 47
352 44
152 89
783 75
1307 60
1101 14
341 28
586 62
1493 59
515 21
488 34
662 55
590 11
537 65
899 81
1034 35
1051 1
257 46
17 68
270 77
584 13
340 34
581 50
1070 63
1213 4
1355 65
776 16
1304 89
829 22
200 32
571 64
1301 44
656 23
328 33
1126 54
1265 70
1063 67
931 26
1474 37
966 50
69 56
583 64
1388 33
563 17
255 39
1502 56
211 38
1464 4
1380 85
1222 19
1329 21
1446 47
1428 72
1080 3
1022 94
1273 58
430 65
175 17
665 83
1087 79
1070 7
1348 97
246 82
943 82
710 36
1372 86
1043 45
598 58
218 98
205 32
675 17
384 6
701 55
8 53
1486 47
1065 99
229 18
542 47
1018 91
517 45
1049 5
581 7
779 45
58 33
400 87
1373 99
562 61
871 70
144 100
659 63
953 28
341 84
1292 69
1388 56
442 58
1191 52
1260 75
832 44
502 75
678 92
111 13
1431 76
329 53
1316 74
1049 10
1188 17
792 19
196 53
12 76
62 6
154 27
513 18
130 15
143 69
423 89
815 7
882 34
100 31
845 83
612 56
571 95
442 35
1397 72
185 50
213 47
56 14
947 42
606 3
573 65
848 55
327 67
1070 33
1384 56
969 25
821 83
825 61
1153 48
262 38
399 44
77 42
1141 3
851 61
1010 34
1242 48
72 10
955 34
572 56
1499 69
798 65
104 61
874 15
947 60
534 69
714 49
1080 93
1196 92
159 38
935 27
170 55
908 78
1004 4
138 82
537 63
1086 26
711 11
999 85
451 47
1244 32
935 13
629 18
944 92
94 18
1197 75
861 23
406 35
287 6
1444 46
1259 3
492 8
861 45
1080 62
19 86
112 89
914 53
1262 28
3 1
466 34
1319 68
866 31
620 39
1475 53
127 93
127 6
393 26
1161 13
971 39
82 35
688 59
931 63
797 46
148 71
759 91
1212 83
940 33
759 17
39 23
246 3
5 27
306 9
174 41
417 49
1441 82
145 13
831 25
863 5
176 79
973 68
1217 28
695 73
835 16
624 88
1425 26
616 91
1146 84
438 63
59 42
1220 91
616 59
199 59
78 69
116 70
71 71
823 75
4 16
161 85
1006 71
757 42
1356 51
1185 30
1295 42
714 62
1471 61
78 38
851 14
955 64
525 99
996 54
1256 10
161 5
1101 78
396 1
4 44
1486 12
664 8
783 41
81 85
720 34
114 89
1389 9
1079 60
1147 55
1032 99
284 87
1408 4
186 45
108 16
272 63
181 77
233 52
68 100
792 18
1072 41
418 3
627 6
1513 53
1056 35
1159 66
563 88
867 74
1488 90
438 99
776 34
80 19
1373 22
389 13
565 52
1341 19
1345 40
966 35
101 71
11 11
739 89
164 4
1264 43
536 89
155 22
183 5
1178 66
375 100
1004 71
1171 16
1220 7
1509 76
460 44
18 65
150 76
773 52
1109 14
514 98
630 2
257 40
296 38
245 94
1364 94
869 14
1336 82
895 54
807 48
177 90
985 60
14 3
661 18
1254 16
791 25
1203 74
479 33
1037 59
1144 57
1278 47
950 36
784 85
355 15
322 74
876 53
777 67
488 87
265 78
323 84
1466 8
4 60
69 7
735 56
119 41
1225 56
318 87
1307 53
1079 43
1162 31
225 62
1428 96
553 75
24 32
312 17
1030 37
1339 54
1271 1
902 80
73 87
1447 28
1179 39
161 16
353 78
1236 33
752 26
294 23
1374 55
1169 41
644 98
1411 10
581 80
1060 94
448 28
1266 75
310 28
862 54
1447 32
628 58
320 14
161 53
1182 31
343 68
1123 64
230 91
511 23
563 20
762 45
660 93
660 44
705 34
1071 84
77 90
53 28
297 39
71 39
1356 64
903 63
1508 95
19 39
820 96
117 86
70 54
397 98
887 3
134 23
710 14
131 39
899 15
263 75
837 38
1115 65
954 72
341 73
1160 87
1365 81
1185 18
712 46
778 41
690 66
152 9
715 49
1262 21
352 33
674 22
527 93
648 7
467 73
1507 100
1369 74
968 34
330 56
565 39
299 10
1278 51
1484 69
757 63
265 62
546 24
1210 86
904 14
28 54
1509 81
165 72
580 23
224 45
786 15
821 59
483 54
897 34
1428 82
838 79
757 23
544 1
402 52
570 52
174 50
882 80
191 97
422 60
192 18
865 39
541 29
227 58
879 81
543 81
113 82
780 77
1141 94
348 48
378 79
1133 81
711 15
534 71
65 93
1381 5
532 66
1078 45
621 68
522 9
1150 7
848 58
650 100
312 2
222 29
1082 87
865 47
488 95
937 33
473 91
630 17
1350 61
1515 71
140 94
1177 30
1015 74
1491 7
633 18
1256 6
371 71
792 95
838 78
469 35
416 68
1263 59
981 48
986 76
1456 42
1396 27
491 16
685 78
318 59
478 38
117 50
873 90
328 28
8 29
610 95
1082 2
29 93
600 8
1138 30
356 73
385 85
818 30
1340 5
126 61
458 100
173 38
577 96
1420 83
209 69
1220 100
293 12
1422 4
610 50
709 88
244 43
1478 71
1478 99
62 75
948 95
958 79
898 4
1275 12
62 61
944 72
761 56
1326 56
1246 81
519 24
1139 64
158 95
1201 55
1009 35
1241 10
35 72
1451 41
428 85
929 18
651 15
247 8
1460 4
1501 47
630 90
386 68
16 47
4 43
190 100
1054 95
499 47
131 26
1189 11
14 10
610 79
1368 81
193 17
641 78
198 84
944 80
993 82
1487 33
1317 19
1031 94
427 22
306 36
1436 76
1215 55
749 30
937 79
344 79
1198 39
100 86
582 7
955 8
1234 3
967 36
261 78
591 37
470 14
301 48
510 23
1329 22
663 3
653 56
820 56
1299 37
32 84
855 99
9 54
1219 30
1264 14
598 90
519 82
222 78
380 46
1281 77
1144 5
656 46
130 15
1454 34
274 14
935 30
1004 70
801 9
576 13
740 57
453 24
1130 12
25 69
596 50
558 22
1384 56
429 93
394 99
392 3
990 95
1103 46
411 37
190 18
542 33
958 46
664 26
128 49
1503 15
1145 42
1172 71
634 75
1069 95
747 1
1342 59
462 77
297 32
887 31
1357 18
6 74
690 39
1484 63
1406 41
979 93
514 35
356 84
1027 72
105 2
910 45
1186 51
1418 97
1389 67
1007 89
390 8
232 89
932 42
1047 60
404 75
262 32
102 86
139 25
1508 67
353 50
726 15
388 1
896 93
279 86
1279 19
1355 94
1200 54
631 28
576 87
1372 88
164 58
434 60
293 99
213 51
550 29
507 59
1435 67
788 46
765 96
564 8
1153 4
1279 21
29 25
263 39
401 85
1088 18
1099 47
349 96
51 71
1125 94
1155 2
1208 60
237 48
421 56
1117 64
179 15
1 55
1052 22
408 5
1359 19
577 96
563 17
1131 68
423 70
1249 95
1268 49
502 36
105 69
229 21
1173 57
1298 46
1383 86
55 96
1079 85
652 1
36 68
1212 69
163 3
557 48
1016 65
1214 51
904 80
481 42
244 84
387 87
656 89
795 9
267 78
909 33
614 35
1390 77
611 34
1269 22
89 47
641 3
1430 33
106 9
304 1
578 8
357 44
312 34
1402 32
1439 14
840 40
1123 58
875 33
1166 10
918 15
990 37
1391 20
1127 82
1226 3
73 79
1497 76
1213 16
235 90
567 38
1212 18
788 71
1163 87
915 75
236 17
208 43
239 92
725 44
1483 29
370 91
1011 24
239 2
440 53
485 77
1314 76
1496 48
216 14
438 66
58 25
1500 96
920 54
1092 38
1340 7
489 91
904 44
323 27
361 89
1029 35
223 9
1254 66
372 10
770 28
314 75
108 84
1430 48
1025 70
893 83
1184 25
68 16
592 46
271 11
183 18
542 71
1511 50
819 72
1287 29
1186 14
1144 85
643 86
557 72
1244 31
1240 40
944 61
1382 99
727 44
277 29
1447 45
779 96
955 28
1313 31
1454 58
1281 6
1434 14
62 30
1089 8
288 61
351 56
905 91
1154 41
506 5
149 74
97 43
350 63
515 56
795 38
1401 81
188 18
702 73
1351 60
27 66
1049 52
1172 54
1301 81
183 15
77 36
1146 62
10 77
164 20
1087 24
110 54
144 72
829 18
1078 98
393 34
766 90
236 9
602 4
887 5
760 30
468 69
1051 61
81 92
1346 96
1386 87
933 63
29 31
1133 86
329 5
75 73
1511 50
198 4
1038 2
98 16
464 78
751 75
829 9
614 85
107 71
422 85
466 96
710 85
877 5
1101 93
213 88
771 55
977 90
463 16
890 88
1310 93
166 49
543 63
965 89
219 91
736 35
723 75
1334 6
824 85
147 18
997 14
1381 88
554 58
1211 28
753 67
1336 68
882 95
1395 82
1298 7
1013 55
979 68
1000 39
352 28
1202 27
1422 6
353 18
1422 52
1281 81
632 84
657 95
883 47
293 17
1194 86
793 62
627 71
132 51
1405 62
491 38
1491 68
258 28
1506 83
169 54
285 68
901 38
39 44
940 75
1162 71
488 51
1476 40
655 61
527 88
75 39
99 26
70 80
1473 68
289 34
528 54
693 75
1270 53
493 77
921 81
738 9
1010 32
1009 100
661 90
847 17
285 95
1218 29
300 81
691 3
291 81
677 2
591 79
1206 1
564 57
127 68
571 10
575 25
1432 53
240 81
1430 22
207 66
660 49
284 33
1214 21
1173 63
63 50
977 90
408 83
1176 41
757 34
864 32
1179 61
1158 87
52 7
667 61
1274 35
1421 42
468 5
1206 5
843 56
456 48
824 27
614 19
615 30
72 88
1190 5
1409 1
660 70
1018 87
1188 72
1376 49
1008 17
562 2
130 70
1292 30
252 38
1139 16
286 90
1011 82
734 64
1008 66
49 94
279 23
206 50
905 25
23 57
1227 72
1399 21
410 20
313 42
317 51
1016 94
1042 52
726 20
1213 14
160 6
955 21
539 70
506 83
1215 71
619 36
998 30
96 100
612 2
49 22
1418 18
675 66
1231 28
628 9
1427 83
168 2
1200 31
1218 18
371 3
618 45
763 32
1335 50
196 80
114 85
567 61
948 63
1484 40
1506 91
1488 85
742 73
901 12
978 71
1500 61
775 42
1108 64
790 4
13 11
387 1
540 52
762 49
385 65
1459 17
991 58
679 82
1412 10
226 4
1085 41
887 95
1333 100
1343 11
849 97
1206 33
1085 97
781 6
1115 69
1351 33
138 10
843 53
293 96
1501 84
235 71
364 49
1176 37
968 79
356 30
1041 69
1209 28
993 36
679 76
198 67
361 31
1181 66
239 85
1359 1
953 69
274 25
1500 99
98 57
55 6
1474 52
323 90
1121 10
650 100
1171 33
578 72
189 55
959 67
1453 68
629 52
198 22
878 90
1341 27
993 46
320 66
731 39
838 53
1060 11
912 36
65 11
637 33
927 96
937 19
438 13
1125 3
101 9
975 98
1274 91
804 86
123 72
985 76
1001 7
273 52
134 4
1365 97
474 55
1066 4
57 24
342 10
919 80
6 49
642 57
366 32
1108 48
458 3
1058 70
65 28
525 31
766 88
366 93
428 32
518 62
530 7
177 63
792 96
387 89
203 16
1061 29
1136 58
647 72
999 37
951 49
944 94
225 98
1000 68
1051 57
1182 48
480 54
458 26
740 30
810 82
1260 47
1307 26
510 92
1046 96
1431 36
885 36
472 76
825 92
462 46
1317 75
1514 19
1125 12
1130 88
421 36
322 30
865 58
577 20
680 56
388 91
131 94
828 69
601 50
116 73
1235 67
846 55
998 90
106 24
572 74
45 28
532 76
1145 9
1496 61
516 35
1465 99
1090 39
1135 23
1355 26
338 69
262 31
404 56
634 4
402 36
1216 81
525 84
1044 40
1127 45
17 72
1437 32
826 95
1399 27
656 1
138 60
1371 40
888 29
36 17
666 99
1217 12
609 78
781 31
528 83
1161 19
294 71
617 61
384 70
541 14
536 74
508 89
858 29
1318 94
927 71
879 82
1511 78
911 33
1306 8
269 67
321 83
1091 46
1111 57
1407 70
676 25
633 48
1401 35
524 88
659 60
15 19
1131 37
1490 38
895 34
513 26
856 13
976 94
1325 57
983 73
1044 28
1409 51
1251 31
639 28
109 59
110 89
666 7
919 2
823 42
569 29
1476 77
608 28
340 77
858 97
701 31
280 77
754 76
1249 55
1510 4
785 75
711 53
330 60
162 85
801 32
319 3
885 35
128 65
525 63
1327 71
670 52
840 56
1035 94
1447 40
216 57
1108 40
1054 61
662 65
46 94
572 71
315 100
998 49
1511 95
793 87
825 39
176 36
973 55
155 32
297 58
774 60
655 30
233 97
913 25
1383 35
847 77
986 25
11 7
769 37
1497 95
626 70
824 77
906 99
1315 30
47 45
436 13
70 4
1431 6
1142 60
371 99
1147 75
1432 74
806 40
208 84
755 79
555 49
503 26
441 49
602 46
993 25
1175 18
594 42
68 86
501 1
502 83
127 20
809 98
431 87
262 62
1294 84
1229 68
1319 47
1130 95
812 35
503 75
929 54
904 27
915 19
479 27
1251 61
1435 62
1195 56
1056 16
1234 68
1382 19
276 99
339 77
716 41
456 44
169 4
514 30
1344 51
980 5
975 59
1401 28
665 28
790 21
150 61
89 93
1041 22
636 100
144 22
1332 28
1353 63
384 39
1262 69
1511 8
413 44
1403 3
1102 99
916 86
977 8
1078 82
1410 42
371 48
356 12
1217 38
260 28
438 58
1054 23
9 80
247 28
484 23
82 10
1370 15
99 90
238 10
1495 65
159 56
991 24
295 54
506 69
572 81
762 59
944 17
83 55
516 91
326 84
177 14
297 20
958 72
1036 53
482 47
874 17
885 23
747 79
429 81
951 47
565 96
213 8
1265 99
820 15
281 75
717 7
531 86
836 74
459 84
578 49
549 71
1285 34
66 73
1180 28
490 40
825 93
1050 88
334 22
977 42
997 9
711 9
1210 7
834 18
510 61
701 37
1204 80
796 61
478 62
1042 86
393 83
60 59
826 9
643 10
1119 96
56 69
939 55
1164 88
1337 67
868 91
509 14
474 83
855 1
1446 23
686 44
428 67
1232 34
577 52
906 28
92 44
876 97
653 35
1455 42
1287 24
1400 2
468 48
979 87
1153 6
392 78
857 72
384 22
339 49
545 80
237 26
1462 37
386 72
299 52
178 97
1006 94
1412 34
68 60
145 73
231 11
246 21
81 39
416 54
86 42
183 78
590 38
1006 51
414 96
219 55
254 66
1276 86
160 75
248 36
795 24
1427 87
498 83
883 73
1033 100
1089 64
1015 32
958 77
441 40
1453 29
933 71
811 40
764 44
39 49
1145 30
556 97
771 21
38 79
1434 52
1280 88
826 38
819 78
1150 39
850 95
1309 67
696 76
904 22
988 92
414 77
1416 90
778 18
453 73
349 59
858 89
927 47
623 84
383 69
1262 60
714 11
1011 10
209 47
1044 96
662 55
948 88
904 57
1115 65
73 74
839 72
169 76
956 64
570 20
898 48
117 30
1484 39
971 69
803 36
192 4
1318 86
392 76
1086 48
1411 10
478 61
1504 19
909 57
1307 4
1131 52
22 95
638 56
335 96
315 69
988 82
1357 38
1093 64
1333 83
1353 58
384 68
1082 29
1051 54
24 11
1170 22
944 47
369 40
857 80
164 46
393 25
1440 95
1442 43
543 51
443 14
21 77
847 29
683 13
348 20
412 15
860 51
1300 45
203 74
265 82
985 49
1130 48
1329 24
77 75
1325 37
1501 35
1189 80
1044 65
179 64
903 17
1443 11
817 9
1402 16
129 6
907 84
1338 96
908 72
1253 97
946 100
1130 97
967 49
293 31
35 40
78 14
142 59
321 6
75 65
43 32
953 40
1454 61
809 60
511 10
711 72
839 63
311 32
902 95
1459 84
512 16
1421 2
1186 15
1199 76
901 6
1134 100
1509 8
846 53
18 36
1216 74
677 81
238 20
1342 13
1494 34
1122 13
452 9
739 88
313 78
392 72
260 84
1085 45
1190 26
1200 32
1200 93
1251 2
668 95
978 97
778 96
745 73
1438 73
1011 50
1030 30
826 7
467 4
493 97
715 66
404 39
667 54
1328 24
725 88
1068 73
1145 52
380 61
1172 50
391 90
450 30
1068 35
1063 11
599 26
3 40
571 63
699 58
347 60
506 22
832 55
1292 64
690 73
528 13
1240 95
1085 28
214 91
858 52
158 69
1293 31
618 67
33 36
845 87
518 45
353 74
966 30
128 76
756 87
925 53
492 9
1182 29
565 33
722 69
886 96
849 73
1331 42
622 46
1009 23
1250 93
902 5
195 87
620 89
672 79
290 91
1510 93
549 70
650 62
503 1
1134 83
240 9
74 85
551 82
736 32
277 40
937 65
70 5
1038 8
1511 4
508 58
1018 41
215 42
917 70
1042 7
450 86
739 72
623 50
14 52
1406 32
1203 69
1459 55
705 17
993 84
472 47
877 82
1458 96
1191 75
1203 98
1190 20
1511 61
936 59
1377 10
1313 92
543 87
879 34
1428 35
912 58
1010 47
239 44
1324 80
1281 81
1074 63
1290 24
328 36
129 90
427 9
687 38
932 46
811 85
27 57
177 76
1461 81
100 28
583 63
740 84
1487 99
39 91
228 88
1433 30
44 31
284 1
1141 87
173 29
307 86
1475 19
402 43
1274 51
464 82
1085 52
194 66
683 13
617 5
460 82
1378 16
1200 25
449 31
704 1
701 8
942 98
355 49
949 54
1374 32
311 76
1160 14
506 95
978 92
477 56
959 93
347 21
936 68
247 78
520 19
735 63
186 67
1153 45
730 89
182 100
450 33
428 37
1109 80
96 5
738 65
1501 82
236 28
770 45
844 79
494 89
96 28
1251 55
1421 65
1477 78
447 62
1275 99
406 71
291 19
638 1
663 12
752 52
159 16
441 71
876 46
881 45
1407 47
957 72
1461 26
917 8
1106 50
331 10
858 22
944 80
439 86
72 26
130 63
1470 50
59 38
670 18
1136 67
1391 60
1097 78
525 19
312 3
142 11
783 15
1162 10
675 38
1243 25
1239 69
1161 10
71 66
1466 56
1278 29
1093 72
577 14
650 12
1333 57
270 32
1377 81
111 20
1369 22
199 55
382 26
254 71
401 68
394 31
523 87
141 88
511 66
1141 31
1369 86
1498 88
205 9
670 8
969 43
151 47
1334 31
79 39
1345 75
663 6
302 14
309 42
972 38
463 66
265 80
1267 4
167 18
136 93
470 42
3 83
1215 58
422 48
544 93
562 98
671 100
1044 74
200 94
1250 73
1413 67
634 97
140 5
1150 66
1125 63
846 62
922 5
206 50
928 44
1191 67
548 31
962 9
921 68
925 79
802 30
1230 33
986 90
24 79
484 78
525 38
943 70
129 96
1037 50
948 38
227 5
205 86
518 88
27 23
744 75
1458 85
457 44
587 17
821 10
1406 56
382 83
1257 93
1484 29
27 1
733 55
503 16
1251 18
250 92
1507 56
911 51
771 44
92 66
463 38
45 94
1249 51
210 56
1313 93
974 39
584 52
1273 62
1142 23
19 42
631 85
319 55
946 42
492 49
526 86
777 62
597 19
518 19
233 63
223 65
1230 81
864 22
1035 49
1240 93
210 87
797 100
458 51
134 56
1326 48
1160 67
1174 45
1204 15
1501 61
1318 33
412 28
780 94
779 24
1489 86
1330 24
1381 52
129 30
103 19
1490 69
157 20
365 98
1181 45
1226 36
1023 90
657 100
1375 57
752 17
290 53
860 79
219 41
540 68
1476 51
1341 99
1238 75
333 66
601 3
1406 60
1435 71
76 59
919 69
667 33
803 76
1371 33
421 91
696 32
36 13
223 38
1483 77
379 54
358 86
1143 10
149 92
48 23
1486 60
670 61
304 92
1236 43
1018 3
524 8
1108 63
335 21
1411 61
1008 89
947 87
332 39
1496 96
559 97
359 85
255 43
1157 63
1475 4
535 87
371 5
1270 20
17 31
876 2
205 71
1489 65
141 63
1071 1
1029 88
510 32
681 14
1127 44
751 75
945 82
800 19
289 12
1063 14
1208 97
300 83
982 5
84 7
880 4
1336 21
693 1
1147 23
90 49
101 20
546 33
957 94
1082 40
988 86
1331 69
153 98
966 91
956 4
254 62
565 95
1266 22
767 72
1303 21
1169 16
3 84
1358 69
326 1
362 35
534 54
615 27
1473 4
92 77
1224 54
125 74
288 14
367 54
172 45
372 94
1105 92
554 42
76 39
1305 17
363 95
852 17
520 63
813 84
751 45
130 12
1294 62
414 97
1234 96
879 83
964 53
1332 28
581 21
379 15
1299 8
449 90
1236 65
887 69
349 84
544 35
1048 54
117 39
948 41
254 11
64 47
1130 24
243 58
415 37
113 8
145 15
837 11
1420 82
485 31
349 96
578 3
463 67
1130 100
716 76
423 70
197 85
1008 22
1243 60
314 36
418 29
1068 79
508 13
890 65
1370 32
1269 81
1264 75
759 56
607 42
297 83
1183 45
485 88
822 93
1073 88
161 12
173 53
1213 56
631 70
951 53
578 34
1509 26
78 10
578 40
759 27
207 93
1485 67
498 14
440 97
691 86
436 92
1321 27
795 94
374 16
700 78
235 6
312 18
1030 1
1019 94
46 40
527 66
934 59
829 97
390 32
1120 77
848 61
58 82
368 72
1342 11
407 39
453 43
1060 11
146 21
1129 90
822 85
333 95
567 97
814 23
163 65
1331 44
527 60
937 89
788 82
83 45
286 94
350 29
747 37
436 28
776 17
836 60
294 40
765 17
175 52
250 54
541 90
1192 94
1241 10
116 14
1477 91
1278 89
931 30
355 21
1404 1
823 9
992 53
158 62
226 16
329 63
315 36
213 9
429 88
1342 4
1445 1
410 2
368 71
408 18
434 36
1007 86
407 7
1043 42
1384 43
441 68
969 79
178 48
92 17
60 20
341 1
1344 44
200 95
1051 72
1027 56
751 30
642 59
1095 80
1199 99
1281 8
1117 23
791 22
1002 18
680 63
771 94
1078 93
932 30
254 95
278 60
1175 99
1454 3
641 31
1426 92
1438 7
93 67
419 40
470 39
290 96
1474 29
727 7
454 75
466 25
301 97
1164 70
1079 38
1364 46
209 74
468 74
970 10
26 99
1411 2
448 43
796 36
1272 43
1301 56
559 50
270 85
620 74
306 93
727 28
235 67
1012 25
479 48
72 86
439 49
552 82
420 99
24 88
1164 52
298 19
950 53
708 11
1382 79
850 34
1184 22
1130 11
1149 38
983 78
977 82
1496 43
1515 61
915 75
948 7
154 80
1415 36
1003 92
1073 16
697 25
1293 38
1401 53
604 70
43 79
612 82
261 76
253 25
391 5
113 51
1313 13
222 15
1299 4
786 68
841 16
1077 69
1502 39
1428 19
663 34
695 33
1147 33
195 25
1304 18
565 69
1441 95
64 60
933 69
1325 96
1265 52
1154 49
371 7
310 100
832 14
150 24
1382 92
1461 54
429 30
1130 64
146 14
595 20
1364 35
1448 77
642 10
393 43
1068 73
857 12
1441 47
443 61
1496 95
1075 63
201 40
634 89
655 46
1157 23
1363 72
244 64
113 32
1017 75
251 64
922 79
863 80
853 54
2 14
610 15
1239 85
765 79
886 54
1161 80
77 22
573 45
580 56
267 18
837 6
1026 85
382 1
239 75
1207 53
947 75
165 41
824 73
611 47
434 30
534 3
797 4
597 34
1049 37
1336 43
277 79
607 75
1413 30
929 27
766 69
547 12
188 23
1155 46
885 72
1010 11
1108 7
766 24
775 54
1339 8
1166 18
1214 43
1497 23
714 1
177 83
508 9
1492 72
64 22
852 31
1393 22
166 41
504 91
730 83
574 70
433 94
195 9
508 36
1162 73
531 9
140 93
1108 52
87 45
407 70
1108 89
572 99
898 30
1100 89
631 20
184 67
1011 86
1092 55
1468 56
1365 64
981 71
969 1
1288 84
105 34
636 88
274 27
1260 90
1031 78
717 36
1366 57
1372 49
1450 80
742 57
601 67
464 81
1230 49
452 87
1197 72
190 91
887 4
1384 33
1234 71
233 77
1458 3
126 11
256 74
680 38
110 87
295 3
1372 39
475 96
401 95
840 13
508 71
1134 61
642 16
333 28
695 79
390 52
202 31
1213 83
1424 82
1187 97
1051 48
1079 78
273 77
1237 13
996 77
1177 60
84 15
534 16
987 53
1350 93
248 42
812 76
1459 94
147 58
344 66
767 59
660 24
134 6
831 5
1125 59
112 88
835 56
322 82
220 64
282 57
1111 49
1500 61
1036 40
897 7
199 43
771 53
1280 44
1158 78
1287 59
321 88
900 99
129 95
110 75
1005 74
1502 35
1075 45
846 25
244 22
1340 91
305 20
854 53
800 100
901 39
1007 78
355 4
223 35
504 38
1300 80
1257 33
159 37
433 37
746 47
82 76
1034 64
688 35
63 78
1081 45
1230 48
441 63
1469 32
386 16
798 31
203 67
1484 6
403 100
252 48
1046 63
245 27
793 87
6 60
546 25
153 20
307 1
964 91
1479 48
406 45
274 45
1249 88
1351 32
255 55
1440 17
28 23
197 83
708 92
1010 84
539 19
306 56
318 74
538 10
1341 21
541 13
587 80
1029 14
1473 36
905 40
23 60
1314 51
1210 38
968 82
1188 12
1118 78
1113 96
226 34
1515 54
1030 41
1002 24
93 82
440 83
848 6
787 98
106 11
354 39
272 75
249 38
1114 72
140 45
1160 40
1185 76
841 91
494 42
338 67
274 25
889 68
732 89
1121 26
885 13
737 19
83 12
909 1
37 73
574 42
849 56
478 21
1001 53
512 37
1303 35
74 36
185 44
1409 13
1330 51
35 41
924 94
687 66
323 57
1476 56
851 25
380 25
1470 66
112 48
920 68
1323 96
122 50
1183 11
573 1
984 27
670 11
1262 84
1339 54
931 40
550 96
1061 17
697 15
1380 97
887 57
179 47
1159 33
1315 20
716 71
286 30
932 49
954 22
56 10
581 71
1114 48
1012 21
116 97
211 24
912 88
1246 18
852 15
811 84
1297 40
844 26
99 80
411 89
415 53
45 95
273 77
921 54
298 39
813 21
1067 99
206 67
1068 86
257 74
614 64
752 12
279 53
55 23
467 40
685 79
532 17
398 37
428 40
486 37
1369 46
1049 85
386 52
1165 43
1477 63
155 81
1186 51
990 20
732 85
514 27
1171 58
478 75
789 72
63 23
95 14
1225 13
814 94
230 67
1292 9
1009 3
123 13
1329 94
1406 48
799 71
9 29
758 33
1481 5
69 94
60 19
670 17
457 43
1376 94
176 13
477 58
247 90
148 62
177 88
964 97
354 8
138 76
45 60
368 32
22 75
1485 83
1075 6
540 54
333 39
992 68
611 10
939 8
1363 32
369 17
1163 22
415 94
690 72
1209 7
639 62
1341 69
1189 70
1041 64
1466 96
63 6
11 40
211 94
1295 2
95 31
1205 91
213 84
870 62
434 5
810 48
317 21
1160 66
1422 11
1206 93
206 40
180 30
89 56
1095 14
585 47
119 54
448 7
1148 79
246 46
273 50
285 51
197 80
493 21
802 36
1138 5
1259 71
281 65
1022 56
591 61
1258 72
988 1
840 37
1075 60
489 26
260 22
730 52
956 82
266 81
401 16
630 38
640 36
282 92
44 8
1194 46
1496 99
1020 37
591 44
347 85
1244 37
