8783
795 98
1615 41
1060 38
1484 26
1519 94
723 37
485 87
26 11
1544 46
1445 50
1449 96
1654 11
59 75
1140 56
1212 94
1675 5
292 30
981 92
1729 42
1206 56
972 42
834 98
304 19
178 4
315 67
835 5
1523 5
1057 51
1009 15
883 11
1209 80
1234 42
247 22
1658 66
1525 76
795 26
78 94
1179 73
1002 75
331 48
1459 73
1147 91
756 97
307 86
1265 83
1530 79
583 19
901 9
1286 45
807 25
335 55
1053 38
46 90
849 99
222 79
316 93
604 42
1321 44
1334 75
1430 47
1432 97
548 20
1393 29
1230 56
463 2
192 21
1740 75
155 28
614 32
214 26
413 35
909 61
641 43
175 40
833 42
1147 13
109 82
364 45
1181 86
1240 25
359 95
754 72
857 70
1220 25
687 36
1492 34
764 58
1685 88
697 65
174 47
1208 34
1274 68
1478 3
774 92
1064 66
31 6
719 51
1021 71
1678 71
1246 32
398 9
1181 15
297 21
1521 1
1149 78
628 75
81 74
780 73
797 54
467 50
976 61
257 2
1616 97
458 26
461 84
913 94
1606 96
1165 94
575 32
1358 26
1316 56
1625 5
479 14
1103 41
378 54
710 61
745 27
753 11
1508 1
1178 71
1264 70
1195 77
1423 19
1507 45
808 23
467 75
1186 29
1278 76
224 40
865 47
1754 81
1280 90
792 91
675 79
1153 50
1667 66
1017 73
858 49
444 5
961 19
99 3
1655 97
805 43
994 98
1015 39
905 83
1542 16
1107 35
377 58
6 19
1609 54
1132 71
1017 13
270 51
335 100
405 27
1127 42
1160 36
1220 39
717 62
1440 40
1438 12
988 21
270 22
40 82
57 15
420 74
130 61
1606 59
1541 47
120 76
609 42
3 22
604 90
907 90
1444 11
316 28
1178 85
1290 35
829 67
1480 6
664 36
369 68
1361 89
659 74
917 92
925 79
1103 65
1261 23
1167 61
1269 37
1039 1
1171 59
952 76
1433 43
213 62
1695 37
1270 27
444 79
1344 35
1118 33
1458 47
982 96
1190 51
128 59
700 17
1308 27
1566 84
341 38
350 7
382 58
908 1
1525 72
47 56
1397 8
1271 29
1087 87
325 79
1444 21
651 48
162 45
1426 72
1136 6
865 42
912 8
563 83
150 77
629 91
1309 34
50 35
1133 33
1180 55
1241 40
1705 29
1064 38
1118 67
153 45
1533 80
1336 74
688 84
797 73
518 82
168 81
1691 31
1074 52
391 30
901 6
1571 33
679 41
894 78
1408 98
575 52
381 68
1309 59
150 35
490 59
893 55
653 52
1675 48
1397 3
237 2
183 83
913 60
846 96
1719 91
556 79
1145 70
1373 74
864 28
252 10
1642 36
327 26
215 28
1485 33
932 89
1679 9
303 100
528 100
910 49
709 59
1560 100
557 64
287 66
290 3
1470 3
747 80
105 65
996 85
1566 84
1156 70
700 65
1071 39
1757 52
125 100
710 77
168 67
1493 42
1202 86
1345 73
820 17
567 92
922 87
34 57
115 12
383 57
677 18
194 11
1404 55
526 44
229 12
1719 88
843 68
188 84
769 77
334 7
408 7
1110 42
614 64
979 5
944 67
1052 34
638 51
1287 87
1747 70
224 99
279 57
1588 87
1235 100
513 71
1173 12
230 4
1330 33
1206 83
197 38
145 18
1585 36
1253 7
1248 12
822 42
1322 19
1299 11
1321 32
470 11
572 21
1757 18
1014 74
1171 77
302 50
1527 84
457 59
475 96
1099 10
583 66
1308 52
1181 43
401 63
1399 87
1179 86
1268 41
1359 30
661 93
960 31
1547 26
245 12
527 71
1035 8
932 97
1355 42
881 30
1559 23
48 7
40 6
819 56
160 66
1199 97
1066 4
341 70
883 42
1109 19
342 23
1500 63
671 27
335 34
746 49
1685 23
1481 37
573 28
175 22
206 8
473 11
358 26
302 55
505 100
498 65
1036 85
469 22
620 93
1671 14
1563 4
1410 27
1258 44
888 46
79 74
1092 1
1231 47
816 39
1105 97
1694 91
819 24
1673 87
595 32
750 69
1647 51
1558 37
948 87
328 42
37 64
1748 98
938 33
1655 40
900 72
254 82
157 10
1578 28
1531 45
67 97
1196 28
482 13
154 93
297 45
32 57
249 69
1395 88
1608 21
502 40
986 60
638 77
363 49
1650 29
565 88
1181 68
834 77
1281 25
707 64
267 83
431 65
1364 93
415 78
80 82
992 50
1283 81
251 50
187 80
388 93
572 85
264 72
696 38
1368 81
273 62
869 4
1415 12
33 86
577 86
137 14
1183 97
1736 33
421 32
1349 55
1384 43
77 61
116 8
1067 37
894 17
684 50
133 83
579 95
1516 81
756 43
56 93
257 83
51 73
118 12
1155 90
1381 83
453 77
533 52
1007 33
1354 81
1552 81
1257 100
942 78
257 52
966 81
815 36
1214 50
583 55
147 80
658 49
402 63
737 20
286 15
541 62
1010 11
1192 47
156 37
738 65
877 85
390 14
1619 5
323 94
888 74
88 15
1142 49
602 14
265 85
782 56
1111 73
190 93
1407 13
1486 4
680 24
902 44
1756 90
662 2
70 87
48 78
1208 1
903 10
148 29
198 61
835 78
231 79
157 92
739 12
748 60
1190 20
378 62
1108 48
764 27
346 59
1608 46
1359 19
1354 76
679 98
193 53
802 15
171 64
1298 52
190 28
105 69
123 57
1202 100
1222 29
15 61
223 1
1663 78
1621 17
1595 78
556 36
1483 29
830 25
972 62
1355 19
1081 7
433 25
65 52
1697 65
315 75
615 41
1646 34
1704 83
1314 99
765 95
1351 92
859 13
771 28
1697 97
1138 29
332 34
27 69
332 53
1192 83
813 78
1269 15
62 15
1044 100
1172 79
1483 29
1586 7
138 54
997 24
1579 70
416 74
1008 38
1348 15
1291 91
22 71
452 56
796 89
189 43
1322 97
1202 29
4 13
1240 43
762 47
852 58
875 20
1604 75
1330 43
254 99
1219 72
957 60
8 7
214 69
574 82
1280 92
1350 23
1588 84
1146 92
820 48
366 50
1663 76
1199 54
1601 56
871 73
1352 88
642 96
1001 97
155 1
1651 1
161 20
410 86
1182 77
1154 46
1250 51
1524 53
944 1
1577 69
559 12
919 94
371 45
1728 98
714 9
1173 32
720 25
1562 34
1295 92
525 8
1 3
302 39
379 71
861 51
1356 6
773 63
1753 80
1216 57
332 64
249 100
80 97
1188 51
1548 14
146 2
275 53
885 19
690 66
1741 61
47 89
1298 23
819 57
291 42
1340 61
782 9
1527 96
1068 10
702 32
1524 70
744 2
816 32
1133 87
24 54
1378 7
20 43
536 31
1541 90
459 11
560 80
644 11
1411 61
1082 95
650 69
648 80
1446 50
943 38
373 1
538 75
764 57
1404 85
59 40
930 58
1553 9
56 81
1683 38
1567 87
822 46
1566 69
1434 33
632 70
1098 20
1272 80
431 45
274 86
1460 100
759 50
1331 89
1500 44
1609 87
1442 47
15 85
198 8
156 39
277 30
1740 67
1666 91
1526 15
1301 31
1291 69
1215 48
901 85
32 72
308 3
1009 70
1006 1
1399 20
1130 78
29 30
339 50
359 88
945 86
936 15
898 38
1579 41
251 46
1020 95
1208 73
850 26
1628 84
543 99
60 1
1566 69
1371 20
305 52
1584 97
1667 75
153 84
319 100
1365 64
661 33
1687 48
1305 69
870 42
844 72
267 35
816 36
888 74
578 14
108 36
241 27
373 74
1703 34
114 8
333 78
1451 81
126 90
1682 30
1434 70
908 24
447 55
1416 56
401 16
587 80
1523 95
1645 57
268 66
1180 60
930 58
664 16
770 62
1107 71
169 87
826 9
1756 8
1727 99
506 22
844 1
1432 26
1715 7
18 29
694 56
55 100
1725 68
1008 1
180 11
429 41
1215 49
261 55
394 78
703 90
1072 88
585 20
913 33
1590 17
1731 18
1716 90
1140 100
855 29
1525 90
1168 9
969 28
427 83
1346 58
720 49
1087 69
1418 11
1656 90
1542 96
1395 99
1316 17
27 9
1550 74
429 39
1214 8
1355 25
93 89
1570 77
24 98
931 36
1354 4
665 26
999 90
1614 61
508 20
1364 80
714 5
680 23
473 51
1446 34
1757 79
301 86
162 17
792 73
345 24
1360 40
480 89
612 72
1036 29
88 17
1471 42
1478 53
353 8
1486 28
9 24
1523 85
1035 39
1393 37
566 39
1352 63
709 75
1687 23
1290 3
1745 6
1392 20
1067 62
1577 26
663 8
1361 2
568 52
950 10
876 12
1695 88
1350 41
129 13
512 13
1117 100
1359 5
1350 13
1735 7
947 9
1585 92
138 79
252 74
667 76
427 94
494 85
36 25
390 37
1322 30
1518 67
615 65
983 60
1445 7
701 94
755 45
707 70
1581 15
759 89
138 37
1575 52
1735 98
613 15
1037 11
1086 62
467 89
1670 58
955 15
942 78
698 88
1207 24
1033 52
1194 4
482 95
1297 21
153 60
88 56
1056 81
757 94
797 78
90 31
377 71
649 33
457 33
558 9
408 23
1082 59
180 59
1684 5
964 65
404 90
1173 54
1108 88
1683 72
302 8
1205 85
335 86
916 39
1388 84
865 26
726 55
1112 21
216 15
857 84
187 54
426 80
224 56
668 68
759 6
894 63
768 73
1737 97
387 36
357 41
658 28
1485 73
1183 27
232 76
190 41
1614 80
851 69
1071 60
1581 5
776 45
1279 28
24 45
373 58
1397 38
1550 11
1548 57
12 100
766 38
1424 8
661 40
1512 60
993 96
559 14
1012 18
1013 52
979 66
524 83
1214 57
119 64
724 14
1213 20
593 65
422 14
1628 24
1312 16
1414 15
446 28
485 14
304 3
1064 78
1353 57
1461 67
34 95
1327 25
240 93
892 23
1387 75
783 13
1621 16
445 77
1088 62
1382 45
1061 4
768 83
126 49
1274 90
693 94
1203 5
614 77
1111 1
745 75
739 77
967 66
291 35
1609 24
214 31
338 20
194 38
716 10
342 18
42 2
217 79
922 37
420 30
23 11
790 39
875 31
17 51
1032 23
144 43
1627 61
576 31
457 7
487 58
1574 65
658 6
1370 4
1342 42
285 66
995 90
1337 97
434 67
603 84
385 89
1178 72
1358 35
237 95
181 50
673 21
500 40
252 14
779 24
605 56
52 52
1454 8
598 96
209 51
1309 28
283 21
492 75
866 4
1024 75
1133 13
1710 6
99 82
127 22
263 42
1246 91
101 15
220 50
1103 13
802 56
555 30
686 87
337 16
1517 35
1258 13
1721 48
111 51
1591 33
1148 73
1724 93
921 39
352 85
1691 52
1007 62
1246 75
419 72
1630 35
181 78
1653 68
250 77
1655 77
1626 58
266 30
1 22
316 26
814 78
1658 93
143 50
1593 63
467 37
911 26
1172 63
1587 98
322 29
1709 15
1137 99
306 7
147 31
360 35
953 72
48 82
909 91
236 60
1108 50
684 30
787 1
1651 95
569 97
1496 10
1508 30
465 31
1367 91
1715 11
1460 42
630 95
25 52
358 92
901 57
48 18
877 13
661 69
503 89
13 27
1534 31
923 73
1176 39
1543 8
65 21
1252 87
1263 5
1628 82
162 60
962 26
1542 61
561 98
1304 65
1730 72
670 50
971 10
241 19
619 27
1109 8
1301 38
351 83
1282 82
1462 99
1552 81
1139 58
165 82
1074 65
1598 68
366 87
908 92
500 39
280 50
1646 5
1721 92
1399 87
1600 75
1712 81
1692 69
1598 65
1287 82
12 56
1429 51
662 93
879 13
228 77
1060 39
93 2
1483 87
805 82
408 22
844 99
1201 33
1715 26
1419 18
453 87
1072 69
1619 48
833 24
651 20
520 98
878 93
192 45
655 65
550 56
1252 57
316 72
1633 93
969 36
983 39
1644 46
1363 21
1521 17
640 24
1018 18
1482 58
515 98
1001 60
892 40
122 53
1203 10
711 30
822 50
477 62
1653 50
147 95
376 76
939 47
1322 34
1597 16
1548 64
1295 94
167 41
1534 23
787 15
222 63
1339 8
836 65
1756 19
252 26
1704 70
583 95
1417 58
147 32
687 19
1159 68
622 31
895 79
596 38
463 57
598 48
1600 16
739 30
509 65
238 71
1061 4
632 38
216 82
1612 79
434 66
571 68
1686 68
1027 73
1374 72
1409 26
649 44
1606 74
835 88
1244 46
261 68
694 14
597 73
662 89
1678 59
783 79
1206 88
658 59
344 34
1597 24
1068 63
18 25
319 99
1652 34
363 70
518 87
299 47
236 47
83 69
1676 59
905 31
193 10
1433 19
194 76
1013 44
1427 76
655 97
660 3
756 98
1466 12
967 5
927 45
1208 37
640 74
507 27
1614 91
583 48
1498 77
1472 73
584 84
772 79
1474 5
1436 61
375 59
340 69
1333 15
451 23
399 37
1542 84
1686 91
773 54
1215 12
464 93
67 68
1664 1
174 23
1056 90
245 32
555 14
128 11
842 18
574 64
1486 98
1644 44
85 86
189 84
1472 91
1102 66
799 24
1457 91
1374 16
159 100
44 81
860 24
1357 80
1303 37
1111 82
695 23
510 49
323 81
1279 65
828 67
106 21
201 65
459 61
541 31
1055 68
1523 77
1346 82
863 8
1476 6
36 31
364 77
1103 51
49 78
1642 80
1047 48
1382 38
1239 56
265 49
1558 56
1581 44
1270 10
178 27
37 31
1359 39
348 27
509 11
528 75
787 86
154 92
601 98
591 8
637 83
825 93
1280 31
899 22
1192 24
553 37
973 80
570 19
1519 3
1412 93
434 79
1218 4
889 58
1021 51
672 64
1194 22
1258 24
712 57
1497 34
1026 55
1316 14
1380 57
1491 63
1 64
566 72
222 15
503 57
183 54
51 81
501 40
1201 1
1553 23
709 31
277 90
606 95
1568 77
479 1
1183 88
1232 25
1560 100
1684 49
280 88
1084 61
477 94
411 83
618 83
393 17
1327 16
365 72
891 96
304 30
722 90
1124 3
609 63
1398 80
815 36
888 20
936 77
245 56
1199 42
211 8
1285 14
435 67
532 23
1511 88
127 49
699 75
492 83
291 12
1586 16
950 29
1270 70
309 98
1036 11
1067 79
1462 47
677 29
1625 22
362 73
1240 4
1042 64
636 71
1325 94
1445 29
564 63
1551 32
285 29
407 39
393 7
1710 38
1161 42
61 27
385 10
1717 66
1442 56
775 78
952 31
57 72
44 7
70 84
81 84
1547 70
62 15
526 34
1722 87
508 18
767 39
1164 25
1101 80
1660 69
316 50
345 39
1156 81
1536 98
164 84
19 35
513 98
967 74
1119 93
1740 63
1608 4
1541 56
519 9
652 61
323 9
1024 92
1650 23
678 38
1649 9
1631 68
1247 36
1196 93
935 5
1611 51
1123 32
1267 43
1316 21
1439 78
722 62
762 55
105 5
166 96
638 34
1327 96
860 70
220 46
178 10
2 77
1480 3
1440 9
666 20
1616 83
1382 67
381 75
1305 7
1011 34
1498 23
1402 47
944 47
308 60
412 94
1338 51
1721 91
1562 60
1373 25
648 44
537 67
1305 11
1002 22
1262 83
1528 90
1523 48
94 49
77 31
562 25
1382 14
409 5
1227 10
1729 51
112 84
859 45
834 5
592 65
734 73
1029 81
1224 52
342 65
185 11
876 87
138 32
1156 42
904 4
853 38
1251 41
836 49
310 33
914 57
878 15
493 95
1528 22
1665 27
82 30
1559 20
1675 20
531 74
1131 90
512 13
418 6
1736 50
109 35
1550 26
1052 30
107 5
1159 35
695 90
1373 28
452 5
1736 80
126 84
250 69
1501 66
31 76
224 85
625 97
700 58
274 77
867 8
842 57
1336 34
65 6
117 22
752 5
1486 45
1462 24
1712 97
636 54
137 28
641 82
907 11
564 37
398 24
405 51
832 72
1709 38
1517 21
307 67
1564 67
669 96
772 53
857 46
775 14
803 28
1202 79
1180 11
280 43
1214 14
1361 71
48 32
1553 99
93 4
258 98
1409 50
649 37
1613 6
383 54
1670 90
1365 45
550 3
1228 86
484 16
1392 29
1297 52
1158 36
1225 53
350 60
56 34
1062 32
1055 38
867 47
251 9
617 46
863 71
1103 43
1315 90
1192 44
1440 78
500 14
511 99
261 97
1558 57
1381 85
1422 66
1635 43
561 36
1493 35
949 51
1307 27
1669 46
1528 51
64 62
964 88
1435 96
1154 30
1191 69
1303 34
511 32
173 54
1215 25
383 80
582 76
145 70
494 97
469 69
950 97
1053 67
1459 36
692 44
1722 22
881 16
882 47
351 13
1629 1
1740 38
1420 22
673 32
417 34
1647 86
1329 27
1031 26
1370 74
553 88
186 52
469 48
1319 5
18 82
835 47
1390 91
1730 79
1389 3
235 69
158 42
1118 44
676 98
122 46
984 51
1129 43
229 34
1719 19
1054 23
1263 53
1244 24
1642 5
1117 43
618 50
732 67
241 28
1251 13
996 69
823 64
149 69
312 99
1395 86
1509 73
1646 82
429 7
174 59
1518 97
365 10
630 28
1312 46
1450 64
1620 71
345 62
275 48
1688 15
145 3
399 1
1270 6
227 73
1504 44
104 94
1199 90
1277 56
1240 7
1558 98
807 52
1175 4
402 38
901 70
471 98
1278 15
20 43
1584 17
599 62
1457 93
498 52
903 87
1601 3
538 11
843 7
1464 49
515 19
1713 41
1515 36
253 26
1180 94
737 55
1723 7
1657 5
225 43
12 21
115 100
478 14
1012 37
483 85
831 78
1055 51
882 76
1268 44
1256 32
759 8
1341 37
758 22
439 39
402 47
804 55
1128 92
1521 36
615 97
524 8
1006 23
909 8
134 21
1202 13
1175 31
1489 90
1729 97
1136 7
1216 100
1136 35
1377 26
1039 21
1348 76
388 49
139 22
1055 3
801 83
1449 30
97 44
1073 87
356 1
1527 32
1070 48
1308 13
1675 33
27 77
1656 97
1421 97
1549 12
1689 39
1373 80
743 99
1111 9
1405 18
1388 28
1343 70
1200 16
278 1
1407 35
545 77
1742 17
134 100
988 41
233 80
998 6
599 75
990 21
549 52
1366 85
936 12
433 85
1337 64
1323 24
1020 25
306 30
1707 36
762 45
1630 78
1424 82
962 60
255 59
1446 45
1331 47
169 51
1451 30
413 82
1087 56
1145 32
621 23
1682 80
1644 8
1466 37
1105 71
1195 11
588 27
1386 4
1446 82
1284 40
1655 24
1676 70
579 32
1503 28
1101 7
477 67
1144 12
1083 63
868 9
1208 96
1338 94
1134 42
530 13
1182 27
139 19
953 39
1098 3
120 84
352 19
1115 97
1297 45
698 80
1624 7
1511 76
352 42
306 38
252 34
1695 38
1162 85
1516 54
1748 9
246 79
370 51
299 14
31 42
363 41
1538 65
944 10
371 27
68 100
1099 1
368 48
544 91
1282 26
6 55
19 43
1606 87
130 36
764 27
948 15
1182 54
1151 35
1044 26
682 66
637 59
837 43
1325 55
1124 64
609 26
996 10
1538 65
1517 79
1228 62
976 80
199 25
82 98
1035 93
520 5
1709 68
1671 52
572 95
89 71
822 50
758 86
1461 7
1232 1
362 48
1461 89
1494 91
874 28
1703 73
1314 12
1688 88
398 53
1515 18
301 11
713 86
422 58
641 15
1272 99
1251 30
541 73
316 18
1094 47
1140 76
690 16
1401 9
175 59
502 73
81 54
1645 15
553 5
400 8
395 54
1220 88
515 70
994 3
1347 5
849 57
438 14
906 79
978 5
53 20
379 2
960 32
458 71
294 49
560 50
1525 69
1685 81
1552 58
399 37
1418 5
1058 85
1073 18
1530 81
1547 93
651 19
1109 80
1351 46
674 51
1452 70
464 68
615 68
1047 29
491 45
1483 85
1606 54
1192 24
1046 45
241 11
1725 49
1232 36
1675 13
1101 82
559 52
1178 23
591 99
434 95
1474 48
226 87
1717 4
397 34
807 99
602 34
941 37
861 50
1213 70
1291 4
1575 43
354 21
148 38
1755 66
990 31
1005 28
218 76
398 99
284 23
317 62
850 19
137 39
1273 35
544 4
410 47
1706 63
432 79
839 78
1200 18
796 97
1344 18
1335 49
99 29
639 39
1421 55
883 44
1720 66
281 10
259 32
1113 73
486 64
1507 17
449 82
1113 14
1573 67
1364 26
1257 65
1504 52
618 3
1228 38
893 87
1757 6
1231 97
792 85
1574 33
1542 90
623 70
314 66
1014 85
942 33
901 25
1503 54
1017 95
1297 53
757 100
1389 2
35 25
1524 21
1450 100
613 87
1499 20
889 35
598 98
287 100
1317 71
691 13
793 39
331 79
1417 8
1673 88
1011 92
6 16
1563 5
966 69
1362 34
225 43
1440 54
1727 24
272 15
1218 96
1319 78
143 87
204 92
867 69
1710 25
822 26
302 38
462 63
1379 50
1472 6
1354 48
165 71
117 60
1665 64
721 40
650 59
789 75
1015 71
1218 21
682 6
408 29
386 84
787 59
1401 33
1052 47
1324 68
1125 24
1592 58
256 56
206 15
163 14
3 53
883 83
356 20
805 14
34 93
689 5
533 56
1546 51
1581 99
1119 80
1271 70
1448 6
1158 8
1401 24
175 68
747 87
1141 43
703 25
384 60
884 89
899 5
1702 52
998 40
78 84
433 10
1399 66
123 64
378 98
1482 4
1709 58
1507 80
829 48
466 80
1312 69
990 55
344 37
901 74
1342 63
1386 54
1413 3
377 80
776 15
431 75
1605 82
792 49
775 54
1676 16
1007 23
1580 85
1277 74
1069 68
1375 69
608 53
295 59
903 81
763 73
666 38
533 61
694 25
839 46
1291 74
104 43
399 1
1016 63
960 42
1675 41
1075 13
1280 37
1704 57
788 30
837 8
936 97
263 52
1623 76
630 84
1123 84
862 37
66 10
1080 28
1542 14
582 48
693 79
1172 21
264 60
1065 76
1632 37
1665 56
874 3
1278 34
1557 23
1274 63
1722 80
685 7
61 82
1247 26
1333 14
851 100
1185 85
439 68
44 46
226 15
772 86
1033 8
1049 95
427 69
504 49
162 93
749 10
1700 63
1420 38
1443 45
632 81
696 40
456 92
318 55
169 15
559 22
1157 12
1010 40
776 54
934 49
1658 80
182 17
673 9
1022 92
1664 14
660 27
906 5
834 66
1124 40
960 98
1682 92
491 83
505 70
958 31
1313 28
726 6
1092 84
1279 96
1220 75
1755 66
348 96
559 87
585 99
1594 11
1756 11
889 92
1016 35
743 14
560 30
1343 44
1137 52
1441 91
488 72
1428 48
905 13
542 59
771 44
1005 1
1052 87
620 18
1433 36
1492 28
1234 25
1338 67
876 47
641 42
1423 86
1672 2
216 51
1700 62
1408 90
1647 55
283 68
217 77
1432 27
792 77
1740 78
410 52
1401 6
1209 27
1720 70
619 55
604 45
588 77
834 54
1378 37
662 30
624 98
1628 43
1534 24
478 7
762 9
1102 29
1383 78
1118 4
276 26
1329 55
1405 43
1143 68
559 68
501 46
741 66
1608 43
1529 9
1049 46
1108 72
1219 44
1176 13
1193 69
1518 81
431 89
1732 94
651 71
1580 56
117 20
483 97
860 46
824 31
484 24
156 91
1263 60
905 6
1109 46
50 93
1349 9
181 55
874 53
600 41
605 5
1293 2
377 14
708 24
727 30
460 36
358 87
109 80
214 48
349 42
1479 70
1516 64
207 12
1060 81
1219 29
1132 7
1125 24
353 4
176 49
168 96
689 100
1320 42
520 6
1583 97
1529 48
778 54
827 74
1136 38
343 31
503 91
440 64
1471 26
565 68
1523 61
548 41
1582 49
212 73
958 16
96 66
575 89
67 68
1213 37
1632 21
591 57
1685 46
1218 48
705 2
38 51
1537 60
1132 93
1580 38
575 34
991 41
1014 98
1082 72
1182 64
493 34
519 15
105 21
704 41
71 95
1675 72
40 71
1397 90
991 5
1707 80
1477 2
537 13
1209 93
1086 38
486 81
1716 37
506 93
1378 48
180 35
1024 70
365 60
346 60
216 31
828 77
1261 47
385 6
1633 85
1172 79
1054 50
1722 35
1736 69
931 98
260 31
1585 67
819 82
1708 10
946 23
78 6
268 47
1232 50
736 68
1055 26
1367 32
1529 32
995 3
1374 59
1513 13
171 83
1329 29
888 4
36 79
1031 81
1743 8
502 91
1124 4
566 16
1047 2
1590 13
1440 16
834 18
19 50
1151 26
178 41
133 59
343 24
529 38
1139 76
830 92
18 76
787 85
224 38
274 65
1755 51
624 55
1045 29
130 93
735 35
37 93
835 15
968 31
500 69
1010 76
788 92
119 49
37 12
387 61
537 29
4 75
414 56
666 74
858 51
540 45
455 94
1191 26
1199 25
453 45
1481 63
724 31
1689 14
882 98
61 93
461 74
1161 69
537 93
826 39
650 59
1039 3
798 61
417 48
182 6
835 85
546 52
3 48
311 45
1159 90
152 16
1045 48
783 28
292 31
369 48
1296 59
187 80
1627 64
675 44
318 4
33 19
452 71
1735 93
176 35
540 57
1691 2
1401 6
822 7
458 86
299 10
318 71
762 50
1003 17
1634 88
907 56
1162 80
246 56
1531 27
29 73
1445 79
440 26
1451 85
1582 33
157 91
429 95
610 88
888 46
352 68
785 1
1105 45
1694 75
874 31
1342 9
886 77
879 35
1727 62
1616 87
1727 18
352 88
774 20
986 26
297 85
454 93
995 75
283 77
611 37
312 54
1419 32
1428 96
1324 13
850 8
1516 18
1522 82
69 29
1036 79
1431 40
142 83
621 30
1335 30
1291 69
1165 90
1126 27
220 36
661 67
1455 57
979 34
200 29
1085 7
490 18
1464 21
1486 95
901 87
494 44
645 75
111 14
1638 11
1468 62
1548 29
322 41
1002 82
1538 62
874 3
779 59
743 9
1723 70
779 31
470 30
292 41
917 52
362 17
917 54
246 91
1177 50
1215 84
1572 43
1154 52
1141 29
1361 37
1541 59
1484 73
1128 98
1660 93
1695 86
1662 68
756 74
437 16
296 76
1056 38
580 15
625 33
1157 51
1032 21
1645 13
1265 84
481 81
1613 66
1165 78
5 89
600 28
1376 99
1534 71
158 93
1221 62
1525 88
783 15
575 11
1045 87
1152 37
595 61
951 41
163 24
552 23
863 11
609 23
1333 54
58 74
124 69
772 47
1073 77
1187 37
106 42
791 45
405 45
28 32
1351 84
313 17
1080 10
1452 76
304 23
1578 75
1740 15
545 94
1547 44
989 31
839 35
1476 68
157 46
968 49
99 60
1741 2
981 93
1221 87
548 91
1489 26
1267 92
755 60
969 53
715 88
945 97
886 62
1454 43
54 73
1023 80
427 16
1588 41
1750 90
1192 60
601 57
790 57
1675 86
563 70
823 21
1639 60
12 48
1530 24
859 22
1046 83
476 64
1007 25
743 5
1421 62
1619 64
304 68
1626 11
160 20
74 57
1347 82
57 28
336 22
917 3
831 97
868 12
261 56
739 45
445 51
24 56
775 36
152 94
1038 79
413 29
467 54
1546 7
491 10
924 12
471 12
55 79
1274 57
360 15
832 24
888 15
550 9
75 86
774 48
1506 58
305 29
926 23
510 78
775 45
1276 63
1721 85
1722 77
636 23
682 41
520 45
1263 55
136 92
1695 77
1099 70
357 74
18 100
1731 45
551 96
1272 40
601 74
562 42
1621 4
646 45
183 44
1153 90
1065 91
574 1
334 63
1204 37
1182 45
1406 63
1398 26
1704 68
51 79
818 21
576 27
284 19
219 60
1661 92
1653 55
579 84
42 51
1011 6
1586 5
1111 65
698 4
195 46
159 70
1661 38
371 67
3 70
180 99
408 44
275 78
502 21
1312 52
166 74
1558 82
326 5
1142 2
134 96
795 30
1445 91
1344 6
1050 86
871 1
441 56
862 68
1027 87
1301 81
1489 91
907 74
1010 83
1470 90
1689 15
726 71
902 100
1145 56
1612 9
526 65
384 31
331 3
328 37
63 84
1236 71
494 35
287 47
362 74
39 21
508 93
617 47
837 49
173 59
1507 16
1639 86
1726 4
75 99
1294 15
1304 26
100 69
880 38
1399 45
1662 76
410 57
1481 6
320 73
1672 43
457 37
810 30
662 35
758 90
661 99
1641 30
499 34
969 10
763 76
1276 20
83 13
1115 75
959 27
1566 39
428 92
