7336
711 80
359 51
867 73
1206 73
567 88
467 9
634 47
1049 78
656 41
1274 36
1016 33
617 23
552 80
977 64
943 79
1088 89
166 58
990 21
267 62
55 71
1075 99
1159 82
552 47
298 62
640 24
1028 86
457 91
849 85
316 56
263 38
818 45
873 36
1311 96
903 59
549 63
270 56
500 66
1047 4
724 10
965 90
1197 5
1142 45
542 4
945 58
191 54
1454 100
1272 10
1170 76
215 1
889 63
982 37
1032 55
1247 26
605 27
151 14
728 43
77 10
481 68
1155 57
489 27
222 83
1343 93
990 72
650 63
1195 94
1303 88
1351 75
1234 3
208 65
892 26
733 98
34 81
1235 17
677 66
391 36
1044 22
1345 41
1123 21
1381 10
34 24
508 67
442 4
167 63
1031 58
1212 11
335 55
625 28
1293 29
82 96
730 41
735 58
990 29
637 62
500 7
336 51
774 16
371 65
735 53
291 31
311 71
35 84
1412 64
1092 3
131 100
44 4
266 12
734 45
1390 80
364 95
296 1
1246 28
1455 66
1122 50
131 36
370 58
1129 55
1289 12
985 32
1089 14
1387 27
1024 7
1058 84
1335 77
677 39
1171 80
1216 31
706 17
778 67
394 34
913 32
1346 90
1091 63
638 21
484 19
878 4
1271 37
497 54
1037 51
516 12
262 58
1389 90
1051 16
364 46
531 75
567 15
1299 4
1263 17
599 16
71 5
1021 19
577 73
812 76
649 31
932 85
12 54
1275 68
203 54
326 35
1287 60
1395 28
415 29
661 69
290 8
1415 65
508 24
312 20
1160 27
756 24
1395 9
734 64
1169 45
915 49
1183 19
680 75
304 25
640 73
767 91
643 11
895 81
1449 45
432 18
1092 14
1418 88
1188 31
347 90
804 35
604 7
396 24
1256 8
1242 2
422 7
1106 94
166 5
381 50
380 38
835 13
282 27
1116 33
377 61
1086 33
627 85
1286 73
1067 96
630 15
833 71
894 7
142 93
918 41
962 41
1245 32
659 95
202 69
173 52
536 11
411 34
659 40
1416 13
883 81
471 13
1089 74
235 75
1398 99
1247 74
928 36
228 3
480 83
233 89
790 96
1439 36
161 96
451 3
784 63
473 30
509 29
242 59
735 92
971 100
396 61
959 93
1041 50
303 15
1164 34
377 79
469 96
760 17
1460 82
813 26
300 91
933 72
426 24
1441 16
110 2
190 35
1239 3
753 16
444 48
48 36
948 50
1172 54
183 35
500 80
1266 73
690 75
211 20
699 59
221 26
184 47
520 4
499 51
655 27
1179 68
1016 94
115 6
1178 60
10 29
851 100
669 8
426 67
432 61
116 35
697 35
897 41
841 98
657 7
143 9
662 75
286 36
1281 48
799 30
201 93
183 78
119 66
1179 84
16 3
1062 69
1341 14
605 2
1055 14
32 34
980 47
31 75
540 77
1248 18
1405 44
546 34
1250 46
1075 60
549 58
640 68
648 39
1234 87
233 25
1402 77
236 6
413 41
340 62
988 1
653 9
793 83
186 34
1128 73
232 12
337 8
1280 76
288 40
1101 66
1282 21
837 92
355 34
570 36
796 86
1095 12
559 59
814 39
88 85
904 1
246 48
57 67
1252 5
562 59
805 41
658 72
1445 60
320 39
1007 80
810 86
938 6
795 54
701 41
670 44
1243 9
541 33
612 57
232 69
592 90
1166 99
985 70
768 98
1024 47
1453 55
204 37
1228 25
313 58
1445 58
172 92
175 67
302 22
242 21
1408 75
1205 13
1295 6
673 71
1057 67
1065 43
1065 58
275 2
460 44
487 7
932 77
1188 52
1135 92
414 60
308 58
660 87
307 48
1244 78
436 84
678 19
97 68
1392 25
203 42
1257 94
536 16
618 62
145 33
395 47
800 21
193 39
141 22
756 77
553 76
1377 96
1213 84
1029 32
963 73
506 77
1384 8
657 41
1267 17
1435 63
143 88
1089 12
951 81
1342 6
145 43
459 43
603 61
811 89
1289 4
1206 44
652 33
863 15
75 66
444 1
424 44
1220 13
699 40
1342 7
87 4
1013 1
175 80
873 37
162 67
543 95
788 5
1446 92
925 99
244 23
404 11
887 45
581 2
145 86
1232 40
548 78
1423 21
165 9
266 50
1269 67
77 85
52 40
1379 38
246 73
222 44
519 14
896 61
643 1
1010 3
1209 83
869 22
1131 1
282 6
768 95
542 59
1115 12
1409 96
433 4
114 5
1408 70
1075 83
1202 1
80 43
320 43
880 74
637 87
744 100
502 94
949 20
1108 96
141 15
562 90
700 63
397 42
1221 26
136 7
5 100
597 39
1118 47
833 93
29 10
1214 37
961 82
192 79
939 17
44 64
1386 20
1164 48
163 59
953 18
829 91
962 64
458 39
763 13
756 7
771 69
76 69
587 66
81 37
1355 9
1186 57
488 78
514 13
198 40
1418 33
993 15
63 11
767 61
1185 39
1162 16
336 74
840 8
1184 21
683 35
1066 19
267 72
1379 32
509 17
989 48
530 77
1414 9
1100 16
233 49
1248 66
430 10
310 44
1028 46
650 60
1429 48
59 59
1357 66
785 89
496 11
955 48
775 21
952 100
1299 88
1428 33
468 66
474 65
782 100
244 34
689 54
104 78
1385 67
680 19
252 22
267 13
226 44
485 21
935 52
1255 54
1450 52
16 78
612 1
553 94
815 72
1200 13
1114 95
131 84
1370 57
1101 16
124 26
367 62
965 63
1118 20
1421 99
462 22
303 67
1213 7
790 38
76 56
158 85
726 44
307 49
1218 14
1160 5
1374 63
558 33
492 30
918 68
783 85
144 47
1378 70
912 87
691 26
1412 31
183 43
1059 30
549 45
1224 41
1207 72
1301 100
1435 38
242 3
300 68
1193 71
725 15
1396 81
833 47
810 77
1249 95
1124 67
1320 3
922 39
254 33
442 69
399 22
594 48
448 32
1181 87
1420 69
213 63
1388 64
1333 68
1130 64
195 55
393 69
99 69
992 17
1438 83
1084 77
1174 79
1001 91
307 58
1253 28
1426 47
1351 17
54 10
616 31
557 81
665 93
1225 19
921 61
1433 2
581 17
1343 13
853 91
786 43
524 99
671 83
1329 60
1242 71
527 41
721 18
967 9
706 61
1127 83
629 23
1237 69
1384 86
613 89
685 61
21 8
843 57
532 8
57 42
752 56
745 30
262 40
638 59
37 58
674 32
446 30
697 89
284 50
1241 65
52 2
34 86
277 90
79 99
618 54
1433 35
815 78
1106 12
857 99
894 75
1388 69
632 27
24 28
231 36
406 49
1139 25
294 1
1 53
755 83
880 23
429 55
1247 52
1105 73
644 80
1441 5
145 29
1246 12
888 87
317 54
1300 10
856 35
1162 78
1138 45
665 13
758 22
1058 85
725 85
794 6
211 12
721 41
1150 76
1339 21
937 67
1389 17
840 50
851 54
255 70
307 8
334 47
327 59
1255 85
564 4
896 2
183 78
660 30
921 90
110 61
290 17
1342 57
1278 89
66 54
949 60
1402 90
72 9
643 83
575 39
31 80
1094 96
1437 80
15 43
230 72
173 63
282 8
716 76
959 16
20 95
552 30
988 12
694 56
366 58
261 42
1332 89
321 14
544 82
950 17
184 90
551 47
3 74
34 39
279 17
1448 34
624 69
1331 32
1061 73
682 67
432 51
538 80
1462 15
69 97
667 67
1251 65
909 17
941 27
221 39
638 6
37 10
1435 97
718 100
412 85
1252 8
1137 87
1204 40
865 29
70 5
886 34
336 79
1204 17
730 23
900 39
848 89
1406 67
586 22
1193 93
516 43
809 93
113 30
247 75
976 22
629 79
765 97
1220 95
73 53
1124 70
673 100
530 39
310 35
1376 21
268 46
853 56
690 98
648 45
1000 39
349 94
73 41
1244 54
142 8
935 62
1086 54
1289 28
1298 51
1458 84
218 40
1392 24
1322 41
1097 3
737 86
239 44
1466 18
693 21
629 64
1130 44
903 36
1103 77
708 98
499 2
815 59
80 33
274 58
883 78
569 5
1230 33
1333 92
50 23
376 7
930 88
370 54
975 30
1126 80
942 98
905 97
613 68
180 54
1275 18
98 24
217 78
706 54
424 93
731 59
325 4
772 75
1157 83
1151 73
379 14
1264 80
718 34
305 20
1163 49
1221 46
690 25
879 46
143 65
1346 4
1080 94
261 70
412 30
971 79
902 61
895 32
1320 45
723 91
1102 40
692 97
354 64
765 53
1318 89
270 36
846 20
1139 10
1428 42
127 54
1334 72
839 58
163 72
919 19
76 18
1277 6
1287 6
891 61
1455 78
27 13
688 39
1313 36
952 88
219 36
134 45
315 54
819 4
918 10
895 55
948 62
472 50
1013 44
978 58
734 68
919 46
228 3
821 55
818 17
503 58
237 100
850 58
1384 10
779 9
661 22
1238 99
1270 50
98 53
104 18
305 44
778 93
2 17
541 50
824 78
594 56
497 8
1302 88
1244 43
251 32
1036 62
268 98
602 85
702 33
1205 22
1424 16
68 24
662 25
112 10
500 64
1216 40
846 79
1156 10
667 12
473 58
18 20
502 38
984 28
23 74
643 76
261 84
345 53
770 4
133 57
1038 32
435 40
555 46
1402 55
117 93
1267 78
624 22
1039 4
244 95
381 65
751 10
189 17
281 87
153 50
152 93
83 22
365 31
1458 26
372 14
1398 4
143 47
1297 80
1454 83
368 32
474 12
1180 16
1430 85
1046 28
404 53
473 29
781 35
1050 38
664 96
266 42
234 28
1115 53
83 99
388 9
1467 79
620 96
363 38
318 24
797 28
670 100
7 56
687 79
404 57
724 100
1164 20
653 49
316 62
818 18
861 51
29 59
1241 72
635 44
1080 11
576 19
274 22
356 28
933 54
881 52
476 14
594 14
1134 83
791 5
460 27
184 26
865 50
43 1
488 92
1465 76
1181 96
857 74
718 76
1004 31
397 96
28 52
897 90
341 51
1402 89
471 16
710 12
1104 66
184 39
846 24
634 73
1303 93
1219 12
1021 53
1401 22
629 58
1365 49
71 68
882 27
472 22
1054 34
1414 73
375 23
483 45
1115 78
538 56
419 27
1099 55
779 100
1400 90
468 56
1362 10
935 73
1453 54
1217 34
739 10
647 50
370 85
727 11
1021 74
1018 7
302 88
321 16
468 19
557 49
564 3
527 10
705 3
310 29
291 79
213 44
371 95
1434 86
1201 37
852 95
675 29
1138 92
671 48
895 71
1077 41
479 41
1035 88
264 76
1250 80
412 78
444 38
1237 55
410 50
286 31
525 93
1270 31
993 6
1061 89
509 26
171 70
1462 55
652 51
1437 15
979 67
1375 17
1214 80
649 55
30 52
516 100
291 45
1340 85
493 81
104 83
989 35
373 66
1440 7
115 85
420 15
1307 36
586 77
21 64
320 9
930 41
214 43
169 57
776 20
936 48
1262 81
676 80
1202 72
1341 69
1157 91
721 46
1101 11
427 4
151 50
145 3
1462 90
983 43
45 1
1036 50
1103 4
1429 37
1 3
1234 42
250 50
967 97
79 40
971 29
1311 95
968 93
1003 75
82 96
1351 61
1002 40
1129 2
372 57
711 33
758 32
132 89
1174 77
1461 33
265 43
1173 40
1312 22
103 6
1244 34
126 57
272 31
507 18
1416 93
1104 46
169 32
879 54
54 26
1369 17
1115 4
356 71
948 93
588 27
344 29
234 35
525 79
479 33
295 81
450 14
1257 37
124 21
401 4
678 55
738 37
1181 78
503 98
38 52
1022 36
345 79
270 81
518 20
427 81
145 69
489 27
1210 46
800 11
735 45
496 77
814 100
964 38
1350 77
291 18
775 2
1044 35
419 57
948 80
983 14
787 71
970 97
355 92
990 97
1114 68
748 70
760 54
235 70
581 30
120 37
7 59
1188 67
735 45
136 96
1191 29
644 84
79 100
507 9
788 92
167 1
1234 73
651 26
181 84
1150 42
101 10
1160 63
908 46
432 69
1119 100
785 63
598 78
980 57
529 65
344 2
1272 95
938 51
400 18
1172 81
136 6
1071 15
320 75
1337 39
561 95
564 41
166 50
432 48
1390 4
56 25
364 27
195 83
97 79
1342 25
1240 55
200 15
1101 34
1420 7
222 50
1306 1
1224 54
274 38
108 71
932 17
223 73
1099 20
360 84
1268 59
720 61
844 100
488 83
877 27
748 64
103 7
1136 10
1164 26
186 96
1004 89
15 83
1384 13
749 32
444 19
1448 70
1262 45
293 81
1371 78
657 37
677 55
428 85
181 61
1249 95
390 96
203 32
762 89
1127 1
1141 5
420 65
1310 94
509 29
1118 46
248 56
403 80
1457 92
578 36
900 70
691 50
733 1
757 74
1421 9
403 69
602 47
1003 34
710 62
642 18
39 60
310 16
739 3
35 87
1328 29
855 6
1217 26
240 86
1323 41
1202 79
1390 17
1330 40
143 60
336 23
9 65
1054 87
1378 20
1027 20
1112 66
69 96
325 4
740 94
119 62
459 4
1274 13
1254 99
880 1
10 89
369 92
681 95
1042 66
1420 89
1311 14
764 21
322 45
1185 8
411 57
209 85
1211 62
418 79
870 80
433 6
1408 97
37 45
353 83
955 10
772 62
797 39
561 87
151 8
348 64
143 97
1320 36
1017 53
675 94
363 69
914 39
227 13
81 33
438 69
843 85
479 76
776 95
880 56
1275 45
1051 6
1049 65
240 34
518 41
505 8
644 94
715 47
698 99
1370 7
606 26
283 96
406 72
1107 72
1286 61
1263 80
1235 11
1443 89
431 81
1351 86
862 36
853 83
1208 26
1167 32
160 11
650 81
1170 63
98 1
28 63
605 11
1291 41
216 32
529 95
927 89
430 86
71 25
1177 46
386 62
1426 45
204 95
1209 34
537 41
631 13
1135 71
1026 52
1261 25
83 98
278 93
1083 94
1408 49
156 5
1005 87
326 47
1411 97
647 31
877 85
1066 9
875 25
379 100
789 5
1008 33
47 99
807 99
106 73
1322 52
59 6
868 52
540 41
1102 5
243 39
760 83
105 2
791 76
783 1
1304 67
1196 76
315 52
1197 15
98 88
618 52
304 16
1160 52
1141 32
49 30
1288 43
560 58
453 97
41 30
473 29
1301 99
128 26
906 96
663 7
861 49
1383 100
1054 63
1103 16
742 20
644 3
931 87
176 36
1132 98
678 22
650 57
1125 50
108 52
1110 29
905 66
1013 89
924 11
1086 55
576 36
636 16
907 86
589 74
452 65
275 22
380 4
1136 70
107 98
763 77
22 78
627 10
511 51
1191 63
51 21
739 14
801 24
473 45
1385 88
840 46
149 9
869 89
638 37
576 8
379 64
61 42
470 90
1282 83
824 68
1211 7
926 92
1066 67
558 92
1141 35
297 43
638 71
388 44
8 93
506 3
822 32
1082 2
46 62
1327 35
528 64
645 9
544 94
627 94
979 63
602 84
568 20
1182 24
1190 40
687 12
326 25
510 38
1018 47
790 32
900 53
206 35
1263 43
679 45
1057 67
685 33
118 43
1424 6
449 43
49 6
1307 97
554 100
866 44
852 51
684 76
454 19
567 48
97 1
509 55
250 81
1063 55
1044 33
98 82
1256 51
1215 68
697 71
238 14
541 43
237 54
939 69
598 28
573 94
915 13
764 58
59 27
1237 93
429 78
566 81
852 39
931 88
102 79
737 96
356 64
902 42
1177 59
97 65
904 21
577 30
718 65
27 57
586 93
1196 1
1413 52
999 61
42 66
740 49
1284 58
71 100
430 27
738 92
1123 40
686 60
639 27
1223 65
369 63
566 43
613 92
436 37
1415 89
383 26
160 39
700 23
132 90
1063 43
466 84
643 72
507 10
735 52
1261 93
665 70
1308 75
901 20
294 76
87 17
92 67
1000 8
949 64
322 33
1147 48
427 58
778 2
1437 76
1182 100
590 58
109 6
1073 52
1195 69
181 1
812 50
1277 29
887 9
860 99
292 98
1433 100
75 50
958 50
566 61
1073 87
1319 52
522 57
1114 7
593 74
267 1
106 21
1380 27
437 31
971 29
936 5
1374 39
694 66
1063 54
389 88
1442 72
874 39
432 65
550 93
653 14
150 50
557 43
303 58
1037 74
15 87
345 61
383 90
372 23
911 79
540 49
433 65
1144 52
1203 4
1322 55
150 41
1375 63
1010 21
995 7
1230 33
657 32
1248 57
707 98
543 58
956 71
634 47
61 79
639 47
853 35
98 34
1064 15
961 61
189 59
1349 14
595 44
708 90
849 2
314 96
756 52
781 60
637 87
778 50
1326 36
487 25
632 32
392 99
1167 97
918 48
937 76
318 55
421 4
532 90
685 54
116 79
210 93
510 36
1172 17
132 35
636 52
1035 12
1071 82
210 10
992 15
1011 98
227 26
891 15
1283 72
1182 73
830 98
663 20
1305 47
779 14
802 80
1074 87
1222 25
153 18
318 15
66 52
1287 100
579 44
170 26
1270 29
988 31
323 82
387 98
1083 94
1331 34
1216 68
57 15
1458 49
1235 13
1112 12
1035 9
731 19
55 63
441 93
651 30
116 62
1043 78
72 48
111 60
382 68
1197 16
182 29
931 19
241 1
406 43
1258 43
1453 6
1132 8
528 14
1200 78
1304 43
1321 94
273 47
631 88
1453 65
210 26
262 70
1214 26
567 11
681 80
762 91
88 97
1298 95
867 2
163 52
601 99
238 6
548 45
1283 88
708 4
1076 10
672 18
708 10
193 69
443 100
175 81
775 29
126 64
1084 18
259 61
367 15
220 13
1413 35
931 42
572 7
728 94
71 30
29 86
754 28
370 40
473 51
843 69
284 42
1295 60
394 67
1414 46
754 42
554 6
229 46
526 36
616 76
141 62
630 58
652 94
414 3
45 71
985 98
125 60
287 52
757 15
522 96
469 28
1196 95
1025 41
1174 64
1122 99
973 23
1036 11
588 42
697 87
1423 20
676 66
316 76
933 93
1123 34
394 76
1421 98
1227 27
1174 4
1019 86
636 5
819 44
111 13
665 76
587 63
419 64
679 71
344 52
687 99
523 63
916 79
186 96
750 50
968 30
212 59
926 83
934 52
1131 8
129 28
1188 48
111 27
1268 85
1459 77
610 80
943 23
994 43
864 54
1151 20
693 81
283 85
547 30
369 96
400 30
17 60
37 50
317 32
130 73
722 13
479 12
693 65
784 55
1245 5
586 18
486 45
1039 27
1442 93
617 7
695 89
507 99
291 100
653 81
441 40
240 24
26 77
892 56
111 56
248 40
1389 10
185 61
59 92
627 61
639 87
338 89
677 2
317 16
1217 39
244 59
1292 98
200 64
1312 46
760 84
107 10
1049 2
286 16
720 51
368 74
790 77
372 46
1413 12
318 69
917 22
423 55
1225 77
603 73
708 28
568 16
1434 79
83 71
1340 31
421 93
794 57
1340 59
1214 19
190 47
383 86
195 33
426 34
711 26
63 36
358 94
537 50
893 69
1027 2
552 19
570 100
1134 87
992 85
410 96
1080 43
311 60
731 50
250 68
851 19
630 4
722 86
857 32
959 81
1226 57
1017 18
1454 85
941 25
1402 7
1072 51
571 22
466 79
655 67
577 5
341 55
146 21
731 68
688 59
371 31
371 97
314 48
280 72
217 5
115 10
158 86
548 12
135 29
1075 72
1362 11
625 32
32 81
789 26
753 45
553 38
1466 52
1386 75
50 97
1438 23
195 47
893 9
214 76
286 100
482 44
716 2
580 99
364 2
1002 90
169 2
752 82
464 33
1071 69
949 52
1009 47
1065 83
509 87
246 8
1142 86
805 40
1368 96
27 25
234 82
944 11
1078 38
1000 100
992 32
1118 19
792 86
1435 45
656 47
166 19
1466 63
686 43
1139 100
710 81
590 76
713 7
527 53
1260 84
1037 35
556 67
1125 8
741 57
1100 14
1002 24
758 18
835 56
805 21
121 99
878 27
1068 68
677 10
414 39
1448 98
882 60
115 28
785 88
793 82
372 99
503 7
227 20
665 83
294 53
1400 96
1452 61
204 72
81 41
260 80
422 71
1428 59
13 40
731 48
679 70
336 90
85 45
339 5
193 85
44 50
473 3
726 78
646 89
378 31
61 61
768 55
1313 24
161 30
82 21
927 22
1328 75
638 69
907 21
426 53
194 57
1050 58
232 41
167 38
200 16
243 9
621 76
790 27
1140 21
1208 62
741 85
1032 93
729 11
417 47
142 84
567 49
135 63
1269 97
278 42
1081 23
1453 13
1203 89
406 99
1013 21
1427 83
1465 46
435 60
854 33
365 71
1043 67
911 6
1283 49
1074 86
200 11
1435 12
199 11
137 16
998 7
1051 95
486 66
1418 72
775 72
211 36
1189 17
379 16
177 86
601 59
552 100
197 70
967 19
1280 26
89 1
45 6
627 48
822 63
692 83
1 11
1396 7
336 24
62 32
438 48
96 66
50 99
1298 38
880 64
1230 5
1244 71
237 10
1381 28
691 6
877 68
172 15
1089 67
973 68
323 17
587 32
149 99
987 90
796 39
1094 79
902 46
360 7
1151 4
675 94
1240 16
637 8
188 27
28 2
400 38
1034 72
1126 27
1125 50
995 10
320 68
645 71
817 32
309 74
1420 16
1148 53
734 38
882 95
1241 87
1352 40
1403 98
402 81
49 63
339 49
845 44
908 85
1197 71
267 60
1412 1
1034 66
668 7
1300 70
106 84
1237 92
509 58
1242 44
612 69
382 51
1315 90
180 71
1333 2
1396 68
710 95
1108 82
1021 53
464 97
1250 9
575 54
1017 37
884 70
967 17
1282 19
1302 60
495 98
53 56
358 80
463 58
5 52
707 32
912 86
566 94
312 10
1114 30
940 54
638 53
746 74
320 23
821 26
615 62
26 7
967 33
1181 68
1087 31
1201 38
34 26
331 8
1363 95
965 40
612 60
795 25
322 86
910 68
1086 65
918 70
127 8
429 50
672 13
191 74
1024 88
945 46
218 71
1157 48
729 72
1117 99
1139 5
1400 17
952 89
539 73
588 33
54 95
320 87
1172 76
196 30
835 66
1275 91
37 91
300 31
771 22
1429 18
815 86
1185 29
1273 29
1385 11
441 13
1163 21
1466 58
1334 55
1420 59
713 56
1120 28
617 61
192 78
773 26
1073 49
1287 62
850 19
841 72
80 8
413 23
706 71
1251 32
498 38
888 71
398 45
530 31
1331 54
789 84
722 32
18 77
41 85
1116 89
863 24
204 66
1317 1
947 44
680 19
875 88
1178 2
63 49
1458 89
1366 34
1228 59
1007 84
275 3
707 46
304 45
535 100
1139 67
495 30
893 12
986 98
659 35
760 6
284 62
65 34
94 10
555 52
1347 49
3 34
1297 58
65 78
748 38
463 90
421 98
591 96
46 23
392 68
872 89
1313 44
955 79
265 57
282 85
644 23
158 47
517 42
967 9
1043 22
595 3
1171 23
530 76
957 36
712 34
942 3
286 51
134 26
857 22
506 44
557 86
70 4
451 52
349 66
576 50
1437 65
1437 10
459 56
898 95
343 17
197 88
62 91
1151 34
216 87
60 44
971 9
945 9
1268 6
331 25
315 48
561 26
10 5
1068 78
1188 18
228 14
730 83
709 4
102 11
229 40
395 21
34 48
439 91
410 50
1053 54
130 90
1401 46
166 91
874 30
540 3
1256 100
1099 62
1272 61
558 24
1114 82
167 46
151 85
145 18
1309 1
1005 12
1008 26
1414 65
516 82
75 17
1244 48
191 13
435 8
1125 96
299 25
899 39
1051 53
316 80
1029 61
630 24
1082 33
439 92
70 29
1286 31
333 86
308 25
1153 30
888 91
384 33
1342 20
1136 84
103 2
1239 79
239 72
1405 78
89 37
379 70
589 64
1320 86
90 39
747 43
25 52
499 97
619 70
749 5
504 77
358 7
1026 38
600 52
718 54
666 95
763 57
100 20
591 61
901 49
900 64
1353 93
81 57
643 27
87 45
574 23
130 58
505 24
131 36
1137 36
73 82
744 71
1126 78
485 21
403 56
102 85
417 79
250 34
1057 31
1348 25
460 63
346 38
445 70
1161 9
1084 77
1021 73
974 32
1432 45
1001 85
999 42
87 43
881 26
46 57
615 30
1467 49
200 86
256 60
169 51
947 83
888 10
568 100
896 89
426 83
729 32
10 58
1388 4
492 87
27 9
114 43
596 21
545 91
689 79
943 6
1433 29
1155 46
1380 68
721 71
659 81
1052 10
918 82
1337 14
1427 70
669 37
1142 6
471 58
67 29
390 78
711 78
960 53
23 86
49 5
1120 2
1219 77
1235 75
837 96
318 27
404 24
28 81
1149 20
1001 39
864 16
789 36
1064 29
714 47
875 83
763 97
263 99
1194 99
870 35
1314 64
156 41
474 73
1405 51
407 17
1188 2
459 29
246 72
138 3
1181 58
1101 22
1012 70
363 86
1022 94
1455 39
261 62
644 53
836 64
193 46
406 7
878 98
689 86
734 90
1392 77
1415 52
430 30
10 44
1445 52
666 4
801 61
246 70
17 55
926 51
361 40
1089 54
1005 99
477 3
1098 14
898 32
23 87
1127 27
187 74
1045 78
660 1
228 98
715 86
1227 54
308 59
1220 92
134 81
1382 48
1442 63
763 69
1150 18
512 40
777 60
605 37
525 5
1020 15
1241 66
133 80
1351 42
675 32
253 21
808 64
873 85
1309 23
1452 68
1085 72
1184 92
224 78
1174 2
941 88
1122 85
447 77
296 32
202 20
289 71
885 69
1079 43
1314 90
1038 79
1082 40
62 23
797 70
1460 83
899 85
1327 37
1448 6
1120 55
1425 51
1114 38
30 99
143 40
752 41
654 66
773 47
90 68
1454 71
692 4
784 22
1381 18
776 43
998 69
806 81
353 20
113 82
758 53
443 71
172 79
95 20
1388 56
218 57
1149 98
1156 88
773 58
552 77
1003 11
763 56
326 4
1306 90
449 98
1136 90
98 98
1102 57
528 6
1335 34
827 80
1177 24
868 8
70 63
226 53
279 7
1239 31
781 54
333 8
455 61
725 71
573 65
497 77
672 96
146 89
817 6
569 24
186 48
65 88
1093 21
1430 11
528 92
528 20
207 2
801 71
1165 100
1416 79
861 83
488 57
845 66
1042 55
269 44
1015 66
364 17
274 71
1446 65
836 28
22 66
227 31
1369 94
146 19
1258 71
1278 53
1050 32
23 8
282 34
496 86
319 3
446 24
278 71
810 88
383 30
252 80
442 90
496 68
898 51
690 81
1461 38
1227 51
199 16
559 9
1465 19
1303 41
475 70
43 90
512 80
837 46
1135 11
1015 94
628 51
747 94
200 37
1307 51
906 7
1205 91
94 28
848 61
505 29
1192 10
186 29
741 80
783 27
866 74
751 10
60 78
213 82
809 67
679 17
965 47
776 5
533 80
1247 19
180 10
1380 58
764 11
526 72
4 35
1119 21
1162 70
1437 94
1192 80
1444 13
1356 31
1153 86
943 27
1220 3
185 77
1196 52
1105 13
408 87
1239 5
1022 93
928 95
838 5
329 3
875 85
802 93
1371 57
984 12
801 95
667 69
1209 81
277 18
185 76
445 66
1069 23
513 79
605 90
147 57
41 35
1180 9
323 15
584 57
1278 31
259 57
1329 48
1141 45
145 39
675 32
228 74
683 7
19 17
301 33
735 28
662 29
701 60
964 15
920 30
1388 53
537 80
1043 60
928 90
532 19
775 53
1208 92
1116 52
595 48
975 34
100 89
532 99
1126 28
793 22
595 9
107 80
702 22
736 79
590 26
594 8
415 43
1028 87
1140 74
580 28
902 87
224 14
319 54
633 5
1375 18
621 19
722 69
1133 92
652 12
724 19
830 96
1174 10
643 14
679 81
981 68
60 98
1327 47
1319 92
1316 52
171 68
35 91
1050 15
1420 65
1065 54
1382 99
882 88
786 22
593 17
477 26
259 29
412 25
1229 27
132 47
969 13
1353 18
766 29
