3160
320 16
398 80
454 15
600 100
161 48
132 71
450 65
346 86
75 77
162 98
292 70
149 1
243 61
560 16
354 39
137 59
368 43
589 24
61 25
179 65
231 26
612 29
603 98
46 61
496 42
305 43
199 26
309 43
338 71
583 20
257 40
259 55
616 7
483 88
509 11
227 58
422 35
74 61
10 12
72 12
166 99
264 72
302 29
100 27
430 24
318 53
530 96
168 73
475 70
325 58
420 95
136 79
580 17
632 60
182 58
523 2
393 88
259 89
227 64
479 61
148 92
458 43
148 57
416 64
603 75
420 1
412 6
325 93
564 66
587 48
515 48
485 66
470 94
346 31
489 60
277 49
86 24
237 82
79 16
21 31
465 57
54 54
536 5
337 33
486 99
118 96
549 24
578 41
447 71
85 72
305 10
510 53
267 63
94 68
392 78
251 53
578 59
116 83
302 46
240 74
257 65
595 31
534 46
612 4
101 82
627 98
628 85
324 8
568 90
433 57
18 37
125 56
372 59
610 29
46 8
132 85
15 28
408 2
241 81
604 9
48 82
408 40
536 58
489 46
505 54
120 4
549 5
620 32
154 95
2 84
573 1
427 68
441 91
179 59
70 17
440 85
40 37
334 5
436 61
510 33
425 87
628 8
296 75
336 64
561 34
30 47
59 23
625 13
276 69
491 77
202 33
224 32
571 72
218 13
52 4
583 5
442 84
291 100
365 70
85 14
223 14
499 36
215 41
589 2
208 40
523 35
510 10
584 95
271 47
236 34
277 35
268 53
412 1
228 96
326 3
576 95
307 72
432 85
553 8
577 95
91 89
581 10
558 46
23 30
309 64
253 90
453 24
163 24
175 7
437 74
473 87
320 72
536 20
380 87
388 35
41 53
599 91
390 13
193 4
57 84
486 9
383 42
598 30
365 55
460 27
226 55
250 22
51 41
144 95
544 36
479 80
148 32
196 89
434 33
102 22
413 24
580 92
489 29
185 26
13 46
319 74
36 25
92 60
384 82
139 83
369 2
258 100
12 89
506 17
376 69
76 55
295 52
332 58
95 74
122 90
325 79
315 82
138 97
344 77
138 50
120 68
401 4
259 23
462 98
456 58
605 18
420 26
583 35
283 1
34 42
534 38
314 84
8 14
215 29
456 62
366 56
362 41
49 39
399 45
550 17
631 24
32 99
202 50
143 29
302 67
450 98
514 59
434 100
330 88
15 42
323 74
462 43
278 95
419 14
559 50
236 51
308 23
364 62
222 66
565 95
145 16
537 2
72 100
328 19
617 59
63 24
135 57
395 60
48 24
328 76
604 2
136 40
85 87
96 33
276 88
541 91
605 84
147 51
86 19
448 22
597 11
148 16
236 39
181 77
366 18
203 96
249 40
203 31
625 40
370 20
327 66
329 40
163 6
453 55
539 73
85 76
79 55
205 47
454 77
474 46
120 5
431 31
202 98
431 18
128 43
104 2
231 36
416 52
3 33
184 40
134 58
565 97
111 93
581 63
204 71
177 54
357 21
205 73
161 4
58 92
530 33
605 52
385 40
292 64
78 69
200 82
592 47
123 97
6 51
25 82
590 20
67 20
79 63
298 35
103 55
173 23
498 7
451 62
548 79
207 43
169 59
267 43
53 69
60 53
561 74
116 55
476 24
610 85
279 78
194 60
101 98
601 47
566 86
550 66
386 31
29 81
459 44
260 97
430 26
489 52
542 91
310 83
523 47
481 4
221 21
294 86
377 2
188 93
63 40
525 50
452 13
606 92
297 5
443 37
55 7
267 57
101 48
229 23
211 36
36 92
256 22
294 53
329 9
31 41
126 48
619 63
30 15
530 69
623 71
79 27
401 41
549 45
339 44
101 17
196 34
77 46
599 34
450 17
362 44
331 59
536 2
399 90
122 3
147 82
421 43
19 52
300 45
358 92
437 27
271 16
460 95
269 67
508 23
472 20
428 74
140 65
613 86
453 31
54 82
160 23
348 36
584 1
326 62
627 55
571 36
417 14
402 26
68 17
212 82
231 2
10 55
577 90
187 57
17 94
619 17
564 1
579 43
545 9
265 66
236 99
348 91
580 59
433 49
380 39
270 79
510 37
472 2
5 56
4 76
169 31
363 61
20 34
284 72
498 70
190 64
291 51
324 9
92 58
222 81
17 27
395 100
93 48
572 76
164 41
515 40
202 3
235 18
409 69
301 92
58 98
312 19
244 39
127 18
531 61
424 26
123 36
375 46
341 36
364 5
182 24
451 95
227 84
380 48
355 4
39 81
420 3
68 46
37 80
631 17
302 66
277 1
293 63
531 15
570 68
16 59
198 56
161 86
552 32
82 1
529 13
83 2
294 47
73 6
610 64
613 91
515 10
174 24
86 100
315 93
504 33
184 33
125 12
129 62
218 99
495 87
231 32
159 24
63 25
545 39
66 28
305 66
356 37
624 6
275 58
391 67
259 44
186 40
230 60
235 41
502 16
598 80
477 74
496 61
581 42
567 56
508 43
593 100
306 74
78 15
259 96
589 74
216 15
128 23
566 57
532 33
58 48
151 25
102 4
601 94
122 13
71 35
258 72
433 49
476 18
14 53
142 16
447 23
51 63
513 78
605 77
287 74
176 24
563 98
540 97
177 14
607 18
311 45
291 92
443 5
372 71
149 80
275 34
164 83
47 50
306 47
108 25
580 45
521 69
122 84
387 62
102 39
222 90
281 100
418 2
81 89
86 5
422 56
531 98
380 57
423 27
317 67
474 34
501 53
493 71
182 40
138 14
20 24
536 65
477 40
616 49
147 76
601 83
535 99
485 52
177 55
13 76
573 67
542 27
207 86
279 41
542 87
492 7
469 30
445 94
30 94
123 76
315 86
345 13
252 76
365 72
425 82
599 64
483 37
521 88
32 71
403 64
423 100
219 21
393 68
316 91
12 70
17 19
495 11
402 45
216 41
196 21
628 91
344 4
129 42
153 31
158 47
52 42
56 38
581 61
477 51
113 29
150 7
462 12
558 73
230 53
452 56
99 13
432 78
5 33
17 97
550 28
514 87
51 80
449 44
261 41
380 37
427 11
249 5
54 18
348 7
186 74
592 80
197 66
537 71
509 95
263 79
213 97
176 9
595 84
403 16
212 72
130 22
154 5
525 88
44 73
26 25
526 53
422 80
82 19
277 26
411 85
178 24
594 50
342 32
415 74
176 35
545 18
273 31
389 48
187 15
596 50
228 68
248 58
475 16
559 76
315 86
145 66
492 96
108 93
98 24
309 100
189 11
294 61
296 8
173 36
211 43
190 84
592 84
159 67
422 52
151 89
106 99
332 98
271 55
343 35
598 46
80 4
227 10
514 76
224 85
37 68
108 94
333 57
423 15
201 25
100 43
435 48
153 42
297 66
113 90
116 19
303 12
478 30
632 20
352 64
435 79
164 97
282 99
398 53
433 73
207 5
354 44
49 7
396 11
619 13
497 49
200 60
103 11
582 35
201 67
321 73
392 31
108 81
170 32
556 42
516 67
427 85
534 63
151 27
248 21
35 11
336 82
581 37
387 44
234 68
409 34
285 74
577 59
463 39
223 29
362 25
58 2
201 8
46 86
8 63
381 37
309 61
475 78
285 42
334 79
37 58
37 88
341 96
511 46
282 76
579 63
390 8
380 7
307 50
255 23
114 1
174 61
257 6
302 18
419 82
377 97
612 54
526 95
356 76
215 27
43 21
580 56
595 16
442 31
107 34
187 10
82 47
615 96
213 10
505 4
164 23
582 22
513 70
360 70
406 22
142 68
374 38
290 60
549 70
448 43
449 13
392 30
244 59
46 55
222 74
502 34
458 4
258 61
524 43
383 39
194 10
363 99
464 19
381 6
354 49
75 41
345 46
75 7
541 70
183 93
361 93
439 58
241 38
525 76
511 22
269 34
248 81
492 100
384 6
565 89
443 29
350 13
237 18
470 41
525 21
4 68
25 10
115 67
488 69
392 10
357 47
96 61
43 56
445 47
133 48
597 46
253 82
162 12
244 87
347 35
513 36
576 26
300 17
155 38
577 13
547 79
227 13
64 71
143 21
265 90
354 88
61 37
213 98
395 84
165 24
575 88
469 69
181 79
102 80
457 24
494 89
206 3
306 34
141 49
503 2
517 14
26 11
285 46
186 28
568 79
515 49
70 94
217 61
224 71
196 1
419 33
186 93
43 64
5 68
150 87
381 12
12 84
345 80
322 81
45 26
551 49
70 55
494 16
281 59
418 87
166 30
377 3
279 84
275 80
298 71
49 36
506 59
288 48
276 74
2 48
84 15
412 19
513 61
522 85
587 41
252 87
426 88
468 26
537 89
361 58
73 51
430 43
138 60
80 51
549 37
190 74
147 71
407 16
580 35
260 100
168 97
145 33
296 64
237 72
41 71
513 76
18 66
265 18
392 53
283 67
513 99
219 48
86 56
96 20
45 69
209 94
167 90
593 32
108 54
269 91
267 26
617 86
183 19
429 68
319 46
20 100
476 71
338 86
525 45
544 65
401 14
167 44
592 49
451 18
337 60
214 47
582 65
115 20
38 96
151 73
65 74
117 65
144 94
20 70
254 32
596 13
496 69
410 19
451 79
102 25
581 79
494 20
34 84
34 73
291 13
239 39
52 99
245 65
244 18
206 26
116 100
514 45
320 68
622 44
352 5
543 15
295 86
491 70
221 35
285 49
387 60
342 46
471 8
455 18
514 48
355 51
313 80
282 41
80 19
173 50
418 90
590 74
543 30
524 61
328 26
111 52
44 2
495 20
6 49
17 54
102 78
501 39
86 66
357 7
41 80
29 84
198 40
466 97
542 35
271 32
327 91
210 36
123 55
366 43
599 2
514 76
173 80
507 92
372 14
395 84
33 66
224 52
471 95
120 35
440 55
385 24
29 63
394 95
563 39
279 52
574 2
52 37
482 10
593 33
139 84
22 17
385 61
484 83
520 52
488 18
233 91
547 8
112 64
294 68
121 19
420 10
581 48
43 80
622 1
381 80
109 65
174 19
258 21
577 32
515 94
39 41
482 41
562 85
586 54
240 95
516 30
245 27
228 27
300 10
622 36
144 68
298 18
142 51
456 57
113 48
578 54
137 95
195 60
496 4
584 72
175 22
8 60
15 66
403 27
426 19
220 83
557 51
475 34
405 11
10 8
451 58
70 78
40 53
382 95
91 90
90 72
442 99
134 26
25 44
415 43
335 22
604 80
571 75
116 12
620 35
73 82
117 2
201 3
99 30
298 23
55 89
102 33
328 98
453 10
118 30
465 26
31 90
448 59
42 53
130 33
276 17
345 57
506 24
313 37
606 34
245 28
610 44
516 71
503 71
29 29
259 36
190 89
216 100
369 88
379 9
267 5
273 4
322 91
420 10
31 65
340 22
66 61
101 52
129 3
552 78
471 70
257 51
345 79
100 32
326 100
79 55
610 49
347 68
36 12
335 33
196 51
11 78
278 16
336 48
274 59
176 18
27 91
440 88
275 20
174 8
502 55
181 77
91 22
227 39
94 12
506 65
628 92
123 57
413 99
391 76
469 31
425 20
622 24
156 58
243 22
433 37
580 17
547 81
177 78
26 4
152 70
109 41
80 37
537 16
597 95
153 43
62 66
620 32
67 47
531 95
583 98
445 87
530 43
192 100
411 3
477 34
576 30
110 75
272 31
110 37
326 28
92 1
34 24
517 93
60 76
521 51
586 17
203 17
17 8
544 94
103 47
597 72
11 72
588 26
68 9
528 71
344 18
496 40
75 8
279 24
561 52
550 61
401 46
151 37
338 56
425 4
562 61
383 19
285 5
428 73
179 55
407 43
267 19
342 68
120 40
246 7
489 6
126 72
518 31
43 82
204 88
438 20
142 31
622 45
25 68
388 44
105 45
358 91
348 10
462 33
199 78
466 80
412 23
410 91
195 23
490 75
625 19
136 29
176 21
585 53
422 23
423 7
480 45
309 16
580 51
327 10
357 92
524 6
613 13
440 16
314 25
417 41
149 74
350 29
122 81
176 50
533 42
139 37
393 75
364 35
398 75
338 74
60 6
25 76
567 89
68 100
318 59
245 48
34 7
203 83
605 74
378 4
356 66
414 10
502 30
88 88
115 10
340 24
314 32
302 44
451 30
400 20
620 40
262 35
434 1
10 24
313 26
291 57
22 13
119 48
7 83
257 48
593 5
536 44
132 33
265 93
313 63
394 22
385 91
148 51
93 35
103 69
87 55
591 69
541 83
145 53
442 71
304 4
201 33
517 11
1 64
26 28
240 42
98 24
589 72
397 78
282 42
327 45
134 45
464 28
450 27
119 39
425 25
30 36
21 96
275 21
289 2
123 40
269 78
82 47
124 94
179 11
93 12
146 41
610 100
342 73
177 4
318 97
264 22
493 32
460 48
42 90
497 44
104 16
139 40
236 47
280 96
583 48
39 64
296 54
384 47
490 67
224 91
297 68
584 23
277 39
380 55
450 92
289 29
538 93
303 25
531 51
65 98
322 56
194 88
49 47
613 81
451 68
198 59
66 37
263 47
241 45
185 11
538 66
552 81
376 91
630 97
335 46
555 86
546 54
514 67
91 35
106 92
617 63
390 23
61 71
186 45
356 23
507 10
53 44
417 3
164 80
136 15
611 41
224 94
425 6
196 13
479 84
433 75
141 62
69 19
57 88
566 75
153 56
284 16
81 64
571 90
339 68
259 21
284 39
178 14
449 25
292 69
424 84
376 51
308 87
4 54
100 23
201 71
389 5
560 15
267 70
269 44
28 38
37 58
342 78
255 57
502 3
309 51
178 46
467 51
232 32
215 81
55 74
535 78
556 23
92 72
253 57
290 60
398 98
72 66
211 66
320 13
281 93
525 57
546 50
5 96
134 24
485 99
29 53
260 52
571 73
420 18
420 15
365 45
277 4
433 29
631 45
109 38
627 29
513 53
220 87
187 22
176 96
69 62
255 26
218 7
500 97
572 88
98 19
481 73
478 97
16 63
522 88
353 12
594 96
355 46
531 79
230 96
437 60
512 91
525 13
366 18
38 71
232 49
541 23
152 94
211 17
283 18
358 30
616 36
545 79
624 96
44 17
216 59
626 99
272 86
490 49
422 83
197 18
449 92
15 71
288 21
128 70
162 86
167 11
137 79
309 35
236 44
474 22
328 24
329 25
498 23
366 15
52 58
352 62
602 3
456 30
567 83
366 69
330 67
455 70
211 63
386 31
343 79
458 46
296 15
266 50
155 91
386 80
412 99
386 93
509 2
554 1
304 31
263 31
589 46
245 93
360 71
338 37
387 51
68 77
84 74
559 8
631 23
266 28
130 4
438 31
437 14
402 7
232 15
622 20
545 64
489 54
402 3
620 14
210 98
170 15
113 1
472 30
9 3
451 53
401 16
317 45
27 40
119 26
29 20
160 81
53 63
259 5
296 59
76 71
133 77
599 44
598 33
434 93
508 72
376 75
598 96
202 81
514 49
125 38
84 76
302 18
306 42
469 30
317 87
210 86
588 87
18 13
438 68
390 79
455 22
358 54
454 11
394 31
209 33
446 50
98 91
375 46
401 18
347 7
103 6
254 31
3 37
358 77
556 58
318 39
186 84
298 8
383 76
42 29
532 84
608 21
231 48
242 78
67 84
302 11
132 66
104 67
350 83
582 9
501 26
124 68
60 24
270 21
259 83
212 77
504 81
459 54
382 89
568 36
299 55
108 39
173 45
175 4
134 4
235 16
282 49
479 46
393 77
294 57
438 2
524 16
70 85
464 83
510 76
291 71
303 68
517 12
292 87
115 61
24 77
313 29
519 57
301 99
423 23
27 98
625 31
524 58
464 61
318 76
319 78
538 94
591 64
82 98
392 90
208 52
262 41
553 92
82 60
17 81
34 65
498 100
435 16
55 98
538 21
317 20
312 55
474 49
272 3
59 11
304 67
334 64
222 56
344 92
19 14
91 18
17 88
484 49
338 58
237 32
177 13
101 42
13 37
409 77
41 9
261 24
221 65
351 60
402 78
421 95
300 26
17 28
496 63
235 83
476 74
456 80
172 60
514 77
6 19
220 82
39 38
231 46
600 67
161 58
195 1
387 76
469 79
285 36
463 27
85 36
499 56
103 90
593 3
503 64
335 55
206 15
522 51
437 60
246 95
478 16
534 79
182 44
435 17
65 87
418 78
507 90
383 44
202 56
69 27
309 40
606 24
512 27
86 43
185 7
530 5
376 16
252 26
394 55
624 84
210 99
75 38
172 41
395 93
78 73
393 55
631 86
192 39
523 34
211 73
215 73
409 14
593 70
233 27
424 67
204 71
616 12
225 85
481 18
237 86
283 43
379 16
173 20
123 25
339 55
362 77
184 84
394 32
483 69
14 24
83 41
437 90
480 47
106 71
406 80
357 64
531 43
116 27
447 20
621 67
297 28
191 84
436 31
420 77
348 14
524 69
370 97
467 91
628 80
465 95
243 17
356 26
194 99
570 88
12 34
239 21
61 22
503 26
159 30
140 19
499 68
600 62
353 76
551 50
236 17
50 86
454 88
384 12
541 77
425 10
119 35
619 90
163 32
250 73
129 2
122 60
139 15
382 35
320 56
618 55
268 19
134 97
38 11
401 5
51 73
630 11
253 2
631 86
159 26
26 67
172 42
477 5
96 23
437 68
345 15
100 44
335 74
269 44
384 100
273 24
468 86
223 29
461 50
528 92
117 92
254 37
479 53
504 69
43 84
478 15
330 37
491 15
43 59
253 30
528 81
95 9
613 22
176 78
80 79
578 91
571 28
404 57
544 18
610 74
543 65
515 50
127 39
23 14
371 31
462 61
429 1
462 5
205 31
390 41
91 13
152 1
493 27
216 73
365 63
312 66
541 63
233 71
317 98
371 32
311 98
524 75
372 45
438 57
593 3
261 26
499 39
196 23
133 36
442 74
396 81
259 53
60 13
142 68
129 8
384 74
343 5
618 99
375 14
102 54
356 48
15 79
294 57
12 17
158 36
150 74
210 9
145 7
161 33
119 91
553 95
57 68
349 56
184 12
415 78
399 61
165 10
369 29
181 51
613 19
464 55
509 56
411 72
115 91
526 4
119 65
124 76
97 91
477 91
485 14
512 18
256 68
596 46
107 87
350 5
200 28
565 10
448 94
443 62
323 5
452 96
581 23
27 5
555 13
504 30
78 10
592 29
262 53
542 31
432 35
472 14
362 74
150 92
448 86
356 13
587 71
107 40
576 44
28 42
591 100
453 39
312 97
87 80
13 22
488 26
369 9
517 15
617 2
593 58
605 97
374 75
229 51
291 93
162 42
178 44
426 61
234 77
515 21
416 7
399 59
65 74
172 35
113 31
333 97
548 20
196 77
367 97
410 44
601 9
508 30
556 79
528 66
400 27
569 55
510 79
606 12
60 28
126 7
425 70
317 2
349 66
354 73
513 45
23 47
568 100
494 73
452 6
574 32
415 74
551 35
370 27
167 10
24 36
478 13
323 76
477 33
81 30
169 72
464 30
410 89
116 5
238 68
593 93
621 86
284 42
209 49
289 78
119 84
84 58
360 15
516 82
432 37
102 21
501 31
507 54
3 63
79 99
285 50
556 15
3 44
352 70
328 93
27 29
207 22
104 13
74 17
92 68
586 67
625 77
152 84
302 82
162 95
537 74
82 74
515 59
292 58
204 64
450 33
458 39
185 62
523 98
193 67
133 79
543 41
387 81
375 1
443 88
450 79
590 56
146 56
565 23
276 86
426 41
589 66
336 58
32 57
280 100
179 97
435 40
514 12
154 27
345 97
442 8
314 52
236 28
20 20
394 69
512 7
413 41
415 88
175 53
467 88
549 91
555 78
48 32
8 60
176 86
628 46
592 57
493 19
51 54
160 75
201 100
547 23
598 59
19 14
624 82
431 21
579 57
367 55
425 93
378 83
37 64
536 98
565 94
143 95
100 18
210 95
10 17
186 54
209 57
343 73
334 32
389 42
48 84
44 23
586 42
212 88
123 6
202 19
625 64
9 73
9 76
236 75
450 70
504 69
347 48
567 53
88 46
9 44
540 17
418 34
133 69
4 1
630 43
199 6
92 24
482 50
511 77
46 5
359 66
224 4
65 22
291 48
429 84
359 6
505 54
68 63
565 24
313 79
14 99
409 44
90 33
241 58
590 93
103 2
549 15
584 37
336 65
189 5
362 20
330 67
423 5
549 75
621 37
431 86
521 84
8 76
326 49
423 2
396 13
416 41
274 28
206 82
119 2
241 58
210 4
351 55
298 43
575 94
432 37
604 29
125 84
270 79
331 9
166 84
500 52
379 70
148 59
363 88
423 30
367 86
428 4
67 25
632 8
2 35
99 59
58 49
6 72
56 19
210 67
545 4
216 5
533 15
171 82
247 90
532 4
186 54
321 12
273 78
575 69
47 11
230 76
431 40
376 11
284 47
304 56
119 23
423 24
31 74
291 29
491 30
379 28
336 10
511 70
259 10
465 3
9 12
324 88
451 81
315 2
507 54
396 51
591 23
624 12
130 64
9 56
534 95
199 83
83 87
319 28
614 94
346 65
534 23
587 23
501 100
246 93
411 8
16 53
570 33
246 13
136 45
101 26
403 39
19 66
625 11
56 99
498 76
430 43
331 7
506 79
1 76
363 91
114 48
249 54
8 55
454 24
468 90
535 23
250 76
160 95
545 15
602 30
61 24
415 45
579 3
75 97
203 18
404 25
566 76
203 92
275 69
312 50
138 98
464 81
166 17
575 72
378 9
298 44
67 53
175 48
167 97
528 63
229 38
129 18
81 12
301 56
353 41
273 87
607 90
457 53
414 76
567 88
139 26
478 38
209 1
592 14
111 17
380 73
494 4
335 5
616 17
30 45
105 83
442 99
240 3
216 98
489 32
285 26
429 46
47 57
332 67
6 4
349 47
111 53
460 79
31 61
537 50
196 67
51 37
75 13
58 25
269 24
540 68
509 36
476 55
476 86
519 9
471 52
230 90
559 78
464 10
594 80
531 51
446 92
304 4
483 33
578 62
302 87
303 83
54 71
53 1
293 54
560 90
309 92
553 96
435 47
171 71
616 21
302 33
81 9
603 41
232 14
364 44
487 71
213 46
591 42
313 50
119 55
239 99
172 88
5 66
160 25
535 54
477 22
511 55
446 96
440 7
330 27
371 82
429 49
189 86
344 76
7 2
331 4
96 87
374 85
213 90
309 11
198 63
258 63
569 93
258 14
378 6
251 31
77 65
447 20
36 89
294 78
497 96
54 51
525 88
619 78
603 76
71 48
616 3
520 89
120 63
534 65
593 8
391 49
431 23
320 88
431 11
226 45
466 70
329 25
248 93
470 59
208 8
218 100
491 80
75 45
589 13
5 66
470 23
320 47
357 54
222 90
626 92
442 68
593 33
321 94
37 39
216 75
397 19
255 11
350 9
269 85
86 97
460 96
269 86
75 92
284 94
190 73
563 100
288 69
111 100
419 66
345 41
83 95
215 64
238 19
159 33
75 76
541 36
62 24
550 50
156 71
509 62
598 87
222 36
564 35
232 30
76 74
515 6
343 34
618 9
26 61
89 69
460 58
127 45
212 28
273 72
308 5
631 87
173 84
202 99
469 49
602 5
382 34
370 54
401 78
314 37
305 80
382 99
588 62
181 56
301 27
279 100
199 85
305 30
442 65
69 28
464 96
206 41
183 14
240 9
430 56
438 9
182 100
329 93
327 97
157 78
603 84
187 7
313 48
270 69
96 10
521 60
202 33
574 74
102 22
509 53
594 28
289 22
292 69
623 91
99 81
424 69
555 24
407 76
551 66
15 42
5 95
235 96
99 96
397 44
229 38
551 37
212 63
1 23
604 51
126 35
328 16
256 85
156 48
226 100
31 99
615 90
262 3
250 30
607 78
370 51
287 86
78 76
591 27
138 33
274 77
181 81
225 80
228 61
76 85
536 80
72 37
183 11
278 92
378 64
611 60
277 53
605 78
219 31
499 68
42 90
269 36
7 70
489 32
68 85
399 73
629 82
473 42
253 92
323 38
321 66
352 80
365 94
74 55
367 18
453 46
370 68
262 57
195 71
286 73
309 35
96 72
103 98
450 72
171 61
210 46
314 53
537 94
457 23
576 63
112 55
403 81
358 69
227 41
557 84
226 38
116 37
347 15
343 26
332 9
537 49
127 76
418 94
299 67
230 10
582 6
100 81
357 2
275 28
298 18
468 14
340 52
171 24
237 88
551 4
20 4
395 1
100 70
624 99
20 87
473 26
239 31
140 42
282 23
286 53
78 45
454 52
236 96
398 13
568 22
527 69
35 40
620 28
143 96
249 20
166 75
459 65
522 71
244 85
413 84
279 77
34 41
323 47
146 78
168 78
41 100
441 99
436 53
492 64
65 38
485 47
572 94
73 18
22 95
35 71
432 95
599 95
272 22
468 63
600 64
409 10
328 58
322 42
532 19
70 20
42 76
414 58
59 31
369 35
200 57
151 96
54 80
71 100
74 16
19 72
311 77
514 95
488 26
496 67
159 78
153 68
612 53
571 57
374 31
373 62
452 97
376 89
551 85
630 77
52 20
85 44
625 49
301 85
295 57
261 2
65 75
191 96
597 56
478 9
404 28
111 65
490 9
6 3
368 97
326 29
589 32
235 13
37 30
267 67
416 48
340 17
262 96
457 55
225 84
139 58
423 30
341 81
7 79
39 57
194 69
548 68
628 60
461 43
474 4
615 7
221 82
317 86
417 41
407 41
95 24
507 28
204 78
549 5
422 60
194 89
304 50
364 47
516 91
483 7
119 40
489 63
431 78
620 49
373 46
329 13
254 46
89 76
310 76
602 74
258 73
389 75
465 99
315 91
586 93
394 22
309 22
221 36
619 21
134 96
620 93
531 76
148 78
522 14
504 25
222 91
388 76
260 33
215 85
320 62
536 75
601 41
549 94
336 40
285 39
214 42
81 4
404 4
529 64
233 50
48 51
588 23
207 11
62 99
23 100
72 78
100 55
268 1
61 24
614 97
265 26
315 55
21 93
85 58
403 45
79 18
209 75
92 59
628 24
291 45
532 66
93 5
594 74
533 76
596 93
610 89
370 9
220 74
482 3
580 62
243 96
155 75
416 83
370 44
193 51
415 89
97 68
580 98
17 83
602 74
126 3
29 100
540 98
566 15
594 57
520 95
480 25
314 13
405 60
253 74
593 61
378 7
462 2
320 37
327 75
572 20
265 80
10 8
