6768
426 76
1022 97
569 62
624 66
156 8
157 22
479 39
396 74
924 17
169 11
130 2
908 32
965 64
431 6
571 100
902 82
244 49
203 23
178 7
911 35
294 5
221 76
1271 86
31 82
903 89
635 57
881 34
1051 26
869 91
272 6
782 100
962 73
1158 56
292 71
698 81
151 77
1099 47
905 93
1130 68
373 14
129 11
145 93
561 67
403 28
429 20
843 62
343 33
561 63
1243 47
1026 99
1026 3
1122 73
686 64
665 26
982 51
305 41
903 92
645 55
1266 51
772 20
590 62
432 61
799 52
489 7
478 86
170 6
574 25
856 80
615 10
437 6
1129 49
668 5
304 48
225 68
158 17
1209 98
1287 10
677 15
660 56
958 12
1296 30
242 16
100 65
150 53
878 75
289 82
1036 45
1333 49
458 37
26 28
46 55
1092 15
1024 39
681 7
48 54
1123 63
404 52
368 49
411 47
237 39
1262 38
1105 50
740 19
963 51
1283 32
873 69
1014 62
509 67
870 19
161 28
327 2
791 64
32 100
171 31
476 67
1028 49
985 66
481 64
754 36
1094 100
387 96
528 78
556 100
593 63
843 34
321 78
682 52
1158 68
233 6
1136 62
71 9
939 39
371 40
257 28
32 66
286 89
442 69
1061 26
270 43
1276 11
884 94
496 100
1057 48
1204 70
199 95
441 22
425 88
508 96
106 38
943 57
556 6
310 65
898 43
454 89
1307 80
533 89
174 34
1242 37
409 23
730 77
255 83
1005 34
1030 42
818 47
186 66
180 87
53 20
176 8
603 36
223 78
1012 61
1095 53
1320 4
1109 85
1352 99
495 13
1282 50
1204 45
107 20
467 83
1345 73
927 30
409 31
707 23
999 60
1125 88
187 63
1006 92
52 19
516 39
1168 91
246 16
221 26
326 65
372 73
258 10
194 32
233 98
647 57
808 98
17 91
167 61
450 31
827 11
704 34
481 73
451 29
824 32
911 92
657 80
698 19
251 40
882 71
1018 20
375 100
923 86
1229 45
932 15
234 12
1316 13
566 61
467 27
597 53
1082 89
682 94
279 97
417 6
1275 72
106 95
824 56
925 56
65 22
339 81
531 76
503 2
659 52
1049 98
683 85
918 92
611 62
1148 40
1351 45
1113 83
718 68
434 67
83 93
477 33
960 99
47 30
702 88
75 79
866 47
256 37
326 39
696 95
915 100
210 72
960 20
577 6
631 64
961 5
751 87
1312 32
1034 71
322 45
354 46
144 6
1057 77
518 38
347 56
579 96
1294 99
170 61
1151 98
609 38
14 56
527 34
1280 47
780 83
933 50
1112 66
473 25
359 97
874 91
459 81
776 27
1121 14
858 60
443 51
3 35
1201 44
1211 98
316 50
918 88
783 70
584 33
977 89
532 70
452 90
441 83
779 87
895 21
494 52
626 48
994 78
191 30
1055 22
633 88
707 36
479 76
205 98
131 18
1346 22
1336 56
577 3
1236 43
481 93
1273 44
1227 100
1149 42
1321 93
395 17
109 86
1348 52
836 53
988 32
689 31
26 30
357 34
1148 60
322 13
26 52
371 50
1168 87
327 72
358 58
338 75
217 70
700 94
1282 80
476 76
298 75
378 11
609 82
231 75
912 38
84 47
552 31
518 44
454 31
206 34
562 64
625 65
699 100
284 36
110 50
90 69
89 65
872 87
142 60
272 72
972 35
787 31
1313 58
136 90
457 90
1236 69
395 7
251 18
682 81
21 67
1003 23
1163 72
847 23
1263 27
950 45
528 36
807 4
310 76
383 72
843 80
1065 45
1088 29
817 48
254 93
33 50
126 88
213 9
1296 57
144 59
442 45
611 50
1145 53
447 33
989 23
817 74
79 94
528 13
780 8
341 44
848 7
679 74
180 85
58 45
609 61
550 39
392 49
566 34
563 10
608 95
715 57
32 37
998 19
545 84
1131 2
1050 29
141 34
822 36
288 33
451 37
894 73
188 86
190 31
345 57
606 68
714 69
506 59
95 2
813 71
575 70
1017 36
1014 22
1237 65
360 6
96 97
772 64
1213 1
462 59
463 2
843 59
956 81
194 20
1000 5
215 55
883 38
1138 89
607 62
1329 68
319 60
143 30
1074 12
1129 96
58 39
188 32
1350 38
643 24
279 1
852 98
688 57
781 60
1215 58
305 27
1136 16
995 30
354 36
701 20
410 24
178 78
109 9
1341 96
657 46
384 9
947 36
299 65
1245 7
886 45
931 19
1253 22
665 10
1049 95
1319 16
464 28
1325 35
1155 46
954 48
1 28
1037 29
1061 67
1251 4
118 76
515 36
1284 49
1004 26
228 57
181 100
67 34
1353 93
178 62
1170 21
519 46
257 60
866 74
1346 56
144 87
1236 85
1073 40
101 21
1000 56
216 53
477 55
876 41
485 79
702 50
1152 80
454 33
1043 76
595 91
1162 1
727 35
285 54
1102 32
227 87
1217 34
1129 12
512 87
398 39
229 8
135 14
32 96
292 44
442 22
358 96
133 23
1158 76
812 37
476 31
236 46
193 38
1164 71
836 46
170 76
611 1
223 27
86 39
835 58
620 62
17 89
1281 4
15 66
744 35
997 63
86 73
581 8
1187 14
1272 59
114 38
1204 69
719 21
1088 50
21 73
549 98
71 55
152 18
920 50
475 60
211 72
1043 55
422 4
653 52
956 6
1277 60
541 51
1292 87
1009 70
430 57
193 90
260 2
881 77
863 69
196 10
346 43
711 29
1343 51
673 38
143 26
1014 13
1098 97
41 45
287 50
678 95
1290 42
1325 63
143 52
292 84
795 64
1153 26
687 60
17 61
324 92
678 67
1123 34
125 77
990 70
249 11
307 98
146 64
1318 3
186 42
163 51
767 96
897 84
177 20
1161 71
432 29
548 19
130 75
612 42
734 72
359 24
1238 1
863 90
1058 53
158 15
138 35
727 11
854 32
104 39
521 83
1319 55
51 38
1332 63
931 43
1138 23
101 37
1284 46
1300 47
897 79
444 96
1221 58
1063 14
988 37
401 65
1344 83
242 22
346 14
962 15
440 9
842 38
815 27
1174 79
1326 87
249 35
1238 46
590 26
186 63
742 6
107 72
385 7
918 16
514 82
185 63
912 89
21 53
735 8
233 72
31 42
1243 100
837 66
765 52
549 68
308 85
503 34
920 58
628 93
438 7
852 21
1243 63
1151 80
1339 14
1235 49
46 90
994 48
1102 53
394 65
865 72
605 56
984 83
1146 93
865 62
770 38
189 66
494 74
117 73
743 99
1261 29
526 98
878 46
819 89
1232 12
685 77
742 3
628 34
706 12
180 72
963 81
1026 83
1046 83
641 10
483 40
1199 83
630 99
593 3
1265 55
716 36
324 71
636 49
1072 54
1068 60
983 31
889 76
1235 48
1117 100
512 45
579 35
889 36
1111 15
671 40
335 67
216 1
160 53
736 90
861 40
586 87
731 37
518 33
672 44
1315 62
419 76
1080 28
359 73
1310 52
1247 5
1184 48
665 25
775 11
1072 53
1352 26
1269 39
258 80
440 28
1302 58
1237 51
216 3
494 17
839 87
1121 78
352 18
976 75
618 18
578 89
632 49
876 80
191 85
1251 8
410 11
418 73
61 19
675 67
393 2
1047 49
1018 10
738 11
332 76
1189 50
161 4
702 57
374 68
97 35
1113 48
533 3
526 42
420 79
1098 54
554 17
1120 17
1309 62
1163 74
1207 86
13 94
1167 79
806 35
338 71
1261 20
769 14
673 48
394 33
297 88
671 2
167 53
759 27
216 89
898 93
1321 19
153 23
1178 83
1262 79
681 92
543 69
194 21
368 100
1048 72
1253 56
1013 97
452 26
666 26
14 53
387 99
480 4
882 47
697 9
1338 62
523 93
1275 11
551 84
107 51
167 60
1075 29
697 54
1308 26
820 44
1047 81
430 21
113 29
410 21
611 2
269 19
223 41
134 55
433 23
522 29
632 94
188 21
785 26
256 100
656 4
1137 67
692 45
1278 15
517 67
181 84
21 45
552 11
1228 3
996 91
1101 54
1171 7
1216 79
391 5
87 97
84 98
164 86
103 91
260 89
72 22
202 82
975 80
225 6
44 66
754 88
694 84
979 78
286 96
380 88
802 74
868 85
409 18
1222 30
533 14
156 59
398 37
1307 80
720 20
1085 31
104 7
939 91
185 18
748 23
329 49
1282 37
189 90
707 85
609 72
776 42
979 50
1322 98
270 57
789 33
1281 100
204 32
1049 92
1130 16
476 84
332 51
1263 74
411 92
412 12
1113 5
600 46
15 88
1072 12
1279 93
941 6
616 18
1125 36
696 36
1248 3
1267 76
286 83
825 16
1128 3
646 77
501 36
154 99
660 80
1021 2
462 48
370 91
81 90
563 71
33 54
462 46
913 99
792 8
471 29
837 17
1008 69
1064 57
1205 98
120 29
607 98
304 23
263 86
498 8
1227 65
209 18
1132 89
694 6
787 20
684 29
154 99
1082 58
606 4
172 3
51 92
202 74
437 27
961 8
644 24
826 27
640 78
279 45
492 97
455 6
643 2
110 24
901 34
1306 47
1256 56
218 39
566 71
85 95
937 79
1291 33
17 40
536 62
741 34
943 30
669 21
601 55
909 100
361 40
1017 9
341 85
733 88
383 93
542 5
811 95
836 61
981 50
1100 11
574 94
1075 92
507 81
378 60
810 85
1177 88
458 16
783 81
534 66
960 85
581 3
1128 5
370 88
490 58
397 81
404 100
951 27
184 40
850 29
1112 26
624 88
1200 54
399 61
1006 18
745 45
763 64
1313 19
803 51
451 60
708 31
346 81
277 95
743 16
89 24
1204 87
109 97
1248 35
51 26
648 95
928 1
96 77
1010 62
1252 73
581 80
756 27
573 83
457 58
402 48
1027 8
394 9
995 80
108 83
514 58
383 77
1143 68
523 70
138 87
603 46
567 27
806 50
975 59
577 69
105 49
899 92
1243 72
370 56
206 30
284 50
1047 72
1136 88
493 88
766 31
1095 31
276 64
395 14
350 69
199 4
445 51
1195 22
523 52
67 26
45 48
69 89
1262 32
1278 1
890 51
378 73
987 30
1154 97
508 75
560 70
851 37
1186 56
1211 38
463 37
1073 94
578 69
140 43
825 85
210 69
1304 80
58 100
323 82
1184 33
989 2
855 14
1016 41
90 22
1136 11
591 29
566 81
1335 72
191 83
694 14
1330 3
883 23
33 57
926 87
408 84
336 75
998 10
73 14
221 73
1282 10
470 14
197 17
119 56
11 24
695 14
377 32
359 74
81 53
276 55
279 59
125 21
692 73
287 8
111 93
514 83
36 38
620 49
226 81
184 15
584 94
27 88
236 30
1302 12
1224 22
709 23
1351 46
1303 99
593 91
440 36
49 17
356 47
381 68
1102 84
825 93
148 15
588 82
178 90
1018 58
554 3
340 21
498 50
215 46
1256 48
411 87
880 45
86 59
987 82
607 82
462 1
1345 62
478 63
527 61
513 63
1163 25
1280 68
333 34
136 63
921 90
342 76
709 87
520 17
184 97
1163 79
839 64
56 69
1215 70
1283 16
1346 97
665 43
670 6
366 37
1304 65
1061 38
1307 65
1300 85
616 45
1176 25
860 23
811 25
573 31
756 84
773 29
1079 2
73 32
1216 26
263 56
669 75
862 37
726 85
203 67
152 13
1089 99
554 92
122 84
194 59
1171 4
1337 24
958 96
690 61
827 50
1183 82
1342 17
1279 95
136 32
326 22
603 96
845 64
335 61
410 69
494 20
868 84
1157 50
469 4
317 37
1328 38
235 46
301 40
845 73
713 21
769 91
1271 95
891 81
960 10
1158 15
741 13
960 76
1201 36
482 12
226 58
796 93
52 61
1193 91
491 18
616 99
52 80
302 64
312 28
881 13
948 86
839 92
1325 53
356 70
506 17
888 89
863 90
155 84
790 21
1281 67
856 64
258 53
1204 65
433 34
948 90
1098 96
680 26
777 56
110 85
380 5
232 88
66 18
1188 20
223 30
326 34
345 11
106 26
388 37
988 57
968 31
1003 74
252 77
1019 34
280 1
1020 3
1203 65
944 4
171 25
271 64
874 88
1290 40
586 68
566 55
859 91
898 61
1344 34
1040 67
966 93
835 59
918 78
1143 61
1318 13
217 90
366 60
233 84
1015 7
471 21
546 95
887 14
575 52
237 100
207 87
525 96
1069 90
1171 69
615 13
361 23
409 7
202 41
698 96
426 48
1144 78
938 22
540 17
1000 44
711 71
246 1
951 43
117 28
1182 53
920 31
1107 78
461 32
1134 57
1183 90
1147 94
970 8
459 87
651 69
673 58
231 11
1308 45
690 31
947 3
805 83
1291 88
119 87
1012 49
584 58
984 30
1179 79
135 20
760 55
1004 64
1301 44
562 51
140 88
340 15
614 23
373 62
1213 51
1036 63
1276 88
985 36
355 13
1260 82
750 93
242 22
205 56
285 72
1034 92
412 1
1327 25
1181 99
475 62
1037 56
1120 81
1255 93
1069 78
652 23
126 64
92 85
959 6
1291 80
804 44
1103 30
986 64
231 75
18 24
1199 75
1010 57
134 20
743 98
385 45
213 27
461 47
647 14
821 62
585 93
451 63
433 57
800 69
313 89
148 11
5 38
828 99
630 98
167 81
1054 6
849 62
424 5
528 11
94 66
245 53
1186 42
761 35
903 70
168 60
1146 69
315 54
984 100
302 31
1315 48
867 1
907 91
901 84
879 82
989 54
1122 33
607 71
481 6
72 69
655 71
913 37
1339 92
770 16
700 66
937 67
754 13
614 98
494 48
766 63
22 12
208 58
369 71
568 9
1176 66
26 91
741 89
464 28
1119 60
443 17
622 99
434 58
287 73
1201 81
195 53
119 90
229 86
1101 36
1187 93
997 59
954 61
482 25
1215 70
1250 31
525 26
821 88
446 16
647 23
222 76
422 58
282 1
1327 84
458 55
74 10
107 30
1073 61
528 33
632 3
600 41
1197 9
395 29
386 37
1252 99
13 36
647 1
1153 75
703 91
1104 76
1098 61
1308 98
800 21
718 65
1263 76
239 88
29 17
1272 18
321 71
466 27
6 69
586 95
1052 73
281 1
1041 68
59 61
945 69
654 79
539 61
544 14
1127 26
941 67
1340 69
881 75
208 7
1287 65
618 61
1230 40
1078 67
533 80
1225 78
566 68
692 21
459 74
939 62
1061 48
1138 45
206 28
201 57
561 78
485 22
147 4
683 54
1217 64
1315 69
902 80
1265 25
1173 81
1191 38
265 22
786 33
260 18
1001 74
602 27
879 25
1341 35
834 76
1122 8
1014 51
1321 96
815 16
560 96
451 29
202 79
624 10
42 1
419 5
295 83
516 96
1163 18
1303 5
209 72
318 54
938 15
1254 1
350 81
179 35
791 45
260 61
455 100
532 74
572 16
1191 79
770 57
450 84
56 38
181 49
1302 87
668 48
1347 19
743 56
442 42
1127 66
683 58
516 74
46 94
1245 35
359 44
733 58
32 2
316 46
693 52
550 98
343 41
836 78
311 93
1037 62
514 6
6 47
358 16
813 67
1313 25
919 34
670 40
395 100
1216 92
663 94
934 10
266 28
737 63
983 54
934 43
834 100
1252 22
1113 99
567 55
197 59
16 10
452 43
1 8
335 95
206 11
257 45
260 79
49 83
1314 99
74 74
156 4
326 10
877 96
806 11
1066 48
398 1
869 23
564 87
1274 23
802 12
1262 71
923 6
977 25
80 21
878 15
8 87
963 4
667 17
1293 24
376 64
844 22
716 3
776 33
1312 19
618 64
341 52
569 46
6 79
856 65
966 26
64 77
1075 79
940 82
931 95
1020 45
85 22
367 34
1253 27
85 62
226 72
412 58
699 19
552 79
978 1
462 53
367 94
1221 97
202 22
213 88
563 77
741 5
969 15
409 73
1089 83
1072 18
478 10
1025 31
419 63
210 16
317 26
1053 69
878 90
312 1
1344 37
866 57
1226 100
449 1
1218 49
351 83
638 12
876 1
865 7
237 81
737 30
777 79
1009 90
276 32
1314 27
289 87
625 53
794 15
271 46
251 58
884 80
763 80
1249 33
458 18
946 34
1161 13
1337 69
628 100
307 43
564 38
405 58
749 40
1130 90
787 33
563 48
1087 42
1334 70
1304 39
251 29
1075 62
701 71
927 35
1032 91
292 9
630 49
1197 2
572 18
1274 14
1078 78
1286 9
53 65
706 38
492 15
1008 39
213 18
172 48
1079 78
636 32
329 40
114 76
923 61
1091 49
668 73
276 34
131 78
941 64
180 75
845 20
831 57
123 13
764 81
928 55
644 95
111 98
397 64
573 9
115 87
1030 99
377 94
349 32
1136 63
680 88
546 58
20 82
1241 66
996 60
931 96
657 45
272 46
576 57
655 40
1334 64
575 76
386 74
106 75
575 57
72 73
1040 47
526 12
701 93
671 50
817 95
107 7
1085 18
1228 33
855 17
1324 35
150 84
328 26
107 46
1285 45
1204 38
488 7
360 35
1016 92
959 26
68 15
1116 60
26 14
54 57
583 2
754 3
922 93
370 70
1055 47
1085 60
695 11
712 59
385 75
896 53
592 18
1210 58
972 21
705 94
9 22
1146 11
96 73
246 91
1332 45
303 24
371 86
1125 32
502 30
1277 93
1003 55
467 22
478 80
992 63
1114 5
633 69
1165 100
132 98
489 68
1056 43
488 73
1163 29
184 72
1066 52
327 83
1203 42
66 38
1005 19
1020 38
431 51
295 88
321 20
194 23
597 36
1313 98
1179 36
488 99
1105 86
930 55
525 28
52 53
1232 11
1240 79
848 93
869 14
998 26
964 93
776 73
643 12
668 62
1270 54
323 6
896 46
325 7
1205 31
516 35
736 65
140 36
824 96
1171 64
812 59
1289 67
815 40
1089 52
231 13
424 61
1138 50
1040 46
417 23
286 34
1056 60
448 97
1199 33
76 58
151 52
1305 31
648 16
724 66
779 83
895 68
462 36
1280 83
23 41
710 7
1164 49
672 44
308 24
1188 45
236 98
519 95
810 37
910 71
534 87
847 98
793 16
1265 9
1026 12
6 38
822 7
40 40
458 71
545 17
463 71
914 68
1168 29
181 22
648 56
481 51
63 41
1098 75
1312 96
629 54
602 76
18 84
45 87
111 41
357 17
532 100
1234 78
377 11
1310 47
1215 74
504 82
27 26
738 78
513 89
959 19
878 24
758 25
10 70
895 8
236 41
880 64
173 39
908 86
205 61
1060 91
879 61
250 2
502 95
736 6
9 13
365 19
1114 26
1106 55
262 79
1087 92
1019 56
1189 27
1208 27
766 4
733 71
735 93
1000 2
277 94
1297 44
359 38
1140 11
89 11
1000 73
244 36
1181 42
228 30
151 91
44 79
625 91
1054 25
711 78
219 52
783 41
14 53
827 31
1143 99
117 26
470 72
386 95
501 87
169 72
1239 83
414 52
223 80
519 43
993 25
38 87
1139 9
292 66
1185 7
147 49
447 87
950 1
1243 18
942 45
717 96
231 83
1197 8
1166 11
839 15
1220 31
444 33
156 86
1228 54
687 50
1068 12
888 59
255 65
185 39
1117 54
710 68
385 85
24 10
1238 18
1159 56
329 12
563 31
707 80
978 86
495 82
1099 53
957 19
1231 63
181 32
343 98
1155 73
304 98
666 70
1344 63
1328 77
486 46
517 10
1088 34
261 29
24 3
1206 36
763 71
66 74
1205 56
402 39
1080 26
230 20
1119 29
507 44
46 81
617 42
1260 21
82 40
911 3
585 42
368 92
188 82
594 46
781 37
132 93
143 66
450 37
641 54
110 72
242 87
498 93
691 16
1261 54
1302 63
1024 14
656 88
542 48
1303 79
387 61
654 5
709 63
895 25
720 67
1214 35
225 84
455 36
145 81
305 28
1120 48
118 90
375 69
158 62
774 93
1281 2
1141 93
969 19
471 29
144 82
898 44
1274 31
104 34
813 92
769 66
177 83
1063 21
118 62
1117 4
850 22
485 59
1188 42
1035 37
262 44
399 83
391 37
707 45
99 14
890 46
490 51
827 28
585 18
1127 84
719 42
846 76
1243 81
1317 47
1237 62
291 53
484 15
552 94
1311 24
606 90
857 7
717 3
87 59
1083 87
1169 41
535 83
1281 28
114 13
86 33
1154 42
273 47
1179 8
215 89
408 95
1298 27
454 5
1106 18
91 84
1287 29
385 56
669 8
280 4
223 82
1046 70
755 68
355 48
14 35
1163 54
1044 8
1351 82
220 77
434 46
569 97
249 60
306 38
364 19
227 79
964 69
693 29
801 29
1135 83
1063 2
1096 48
997 37
457 99
1097 44
918 36
432 94
1279 20
1072 12
1055 61
1244 73
584 28
1053 78
289 99
321 57
494 36
1155 34
252 20
287 9
1042 95
390 71
49 19
852 74
578 79
312 100
604 54
1048 44
1134 32
715 23
619 7
244 42
936 54
612 74
661 75
467 46
195 88
270 15
1124 70
184 57
1102 88
5 9
1350 86
192 86
95 77
367 95
870 99
533 93
851 100
226 74
924 18
847 71
206 17
270 5
1322 78
589 41
1294 33
534 33
685 27
38 78
126 70
1040 67
914 70
1115 67
264 49
1255 50
1075 67
270 78
368 81
432 76
1190 40
26 60
710 64
197 37
644 53
16 23
1236 19
917 80
464 34
479 64
833 94
361 48
1266 90
622 98
1134 27
1325 20
1179 82
325 55
1031 93
436 89
264 87
541 70
858 50
887 16
511 48
1342 97
339 35
1174 69
1230 23
495 99
334 57
132 55
896 73
587 32
57 95
1222 87
642 34
775 42
925 46
711 80
1036 76
81 48
987 68
79 61
434 61
1245 89
201 6
926 36
352 64
904 54
713 56
4 63
487 31
578 55
193 33
986 18
258 68
1158 62
918 44
532 25
948 1
235 53
751 49
101 73
448 100
1213 8
152 12
236 69
35 74
1351 2
669 55
895 1
766 48
34 18
441 96
1094 15
959 66
408 85
743 99
679 27
1095 13
658 26
497 94
858 60
994 3
346 66
820 69
82 54
666 15
924 13
954 88
851 71
94 93
817 26
140 19
284 81
691 57
900 2
1089 26
250 36
767 2
330 79
642 86
396 75
1150 78
1343 28
1164 58
774 14
667 26
690 79
813 47
1003 44
1279 35
745 38
68 93
1189 25
286 95
378 15
816 65
692 12
1230 32
444 58
944 25
369 6
548 64
1302 92
1341 35
221 8
227 49
434 13
1236 32
115 7
1112 48
445 18
873 32
141 17
331 44
456 2
262 66
538 39
603 42
288 25
471 69
166 44
245 57
649 75
1034 4
7 33
714 15
60 52
724 79
259 20
1315 17
72 11
845 76
1055 26
371 60
1123 56
739 100
843 89
244 86
43 5
927 65
473 16
836 44
1016 19
97 81
365 43
910 79
1350 78
378 21
1264 35
943 23
672 73
1047 87
321 95
941 96
1248 31
1185 66
121 77
57 90
146 79
968 32
605 22
1224 84
226 22
1174 49
887 21
617 93
1293 34
230 98
395 17
996 68
668 9
350 19
978 10
797 52
995 91
137 62
663 20
722 50
381 42
299 8
131 99
1067 80
1330 34
663 93
665 76
446 99
1062 79
535 87
54 42
957 33
52 79
552 41
1344 80
1243 37
425 84
697 82
701 2
285 97
781 15
1080 89
655 76
182 36
721 11
1330 9
557 86
1273 35
383 77
700 41
714 44
1273 14
907 75
1056 30
1112 48
246 8
410 68
169 85
1044 24
646 44
1037 94
291 40
558 5
713 79
107 54
1018 9
720 13
1220 22
1286 10
1029 89
1013 36
1209 92
813 31
816 62
90 43
1199 7
854 96
1073 22
446 69
713 33
836 67
1234 58
1157 97
834 50
398 88
45 65
425 10
109 62
111 93
758 93
31 18
1256 95
650 91
192 30
862 43
951 23
225 80
716 50
889 8
689 20
804 5
1222 45
579 87
161 65
1034 14
1024 1
646 68
47 78
773 95
364 49
218 50
1205 80
1131 77
75 72
205 98
641 21
862 69
277 6
416 96
707 74
48 13
1284 32
888 20
876 94
994 80
1292 80
435 65
475 54
248 17
354 30
1348 32
617 48
158 69
1319 29
734 98
560 7
1275 43
482 66
1234 59
82 44
1324 71
242 73
604 1
376 71
558 41
933 65
1259 15
1104 100
1270 8
1343 80
165 41
442 7
66 98
1070 62
169 48
1346 89
1103 6
672 87
267 53
318 14
1250 85
789 67
218 45
573 97
1240 75
467 21
1151 81
567 52
522 84
242 43
119 34
523 10
878 66
167 19
1264 79
1088 88
596 80
8 15
124 50
720 7
711 15
539 70
655 44
1321 14
741 86
421 80
1224 72
843 17
734 45
247 35
1256 23
107 92
620 97
496 35
430 69
81 99
893 8
897 98
905 3
971 5
1154 74
926 7
94 9
300 100
233 13
729 23
1193 79
47 13
11 47
1098 12
729 71
1259 1
1058 20
111 58
613 1
1347 67
580 89
1288 50
349 7
285 51
1 9
332 39
1249 34
132 65
673 30
1297 6
335 59
103 76
445 96
719 19
994 68
118 26
748 9
1240 30
28 69
1160 88
1247 55
19 12
266 60
348 64
334 94
58 93
103 41
226 7
251 81
447 57
276 64
1127 14
821 28
259 85
444 79
381 46
951 12
808 29
324 51
368 3
823 48
584 17
30 75
1319 58
134 25
794 42
657 3
1284 24
418 10
99 62
1158 93
597 24
661 90
1258 26
913 90
654 74
957 77
647 2
551 20
502 81
842 82
783 60
994 43
700 69
793 70
589 14
939 49
479 74
205 69
222 60
833 30
69 90
545 9
1304 24
1227 35
627 45
1324 81
1000 31
170 34
659 46
820 72
299 88
358 91
1312 38
1161 47
270 64
1197 19
169 10
761 39
135 88
966 62
521 13
699 54
1265 58
1219 86
674 11
884 81
855 44
393 42
830 80
310 55
112 8
1250 88
1192 41
1038 8
1312 48
946 23
550 74
176 60
715 95
128 84
636 45
344 83
139 32
540 59
953 37
1333 1
1067 27
708 38
231 82
913 4
1085 58
1282 45
245 98
120 54
205 91
1135 39
101 13
762 90
1236 97
118 8
1226 57
240 36
1146 64
1034 8
698 2
1134 73
570 96
434 25
1145 35
1176 30
347 91
104 33
397 82
392 11
682 7
882 29
757 4
739 12
1281 2
114 67
956 78
1013 12
593 24
1207 44
1215 49
202 59
682 56
310 27
1321 78
936 70
512 84
603 80
116 2
975 58
829 82
890 46
400 82
368 23
960 6
742 53
491 66
106 7
1043 55
391 54
1063 54
1268 66
293 44
1049 21
877 89
1061 85
609 12
483 4
1342 83
1189 46
1052 75
355 13
406 50
874 91
533 31
170 11
1250 39
1033 73
769 78
764 76
970 34
552 4
879 57
348 57
1028 70
427 34
643 61
1054 27
397 36
396 47
646 28
948 13
471 21
66 11
1164 65
700 13
423 39
735 23
760 25
1174 9
1122 1
206 83
1280 47
1123 95
252 89
139 54
176 14
448 84
836 34
1133 40
1336 41
1221 6
1346 65
727 84
107 13
565 42
675 42
558 75
113 34
988 26
317 30
703 54
958 20
746 80
255 73
1286 13
933 71
787 11
1093 73
1157 21
1034 84
425 55
179 2
605 7
1307 74
620 65
431 62
857 42
1251 78
400 56
1056 20
516 28
487 11
485 71
1223 54
355 48
108 81
1233 90
1021 36
1228 91
784 82
524 64
358 75
493 76
188 68
972 42
21 7
652 48
435 73
283 14
664 85
579 37
708 10
524 17
782 64
1167 35
1100 23
491 26
1214 25
1308 17
876 92
205 82
722 32
96 31
441 57
1014 63
1267 100
1331 56
550 53
1188 32
369 73
734 73
1241 1
56 60
242 36
8 5
1286 16
903 44
387 84
470 45
1027 18
1069 62
813 27
357 26
