6498
1163 1
33 24
316 17
165 82
30 85
1048 70
1017 90
1207 65
289 60
540 65
1201 60
122 59
648 19
193 92
651 2
756 4
674 97
142 11
671 75
1227 60
1206 14
1100 19
1247 31
464 44
1 53
348 69
1040 11
35 96
689 53
853 16
571 6
1239 69
59 29
1135 4
383 23
14 2
458 97
1132 40
819 27
564 21
1287 83
718 56
190 26
522 56
364 85
1032 7
1051 26
500 53
218 24
812 28
22 67
201 89
379 96
1058 74
840 13
591 29
766 87
1132 21
1197 8
690 26
545 89
102 22
901 62
322 89
1086 65
916 49
709 68
538 65
471 39
57 70
363 61
5 43
996 54
1144 14
1197 84
331 96
946 2
72 37
427 66
615 5
598 50
541 86
79 23
1116 89
498 23
566 63
616 50
68 41
701 12
813 88
1278 73
678 13
509 3
577 44
847 12
1025 84
935 40
886 45
44 16
199 88
1168 53
622 38
285 19
1025 51
376 57
831 39
528 80
1010 46
693 27
78 31
880 29
1109 73
293 78
629 18
322 95
575 95
864 3
950 72
533 47
730 78
1183 15
216 10
1270 4
659 70
262 88
205 33
16 56
991 64
1247 76
1104 58
548 14
398 24
269 99
1102 81
1086 88
183 13
251 8
68 66
872 74
902 67
1123 7
640 28
716 100
635 93
1018 57
38 13
543 47
731 91
192 46
100 73
747 56
551 84
992 42
34 43
457 34
864 3
1224 7
477 35
379 36
538 99
923 85
130 54
35 80
1245 2
929 91
1050 63
699 64
888 60
602 63
295 52
605 34
253 100
724 80
541 19
297 32
609 6
1185 99
232 47
570 63
1236 69
779 96
433 68
686 14
235 6
967 25
1043 58
133 60
1047 43
935 39
632 65
451 24
852 55
312 20
232 57
344 10
924 74
408 81
1288 58
694 16
602 75
494 27
438 32
625 95
611 93
117 75
539 10
305 44
771 43
618 57
1245 70
960 83
1132 17
1127 47
310 36
1004 78
1139 19
918 94
777 11
1192 16
1163 52
484 100
1166 31
34 38
1047 5
171 47
865 85
203 78
1082 6
1255 89
531 33
773 87
882 64
548 59
117 93
686 60
1028 86
28 21
562 18
121 58
674 83
865 40
611 23
541 42
1264 80
1220 92
938 26
1130 30
343 49
195 83
1031 34
545 79
1209 82
300 36
571 72
148 54
199 57
355 60
1022 66
527 30
1001 69
194 19
139 24
936 10
1256 80
1216 51
294 88
1096 75
1032 12
802 89
1146 27
869 96
1095 41
1100 85
578 7
641 32
828 25
922 48
434 24
134 91
915 10
233 72
460 8
96 99
485 1
961 57
321 47
357 92
16 23
1237 73
262 6
1080 55
13 6
797 50
1167 70
1245 14
336 87
800 8
671 85
729 74
967 73
120 91
1149 96
784 3
158 23
126 61
543 25
635 49
770 7
517 51
662 98
1293 3
1293 52
733 97
915 2
619 80
970 36
506 4
1203 69
902 83
467 28
890 14
288 86
454 18
1092 89
803 16
781 80
146 14
796 15
165 58
433 5
600 68
1135 98
906 55
1118 53
607 100
1127 57
1164 26
1196 68
1013 21
1131 43
67 91
1181 42
904 75
1025 83
472 28
86 48
497 54
123 2
645 71
1298 68
77 66
176 75
279 3
475 88
988 96
365 12
1060 45
106 17
1076 54
821 12
1057 29
40 28
312 14
1110 91
110 18
1000 94
605 40
654 89
251 57
1238 76
691 53
407 59
483 31
215 31
571 92
1100 64
755 100
929 100
565 58
352 47
2 2
177 18
623 73
1254 74
29 73
1291 11
513 85
1024 91
859 86
478 73
369 14
930 19
1088 64
631 60
53 78
273 31
389 92
1196 19
79 78
903 79
83 25
1009 29
1229 36
1047 16
636 87
1093 49
41 26
445 19
786 19
428 6
410 54
619 89
416 25
173 7
835 97
1007 4
28 28
238 78
706 63
964 71
436 99
405 25
1266 91
253 40
489 51
1101 39
397 34
900 52
171 51
690 2
1092 82
1077 19
163 72
501 36
516 63
1034 77
776 51
1227 65
6 92
136 69
904 6
1073 74
984 71
1051 85
1227 54
1003 51
767 7
596 84
876 92
322 20
138 6
1084 59
775 2
821 28
595 91
1139 84
895 19
221 77
1134 70
489 6
1067 74
955 83
337 33
571 82
37 12
1015 63
83 97
1234 85
1024 22
1276 36
820 98
494 31
1261 60
20 43
1221 49
102 86
1205 67
1250 74
973 23
685 90
710 72
1080 60
469 59
352 85
1080 19
1040 37
77 76
1091 13
213 100
721 82
1082 19
1136 1
197 22
1237 61
1289 31
1087 3
489 82
634 82
1126 25
1040 92
1115 28
1135 4
467 89
1117 97
100 38
976 20
6 58
1037 30
133 17
726 26
439 38
997 51
476 22
963 60
285 6
1086 81
920 21
1180 74
1183 27
1084 9
962 46
214 35
1290 99
217 94
767 64
766 74
1162 24
364 16
787 11
1165 11
160 73
811 26
361 63
183 94
367 50
702 19
1216 40
689 49
1053 23
702 42
1243 25
887 2
816 23
980 28
1200 22
805 10
639 95
1297 81
998 24
72 38
184 99
558 85
519 53
350 51
956 34
954 60
1111 40
86 38
1195 16
797 19
1095 48
1276 72
887 65
1222 81
171 44
889 73
148 74
317 59
1129 73
891 4
25 34
934 54
338 50
167 63
362 36
1004 38
1274 40
1045 8
646 92
43 22
1026 49
850 82
1119 68
16 90
480 27
308 36
380 20
155 13
823 64
1043 88
353 33
311 42
16 30
494 91
4 90
1164 30
1205 66
326 10
534 58
1292 55
421 50
1183 70
422 43
548 67
901 17
631 99
1297 95
1129 40
214 75
1126 71
305 44
389 47
1142 90
820 29
684 8
197 84
1100 21
211 88
1090 100
192 41
1266 41
364 71
703 83
354 84
180 61
358 56
1162 23
1270 88
254 100
242 74
1172 59
331 69
779 25
906 92
401 53
1054 73
697 51
208 91
1273 54
334 93
1099 90
272 34
670 77
379 44
1240 69
18 15
835 13
905 82
1092 98
1144 42
1131 99
375 11
1158 9
529 20
1170 41
354 10
141 93
216 35
436 48
1013 15
601 21
196 34
122 83
1007 28
509 5
755 95
222 20
838 13
989 52
1172 99
848 47
624 68
668 31
509 40
689 56
596 17
1051 4
1171 44
38 84
388 96
701 52
723 43
1216 55
405 15
469 21
213 37
470 76
1000 22
292 37
864 97
1007 69
30 11
1257 19
776 56
858 42
1140 24
233 43
1135 8
1151 94
1171 29
662 45
39 8
342 32
275 79
643 40
371 3
322 97
699 63
264 90
1239 56
530 83
1200 57
764 100
901 20
474 62
752 45
712 38
119 34
1221 58
505 42
609 33
502 68
1287 32
402 89
220 60
1277 73
70 60
260 40
1082 10
829 9
1060 75
411 81
221 59
674 23
385 5
463 70
1181 84
888 76
1077 14
524 7
563 93
695 76
383 54
1193 11
1284 76
344 60
810 33
391 53
326 50
1019 62
1063 89
678 27
985 85
1256 60
27 43
44 21
372 9
1290 34
1151 83
164 75
830 61
660 77
941 13
309 39
459 70
60 26
377 9
603 15
210 19
102 4
433 67
903 18
731 62
1079 56
1116 79
76 42
1246 35
1113 37
735 39
1189 30
978 37
848 48
548 33
617 24
261 70
233 83
785 13
524 58
535 82
85 81
1186 11
601 98
1255 64
1236 26
124 7
637 93
1119 7
378 86
1058 41
313 17
475 64
297 30
818 6
392 64
324 29
1197 83
97 14
139 57
336 24
494 64
1012 91
981 10
735 47
1296 63
1247 28
257 56
1289 20
150 44
306 26
475 87
682 26
308 69
74 89
232 98
335 1
247 65
558 18
1077 48
1148 60
274 75
1118 97
438 17
196 40
304 30
764 8
850 82
301 99
944 6
943 75
710 64
175 74
1045 14
1264 12
665 7
182 39
939 24
1178 60
898 71
952 93
704 51
244 96
625 44
279 40
1148 37
1071 11
1055 56
951 23
1179 52
455 66
941 7
1072 61
865 81
426 82
527 32
1081 53
186 66
1157 12
858 83
198 21
980 41
281 28
595 18
175 60
1262 60
1007 45
197 70
1098 87
1118 50
855 86
675 38
597 28
456 74
579 83
856 15
1296 49
1211 100
531 86
51 71
843 3
460 68
477 74
446 46
60 35
846 90
675 92
204 72
1062 16
182 9
10 15
1258 51
435 93
1034 98
369 94
1102 5
163 41
32 66
15 91
1059 75
881 51
280 74
216 80
281 27
398 67
413 39
7 71
1055 71
1018 74
240 43
871 14
1046 86
520 2
116 37
54 94
332 33
482 57
517 72
1087 39
257 40
198 72
290 14
294 12
1115 13
218 24
692 71
298 11
622 45
373 61
44 46
37 84
845 92
317 80
1132 47
1130 27
426 24
1268 35
1211 14
196 95
1063 39
796 71
648 86
1187 48
598 23
17 14
1154 76
346 30
1086 54
785 93
453 16
318 41
1222 4
1300 19
331 53
602 30
596 36
379 43
432 87
1203 96
645 22
270 98
821 54
460 91
749 15
579 12
625 46
463 34
1266 29
97 71
1275 78
577 13
957 59
647 82
1078 91
541 18
1166 49
749 75
104 17
322 16
241 60
1261 68
696 33
953 22
217 89
555 22
1219 26
690 46
352 40
733 88
954 83
862 82
20 31
856 83
826 4
347 39
1187 23
906 47
275 87
962 73
325 37
620 76
930 25
1197 92
464 82
854 82
1180 6
969 82
805 52
838 82
1260 77
1277 23
501 87
429 16
517 89
418 27
336 38
1101 65
207 8
1017 86
1180 25
1026 25
300 12
1023 67
818 14
90 14
918 15
333 34
566 22
902 60
1242 74
608 20
617 23
394 76
868 11
333 77
528 23
565 69
250 86
1138 68
389 69
45 66
500 32
780 3
1001 75
35 90
1152 40
459 10
706 41
382 25
84 77
8 74
576 68
84 98
1153 72
137 42
135 95
521 4
114 11
224 72
216 88
776 70
470 5
904 100
156 86
1204 46
188 56
438 27
1102 94
49 48
278 81
307 13
1159 10
975 3
852 76
1279 22
1292 25
732 10
928 30
362 66
662 36
186 25
762 32
1046 97
422 88
422 69
55 36
1168 50
403 70
112 73
235 78
964 40
468 21
446 70
993 83
207 54
819 31
1077 97
366 100
757 63
222 5
994 5
283 96
401 87
1144 55
217 66
895 62
980 74
189 90
1264 80
1142 64
184 42
954 44
654 88
1137 54
492 57
1125 45
1008 63
376 61
999 15
1203 99
919 12
129 87
399 98
1297 14
809 17
1028 94
838 35
886 38
26 84
605 74
1203 81
733 5
667 37
618 21
1070 49
1210 10
435 93
149 68
178 71
743 48
898 55
1007 27
613 95
621 26
884 21
151 51
248 1
794 45
943 18
976 26
116 42
655 93
870 34
295 31
397 98
759 80
1138 69
432 39
1114 55
389 42
786 93
713 76
152 1
279 41
733 35
303 22
496 12
518 4
595 46
183 53
949 36
236 28
503 35
969 18
890 100
578 26
641 49
527 54
340 40
903 99
1245 50
308 30
900 74
505 17
109 56
1088 66
475 71
321 14
706 32
862 43
1008 64
299 7
13 16
77 12
636 88
327 5
512 82
98 33
355 40
980 31
137 88
104 65
408 3
591 39
1045 46
226 85
998 1
111 11
1237 26
824 1
835 59
1123 44
800 81
1199 17
270 49
1006 65
1069 10
22 54
908 82
47 60
594 30
473 48
1273 84
189 58
961 51
390 7
1070 47
701 94
945 39
658 68
1242 17
981 1
417 50
1168 52
876 100
58 32
445 29
821 70
916 36
811 45
470 54
750 97
87 84
1055 70
964 55
32 8
231 70
515 71
674 3
1250 14
907 10
293 52
383 63
163 62
1246 65
1001 59
551 44
995 49
1198 51
553 10
343 16
1230 21
318 51
1164 16
108 15
1205 40
1195 27
700 25
62 29
105 44
1198 28
669 91
1149 13
749 23
1274 92
1254 60
874 70
752 73
339 74
1024 24
1277 83
793 97
1203 8
649 68
943 62
556 57
890 18
545 46
775 32
668 69
281 60
74 2
783 89
1270 46
812 99
796 61
616 4
151 76
17 21
558 20
201 76
640 21
1186 50
1066 97
686 71
75 9
11 88
405 51
393 52
152 89
929 29
1180 31
426 48
973 1
1147 58
550 91
359 88
656 5
209 69
748 4
1191 84
215 12
115 79
900 23
1052 94
814 37
225 81
472 28
323 84
14 10
73 16
715 40
990 32
468 32
1271 63
1252 89
199 38
1300 4
851 36
616 39
853 68
873 19
724 51
914 20
1111 1
912 12
1129 16
1064 23
996 24
637 80
490 88
488 9
149 86
1038 79
582 24
1262 12
1231 51
494 84
174 94
1236 8
79 16
934 77
844 32
1147 12
484 83
336 2
371 65
1027 68
657 91
699 34
116 61
153 3
1075 61
851 55
1102 16
199 100
490 81
249 80
1195 23
949 93
552 22
603 77
387 15
173 34
1215 97
516 70
1295 8
1169 40
129 8
721 43
965 16
1117 21
806 80
708 31
1085 18
1289 73
783 51
532 40
505 26
209 70
127 72
432 77
949 77
996 54
943 32
606 62
257 76
661 24
414 6
220 84
641 99
537 61
1091 4
106 97
214 24
292 63
74 57
926 74
894 32
609 75
195 13
1036 48
496 89
933 69
1117 32
1094 69
1210 47
580 73
1223 44
1141 7
842 74
21 41
465 24
1092 19
1266 62
798 92
1293 6
960 83
933 16
422 58
549 46
30 44
1107 63
5 28
176 3
609 39
898 86
151 44
570 49
582 100
806 53
243 59
555 86
1193 5
907 45
688 40
1276 83
235 62
734 74
177 37
434 68
333 36
325 32
551 65
985 68
346 19
525 65
11 19
1187 14
739 49
1050 57
385 80
1072 89
101 35
875 25
1267 22
884 30
1130 93
744 52
214 82
57 2
1182 84
623 64
420 49
680 75
673 55
497 4
1255 46
700 27
532 1
94 99
366 64
430 23
341 30
738 96
1159 35
260 52
207 54
640 57
356 60
1294 98
411 25
121 31
1022 63
857 85
647 38
1177 9
289 29
949 100
184 68
417 84
753 97
894 44
236 79
1269 56
553 1
337 67
559 92
1152 82
1054 85
137 13
814 15
14 61
244 3
1138 31
608 18
120 89
298 98
429 10
288 46
608 53
874 76
646 46
1271 55
20 10
294 86
536 77
1234 55
671 67
252 33
737 51
1288 57
301 85
558 65
139 80
1055 62
143 76
853 10
485 53
776 89
597 24
273 50
500 6
1015 35
32 46
1117 22
220 6
665 80
921 57
349 99
1052 58
787 30
874 65
430 70
612 96
355 93
312 86
881 42
4 52
325 88
1122 75
343 9
353 11
1148 64
956 55
834 99
150 6
1035 60
305 77
237 76
976 91
103 13
316 56
1074 83
1300 13
145 17
169 61
49 22
626 81
1131 96
1047 69
841 39
989 47
994 47
923 17
143 29
858 83
1046 79
251 3
1053 89
1013 3
163 34
1089 77
28 59
1217 53
100 25
366 44
43 20
1051 96
668 98
1146 5
563 67
857 20
467 28
72 12
735 48
953 100
1192 53
290 81
1191 98
110 37
1024 63
1148 68
545 42
1292 65
858 20
799 3
1002 4
585 18
474 100
1239 97
1161 74
248 31
57 66
1203 92
239 76
542 72
350 75
30 19
1046 9
557 59
1152 4
20 61
820 13
601 55
462 46
145 99
351 11
240 19
48 40
119 54
1003 45
740 31
1178 87
214 5
966 19
443 77
1076 46
560 51
1296 28
1012 85
1293 33
808 82
1021 45
512 69
270 29
747 52
1115 73
851 58
694 72
879 64
899 74
813 24
237 54
357 1
660 78
1068 1
1293 50
945 93
389 44
975 59
940 62
442 59
1083 12
813 98
411 93
634 30
612 48
540 30
770 49
593 5
208 30
712 90
845 61
110 12
147 23
308 28
363 19
1009 57
477 50
767 49
655 82
662 14
1171 6
1172 25
1293 4
881 23
353 63
89 10
1094 68
382 49
622 78
1190 91
1074 31
31 75
34 41
568 4
1239 52
741 69
426 30
882 49
142 21
916 97
1237 87
325 79
916 50
856 61
66 20
981 36
795 14
788 13
802 10
1178 46
669 85
293 61
1181 78
341 61
474 7
746 23
712 52
1203 94
588 93
352 89
792 68
360 89
174 80
634 99
817 1
502 86
484 67
719 10
376 45
230 10
311 41
768 40
1145 14
1007 96
732 89
945 63
19 31
869 89
1088 72
20 35
597 62
373 45
533 33
310 86
144 91
407 96
316 74
678 2
539 21
558 2
17 30
1067 14
314 100
863 5
6 37
510 82
566 73
760 64
844 45
794 35
557 47
1012 29
556 68
554 64
956 83
1283 52
1300 11
698 85
45 3
438 84
501 80
1150 9
443 14
1128 41
50 34
1185 20
796 10
1054 37
356 95
110 64
729 43
1216 70
174 97
1059 26
223 60
1058 65
960 17
257 86
904 14
561 44
1066 52
124 58
1274 3
102 86
1276 45
622 44
1120 47
588 10
324 23
242 97
1041 80
577 89
476 19
26 93
1141 48
123 60
353 37
415 43
1215 92
871 24
1025 84
198 78
199 94
306 32
999 32
730 82
338 29
58 17
872 93
1140 43
987 80
382 99
870 56
947 92
429 42
1009 89
602 63
203 3
503 86
257 63
822 40
35 29
168 81
622 16
279 12
1069 11
828 50
665 42
988 58
985 38
164 41
948 78
983 100
101 37
1121 75
911 7
591 85
28 2
692 82
1129 70
738 40
938 19
1046 4
1065 85
796 54
886 76
1266 70
29 57
699 38
67 83
1193 19
338 20
277 77
505 59
621 95
1025 11
955 54
604 22
1189 52
1194 52
871 63
1217 48
1143 93
345 25
175 92
839 76
142 23
684 5
526 93
10 84
879 7
143 99
91 6
531 30
660 39
149 73
486 3
465 69
882 60
826 66
733 17
1001 29
695 92
761 34
748 80
483 71
208 27
915 75
1065 21
537 27
474 15
1208 87
645 82
318 14
1240 8
759 15
151 51
805 79
252 52
176 6
817 46
944 88
109 85
772 92
300 60
801 99
789 74
88 38
1183 38
686 80
75 34
394 23
778 37
239 82
361 99
454 58
921 71
951 25
633 46
150 98
83 1
213 33
838 83
620 46
1033 80
96 73
1132 73
466 85
166 36
989 66
789 37
519 62
319 57
1198 85
26 97
32 100
374 18
800 8
1267 48
236 85
3 15
412 68
892 50
105 43
968 93
593 76
257 64
1233 65
398 66
40 34
372 23
118 50
1045 47
615 55
735 5
237 79
288 72
1235 28
527 44
41 79
990 17
620 35
611 88
650 4
862 84
577 73
1185 46
1231 87
676 62
404 80
103 78
796 71
554 50
372 39
941 25
1064 24
953 98
680 60
211 38
1211 51
900 12
705 39
1112 56
1239 2
531 55
1129 67
201 58
132 38
599 18
1058 21
1034 56
875 39
952 6
1152 30
290 58
395 43
1151 55
1176 71
924 30
750 34
1285 48
852 49
1105 96
501 7
670 84
1104 81
635 93
604 38
548 8
1204 92
1198 77
407 82
1252 47
423 47
535 59
843 52
698 25
861 32
1143 33
994 12
799 97
1151 94
757 24
1026 92
469 79
819 28
545 89
1064 24
496 10
952 58
887 30
1049 82
2 80
1016 82
1199 26
744 64
593 45
503 86
122 22
456 66
866 20
247 32
1278 44
52 97
916 49
324 60
850 37
984 47
415 46
554 83
52 1
841 75
519 77
935 8
903 77
729 46
408 87
824 78
512 57
97 100
182 27
328 36
1143 31
200 96
60 94
482 5
263 50
1198 76
26 26
781 21
977 73
75 86
1230 83
393 62
1046 32
199 70
756 59
961 38
427 73
255 88
425 12
1068 20
145 60
1245 39
503 44
288 74
1053 91
661 27
1123 51
1049 15
795 56
145 21
644 87
970 52
949 71
575 59
361 51
1186 34
124 20
437 19
37 33
830 7
109 27
658 65
829 1
319 48
829 10
1246 9
335 36
673 84
404 79
318 35
568 76
285 30
573 11
673 11
1000 82
1053 36
1268 100
35 80
1165 84
1029 14
1074 57
213 21
728 18
1233 39
444 94
645 52
1058 48
636 69
975 6
204 15
1233 39
879 14
422 35
748 16
1099 50
452 94
1204 97
238 53
449 1
984 14
493 63
908 20
1174 50
490 43
504 68
112 28
742 14
1234 47
1159 7
462 30
1132 46
1086 69
321 5
77 66
560 12
129 70
659 51
619 16
996 33
83 11
792 73
672 84
697 35
1194 43
845 98
79 27
86 66
1217 82
1136 51
949 57
605 14
378 56
801 8
596 86
142 97
1281 67
825 88
387 20
497 72
704 1
224 23
636 42
433 72
815 40
597 57
176 76
1269 62
429 12
535 24
6 34
349 39
518 14
822 55
858 33
304 93
603 37
1104 55
1280 88
921 72
904 45
881 67
55 27
143 65
940 62
289 75
1256 69
341 68
998 58
571 39
1001 78
124 5
311 50
558 96
698 22
1182 66
532 87
500 39
52 8
218 100
585 63
36 60
736 100
125 41
345 12
390 58
65 50
593 100
1276 98
272 80
980 7
450 72
967 85
460 1
1103 41
994 53
762 24
1161 46
962 83
971 39
977 79
630 20
423 18
618 24
216 98
930 1
1065 33
469 39
449 97
38 45
3 69
378 91
795 62
495 21
870 8
874 85
496 70
990 99
283 23
1230 14
1083 40
425 95
1 68
624 36
1190 71
590 35
1091 83
599 70
771 40
145 30
277 71
1128 84
430 35
1182 68
563 68
143 17
960 55
1276 97
1128 99
135 22
1198 53
508 36
341 83
998 55
623 32
841 66
283 25
728 66
1183 19
459 85
214 43
1117 46
970 61
518 68
440 3
330 48
1140 31
951 72
16 41
809 98
229 65
688 14
1005 68
612 77
893 69
1273 51
1284 28
629 47
1082 24
549 3
401 14
379 86
1260 50
1104 15
295 48
1231 47
358 21
223 28
674 86
1081 44
982 47
1257 14
431 54
1260 52
945 26
848 99
17 79
782 18
1095 53
1214 50
618 91
1161 24
984 3
792 46
525 43
1131 19
1184 3
294 27
849 98
242 73
710 40
666 28
1227 46
777 32
811 63
815 29
812 1
449 66
34 64
695 94
17 54
1038 6
80 16
737 36
758 98
1157 72
894 19
367 15
907 82
594 80
424 84
1280 3
735 44
766 3
136 6
408 63
388 49
350 44
1225 67
392 61
497 67
719 96
780 27
222 20
419 79
423 22
175 53
85 76
701 65
485 25
812 87
834 46
1082 25
627 73
912 97
175 53
415 37
892 88
446 36
939 53
335 63
407 52
493 77
998 29
374 94
905 3
480 8
240 56
529 7
89 31
338 84
839 56
759 1
138 37
810 62
1094 41
1275 72
93 51
263 30
997 69
1266 64
962 32
233 3
1122 84
321 63
820 26
120 23
934 1
917 21
719 28
730 85
1185 2
1050 46
365 80
151 71
889 36
265 35
1099 92
279 17
1267 72
130 28
199 9
358 91
1040 63
361 42
675 41
160 50
685 5
58 27
1076 91
948 17
600 63
683 44
672 7
175 84
1143 3
261 16
222 46
516 86
37 35
42 64
317 30
1089 63
542 52
151 16
299 49
723 86
641 63
236 26
646 4
514 2
1111 36
1201 49
692 54
802 86
381 13
252 41
206 20
504 47
982 50
637 100
493 52
481 73
845 20
110 50
845 3
715 73
142 6
1180 17
30 23
532 72
23 70
231 55
256 39
363 69
420 64
397 85
239 91
1050 60
875 57
200 54
84 81
1155 31
418 70
749 79
739 67
514 23
828 52
751 65
753 81
60 91
1071 95
329 1
1226 59
824 27
884 18
279 51
766 71
1034 80
1297 65
210 2
1136 38
1081 82
1002 80
284 52
813 25
1089 91
1186 73
1239 75
1102 49
228 27
336 84
606 26
622 37
846 33
128 4
1018 61
1201 44
463 65
1274 28
1070 19
1128 2
174 15
76 10
32 48
99 92
805 35
460 34
533 15
7 40
178 32
1048 77
615 76
637 17
341 1
342 99
1053 18
844 6
1161 68
1238 25
1058 36
1123 52
994 99
1173 63
297 97
229 47
660 43
43 34
1206 79
107 58
252 74
1209 91
1299 54
1290 7
479 44
608 32
773 41
692 5
724 18
21 81
1154 66
505 62
858 63
392 55
185 58
1071 23
345 38
165 94
138 35
635 11
683 47
1072 37
1293 71
413 80
308 5
811 89
1262 84
132 16
521 76
101 37
515 68
46 73
353 62
690 54
213 61
660 96
372 49
851 85
1022 9
386 75
895 69
101 84
330 59
1100 99
345 38
404 24
861 27
1099 85
601 63
389 81
348 56
1067 31
974 80
710 87
652 3
379 53
1082 86
810 52
678 71
369 51
523 34
386 47
1164 90
169 82
203 93
226 65
502 71
1081 55
736 53
123 87
401 59
349 53
537 89
480 42
1253 15
1009 40
1239 81
711 86
603 82
225 17
398 22
1038 57
86 28
220 28
105 80
282 79
870 89
821 12
51 4
883 80
624 88
1242 68
1299 78
1072 66
464 3
223 44
481 29
905 30
217 39
420 16
724 45
1157 26
560 40
811 89
1299 39
754 98
60 53
28 42
815 87
718 65
66 56
227 57
1166 19
1295 34
828 40
934 20
777 29
565 12
1154 64
208 59
581 70
974 12
891 41
590 98
554 7
929 38
208 84
745 76
1242 16
589 69
681 98
1031 67
998 66
660 16
59 71
94 19
151 59
1023 3
159 13
973 7
172 8
891 41
476 45
1222 37
920 40
674 13
99 52
72 55
480 6
106 71
1205 49
491 66
205 94
652 5
953 22
1103 20
807 26
56 50
637 49
455 15
1174 56
699 53
361 16
687 36
148 35
364 60
630 33
525 31
439 14
1191 11
536 46
53 6
23 79
56 84
202 35
868 63
1071 51
253 29
443 90
379 70
882 83
1004 25
496 61
173 29
746 8
346 74
1091 88
565 88
201 87
243 20
288 69
315 38
593 72
377 22
129 84
746 17
480 4
123 77
644 87
809 85
1147 19
975 81
1061 4
500 5
747 45
416 36
1059 65
1117 55
1253 45
971 79
298 78
710 67
98 58
54 46
749 84
901 11
675 61
289 38
859 18
436 54
427 100
1198 57
214 65
488 20
265 74
205 43
322 84
989 10
224 30
244 33
263 69
395 31
28 60
302 64
7 64
743 16
148 67
1152 67
951 79
18 58
513 82
229 69
464 18
1077 19
320 49
634 98
1292 3
111 76
621 30
628 7
398 53
1170 39
393 63
345 91
1264 92
1222 63
1232 18
222 61
980 84
27 31
250 89
953 77
1077 11
1117 6
848 48
949 56
633 11
318 84
726 9
512 23
755 59
591 22
781 27
433 38
506 19
676 72
884 4
356 59
387 97
366 51
336 58
445 17
957 22
940 54
765 46
154 34
433 10
93 18
461 15
383 49
409 99
1094 56
1298 53
1198 13
412 33
769 64
729 75
484 79
1221 1
187 90
178 73
973 40
964 93
466 11
589 61
843 5
33 91
340 67
827 63
484 54
1245 81
313 16
563 77
1210 77
1149 30
657 41
34 9
289 30
893 53
675 53
945 43
977 65
106 38
1119 8
832 62
674 41
582 22
954 67
662 69
861 4
285 52
102 8
249 30
771 50
718 61
815 85
1031 87
516 8
1223 34
712 35
811 67
1172 17
528 36
507 63
574 88
549 27
570 20
966 6
561 78
1041 87
436 69
767 28
932 70
792 69
370 25
302 58
1137 91
518 19
360 10
133 39
1275 31
614 31
271 45
1227 37
789 18
14 32
475 2
241 18
