9171
307 60
750 82
1109 58
82 44
1457 55
1623 85
1100 54
1601 46
1194 25
1413 73
341 74
451 31
892 90
672 74
723 76
374 21
1482 35
200 78
1628 1
735 5
635 97
996 71
1562 22
46 50
486 62
307 56
1018 54
872 30
475 22
1471 2
482 89
1200 28
1118 7
862 42
373 41
770 49
283 19
373 23
1256 57
1140 54
1101 2
188 32
1005 55
1741 40
1500 13
1009 14
1493 80
1639 76
163 45
628 90
956 70
1812 94
562 21
1459 99
98 59
456 58
1355 84
1113 17
971 42
1542 46
750 88
1748 91
876 84
655 18
1631 19
406 46
1597 54
689 44
630 57
198 32
788 66
1397 96
390 32
1384 85
75 10
784 21
1528 48
1149 90
1600 59
1410 42
1199 5
1294 67
390 41
358 68
1671 33
1622 95
57 51
876 8
713 64
519 33
8 60
259 97
746 29
980 86
1106 46
386 90
1286 21
705 89
1759 52
1104 97
451 11
904 79
1783 40
1018 62
1783 95
45 14
853 57
136 42
1165 100
1351 66
1702 55
1208 54
1804 51
1825 43
1483 46
1286 45
593 88
776 73
19 92
1522 24
1044 33
433 39
720 11
1020 19
346 30
61 55
488 2
852 92
517 32
680 91
218 68
1583 65
995 83
777 63
594 46
640 36
1543 42
870 15
1399 41
1431 78
369 97
1679 7
1164 99
1045 93
1666 62
371 21
1377 93
62 54
1572 53
1653 30
1653 77
1391 54
1347 29
185 81
1757 50
1664 49
548 42
1795 1
698 4
41 22
1563 55
1466 73
649 49
12 21
653 10
818 55
492 88
1497 7
694 66
647 19
1276 12
555 100
512 24
1474 69
14 52
1116 9
1128 24
857 59
477 23
1157 65
1387 13
1539 8
947 51
895 67
1824 46
1083 22
798 59
1074 59
1076 12
917 74
100 68
1617 44
1450 13
979 16
279 81
645 47
1541 49
847 64
1319 98
54 35
413 71
1709 27
337 67
662 24
879 77
1132 28
651 72
875 52
1111 50
821 3
1523 32
437 70
1459 99
770 54
81 30
1595 64
761 19
333 7
1417 5
1220 35
572 33
1424 85
114 30
167 51
670 57
436 64
185 63
1087 43
1215 86
571 57
1153 62
788 38
1613 19
1379 51
602 20
564 56
1774 86
1387 27
527 59
546 90
276 26
636 16
978 85
1706 58
631 98
1743 51
1356 66
307 42
1048 9
354 86
1138 81
1144 95
1718 13
1680 95
452 32
1505 63
1693 96
659 97
619 58
1378 87
1684 89
1711 76
528 14
983 28
444 70
318 58
1667 65
454 4
1101 86
717 66
1823 1
1554 28
1531 25
1263 31
1774 18
387 39
1224 72
218 74
1354 4
783 36
1603 79
298 66
1449 99
128 31
822 36
486 41
1058 14
328 53
149 74
426 65
1459 86
811 17
298 17
1813 71
1489 43
121 92
421 27
777 93
1360 86
1146 6
220 84
1291 8
394 84
365 100
125 82
455 44
327 60
1588 41
1125 33
1525 33
1017 49
1144 1
1018 90
1112 47
1650 37
512 22
923 85
659 92
1495 2
1742 59
644 78
1103 74
1630 65
1581 84
539 11
235 54
1115 52
1104 89
147 68
620 29
243 90
240 59
1574 4
1604 11
271 34
1828 67
553 77
1629 12
1741 82
844 15
426 61
1307 51
995 64
883 77
1331 45
1138 80
842 47
968 79
1644 92
1288 50
1204 28
394 73
1455 31
1475 46
1091 59
1360 66
1189 48
588 97
1529 98
289 16
1450 28
574 90
1260 45
91 29
1293 75
1040 59
1539 30
1139 93
273 27
1420 84
810 78
746 83
422 82
1515 80
110 80
1340 24
1417 7
27 37
990 70
1183 81
397 8
1014 7
180 53
1631 29
1078 62
484 55
1307 21
47 18
988 27
208 50
609 89
626 86
1111 33
103 53
976 88
135 57
1177 59
1388 62
1339 34
1700 97
1649 92
722 18
1007 44
1514 99
1787 85
587 51
1831 26
1442 57
1458 47
1300 97
1087 19
75 54
198 97
1227 54
1307 56
1121 20
1072 65
319 75
1400 33
795 10
25 29
1819 14
1128 67
1060 60
575 23
466 62
789 94
256 60
623 40
611 48
1545 27
987 62
1590 21
327 87
1821 16
996 24
260 31
1150 27
66 91
213 26
210 89
1729 33
1248 17
1024 42
627 35
1713 64
1268 16
712 57
581 45
729 10
160 24
1361 6
1544 41
1066 83
319 73
1455 64
1177 21
744 19
39 36
1715 39
1657 75
1468 39
1608 20
1448 79
204 43
10 64
765 71
491 33
860 89
1808 60
1020 67
393 55
1189 6
1111 33
1114 7
1813 99
785 14
607 70
1473 22
1412 30
1623 97
158 85
171 94
450 33
1030 56
1298 15
1076 27
121 68
1645 63
398 2
1015 63
165 21
130 85
1832 50
749 47
1104 29
1803 51
1234 85
281 47
1683 24
750 89
606 20
1273 44
1549 44
1302 50
1113 36
765 22
1147 60
1627 8
1800 71
59 73
93 61
1345 65
1522 55
670 21
901 54
208 21
1290 2
874 50
68 83
1685 18
358 42
1772 85
178 34
519 20
1814 58
1376 19
1573 43
1395 82
1250 27
1657 81
328 40
1689 24
1431 64
1095 55
1169 84
1733 87
159 2
1489 26
513 15
810 94
810 73
284 35
723 32
1185 2
1065 16
1613 56
1332 3
973 3
148 41
488 47
1088 39
1361 62
831 52
422 1
881 87
107 46
991 66
1328 73
1037 98
803 93
249 55
1155 2
307 99
863 56
1546 35
1333 98
391 64
420 39
1264 56
1721 63
972 96
1101 26
1519 63
241 5
412 24
836 3
676 54
1384 73
81 27
1466 94
1263 8
383 74
1364 96
605 9
704 31
315 47
558 88
985 84
787 23
402 30
1205 79
1116 19
1336 98
776 3
1237 64
1805 94
225 47
181 18
129 49
711 81
1577 63
663 65
505 80
142 73
723 71
1300 61
1365 4
854 96
999 51
1709 43
1110 37
1804 37
1562 58
1429 1
342 61
685 16
163 6
232 35
1804 25
1467 97
1506 56
1095 79
1346 63
602 72
203 63
1062 35
1444 94
439 13
832 74
65 58
1318 79
516 92
415 60
1795 23
461 29
756 5
646 93
936 13
228 38
1041 18
1259 33
1039 3
1517 24
1535 3
1614 63
1791 86
1443 63
299 15
1829 8
820 55
1453 26
51 8
400 70
704 18
385 75
205 33
1634 1
895 56
233 71
645 29
837 79
1765 53
461 44
1032 47
1367 41
951 68
1750 49
835 95
164 64
1452 75
1523 25
907 89
1007 95
934 52
732 88
1328 28
1540 66
1024 84
1171 88
169 18
218 14
812 74
1381 57
1325 89
78 16
825 88
1165 8
1818 56
865 94
161 11
1083 71
1363 16
230 15
84 60
449 37
1074 36
1079 46
87 51
864 57
1341 50
1061 78
29 5
821 28
747 89
558 38
1273 83
135 95
627 94
1129 78
409 78
195 37
1685 91
1646 18
996 60
1011 9
311 40
642 37
1705 6
1252 87
1737 12
541 97
502 94
697 59
77 43
747 75
1501 28
905 64
1685 76
1191 88
1816 81
1581 45
1160 44
852 13
150 71
4 82
1372 40
532 52
664 86
38 49
1417 32
1280 31
111 51
1287 46
681 17
1283 2
928 6
60 46
1466 23
473 78
234 40
45 24
71 31
518 48
1247 75
857 30
1082 71
53 46
414 91
1464 6
923 94
450 96
983 11
1699 4
590 8
744 27
471 84
1074 7
810 91
743 7
1095 51
78 34
540 27
899 26
275 94
1648 72
1142 17
1349 62
1305 51
968 83
976 49
1680 53
1433 98
162 34
755 89
1257 39
743 61
1553 93
24 39
449 71
1301 98
531 61
1342 55
496 1
603 4
499 6
756 81
210 98
1718 87
297 59
830 24
168 22
1104 57
1311 68
1773 22
1121 23
146 20
830 48
954 28
1348 38
463 74
1727 10
482 57
1788 20
1120 25
1248 57
617 71
1164 84
959 48
499 28
609 49
1006 55
149 72
1650 61
938 56
714 70
629 86
1722 19
1815 89
948 37
1767 5
1108 61
160 90
773 26
664 52
1296 93
1625 19
1773 39
111 80
1363 6
1554 4
736 87
438 10
730 70
1464 4
1342 39
1534 8
1698 87
468 73
949 11
1739 32
122 83
1341 62
1498 30
1320 11
323 79
622 6
864 89
1209 11
45 87
159 36
1151 23
242 31
849 52
1059 54
884 93
228 5
1086 14
329 3
560 79
164 37
873 42
1795 14
1449 33
937 30
892 99
79 13
902 28
1316 41
579 99
1719 98
931 98
770 31
1716 66
1673 63
331 72
1143 70
447 88
846 66
623 17
581 26
559 49
427 58
1443 100
854 20
381 59
670 73
1255 77
1635 54
623 31
1438 81
1567 46
887 32
1744 48
1134 12
1358 100
1336 60
942 82
732 70
833 58
1104 44
1590 14
1698 26
1242 11
832 38
1693 17
604 96
1599 90
1122 84
777 20
862 60
1824 78
1185 87
1132 30
1804 77
1416 63
223 21
1302 18
1358 36
664 8
644 13
726 79
1764 1
136 86
68 80
1246 18
1031 72
1229 6
268 37
345 86
956 13
952 62
595 100
998 20
741 98
761 26
505 12
1056 32
272 22
1076 45
529 27
915 29
1411 99
1458 6
146 57
277 96
1600 72
1516 12
1470 38
573 2
453 97
97 51
1585 32
1768 83
1660 75
1479 33
1553 91
176 52
216 69
1754 75
1230 1
94 12
107 89
413 48
457 56
1336 4
1184 45
898 59
534 39
1440 34
581 24
1099 37
1798 99
1203 18
1749 44
1579 6
331 85
1333 95
1611 74
1046 26
192 5
1586 56
1126 86
1412 31
1561 17
1142 12
1240 42
133 92
692 38
1480 89
477 88
1259 26
1567 26
593 20
1303 79
1424 62
925 19
1486 2
1376 31
1364 61
1290 91
1309 72
1652 40
893 94
1466 15
1396 56
344 10
569 82
1587 72
1707 7
935 8
416 34
599 54
1004 51
1509 91
126 49
1058 52
919 92
1741 55
70 37
947 27
1631 2
1761 18
1262 100
1596 45
655 5
766 1
215 98
685 96
1738 8
1458 28
405 54
801 66
1598 75
1524 39
1187 41
892 14
524 40
1092 27
312 45
778 4
468 79
1684 52
1442 93
1471 26
1698 11
399 44
861 30
422 3
833 93
439 6
220 79
1428 94
1354 82
1329 2
685 19
926 50
818 26
1437 26
952 28
81 88
280 76
19 13
1724 42
1238 2
892 81
808 91
1225 83
1720 32
219 56
1678 28
425 2
487 66
1259 4
1603 18
760 49
816 5
716 59
395 17
1355 59
678 42
1162 16
272 49
708 28
1735 92
1466 85
249 15
283 54
1782 64
1144 76
1538 63
730 8
170 2
1422 12
1536 9
176 52
1437 88
479 16
941 36
1471 73
884 37
1460 32
1774 25
94 62
1814 25
907 5
337 22
83 28
1422 9
62 11
539 1
1735 34
1817 44
362 26
484 68
1514 99
277 29
1441 67
1815 68
332 47
626 67
1633 1
1326 98
1814 95
1684 40
269 92
984 42
683 28
317 48
467 4
222 98
445 9
1425 58
426 37
1121 51
1374 63
627 49
574 95
1170 93
759 47
227 68
1672 43
1454 29
473 100
144 69
572 9
931 43
1036 9
411 84
269 39
625 31
94 14
619 7
871 23
1332 80
1062 79
229 8
1824 76
1385 89
1283 66
847 78
1539 62
694 7
1705 78
986 66
1461 21
543 20
497 6
1760 85
828 96
1100 85
1271 6
871 51
1248 62
1826 34
533 53
1680 47
1265 24
1631 31
1213 74
1317 89
1315 56
1424 45
1469 26
443 77
19 91
1512 3
1087 3
1527 47
1572 49
343 53
1582 59
928 6
161 84
1017 30
1003 28
1291 28
865 3
192 1
199 49
1691 61
505 20
139 59
89 34
1824 99
636 7
476 14
1593 60
1332 48
1560 57
1378 10
1076 83
963 83
282 37
1833 44
770 85
1761 14
60 54
986 70
198 43
897 15
1802 12
1210 75
458 6
734 83
1387 34
1046 30
858 84
855 72
1011 19
447 33
1176 71
1227 83
1373 99
1461 75
1219 87
797 45
1205 17
919 50
1484 3
590 95
841 86
1463 85
623 43
1335 82
1343 49
308 85
1636 65
248 82
389 18
471 80
1507 73
1114 13
400 43
1113 17
1199 12
716 24
562 34
372 25
480 16
874 18
1072 79
291 8
118 80
71 57
796 34
810 53
1344 63
1356 88
1615 56
1714 15
1417 74
1507 30
824 91
743 57
1315 85
408 1
1195 4
407 54
629 17
1002 19
13 45
1723 43
1155 26
1565 14
1333 20
834 2
1701 77
1594 54
916 85
1211 95
434 2
388 88
1543 66
1491 48
980 87
1721 13
319 50
170 4
831 70
227 57
1124 16
509 3
506 46
752 6
966 68
945 6
743 48
1119 75
849 8
1725 54
1756 37
1377 1
1320 69
189 33
1359 8
729 78
314 55
599 23
1584 27
1721 2
1578 33
513 22
724 42
897 68
520 42
583 15
38 3
371 53
1783 38
1763 9
1284 32
544 79
818 88
1730 62
540 3
689 74
763 72
736 37
590 16
1052 21
1108 22
894 83
1263 51
1378 8
27 1
768 63
550 19
862 89
987 65
1338 6
435 54
1802 26
1784 40
594 15
219 13
1781 90
1469 91
1650 67
127 59
1563 11
652 33
973 74
953 66
720 47
409 28
1437 3
1223 14
1475 97
1175 31
299 15
202 87
356 62
641 32
226 27
1100 77
896 26
849 73
291 53
1580 79
555 43
537 49
1294 94
482 77
1437 4
123 9
238 33
169 38
789 88
1598 34
1617 47
1414 69
1480 93
1642 92
508 98
16 81
1032 85
1141 33
195 18
1487 35
759 43
289 14
1379 28
1082 65
1823 71
1297 40
1435 64
690 34
1776 62
953 72
476 52
1086 9
947 75
1191 37
374 15
240 47
782 36
1783 3
1099 66
1773 10
1809 27
1376 97
470 88
935 43
1416 28
491 47
171 92
120 38
1044 69
1808 62
1712 63
1587 15
1293 40
1687 70
1091 82
255 33
1658 1
410 51
261 20
1529 18
1628 69
622 80
132 87
739 7
1585 19
1580 52
862 98
562 44
1573 10
871 39
926 42
134 28
1383 69
592 31
284 53
807 28
1395 19
603 70
1697 86
1175 12
1722 56
1132 4
1259 72
210 65
866 98
342 89
133 36
488 76
1023 6
311 9
474 82
1467 52
1222 76
1316 88
420 66
969 31
1676 6
394 17
379 43
1557 46
535 37
1717 47
940 83
751 77
548 97
596 29
446 19
1540 65
1385 68
959 21
753 92
507 37
990 24
1355 75
281 89
210 51
661 36
366 27
1558 85
1037 78
1516 40
281 41
645 22
1278 57
28 59
1102 59
276 42
1539 33
406 67
235 31
65 97
675 99
947 18
1666 23
100 84
1109 23
696 94
1617 67
681 53
120 73
1635 74
153 85
908 45
1009 50
1382 100
78 13
902 78
284 66
1764 76
375 78
391 12
1037 95
1315 70
1696 70
1155 23
171 81
766 18
61 8
1645 42
628 97
100 14
1245 68
1217 5
317 32
1507 19
1713 95
1529 99
827 10
152 22
1525 37
428 49
1098 69
234 96
1430 41
1797 79
169 34
1313 22
1064 55
830 10
1090 99
1163 26
1183 84
1637 14
1219 5
1292 3
1781 12
432 94
195 52
785 63
1401 69
1562 49
1133 39
651 48
1515 99
726 77
1249 47
1009 18
1561 17
759 12
1024 46
947 5
1008 99
837 77
869 35
1390 84
256 99
1135 36
425 35
789 82
73 66
283 3
571 82
1355 8
783 46
429 45
1142 76
856 50
1661 67
1259 53
629 28
897 1
670 45
937 14
476 59
1458 87
1669 27
478 78
545 16
1724 65
1540 59
244 93
653 55
625 16
1324 86
1140 13
1160 80
998 40
1413 87
1703 51
1509 95
1444 51
1688 24
392 54
1763 91
1274 72
1756 64
1081 55
1604 18
478 39
608 2
1800 79
1516 70
1019 12
1155 69
1339 60
85 27
871 79
770 20
1056 46
558 71
1421 95
1336 94
1232 53
1759 4
502 31
168 59
688 41
658 51
1357 70
517 42
747 34
251 46
1346 84
1490 58
672 6
1335 38
944 63
1649 37
657 4
743 79
483 3
945 33
1127 72
1081 66
172 14
1410 60
1655 96
445 85
1315 30
257 66
1752 77
28 53
873 31
1327 35
830 13
1492 28
1386 99
549 48
1810 64
1311 53
444 13
1564 69
589 35
1027 32
930 85
996 66
597 52
1432 18
230 81
1416 93
333 82
1078 39
1608 43
1391 48
64 67
682 5
1117 79
798 26
27 55
102 91
220 8
778 6
498 26
380 29
498 53
1061 90
1135 21
1789 82
1233 78
879 34
1456 67
1616 21
1025 10
1095 24
213 48
614 74
878 25
256 82
1477 35
525 66
206 39
406 59
79 89
1550 3
1597 62
634 29
1384 68
1032 10
362 84
1501 56
424 95
1228 16
197 53
852 91
782 52
1806 98
243 9
1560 64
1275 62
311 88
1326 40
700 5
1785 76
1606 22
432 94
1407 86
546 64
393 97
769 96
473 79
99 36
53 69
499 47
1664 96
710 100
457 24
1689 14
733 24
1501 79
259 88
1100 39
583 76
1333 46
178 79
730 27
120 34
1034 54
1293 53
891 20
740 21
836 86
28 34
704 49
474 69
711 62
789 87
847 80
752 42
695 51
1042 52
717 29
1365 23
1213 30
497 85
1829 67
1561 62
1597 56
675 37
926 53
921 46
752 60
381 80
1305 2
487 28
500 5
917 96
145 59
1594 90
1035 19
740 37
1321 72
1014 17
1091 10
1808 21
244 89
1745 98
178 15
1369 3
1373 35
1164 59
907 28
541 8
779 100
1375 55
696 70
958 60
1507 67
1547 78
1826 81
232 2
1587 41
185 59
33 100
330 93
1656 99
891 42
1093 96
1308 66
308 65
92 65
862 67
137 1
48 97
1419 83
1017 7
1797 14
431 8
314 83
1165 83
172 48
802 83
833 75
669 10
1081 77
1629 32
465 1
887 100
1093 96
228 62
720 62
384 29
662 15
1130 53
1790 77
732 77
1635 28
567 61
466 86
176 22
34 15
1247 91
675 76
1125 78
1056 25
832 61
1201 53
611 47
1784 8
93 66
1688 52
1580 63
1181 76
1196 95
1507 79
1528 24
1698 19
1131 8
17 57
1471 98
1572 76
933 99
691 14
950 38
887 100
961 9
831 75
11 91
1757 15
896 43
610 12
978 44
430 59
306 51
482 37
1152 66
1222 62
482 12
1588 99
650 27
438 2
820 6
1219 38
433 85
690 14
241 42
171 83
1281 84
683 99
1125 78
1185 10
1516 55
963 39
1531 56
1022 65
1112 19
1821 81
672 10
676 67
444 86
1228 8
1447 35
683 32
213 86
704 17
397 11
1056 39
234 16
1125 20
1222 11
403 39
2 4
1577 31
694 7
1759 58
510 31
1749 84
951 11
701 53
768 55
1119 80
1287 34
1168 20
639 39
1677 53
933 40
139 6
292 37
1316 97
1685 53
1755 73
852 36
1676 79
406 25
1163 16
618 6
1318 19
858 59
999 50
1081 81
922 21
909 11
1521 92
1342 41
1481 47
805 94
219 51
1563 27
839 18
1150 12
1318 62
951 12
47 1
253 58
623 13
181 14
1717 87
1060 94
1370 51
1112 94
1554 34
376 90
1564 50
1581 51
850 81
1156 55
1623 71
1208 54
1344 73
1285 62
1013 13
1202 82
45 26
810 10
1492 51
1632 10
211 45
105 74
205 39
746 16
887 69
159 4
432 90
1117 95
1070 73
1107 84
1605 2
1572 62
1016 53
238 31
1118 28
751 21
324 91
575 68
785 5
1731 63
1125 27
855 30
945 90
742 59
1032 16
1759 88
1316 64
352 62
1173 89
622 99
742 12
794 69
318 91
1314 58
1088 35
1450 97
1010 95
59 60
1731 45
301 64
1623 72
607 99
265 90
99 100
1456 19
1042 2
1693 4
905 50
1102 62
1195 8
279 5
1207 53
1220 88
653 11
582 61
645 84
1565 91
1328 5
994 3
569 11
1489 100
1344 70
358 52
1390 97
1685 61
1341 80
1389 54
585 23
353 36
628 94
1646 65
1592 71
1352 37
222 87
1831 54
125 74
1373 24
158 15
1698 84
667 77
1130 18
648 20
754 20
1500 66
1351 49
287 24
1811 44
675 37
3 80
581 44
891 95
1817 32
791 76
813 81
213 73
36 23
1336 37
966 56
455 15
411 57
280 24
890 11
98 54
52 13
159 14
1309 62
676 67
457 65
1347 3
1726 1
1537 11
124 4
404 44
1448 8
1767 40
613 94
286 60
1788 21
302 3
1452 82
382 70
651 64
748 77
1618 60
1083 36
1061 30
1057 14
1127 45
773 3
1206 53
35 13
446 72
606 71
127 13
915 95
1733 62
855 30
736 26
194 30
1458 79
896 79
906 97
758 82
265 87
308 6
192 95
399 22
96 36
369 53
1667 73
1623 72
296 5
892 83
496 64
223 74
268 96
1388 79
1274 2
1523 43
167 67
1158 64
380 71
960 82
1731 63
8 57
733 95
52 70
751 73
1800 82
388 58
1069 2
1327 43
115 53
1184 65
1646 71
1693 2
428 89
1349 20
1655 54
780 18
1551 77
296 39
1714 95
808 57
609 76
1324 70
133 49
791 76
523 40
1425 70
745 34
1291 58
940 43
47 39
242 77
1280 97
173 41
1671 37
69 12
747 51
1192 33
725 8
924 70
1731 32
819 74
152 79
1634 43
778 33
1061 90
1742 22
1631 92
1303 70
1665 96
1436 69
1131 80
1248 12
226 84
1660 34
983 8
923 24
259 60
425 52
1573 56
1419 32
802 3
1693 90
1463 67
1469 44
1281 6
556 26
403 20
145 53
1688 55
841 61
1067 29
1747 85
675 12
695 80
1087 40
25 81
840 82
1044 48
1566 23
1638 96
1764 35
37 30
538 92
1083 84
703 66
1774 24
1816 83
345 90
981 38
1188 57
350 7
326 49
1233 60
710 75
1704 92
713 46
185 47
1079 56
340 50
1056 25
966 47
1572 67
1149 32
1599 93
183 57
96 39
551 48
465 65
849 35
1720 82
537 66
823 11
292 93
1595 51
1081 28
303 44
1453 7
1246 4
183 88
1587 7
594 95
1026 90
730 31
1501 39
1392 36
312 6
609 34
1736 71
1013 91
21 54
1549 19
1346 87
943 27
480 81
670 70
816 81
289 18
1262 88
156 19
1536 90
1651 27
20 20
815 25
61 57
65 34
895 34
753 21
205 31
906 79
1832 73
935 49
1093 94
1175 17
1147 69
717 84
101 37
281 10
791 10
1363 4
601 53
1561 13
1590 99
862 68
1058 38
194 33
1443 93
174 9
1291 77
1725 100
882 99
432 24
939 54
1751 94
1044 56
1702 35
290 100
622 33
1786 19
936 72
385 75
183 78
1220 50
955 28
1708 2
555 65
463 67
139 88
57 44
56 49
1021 46
514 49
1683 39
990 78
533 89
1146 1
1238 98
943 20
1234 72
700 78
88 69
1549 35
1297 2
156 17
1036 3
1157 96
1325 98
791 98
891 95
1385 9
690 5
391 2
1560 10
1528 70
90 6
1730 56
362 13
1452 43
10 66
1247 58
75 13
1477 69
600 31
1288 18
529 2
234 69
1282 12
59 68
19 43
397 18
967 6
7 42
427 32
36 1
1734 75
1508 10
449 28
778 1
162 32
1733 75
1177 80
633 48
1055 79
1446 13
494 11
934 53
235 30
877 34
1159 58
1572 20
85 65
1210 64
964 46
1513 82
183 18
1112 98
151 33
1251 44
894 39
1830 7
125 89
147 79
1800 14
234 14
1266 97
172 81
461 7
536 46
646 70
1734 92
1039 98
176 9
1647 43
1399 61
1590 67
1406 48
56 33
1309 21
436 17
926 45
144 65
1191 72
326 16
1258 4
727 9
1079 53
1397 94
471 57
1 83
1032 96
897 16
881 54
778 68
679 52
747 88
597 45
714 65
1164 81
1301 32
1309 76
529 45
1660 41
946 96
1687 13
634 57
925 88
247 45
1196 30
590 38
1172 37
1444 58
1440 89
1367 36
1475 80
811 78
1410 11
533 63
1393 87
935 49
1489 73
224 88
768 17
923 1
826 70
350 70
1194 67
33 18
138 17
1287 95
511 14
1273 70
1789 4
823 92
995 98
1704 89
809 38
62 42
36 16
1439 44
748 81
1685 40
1490 51
1347 18
1645 64
281 56
1046 60
62 98
1692 63
1335 28
575 4
1776 20
1702 44
1526 62
420 86
1804 10
606 98
12 72
603 95
378 90
722 54
1639 88
1493 20
705 82
1671 41
1753 72
511 72
542 89
773 22
1609 21
105 84
754 81
1128 28
997 1
1304 86
1488 63
348 84
1027 91
1724 48
1125 74
1824 79
704 100
1409 22
971 94
1321 95
329 47
1245 42
927 51
1299 45
869 69
1423 94
933 37
1395 14
818 10
1084 82
478 45
808 3
2 90
923 66
1462 80
1212 57
178 4
1545 74
766 19
682 25
1204 69
134 32
1363 35
1659 68
1218 59
520 39
1417 52
764 21
621 64
1560 15
630 65
1315 80
525 48
1531 51
1540 36
1223 74
739 15
1330 98
315 1
1135 25
126 7
1583 25
663 36
249 18
1166 75
1431 62
1117 5
1459 18
550 47
1347 97
1228 26
657 50
1832 23
713 70
1645 14
58 96
580 40
77 5
747 15
1405 32
1424 31
1005 98
672 53
1266 48
342 91
1734 65
12 91
439 86
207 31
1277 83
905 56
1419 26
1562 12
1071 82
394 37
591 40
1480 25
759 73
300 47
825 96
81 55
1281 78
1695 63
639 80
237 43
1401 64
333 66
1591 7
1549 19
1323 56
1622 6
462 1
1641 64
367 65
278 73
1635 40
1684 1
529 56
1602 15
846 49
601 39
1705 60
175 89
586 12
1272 69
1189 29
796 40
184 100
776 88
171 95
1449 55
1624 9
1776 20
1626 59
708 43
184 80
1826 16
845 83
104 22
1344 25
248 83
1281 82
407 39
669 17
1791 71
638 32
1162 27
1323 70
1447 9
267 56
406 25
64 21
1522 93
1381 65
149 62
530 51
1218 41
194 88
930 9
765 22
1656 43
789 89
1534 74
879 98
513 98
1697 60
340 36
466 2
84 74
499 47
99 80
340 19
1246 63
1320 93
451 80
1505 35
671 81
1048 27
278 99
17 63
173 20
1478 46
1073 92
1116 68
1397 99
506 89
341 61
677 59
1107 25
1550 21
350 46
781 79
401 16
1163 69
742 32
358 22
311 88
963 78
221 84
1405 2
1500 78
1795 43
529 60
363 61
400 59
1785 48
927 39
916 8
1172 100
1366 59
293 6
73 52
1063 60
685 4
1681 26
1811 5
1292 28
531 82
144 12
69 16
1629 35
452 94
84 25
648 12
1725 29
1023 75
1239 65
1000 57
1453 11
1069 74
979 69
1468 40
1225 49
827 55
352 89
182 66
1017 86
1203 41
334 6
428 88
360 28
1552 15
353 53
1011 71
1454 78
421 28
879 98
1492 8
936 42
111 66
990 12
1318 65
619 34
490 28
1576 99
754 8
780 66
626 45
1033 32
1814 45
1720 3
594 13
1157 50
288 66
1208 57
636 43
185 56
783 37
1824 18
379 80
1328 83
69 83
1397 68
100 50
1775 10
590 92
950 51
1625 67
607 6
947 60
711 5
1657 40
368 50
1193 52
878 24
1356 9
299 39
1202 64
312 98
1708 59
401 3
1745 8
1035 11
476 66
1419 100
1161 71
1700 54
534 63
690 40
603 25
1550 75
373 73
675 84
579 6
1124 4
434 23
971 64
1216 75
775 57
1446 41
763 99
1545 36
783 47
977 73
1463 16
130 78
64 56
188 9
1679 27
277 99
1760 60
418 40
964 3
106 38
1524 9
128 53
1433 5
446 59
48 71
1035 20
1401 42
310 41
1611 71
429 86
1353 51
1212 75
813 34
677 79
331 91
1622 98
427 89
1049 98
962 27
1469 15
370 68
705 26
1162 26
504 7
522 9
662 37
799 63
1156 20
1712 44
1330 10
1271 24
811 51
1758 80
392 56
1262 13
833 93
157 99
1414 16
512 78
1230 11
559 97
486 86
794 67
1578 51
1427 95
1048 81
1103 49
876 83
935 30
166 9
1214 10
842 31
398 6
1802 20
544 16
1232 43
743 40
584 65
1556 32
490 67
89 9
284 12
432 98
1501 30
278 66
851 16
1662 37
1736 56
865 76
428 74
1504 89
528 71
1823 50
783 73
643 96
65 38
670 82
415 19
1514 48
218 38
458 79
727 81
911 1
1112 41
1770 21
270 91
1727 47
929 25
165 18
262 4
1339 74
425 16
1278 83
273 36
1724 23
1215 27
915 47
1413 20
912 10
1176 11
74 8
1554 40
712 41
617 18
1242 86
824 52
386 80
545 19
373 51
1355 32
864 72
61 90
451 70
1337 61
745 28
1460 6
555 100
37 21
1545 20
100 54
1161 8
1310 37
684 75
541 56
