6252
69 57
154 57
721 57
1245 77
794 8
995 42
873 51
347 32
221 14
680 26
584 99
582 7
1098 40
667 75
186 29
1108 43
324 99
727 86
677 93
820 45
468 12
298 75
418 49
430 64
400 18
1005 7
175 57
466 62
612 91
82 19
603 52
380 9
66 52
222 81
79 86
1134 53
1196 22
370 27
557 5
151 37
300 24
198 15
479 99
787 55
186 79
1034 4
534 66
686 51
150 43
124 38
102 6
781 86
1107 32
1177 75
772 7
878 85
228 51
845 51
1195 54
989 82
1130 14
476 25
313 3
1217 24
997 29
1205 33
925 45
250 16
798 88
1220 39
1202 52
647 92
47 24
1166 53
626 11
748 15
83 96
347 20
868 95
492 65
882 8
685 27
829 96
56 52
1024 8
568 95
1109 5
898 6
493 16
449 36
1100 62
687 48
533 100
762 35
756 2
525 52
809 31
1209 6
184 11
1044 69
603 65
395 45
911 46
1027 70
90 87
86 25
1121 60
606 75
381 22
114 84
852 21
1146 43
1118 91
376 16
1242 69
292 84
365 3
1245 45
667 85
1196 6
1205 98
238 66
1152 94
653 7
1016 37
198 3
1190 96
326 2
953 27
142 40
1057 47
619 19
5 23
840 82
51 87
954 71
693 67
1204 4
305 25
153 42
845 8
926 18
1037 86
69 67
1249 8
183 87
885 62
1147 39
703 79
988 43
990 55
682 8
671 73
1013 55
474 78
1231 7
407 90
58 3
1108 27
1215 85
1041 95
1135 92
950 70
180 20
107 25
1192 30
1211 4
740 32
1010 11
575 45
466 87
729 30
451 69
14 61
713 11
969 91
554 31
933 48
329 54
478 40
355 54
997 12
401 29
1213 83
1201 43
437 71
420 48
11 16
123 39
57 94
27 19
317 83
536 33
1068 57
329 33
387 21
820 83
1191 69
20 7
524 80
894 100
321 91
1131 12
1241 79
886 81
752 19
645 99
241 78
183 43
693 11
224 99
951 37
980 83
842 73
302 55
840 88
1163 54
821 8
496 7
1063 92
1042 16
374 60
262 80
471 33
988 3
1153 76
717 98
563 8
1101 20
649 2
781 82
1050 95
749 9
514 99
1108 15
1094 77
1054 22
1116 1
376 89
1089 14
493 68
851 67
702 83
157 42
875 5
76 88
297 76
901 83
1065 36
680 29
1188 47
506 26
491 72
320 37
471 95
323 89
714 61
229 55
973 68
421 29
890 49
589 19
936 63
1076 43
860 18
677 14
240 83
409 81
184 63
1178 84
103 14
827 41
895 48
406 62
1113 78
386 86
474 90
75 22
820 86
1103 35
594 70
557 39
378 89
329 33
1037 63
565 65
657 22
843 37
559 49
781 32
628 2
304 65
1039 43
647 88
72 100
1035 39
1086 90
876 4
464 97
771 5
531 6
1240 76
544 80
466 5
619 90
350 63
1080 64
407 69
163 98
282 22
895 72
1062 97
151 42
1016 96
1049 37
897 75
131 1
25 90
28 19
102 74
653 21
710 35
1019 4
546 9
679 1
873 65
706 16
109 90
937 35
749 39
105 32
225 85
78 69
455 83
269 27
112 9
950 82
412 46
621 72
403 31
189 68
438 88
699 74
310 41
302 46
627 35
1208 28
593 2
927 14
157 39
733 64
631 83
815 20
162 88
368 71
170 37
1172 52
1160 75
923 27
1012 62
215 16
362 54
185 90
150 28
150 2
47 79
581 7
20 81
1039 72
987 40
410 50
1079 32
779 28
1192 5
768 54
582 22
422 60
1117 50
757 36
621 72
129 28
301 45
1241 38
997 37
891 89
70 21
102 22
324 96
976 68
306 50
1012 9
963 47
856 96
1119 65
523 61
765 5
467 87
429 19
551 77
534 94
846 39
68 63
1101 77
604 23
1200 55
670 47
840 72
1136 25
1167 80
406 30
556 30
516 99
72 46
737 2
164 83
1076 5
330 30
1087 84
678 51
191 26
811 25
1221 74
263 76
768 77
490 22
846 79
331 47
938 37
1118 34
116 88
20 29
672 65
1058 87
491 9
24 95
1161 78
511 16
526 90
1122 78
550 90
960 65
1196 98
1079 22
637 73
67 100
101 69
1210 65
37 39
839 66
603 91
426 21
884 89
124 51
999 41
1152 42
953 5
866 71
866 86
234 7
889 13
587 62
47 2
541 46
946 40
829 94
969 47
578 48
171 57
265 73
570 54
510 47
624 86
70 96
91 54
322 9
565 38
254 9
1085 57
1187 50
1097 34
931 49
587 72
1139 44
794 9
560 94
1126 83
1012 26
408 27
695 45
1216 81
924 28
27 63
123 7
736 15
368 48
766 91
595 89
466 20
338 4
191 61
555 22
435 91
606 20
889 74
720 16
1150 87
160 93
231 84
336 92
837 65
661 81
655 84
761 33
334 45
281 91
571 71
86 89
460 5
574 59
867 54
22 28
25 20
885 92
334 41
923 87
1177 7
200 58
1208 79
122 95
690 58
1152 69
239 21
68 87
644 50
154 67
729 84
568 65
1063 45
738 56
865 12
431 87
618 9
388 55
228 56
132 80
750 96
815 64
1201 59
858 20
414 27
647 54
811 88
23 5
1168 60
948 43
1163 17
96 78
354 4
112 64
634 97
1230 66
324 1
489 60
374 77
122 56
1193 2
1226 11
54 41
1115 2
764 55
1197 77
289 86
492 71
46 6
545 83
927 81
900 32
861 61
709 35
275 63
115 25
293 36
700 10
1154 68
432 68
333 51
347 94
246 95
1232 66
664 82
1020 83
208 100
43 99
318 3
579 67
414 56
705 15
394 52
797 59
190 81
893 27
229 6
325 65
1064 25
231 14
203 92
674 43
723 72
869 31
199 75
826 36
959 85
8 56
170 77
1010 1
383 81
836 76
1029 63
239 58
750 48
987 60
530 46
1235 67
918 18
545 24
897 76
896 78
76 90
859 53
811 73
621 83
464 40
1042 34
896 59
1163 64
569 37
256 63
1064 44
442 88
147 92
519 39
1069 35
227 94
603 52
919 96
811 100
638 48
441 84
226 5
1209 92
1032 67
934 46
1097 87
684 78
1061 79
1025 20
5 74
128 45
833 47
302 95
138 82
534 100
716 23
1195 59
1239 61
528 37
20 35
388 36
810 31
232 86
839 95
1118 91
444 37
867 53
520 21
66 7
28 90
41 53
204 39
557 77
889 24
542 56
104 64
29 79
144 34
468 45
77 76
434 36
985 58
900 70
63 57
445 8
1040 57
703 87
171 22
555 55
459 55
698 43
558 26
1194 25
1171 79
906 86
719 63
616 41
1063 78
5 41
154 97
90 33
463 52
54 29
1175 66
243 96
537 87
678 75
619 59
665 87
767 84
454 65
299 71
433 58
318 73
958 47
845 32
195 88
963 57
470 24
218 25
370 72
816 37
746 19
715 9
239 12
1114 44
189 17
1159 50
551 12
263 61
510 43
1171 34
1072 18
1063 10
703 54
685 34
410 73
749 61
342 98
173 43
1163 82
336 93
374 68
324 17
218 60
332 17
984 61
56 95
619 17
339 76
206 62
844 17
192 18
783 77
332 6
554 71
460 39
1233 40
717 61
648 54
935 57
909 79
169 99
1021 2
185 70
188 96
391 5
1002 43
941 34
812 17
1235 99
1139 78
818 80
436 25
495 34
275 74
124 75
75 33
1029 90
445 36
69 53
1197 96
128 17
455 13
1204 81
1184 94
749 56
1133 90
778 86
765 38
750 87
444 24
652 82
596 46
130 37
640 86
236 79
724 92
209 60
660 80
393 16
485 22
402 51
15 5
728 25
57 56
340 29
321 52
783 30
140 56
915 7
67 65
943 70
1161 98
15 68
133 50
642 95
983 13
391 68
787 67
373 12
302 82
425 71
497 88
479 52
978 100
654 24
115 88
675 31
54 2
107 72
665 42
1221 84
1044 11
448 57
1086 81
956 19
209 38
528 47
597 40
925 18
704 67
450 1
1206 96
1214 28
926 89
468 40
287 76
694 87
42 96
1004 15
1027 4
793 83
209 24
371 53
212 11
795 74
780 97
1138 13
178 72
746 79
27 86
331 65
228 83
1158 95
244 95
989 28
742 81
515 18
617 97
887 60
411 25
1180 61
537 71
58 14
299 39
403 74
884 70
1188 59
707 98
1236 46
61 66
1210 98
1177 42
176 2
311 54
1245 58
334 41
186 56
992 24
2 21
236 74
539 43
232 71
976 63
580 92
646 94
779 5
1024 59
981 10
755 53
469 83
775 93
626 54
1176 59
166 72
1179 3
1193 52
231 96
1072 47
1120 10
604 24
580 45
465 99
604 62
455 90
488 37
69 36
1135 20
685 67
139 4
1133 4
828 54
485 28
108 69
567 67
134 62
556 60
1086 63
232 7
287 59
719 82
795 86
359 26
66 72
1030 84
747 43
678 12
528 50
963 47
996 32
559 44
464 16
1041 49
987 24
534 34
477 26
720 98
271 28
682 81
773 11
663 14
804 30
142 11
38 84
1076 16
679 2
736 33
260 32
124 30
750 38
101 10
471 49
273 20
180 53
729 21
744 53
124 64
1197 99
5 83
1196 98
1087 52
1129 22
909 68
948 70
212 86
663 87
864 58
317 25
50 39
1152 21
1037 86
999 39
802 41
1202 91
777 56
573 89
769 19
240 29
398 12
76 86
778 52
504 17
466 78
718 61
1140 2
837 98
305 61
1215 24
1068 7
664 14
139 67
1183 70
737 40
289 7
312 70
521 46
18 54
350 13
548 95
268 99
819 12
828 93
147 47
36 67
176 35
1221 18
193 25
1149 45
946 62
556 55
368 81
1195 15
1233 36
46 22
810 92
1115 58
578 10
991 79
304 26
932 15
339 16
297 63
254 93
156 32
145 87
1196 57
103 96
1017 57
404 36
424 9
308 13
175 74
77 84
1081 16
157 79
508 37
601 16
783 21
766 81
274 57
1019 41
687 70
618 26
1141 11
453 21
1207 37
1212 76
165 1
310 24
408 7
124 37
774 86
512 38
689 2
728 66
417 62
985 62
154 70
848 4
1151 29
1126 30
25 84
453 69
646 56
482 89
485 94
421 48
145 36
953 32
508 47
91 61
1098 98
760 1
412 12
382 19
436 80
351 56
439 37
130 69
64 90
932 18
1207 51
544 72
705 51
217 8
513 50
495 43
141 14
130 65
684 65
1219 14
62 11
378 25
149 87
453 45
244 87
994 68
642 16
367 79
1023 98
101 91
443 17
488 13
80 79
1015 16
146 61
936 31
903 97
1030 23
335 99
597 69
1148 38
949 68
27 63
220 3
659 17
1219 36
1070 43
470 86
58 80
665 55
158 11
1221 86
633 50
994 31
318 77
65 86
1051 34
295 66
755 26
128 96
530 24
362 10
307 63
409 9
1087 30
278 83
69 29
736 49
16 66
712 90
753 8
523 51
1147 20
85 89
899 69
190 6
848 56
50 25
714 88
138 12
914 38
384 44
862 72
630 21
223 85
169 33
1140 75
1116 74
482 76
1082 19
608 62
633 25
68 88
638 96
451 8
1114 73
698 8
1208 52
428 70
283 55
1147 18
513 28
356 58
256 58
841 67
1104 30
496 66
166 98
1193 33
1126 35
644 25
669 96
333 28
132 5
257 85
1023 28
341 82
588 26
246 97
251 43
827 22
74 76
134 31
1071 81
819 24
702 98
695 97
811 27
495 77
1246 51
921 78
621 100
429 62
909 64
673 75
438 57
168 29
714 28
1161 94
248 68
536 48
1104 85
338 80
727 20
364 58
1101 44
22 87
305 81
944 97
939 33
620 91
638 42
538 2
647 88
1239 12
954 16
737 97
37 18
297 10
179 36
139 12
819 87
167 94
961 34
460 39
927 11
407 14
965 11
250 73
831 7
494 60
431 63
1032 30
59 28
580 86
1243 3
825 95
631 24
631 15
866 65
508 100
249 25
707 79
1167 23
1191 44
1234 1
580 83
122 82
108 76
826 4
813 99
86 37
9 62
146 39
255 11
599 15
960 89
642 58
591 87
663 86
1038 17
824 31
974 51
1050 82
1111 45
344 82
1242 13
34 19
813 50
594 4
1096 36
255 32
797 5
635 42
986 1
493 8
1199 72
234 86
962 10
82 11
662 40
971 39
1161 1
49 20
599 17
1150 100
22 30
1237 56
1124 8
950 17
958 90
150 29
836 22
697 26
312 94
1171 12
1230 10
903 51
144 72
1021 78
179 1
437 59
606 67
1189 71
196 43
360 19
603 30
407 97
149 83
329 10
910 10
69 85
1102 83
795 72
884 5
365 72
1186 19
769 28
88 32
791 14
1247 65
1125 18
808 12
957 48
945 80
263 3
104 17
228 65
690 75
156 86
1035 67
413 58
1159 81
19 38
90 41
1037 87
1207 54
813 100
675 36
661 8
462 37
653 89
790 76
145 24
1018 77
807 63
397 90
200 51
652 43
73 33
1055 86
224 55
974 53
232 58
1152 25
78 96
682 47
122 72
860 31
975 17
756 67
723 63
703 91
130 51
584 62
918 58
15 13
397 84
745 8
40 57
1193 90
815 11
81 36
521 35
769 18
1164 12
995 93
1086 12
779 73
80 74
644 80
857 98
480 41
1081 54
284 34
3 86
726 40
1013 44
334 55
559 24
577 46
626 89
364 68
457 80
200 3
1226 63
1065 46
122 75
387 64
64 31
759 3
900 85
472 20
1141 79
534 98
437 12
4 64
1189 50
373 100
1205 24
985 87
61 48
46 73
10 11
290 78
638 78
431 97
68 81
971 16
1072 53
653 2
756 38
283 98
736 59
1006 60
1167 13
539 87
113 61
147 31
483 22
43 63
549 62
534 67
1197 19
784 7
719 35
63 72
415 82
222 63
105 53
389 60
1093 41
913 95
104 90
287 8
1046 18
27 17
859 81
67 70
1161 15
1196 35
1058 4
331 28
55 22
242 87
56 22
103 79
900 77
949 87
703 45
450 63
732 41
1021 92
269 1
1026 60
1172 56
838 15
123 66
274 11
896 88
581 42
1248 44
910 88
1225 37
77 1
100 89
762 11
677 57
385 17
275 77
1119 14
749 88
685 87
981 53
316 78
1086 72
699 48
628 5
316 98
250 69
514 22
149 89
492 70
509 66
202 31
610 66
76 63
754 10
568 30
58 5
46 56
1122 61
463 7
415 5
737 25
1238 73
570 77
630 82
435 71
1149 64
492 88
896 3
650 73
1234 36
1059 54
632 74
39 31
421 34
342 46
501 49
492 4
1068 37
163 88
1250 76
351 98
1094 54
419 18
625 97
1092 7
630 46
685 69
980 73
748 98
357 30
1104 47
1222 62
954 86
1183 93
505 57
1101 72
143 14
335 57
708 36
169 44
317 41
570 23
1002 35
1054 65
681 32
373 2
299 21
93 7
459 63
493 51
785 60
194 37
653 62
140 61
1161 16
258 95
383 82
997 27
421 64
865 96
143 33
1081 1
1222 15
735 66
347 26
889 35
159 53
499 14
736 24
132 91
1065 16
1154 5
497 4
1117 97
693 71
832 85
276 47
452 64
1165 15
511 81
39 43
857 79
162 51
834 31
16 23
464 26
1174 34
62 62
532 64
1157 96
1220 12
618 58
916 56
62 85
812 19
312 31
100 68
801 7
955 21
372 62
1075 74
263 90
511 87
413 19
46 64
344 62
660 84
766 17
839 86
482 89
374 8
536 32
131 31
524 62
537 50
995 76
362 97
1130 94
1034 72
185 1
176 99
312 1
655 5
1052 13
441 5
395 44
936 87
986 57
1097 8
722 37
144 95
519 41
41 71
812 35
154 100
471 89
1002 10
1006 69
678 14
835 51
1006 11
511 88
803 56
725 66
915 41
455 54
102 46
922 56
545 92
1234 22
17 80
1018 78
754 12
766 69
377 41
1236 66
726 97
759 70
834 4
573 54
99 28
250 38
100 48
915 76
741 24
828 11
384 55
696 64
232 71
652 42
537 11
641 26
448 5
840 26
804 27
929 13
1214 60
148 75
1215 89
1206 49
989 50
25 86
380 58
153 53
555 37
280 36
613 4
265 16
1006 50
965 68
1184 68
531 80
44 23
938 17
270 66
698 92
777 88
419 33
888 83
1169 35
610 20
175 41
1119 29
1210 79
242 74
809 68
1160 74
1202 45
313 98
830 98
305 77
536 12
157 35
670 69
1213 16
709 69
6 36
379 94
341 100
1159 27
556 51
528 37
318 75
1216 6
557 15
339 15
958 2
152 27
11 77
83 19
16 91
302 59
1132 92
526 21
328 57
246 89
180 51
532 65
329 45
639 90
1184 30
1027 68
705 46
301 68
428 88
1161 75
1043 4
984 65
1031 51
251 40
723 58
978 8
216 45
1184 23
1154 23
690 48
347 88
226 24
295 74
1086 45
852 48
155 94
1201 30
1112 14
764 28
972 20
360 70
455 47
1068 20
529 21
979 34
191 68
500 7
1178 58
742 48
511 81
911 53
317 18
805 60
475 68
1103 50
347 62
641 54
1017 2
411 25
306 39
569 67
238 26
752 43
459 8
380 68
926 52
391 90
772 50
273 31
907 2
235 94
816 82
595 67
718 50
431 98
1236 28
1102 2
1018 16
175 4
156 6
1224 28
1145 51
394 85
413 53
1013 43
108 39
747 65
771 14
811 95
1198 8
250 95
322 29
1221 86
658 52
179 72
703 80
1098 2
421 14
401 72
438 47
742 86
857 24
1099 17
957 70
891 43
1137 53
803 95
1033 91
521 21
555 58
374 41
515 63
320 100
1095 32
535 84
550 95
792 2
672 65
417 97
552 3
177 49
396 31
1059 82
478 81
970 35
483 47
441 64
72 30
1210 64
1054 12
472 25
753 36
172 37
293 86
1149 1
1061 17
606 75
1224 70
1111 19
1074 39
1233 12
535 17
770 22
559 25
1006 61
333 58
408 42
806 45
728 41
86 11
770 4
975 94
626 87
59 57
280 73
629 54
877 95
658 98
1069 13
560 79
360 61
868 52
880 44
1178 64
411 39
503 78
1203 93
726 90
297 29
926 16
1196 22
667 94
322 9
1143 88
1029 64
154 68
408 12
81 92
1108 95
791 42
508 9
635 20
1019 22
968 58
526 20
294 71
287 98
491 14
468 39
178 70
1005 78
860 49
413 12
682 53
370 52
480 26
795 19
301 84
40 47
337 6
905 72
1240 10
871 30
401 84
293 93
739 68
901 77
224 35
385 20
136 23
780 72
222 52
110 49
197 17
907 19
835 85
171 10
898 34
825 4
1177 82
476 33
1023 93
672 3
300 4
733 8
630 95
717 68
81 100
511 30
895 73
1244 6
1162 5
839 14
244 91
559 70
1088 65
280 6
996 100
1082 17
1245 49
791 58
1144 33
856 75
1109 60
406 68
68 81
687 40
457 32
830 16
177 87
182 69
1051 19
544 80
424 78
948 64
227 45
1185 98
1068 30
1093 82
1213 82
482 64
84 24
808 59
648 25
421 81
374 80
720 95
1018 3
306 1
513 43
258 43
769 86
975 48
927 53
303 94
229 86
793 59
1100 48
1006 17
597 60
299 77
644 38
623 82
1081 19
743 57
889 47
723 67
115 75
565 30
1071 94
467 57
457 74
265 44
272 1
958 9
456 52
897 33
736 76
824 20
1186 77
1213 47
931 20
545 7
803 40
1108 98
707 36
244 90
1036 35
902 85
123 1
420 73
212 78
1147 78
592 29
1180 39
732 23
1174 67
246 14
316 88
997 2
1063 65
43 78
686 7
72 55
776 66
262 89
574 58
1186 64
35 89
367 67
119 13
384 27
898 91
424 11
1137 20
493 99
653 5
831 56
81 61
804 87
1032 34
485 51
557 22
985 67
305 54
78 61
767 9
123 22
315 68
1097 34
254 18
175 24
1184 27
1021 96
58 20
373 4
488 47
724 54
1057 98
670 41
994 63
408 82
1133 35
33 25
396 55
63 54
354 99
467 6
1180 6
871 40
653 48
338 83
1067 25
661 42
1074 51
842 25
232 36
1071 32
1233 68
558 64
938 9
1019 92
584 21
509 73
795 81
1137 2
612 46
283 96
682 57
1241 5
598 91
516 12
837 58
768 97
725 99
1239 2
514 15
450 22
748 29
384 1
127 42
899 86
317 28
581 43
461 19
1056 92
691 35
1116 21
1186 79
574 98
420 21
721 1
794 67
960 66
631 1
1227 99
804 46
1174 88
956 49
1240 78
1221 56
1002 79
338 38
975 86
813 27
435 96
642 81
810 5
720 81
883 42
291 23
974 50
950 98
973 55
516 89
739 67
498 12
1221 17
94 49
605 64
586 27
1071 69
1166 59
569 91
786 19
922 70
265 42
391 93
887 39
647 19
347 55
150 43
963 9
514 81
407 44
950 80
89 24
776 23
952 33
28 83
424 27
635 50
456 79
401 18
390 89
16 17
730 85
227 93
329 22
301 84
437 95
76 18
198 93
25 70
1123 89
902 26
663 51
1120 35
723 61
45 88
532 90
436 49
355 69
448 69
883 77
723 69
418 54
1208 33
856 6
817 81
272 13
519 13
915 66
907 1
583 7
1188 36
145 28
175 57
919 43
533 70
813 58
721 89
437 34
930 52
394 65
48 50
736 11
213 92
38 3
832 39
668 83
1217 8
39 26
92 70
964 78
678 79
126 58
653 49
18 90
129 28
723 24
73 58
317 70
325 73
485 76
1185 20
880 21
100 92
839 68
576 60
221 69
166 67
742 31
227 10
1010 45
187 62
1074 86
751 98
957 58
135 37
426 1
1174 12
221 74
210 15
1221 68
429 87
664 39
284 26
296 5
1009 5
898 89
256 18
712 71
806 79
997 78
382 41
34 30
217 94
34 40
875 69
690 73
331 11
421 59
520 90
131 47
1101 49
501 1
66 45
1205 53
460 99
1039 34
395 79
1025 66
257 26
1010 54
528 96
1066 97
516 2
182 71
203 86
660 18
1220 9
694 68
995 17
209 55
1107 40
513 26
354 63
863 74
1167 59
826 74
985 78
51 48
142 63
1024 27
1001 100
960 80
1030 47
639 78
1054 65
666 98
297 69
875 42
1217 96
975 28
808 50
372 47
657 24
283 78
343 75
1154 78
1223 100
831 86
346 58
157 62
354 12
1225 42
1144 41
1223 39
594 73
100 32
58 23
78 61
897 11
1092 57
753 39
1013 31
883 76
532 81
394 59
1141 65
224 39
306 20
1147 35
135 82
433 28
1115 15
1018 44
817 38
360 32
469 10
900 52
372 82
453 83
237 34
6 21
1244 64
531 57
507 47
798 21
217 74
867 51
270 44
1151 41
1105 65
223 75
1091 75
388 81
210 19
138 49
1065 68
543 69
66 28
962 25
40 41
473 15
1108 23
1006 75
627 32
1017 30
107 29
269 77
104 54
440 77
29 2
1080 11
406 30
731 36
728 41
163 90
439 77
58 24
768 30
1188 85
1087 89
701 32
91 32
310 65
547 22
311 53
325 6
498 49
948 28
818 68
819 10
628 92
72 53
73 93
295 41
973 65
1174 1
188 85
537 51
1141 86
441 53
108 6
1024 34
296 80
1053 7
694 52
335 7
579 32
545 41
969 29
887 10
285 47
1187 6
211 44
799 6
682 87
1206 77
355 4
86 35
1226 24
1182 32
972 71
15 88
1140 45
795 74
779 58
321 70
585 58
670 26
368 78
602 72
1098 66
487 5
47 16
1117 8
579 36
742 1
520 92
266 95
1187 21
985 91
999 91
227 92
978 92
125 28
649 68
1101 26
396 91
1245 57
874 5
483 74
315 44
90 63
980 61
475 16
944 32
668 11
1240 18
872 29
721 94
873 33
82 93
188 91
1091 42
677 12
93 86
529 80
1059 26
19 47
680 94
223 16
139 79
980 26
920 86
1010 42
486 33
1 26
847 71
317 53
174 23
757 68
1069 21
276 60
1184 72
221 86
65 23
293 18
895 34
283 22
1052 9
767 54
929 84
67 97
1125 88
589 74
1197 51
115 6
409 79
369 63
627 7
261 43
727 45
269 65
369 15
587 2
1071 11
434 60
1150 46
25 11
963 68
468 31
919 79
1133 82
386 74
891 90
820 18
230 32
354 21
351 43
1011 32
524 66
1230 94
820 19
342 91
375 50
708 73
476 79
1133 74
51 23
8 58
766 79
770 29
1171 31
1061 79
809 100
1023 33
562 84
758 87
904 76
1233 73
398 16
644 5
741 41
727 80
67 100
1099 61
547 76
715 34
755 63
2 97
965 27
673 22
519 45
792 77
895 88
592 95
264 85
602 81
503 43
837 72
31 33
26 7
603 46
123 4
142 13
497 36
199 25
357 80
517 66
718 61
377 57
120 45
1085 43
1066 30
1230 54
330 80
120 92
121 84
1124 100
506 21
145 88
1168 67
609 69
733 97
1247 29
385 51
774 23
816 65
1166 65
155 62
402 33
840 53
834 37
445 39
282 51
822 99
113 18
700 22
903 96
247 70
358 22
620 33
511 22
1040 8
799 82
979 28
1027 43
1187 9
194 36
713 5
172 31
777 42
562 28
343 51
990 23
262 74
757 59
472 66
1201 58
424 78
1081 46
213 79
1156 41
105 40
1224 63
765 50
231 72
908 93
505 54
411 35
476 15
961 21
1120 69
1206 68
469 41
797 61
1068 28
1200 36
834 36
612 91
536 40
1041 6
1059 61
30 30
305 1
564 74
70 53
896 12
20 67
973 55
999 83
122 82
235 100
735 21
1188 73
930 17
803 17
1095 29
366 62
620 86
1006 5
882 28
715 57
392 63
891 79
1184 45
794 42
387 66
1016 23
329 84
833 94
1199 90
257 82
440 43
260 89
903 77
489 15
632 12
360 48
784 93
953 87
801 72
1055 46
730 40
262 1
809 31
1133 59
460 91
885 23
1033 7
33 25
1038 3
527 63
295 76
441 84
589 100
1211 81
262 11
672 30
591 52
1199 33
1101 5
374 14
152 15
1250 89
568 43
1049 19
802 67
578 64
365 65
302 95
332 80
390 28
1203 32
732 54
1057 78
257 64
251 63
709 96
1095 34
526 26
574 26
876 63
105 10
313 13
143 26
1184 79
1012 98
174 38
85 6
1143 20
321 91
1214 37
542 86
887 16
167 57
312 30
706 24
311 24
1020 57
69 70
113 95
587 32
118 62
110 61
881 17
1006 51
735 38
231 22
1118 89
724 19
5 73
903 19
767 46
1096 26
1125 79
17 15
581 92
1027 26
887 70
911 100
47 21
1116 70
944 76
1155 56
856 45
236 2
79 75
632 23
1246 63
1112 11
523 10
1221 55
944 60
718 10
619 3
573 91
482 34
985 11
324 45
314 8
411 31
113 59
119 19
187 35
1018 2
771 3
682 15
367 71
56 67
608 73
10 42
948 43
160 45
117 71
458 83
893 86
1047 8
313 49
1087 16
1161 54
652 49
228 44
738 75
520 73
420 25
840 32
494 77
1246 82
436 32
626 27
874 5
834 34
839 19
846 57
906 4
732 97
35 77
290 28
640 17
745 52
185 41
222 30
127 77
69 13
1071 20
662 37
825 33
1209 35
761 84
385 34
649 85
201 92
1133 55
982 22
850 94
50 71
435 93
187 19
1218 68
1230 63
617 22
12 58
819 99
1073 43
876 29
771 72
796 28
607 85
39 2
658 81
977 23
262 7
253 45
1098 38
360 3
948 68
182 67
1159 42
991 79
1232 72
251 51
208 2
645 92
402 71
379 20
843 10
298 54
82 36
243 92
1085 37
1002 15
473 60
368 96
707 74
584 78
1067 19
725 42
881 52
50 77
1005 55
1052 33
636 1
489 89
1168 70
28 69
390 88
287 28
207 47
473 13
254 19
898 96
33 94
165 13
528 44
137 50
728 94
679 10
143 98
651 34
972 7
929 100
539 98
44 74
1046 80
296 66
750 15
1002 51
324 12
255 55
343 57
652 32
76 51
392 82
487 54
683 99
510 66
56 12
290 70
861 16
423 53
165 22
614 21
836 35
960 19
899 54
433 35
