4484
443 60
73 62
461 95
210 16
515 62
872 18
405 48
172 5
365 94
146 72
759 1
510 44
831 99
394 25
370 11
802 74
75 41
271 3
567 32
668 43
24 67
112 89
608 88
219 63
398 48
208 66
638 5
697 83
635 43
50 30
848 62
80 41
513 29
376 68
736 10
841 3
313 88
70 43
384 80
620 72
850 49
886 18
530 83
769 40
54 89
325 44
273 49
323 71
747 77
194 87
771 3
718 13
674 84
688 68
496 55
444 13
695 79
110 83
300 47
128 40
721 86
642 35
252 50
840 7
493 86
52 41
417 26
595 74
512 98
363 59
499 74
428 18
350 88
606 67
219 32
55 32
506 89
886 61
123 3
533 93
418 2
739 50
358 28
730 83
850 10
318 18
687 18
138 22
105 20
219 48
797 31
606 19
894 66
133 94
554 25
778 28
553 45
81 32
410 22
96 43
754 77
857 9
415 93
252 71
315 29
622 24
669 58
871 72
3 79
252 38
48 2
171 7
336 81
415 41
14 22
705 96
573 74
80 64
879 20
277 71
896 84
590 64
265 44
17 12
109 1
88 3
806 85
604 35
483 77
564 74
18 9
608 44
869 26
149 50
441 32
108 100
533 75
773 8
814 83
598 21
495 25
527 64
635 80
868 40
681 62
16 3
15 31
659 73
271 7
4 47
884 81
206 73
363 51
25 60
487 10
664 26
659 36
267 15
745 46
609 47
386 60
253 94
553 74
608 54
99 25
777 83
576 27
392 79
869 15
491 36
359 87
1 68
689 32
31 51
417 21
135 51
128 38
406 84
166 83
83 92
297 24
395 97
838 90
791 92
165 32
625 53
705 18
327 98
560 11
111 57
320 14
188 41
736 32
628 69
752 22
393 42
593 64
827 74
68 99
775 98
253 44
508 3
833 82
848 40
173 56
495 21
109 24
419 8
810 57
428 62
187 79
487 64
167 59
326 83
135 99
497 69
614 11
678 13
606 40
733 51
396 81
432 91
880 91
311 4
710 69
194 92
93 81
801 34
812 27
543 55
739 81
302 44
110 85
292 9
457 81
25 23
848 85
763 74
590 2
344 69
319 47
868 45
548 32
471 50
393 10
523 12
722 26
426 86
277 14
352 96
333 2
832 56
55 97
722 20
286 22
432 22
807 36
234 82
88 40
387 68
33 32
312 43
638 65
852 35
60 52
180 39
93 13
840 45
278 87
406 11
476 87
573 19
752 73
131 61
16 94
401 25
46 63
399 60
794 43
248 85
690 94
121 72
390 95
440 29
715 20
865 98
110 28
851 82
408 47
286 90
192 54
339 50
228 4
668 86
793 67
350 93
818 92
195 36
141 91
559 11
750 35
541 74
869 34
36 29
191 41
395 85
162 27
562 68
643 88
853 66
91 63
291 63
539 97
874 98
859 45
352 58
344 58
820 85
765 52
448 98
180 59
395 16
452 66
805 28
668 86
871 28
397 43
330 26
490 33
773 1
566 9
383 96
462 37
497 48
245 39
41 15
689 90
548 22
538 36
144 74
224 3
477 96
613 33
51 26
482 46
590 51
804 29
358 81
496 44
312 98
341 70
370 44
70 27
49 73
99 22
45 53
95 72
222 57
709 78
58 99
297 88
264 37
278 54
388 79
581 54
326 87
269 41
597 9
409 19
516 33
716 12
673 38
147 3
122 65
265 50
825 61
750 71
552 48
495 27
863 79
877 15
405 71
595 25
312 13
805 14
804 2
193 52
651 95
258 53
145 48
340 75
360 57
209 52
833 51
672 49
455 4
422 28
256 54
792 66
198 41
535 86
686 38
229 22
119 53
267 11
881 65
775 26
672 77
315 46
541 81
772 55
756 99
768 82
275 24
440 92
417 24
60 8
245 1
51 18
734 15
123 34
673 100
102 20
1 10
815 37
233 41
115 62
532 44
388 78
260 37
505 41
342 32
258 31
355 86
125 17
522 74
111 45
705 17
876 89
36 54
39 10
671 94
438 76
732 81
580 35
167 69
713 74
13 8
72 91
95 33
158 65
254 88
32 67
319 2
864 7
245 81
844 15
348 95
821 26
653 18
796 53
308 48
453 54
567 9
450 41
276 95
8 21
21 99
71 8
225 40
420 87
356 17
471 80
483 50
762 52
392 11
332 95
298 19
266 45
447 79
895 49
331 85
375 43
241 95
104 25
280 85
301 62
511 91
360 92
602 8
162 81
670 44
656 89
715 46
79 55
412 74
347 30
689 17
495 47
531 83
164 91
231 25
447 11
344 84
500 23
615 69
547 94
29 21
360 3
454 87
77 6
453 57
659 94
628 74
704 45
597 50
275 39
549 11
211 12
731 32
672 35
848 28
345 83
347 23
712 13
827 30
618 76
92 70
431 85
789 77
57 70
359 51
158 3
690 34
824 61
742 53
166 93
454 61
277 98
154 82
133 7
425 87
73 39
281 52
311 1
783 76
175 61
551 91
648 7
353 3
289 83
480 73
438 87
857 59
120 50
550 39
312 10
300 15
409 37
23 13
566 43
276 62
809 11
872 83
192 55
674 91
439 73
565 94
206 55
188 9
114 2
694 84
551 5
322 49
485 48
461 87
385 85
586 100
54 59
821 56
701 1
140 82
107 99
319 80
125 26
306 41
69 8
7 53
434 95
61 70
402 14
881 60
259 67
809 29
228 81
391 80
348 26
398 30
493 14
520 2
451 10
637 73
211 96
176 62
330 93
370 49
596 28
731 9
618 5
541 5
889 86
527 29
311 22
848 11
783 77
653 2
66 43
134 100
892 44
820 31
762 73
880 53
266 26
486 14
380 69
585 8
138 33
777 65
631 45
64 99
281 87
358 61
99 68
101 19
817 48
157 69
848 45
881 24
782 21
602 91
710 64
368 46
29 11
115 19
534 16
385 51
22 66
683 92
534 2
485 25
634 18
725 92
472 25
336 22
190 24
720 45
638 64
849 34
533 14
420 72
395 96
276 78
860 98
666 47
832 4
562 98
812 48
348 50
127 72
860 52
76 15
80 59
585 57
235 90
522 12
196 47
732 77
346 79
186 55
850 43
115 9
212 62
38 63
52 22
647 8
544 64
43 75
118 93
672 27
99 6
37 45
666 66
244 91
401 64
629 89
360 55
685 92
69 71
746 62
539 70
449 6
680 31
768 4
782 24
551 91
438 90
842 45
301 44
637 60
870 34
712 86
715 62
30 32
191 30
747 39
26 95
521 65
805 32
588 53
119 51
692 65
542 65
531 17
235 42
831 74
853 65
55 67
727 7
453 60
258 9
241 40
716 54
774 12
710 13
407 100
814 26
92 59
507 67
343 69
38 39
637 6
471 11
511 37
875 73
545 99
707 5
399 79
64 45
44 62
531 90
514 37
699 87
470 97
391 49
894 75
791 69
475 59
716 61
593 73
514 59
893 43
189 16
106 54
210 52
373 20
717 20
99 50
288 4
36 25
704 80
371 90
787 16
419 61
814 22
462 75
287 24
398 20
731 33
676 62
99 79
631 81
139 51
370 68
381 21
371 44
352 50
67 81
396 80
876 65
823 41
428 99
44 36
659 46
862 46
229 100
695 6
751 12
487 52
287 64
556 37
141 1
486 94
380 11
506 49
869 9
631 44
692 80
314 98
244 75
433 13
532 58
742 37
499 86
844 43
156 55
420 35
879 14
246 89
322 37
227 30
665 56
429 45
750 30
560 20
427 57
740 80
795 84
25 97
103 29
234 55
471 73
228 61
197 62
107 32
158 17
15 28
174 56
893 43
510 99
168 6
274 42
372 12
406 3
728 51
186 5
62 64
393 25
769 41
177 15
880 76
774 34
226 34
617 84
879 69
338 22
558 48
204 89
806 53
656 56
153 91
443 46
509 71
471 4
187 94
26 52
884 66
337 67
851 68
29 22
295 13
99 35
181 5
401 26
90 79
710 48
65 24
621 35
62 9
664 94
854 77
170 40
77 46
619 17
283 26
677 32
641 36
455 1
48 5
593 10
262 12
884 53
59 42
616 26
788 67
151 99
457 76
155 53
544 43
526 78
311 69
829 13
413 51
290 58
797 47
779 83
538 52
517 67
600 9
6 100
89 49
232 41
687 72
59 90
710 52
240 93
823 9
12 70
32 100
158 63
529 43
469 57
196 16
815 99
132 48
77 84
740 33
468 38
513 87
747 13
810 44
281 64
728 27
187 67
812 16
676 5
896 78
787 24
671 99
828 50
500 38
219 90
271 84
767 69
232 57
572 80
582 32
864 69
603 49
340 77
459 95
515 90
293 11
22 17
535 14
856 97
650 79
787 93
182 93
753 25
125 75
57 49
521 61
134 73
177 47
712 6
209 22
629 26
404 36
480 26
546 31
570 1
533 88
218 84
536 70
17 77
390 45
105 95
99 72
453 10
667 22
302 48
206 68
764 3
508 21
4 71
730 65
713 44
678 93
640 13
315 86
4 75
782 23
803 28
855 7
205 79
325 89
628 96
334 44
299 19
439 32
334 42
103 41
552 36
622 32
536 97
311 82
827 75
734 79
442 56
286 2
366 43
458 22
76 34
760 19
65 8
458 90
586 89
760 99
600 40
895 45
594 55
343 19
309 41
421 22
533 7
575 52
855 22
339 85
468 78
795 23
732 42
324 15
852 89
787 52
297 41
651 80
796 77
459 42
713 31
231 17
89 45
802 33
825 40
881 20
826 25
224 77
167 1
485 44
33 16
737 28
815 50
545 60
466 61
175 46
419 3
833 74
544 48
540 81
48 56
580 84
316 65
856 9
266 75
18 81
551 53
612 49
433 29
12 27
582 64
652 75
201 41
840 77
140 14
65 65
498 19
758 35
149 90
895 3
548 23
876 72
707 4
74 47
640 85
133 33
570 90
285 60
540 32
734 57
160 23
480 93
579 45
288 95
640 88
834 15
810 20
556 37
445 88
62 80
771 50
60 68
585 66
564 20
809 16
199 88
167 36
204 55
238 33
292 8
209 85
853 48
317 42
168 53
381 68
4 30
598 65
500 2
560 85
809 42
465 43
660 59
48 12
895 46
397 28
885 38
232 18
382 57
1 78
344 65
551 51
173 63
51 14
814 74
767 4
430 68
398 83
203 82
342 55
135 69
851 62
382 28
373 38
683 7
883 67
501 47
843 28
572 21
31 12
307 97
246 99
896 28
45 78
351 82
325 52
192 2
818 32
726 21
147 32
746 35
570 39
757 68
551 4
646 90
197 95
256 91
851 30
473 67
754 42
417 61
370 49
697 58
332 24
477 30
665 34
257 31
437 64
354 37
46 32
502 43
493 2
635 28
809 91
475 28
777 81
425 32
782 31
61 10
175 5
318 61
481 82
628 38
447 44
374 4
701 80
218 81
896 35
396 51
67 39
824 92
507 1
698 86
596 77
84 38
260 24
559 27
763 43
474 63
36 99
425 28
753 4
852 27
107 6
785 53
688 18
331 9
393 88
619 78
3 67
228 98
572 52
518 81
608 2
712 93
166 90
833 79
314 48
683 24
213 99
253 97
443 61
185 38
584 84
872 63
691 30
45 68
773 64
230 55
11 94
102 26
841 79
356 43
770 42
356 19
409 17
833 64
843 79
338 71
313 50
281 1
311 81
374 35
798 98
623 3
428 18
621 23
32 27
530 13
586 48
744 86
57 7
475 43
736 51
295 7
852 14
6 39
387 44
383 56
767 9
838 64
441 42
565 30
635 44
100 43
208 76
867 80
383 2
711 25
425 29
295 19
372 41
368 76
728 29
567 80
265 16
523 82
614 58
518 47
157 81
66 77
890 69
662 37
202 64
188 45
614 48
275 94
524 37
305 18
613 95
435 29
187 76
624 64
653 96
745 47
178 84
896 81
724 39
1 24
29 90
43 92
896 99
317 27
388 70
520 28
175 46
723 77
145 47
795 7
542 74
166 89
515 50
699 32
792 79
412 41
488 93
631 37
766 50
542 100
54 34
317 81
264 87
444 86
874 18
538 12
304 36
641 89
644 73
305 59
125 56
848 93
267 73
825 81
875 12
760 48
158 40
230 13
22 17
632 46
285 54
181 58
53 100
719 24
254 65
201 23
511 96
538 41
820 1
551 10
261 53
499 6
761 32
295 65
399 50
370 96
482 98
371 12
8 41
565 58
739 99
451 39
189 48
121 87
821 52
73 61
730 41
377 59
603 63
359 76
832 88
874 66
679 86
897 42
755 50
633 16
783 37
875 89
852 69
216 57
476 89
506 5
487 26
574 58
588 64
767 4
560 36
841 82
99 64
747 25
29 27
116 92
125 49
853 86
429 27
149 38
147 81
235 91
500 45
211 12
517 34
37 28
493 10
340 22
634 73
260 46
871 78
655 39
336 54
419 60
457 31
802 51
343 32
877 40
777 5
118 93
159 63
193 66
815 11
624 92
422 99
895 89
65 95
168 26
743 37
881 93
295 86
177 16
244 42
449 96
689 52
221 61
281 8
186 53
810 56
782 81
571 67
219 8
815 12
50 55
278 65
218 21
438 88
108 29
747 48
820 100
896 26
633 45
846 86
830 97
394 15
817 10
677 78
150 100
729 30
189 53
151 100
480 61
770 13
121 25
69 88
543 71
53 27
538 98
351 70
324 32
825 77
527 15
880 17
152 17
667 100
131 94
781 33
580 12
463 75
455 57
102 39
254 89
182 49
774 80
86 19
312 52
364 97
140 6
823 35
552 28
523 2
805 84
511 90
840 27
426 28
427 54
756 87
189 43
648 7
394 60
545 41
193 64
293 15
441 13
602 22
407 30
754 49
172 52
175 13
1 27
490 40
672 1
400 53
843 64
344 36
485 27
605 44
563 99
885 11
829 6
553 68
376 44
463 92
657 52
674 58
741 57
493 45
508 9
833 64
655 36
360 42
656 98
895 87
719 23
16 66
94 55
790 72
276 20
643 75
568 75
186 48
716 74
733 10
758 73
774 78
841 86
366 29
675 69
503 93
142 29
381 70
194 44
895 83
536 5
845 18
683 93
771 96
543 8
424 55
757 51
405 15
245 90
325 56
217 90
772 86
855 17
40 79
561 62
211 69
547 33
321 44
325 31
56 58
418 92
641 65
797 43
486 95
843 59
87 99
637 44
850 1
386 95
497 17
378 88
832 21
395 81
203 44
532 91
821 5
861 37
309 99
238 74
655 15
104 16
798 7
546 59
469 11
728 19
6 8
108 4
16 8
50 30
553 98
551 62
287 10
520 79
325 65
462 38
897 38
69 18
805 1
379 35
396 67
65 34
176 58
148 80
491 7
593 56
452 84
225 89
110 92
727 63
663 56
12 70
689 93
209 91
65 82
214 49
402 16
335 62
238 22
600 72
12 69
681 30
370 33
152 39
135 77
896 10
466 30
698 1
879 51
517 90
310 62
763 11
6 31
67 30
296 73
451 94
524 78
861 18
91 74
463 60
451 37
128 12
431 71
649 39
271 19
169 88
572 66
703 85
153 37
722 40
817 51
227 16
416 13
596 28
61 89
118 58
420 31
788 47
225 100
575 18
614 98
454 25
299 17
656 88
452 75
570 89
337 82
702 10
434 100
709 35
157 63
767 69
556 15
746 58
257 82
599 67
168 42
7 63
866 43
85 7
363 18
17 16
8 83
541 63
310 2
394 13
503 47
620 16
366 30
777 64
850 86
314 45
375 100
4 85
875 50
571 36
141 24
777 5
732 56
174 16
734 13
530 2
388 18
377 83
837 1
609 20
228 93
893 97
294 54
393 16
127 17
88 39
861 34
85 52
551 36
457 17
531 61
429 84
887 37
99 52
676 47
339 18
487 7
149 52
178 5
647 60
292 36
376 57
598 34
685 62
68 11
603 57
717 97
872 51
633 66
543 10
567 56
155 20
213 34
700 98
602 49
157 98
238 28
120 3
860 4
373 50
531 12
386 57
607 26
672 46
179 92
169 27
260 28
824 96
284 58
44 39
310 55
302 66
338 9
437 7
259 37
406 12
642 96
335 47
609 73
400 22
742 77
25 46
160 64
566 8
193 76
885 77
58 24
301 46
832 64
584 30
509 69
106 63
728 49
802 16
565 91
516 80
733 76
701 68
434 1
339 27
423 47
546 10
632 9
629 33
78 7
166 25
421 58
290 35
394 41
239 98
607 96
546 41
364 42
55 33
485 78
220 86
729 3
1 66
810 18
589 92
464 20
716 15
894 88
303 82
632 36
770 89
91 65
276 27
754 35
580 51
703 68
536 87
412 89
549 16
491 16
742 44
730 16
381 80
755 82
865 31
577 89
229 23
820 99
849 22
853 35
750 24
73 29
635 14
395 30
696 82
635 33
157 48
695 53
626 71
776 27
770 11
760 86
604 21
280 1
58 36
586 71
865 1
275 77
893 28
786 28
881 75
378 90
149 76
376 74
107 22
818 31
563 62
780 27
120 72
159 6
231 49
362 80
17 68
585 20
414 15
418 29
349 7
103 99
465 21
648 32
456 44
123 34
481 15
465 42
765 78
301 75
847 47
330 93
353 23
358 97
593 68
458 64
60 76
497 27
863 50
186 37
228 94
451 33
546 29
117 55
652 41
811 9
21 17
518 77
358 41
711 9
640 18
38 17
288 93
477 12
439 51
551 5
460 73
76 41
440 86
288 65
815 68
350 88
371 68
664 33
474 44
211 93
543 17
604 42
536 43
777 32
486 18
822 63
841 17
691 41
30 90
281 44
336 99
439 51
108 33
645 65
397 84
799 26
829 14
605 8
852 96
219 88
134 70
179 85
347 92
264 35
798 98
496 18
5 14
193 28
671 73
47 52
453 58
351 29
521 86
245 13
529 1
70 28
680 65
443 31
151 84
755 50
167 61
196 8
638 85
679 7
591 92
421 50
21 14
651 53
461 58
633 21
35 39
455 76
77 29
792 23
94 74
586 8
120 6
533 25
834 93
706 13
205 4
883 26
485 96
215 29
453 1
353 26
177 46
798 3
115 56
435 46
875 24
791 78
236 69
576 57
394 5
757 40
366 25
840 22
246 72
662 83
522 29
285 66
333 99
341 91
234 33
268 76
270 68
23 67
670 93
740 66
110 49
257 58
111 33
59 97
784 98
46 52
504 18
256 53
222 77
351 79
124 99
59 57
32 100
747 23
470 66
153 60
695 46
514 19
437 29
180 32
486 32
240 62
315 99
144 90
325 62
407 13
27 51
491 61
509 33
586 54
230 27
89 97
27 29
370 55
148 70
334 21
634 32
865 44
890 99
606 6
373 26
320 60
229 13
703 39
400 33
760 7
249 28
644 39
786 8
530 32
666 22
568 15
280 73
135 53
241 92
633 36
158 34
650 11
838 94
224 83
352 66
107 5
430 25
392 10
733 39
547 58
273 77
400 98
331 96
410 43
894 52
396 18
331 36
461 49
77 85
40 48
612 39
399 29
618 77
613 40
47 71
843 32
650 54
575 23
796 54
514 16
785 78
59 78
425 47
841 45
516 20
13 11
757 97
790 22
584 85
851 79
544 54
501 14
607 5
376 43
724 99
880 66
413 94
134 42
747 83
714 97
567 81
829 94
472 67
723 7
741 14
719 52
502 47
647 87
391 38
117 12
760 33
389 3
716 62
702 75
476 67
840 51
541 21
209 74
498 92
446 14
281 57
389 37
70 13
415 3
744 45
222 95
72 46
440 87
308 61
799 82
437 50
314 33
576 15
473 56
395 72
695 88
821 69
592 90
180 89
261 79
82 59
5 57
369 50
558 51
422 61
150 66
44 75
327 28
281 37
861 11
563 94
243 77
664 84
883 74
665 4
468 68
745 72
534 79
660 97
673 5
768 31
110 30
820 37
88 52
479 82
255 98
25 11
455 76
522 75
439 69
501 14
467 12
420 95
694 97
619 17
839 37
498 72
65 31
696 56
418 80
175 69
295 5
730 67
117 66
316 100
813 62
895 86
719 15
730 66
575 67
842 39
480 84
629 41
729 53
860 58
312 8
729 60
326 60
798 66
723 61
482 15
745 66
367 17
714 71
16 19
273 72
554 29
270 11
60 18
168 84
354 1
875 99
570 77
297 21
295 43
435 54
246 36
568 60
3 37
381 89
113 38
145 19
630 32
433 53
303 88
596 88
255 4
371 81
520 77
568 85
292 24
452 52
866 83
767 51
699 69
226 86
748 16
807 90
489 95
286 9
535 33
637 100
320 50
402 90
286 51
750 68
624 88
680 37
417 98
896 30
790 75
643 4
568 3
876 59
462 69
492 22
766 30
811 94
516 71
761 70
181 78
332 22
388 35
591 46
887 47
373 65
355 23
62 9
401 29
48 7
596 73
612 37
222 68
201 20
782 1
234 93
694 93
606 31
416 51
82 15
665 76
696 62
85 3
334 12
193 83
115 36
342 65
52 75
262 6
315 40
455 8
65 55
111 58
639 38
634 64
559 88
315 71
630 29
13 24
884 85
163 35
443 92
352 32
385 13
800 29
227 45
75 71
263 49
743 3
100 3
43 7
129 10
775 26
239 60
504 67
111 75
417 88
656 23
82 62
493 94
810 73
348 40
732 11
227 1
737 32
344 93
720 18
43 58
253 51
340 54
74 13
268 12
252 55
609 89
10 27
799 61
15 4
225 10
581 50
429 14
454 48
35 66
361 97
342 1
885 44
31 21
478 6
36 2
488 69
514 91
600 26
522 61
82 70
67 60
508 8
427 10
31 31
183 50
46 25
242 40
84 47
356 56
137 67
211 17
582 5
509 47
355 72
653 26
378 10
134 92
16 1
186 6
6 26
604 18
178 3
667 6
501 27
387 63
126 21
367 23
890 31
290 24
110 7
782 10
15 38
287 60
570 7
735 53
379 74
386 41
881 57
567 98
695 38
369 82
748 10
109 36
445 73
700 6
428 28
873 94
11 52
126 18
562 80
380 22
428 1
470 63
415 72
560 91
12 74
505 72
380 90
104 91
701 37
887 68
604 22
419 50
312 36
646 10
304 97
30 55
58 8
892 7
134 72
552 83
103 48
680 56
56 74
638 54
63 49
782 76
185 58
537 94
594 88
90 45
31 9
277 61
193 11
561 25
69 85
809 17
184 88
393 42
133 52
834 44
222 67
383 37
536 24
102 36
242 53
21 67
97 14
734 40
53 48
416 94
700 33
425 2
519 11
748 41
258 89
243 85
466 86
488 45
690 7
154 97
825 77
405 3
719 74
642 67
228 40
236 22
223 46
887 73
260 33
753 100
677 45
542 95
261 35
223 72
833 85
705 20
615 95
420 38
856 64
157 63
162 79
691 84
657 27
147 24
25 17
79 53
888 2
525 36
688 8
647 99
859 55
125 67
50 76
737 69
646 67
611 54
137 10
504 84
833 3
115 94
31 71
362 30
657 66
882 62
382 100
83 96
748 99
876 54
524 27
643 95
262 9
117 68
855 19
339 78
388 55
155 56
81 42
223 8
422 73
163 26
64 15
241 56
742 10
726 98
516 18
827 78
718 89
726 57
341 42
452 34
443 68
678 25
540 94
218 23
864 29
344 72
327 21
330 70
744 35
743 58
762 18
474 44
6 13
610 6
869 9
608 45
777 32
401 97
504 57
645 12
826 64
725 74
781 87
648 9
315 69
144 35
182 17
293 17
734 94
434 2
831 95
517 25
711 1
261 45
693 58
194 83
211 38
592 61
669 52
318 78
705 67
347 24
483 33
661 29
388 26
208 61
168 18
863 7
291 83
733 36
604 48
618 63
790 28
612 88
74 75
601 27
558 45
9 93
842 6
610 6
480 19
536 85
449 47
606 33
881 36
749 72
362 62
173 45
760 75
564 88
796 42
486 16
392 80
811 50
716 5
50 28
391 66
781 5
552 85
229 40
278 48
607 42
121 100
294 52
31 11
514 48
304 94
351 31
835 39
581 15
383 88
174 28
581 31
212 44
640 38
370 63
86 21
713 77
459 25
227 21
266 33
542 32
245 36
339 36
271 48
440 47
394 84
51 79
569 11
74 12
718 52
312 8
255 5
165 85
857 3
397 27
877 26
809 88
14 28
633 95
25 23
227 48
125 99
407 72
370 43
545 76
685 20
674 94
101 38
812 61
814 80
162 28
166 39
401 14
448 75
656 1
594 11
798 49
316 64
596 30
851 29
625 7
239 43
416 90
682 32
463 93
615 87
190 38
257 26
89 99
157 57
807 87
37 64
187 19
866 22
611 1
837 91
510 63
761 44
808 25
652 83
86 57
487 64
69 63
241 68
508 95
561 5
818 32
60 52
372 11
9 32
808 75
185 20
677 31
250 54
390 99
350 82
227 8
167 53
756 96
710 26
619 14
690 54
338 5
847 49
581 48
839 31
266 73
829 1
226 64
883 62
494 100
781 3
368 74
379 92
131 22
258 86
753 91
160 91
755 15
658 74
789 23
702 21
97 75
215 42
418 41
640 21
802 36
538 85
202 20
260 46
623 94
280 36
186 26
50 66
536 66
545 73
14 87
275 68
376 68
288 35
803 24
839 29
717 33
39 47
884 58
105 44
783 55
484 52
32 46
141 30
209 3
4 4
312 34
38 20
92 69
689 61
552 9
411 34
845 89
435 49
778 67
166 53
647 87
120 68
305 28
325 30
780 96
68 83
102 2
797 84
265 78
878 22
591 39
389 23
150 50
792 60
136 97
435 29
617 65
618 28
244 69
645 38
251 62
87 61
300 100
492 55
668 68
482 60
150 31
517 15
444 33
452 2
97 74
765 31
592 16
790 90
742 42
235 73
702 86
284 69
635 96
473 15
817 89
731 20
641 38
273 75
401 93
298 71
561 33
571 55
674 71
890 84
611 49
387 11
591 90
87 77
238 56
526 25
694 20
132 14
609 60
845 2
836 5
701 3
822 32
408 70
801 15
482 9
223 53
503 31
191 79
200 73
133 76
756 55
612 88
578 40
617 25
608 63
36 28
293 49
110 78
452 79
847 72
291 10
762 99
255 92
63 46
150 88
585 24
184 88
884 62
681 87
368 15
477 89
857 40
566 69
740 69
619 37
750 37
790 33
82 91
288 67
344 53
299 63
65 56
253 75
173 34
514 48
1 8
524 4
819 53
892 5
535 99
234 61
250 29
799 11
385 65
135 43
417 12
773 10
46 57
361 11
294 17
141 32
641 66
894 85
291 92
870 32
855 14
753 46
313 49
236 44
128 91
892 89
790 38
703 1
234 15
716 18
23 77
462 41
702 79
539 57
551 92
229 56
64 57
892 60
502 75
785 28
733 47
306 8
225 9
752 71
759 61
874 3
338 22
171 80
654 61
780 15
657 31
570 39
44 94
805 61
58 44
316 92
74 98
22 62
594 24
748 37
847 2
318 88
455 79
266 54
806 61
758 68
433 80
831 81
386 13
386 78
398 95
332 88
603 35
504 97
611 34
814 9
699 70
58 28
286 84
132 46
184 54
30 11
759 32
53 59
490 7
385 16
54 52
583 97
21 34
848 49
368 55
459 66
56 23
247 52
