0 0 16 97 0 45 0 0 0 0 0 0 0 0 0 0
0 0 31 0 0 0 0 0 0 0 0 0 0 0 0 0
91 13 0 0 0 0 0 0 0 0 0 0 0 0 0 0
0 47 0 0 38 0 0 0 0 0 0 0 0 0 0 0
0 0 0 0 0 66 0 60 0 0 0 0 0 0 0 0
0 0 0 0 52 0 44 0 25 0 0 0 0 0 0 0
0 0 100 0 0 93 0 0 0 0 66 0 0 0 0 0
0 92 0 0 17 0 0 0 0 0 0 0 0 0 0 0
0 0 0 0 0 0 0 0 0 14 24 0 0 0 0 83
0 0 0 0 0 0 0 69 0 0 0 78 0 0 0 0
0 0 0 0 0 0 0 0 13 71 0 81 0 0 0 0
0 0 0 0 32 0 0 0 93 0 0 0 0 0 62 0
0 0 0 0 0 0 0 0 0 14 0 0 0 17 0 30
0 0 0 0 0 0 0 0 0 0 47 0 83 0 96 0
0 0 0 0 0 0 0 0 0 0 0 0 0 0 0 93
0 0 0 0 0 0 0 0 0 0 0 0 0 69 0 0
