0 0 0 63 0 0 0 0 0 0 0 0 0 0 0 0 0 0 0 0
24 0 71 82 79 0 0 0 0 0 0 0 0 0 0 0 0 0 0 0
0 89 0 56 0 0 0 0 0 0 0 0 0 0 0 0 0 0 0 0
70 0 19 0 0 66 0 0 0 0 0 0 0 0 0 0 0 0 0 0
0 0 0 0 0 0 83 23 0 0 0 0 0 0 0 0 0 0 0 0
0 0 0 0 50 0 33 0 0 0 0 57 0 0 0 0 0 0 0 0
74 0 0 0 24 84 0 0 0 0 0 0 0 0 0 0 0 0 0 0
0 0 33 0 0 80 94 0 0 72 0 0 0 0 0 0 0 0 0 0
0 0 0 0 95 0 0 0 0 0 0 23 0 0 0 0 0 0 0 0
0 0 0 0 0 0 0 0 0 0 76 0 0 0 0 0 0 0 0 0
0 0 0 0 0 0 67 0 0 0 0 88 0 0 0 37 0 0 0 0
0 0 0 0 0 0 0 0 45 20 0 0 0 15 0 0 0 0 0 0
0 0 0 0 0 0 0 0 94 0 0 0 0 0 85 0 0 57 0 0
0 0 0 0 0 0 0 0 0 0 0 0 0 0 53 36 0 0 0 78
0 0 0 0 0 0 0 0 0 39 0 0 43 16 0 0 0 0 0 0
0 0 0 0 0 0 0 0 0 0 0 0 0 0 83 0 0 0 0 0
0 0 0 0 0 0 0 0 0 0 0 0 0 0 41 0 0 60 34 45
0 0 0 0 0 0 0 0 0 0 0 0 0 0 0 0 0 0 0 29
0 0 0 0 0 0 0 0 0 0 0 0 0 0 0 41 40 0 0 0
0 0 0 0 0 0 0 0 0 0 0 0 0 0 0 0 0 0 22 0
