0 28 43 54 0 0 0 38 0 0 0 0 0 0 0 0 0 0 0 0 0 0 0 0
0 0 84 55 0 0 0 0 0 0 0 0 0 0 0 0 0 0 0 0 0 0 0 0
37 75 0 0 20 0 0 0 0 0 0 0 0 0 0 0 0 0 0 0 0 0 0 0
0 0 39 0 0 0 0 0 0 0 0 0 0 0 0 0 0 0 0 0 0 0 0 0
0 0 0 0 0 0 0 43 0 0 0 0 0 0 0 0 0 0 0 0 0 0 0 0
0 0 0 47 46 0 15 16 0 0 0 0 0 0 0 0 0 0 0 0 0 0 0 0
0 89 0 0 73 42 0 61 0 0 83 0 0 0 0 0 0 0 0 0 0 0 0 0
0 0 0 0 0 87 0 0 0 71 0 0 0 0 0 0 0 0 0 0 0 0 0 0
0 0 0 0 55 0 0 0 0 0 89 0 0 0 0 0 0 0 0 0 0 0 0 0
0 0 0 0 0 0 0 0 0 0 0 90 0 47 0 0 0 0 0 0 0 0 0 0
0 0 0 0 0 0 0 0 80 0 0 85 59 0 0 0 0 0 0 0 0 0 0 0
0 0 0 0 0 99 0 0 68 22 0 0 0 0 0 0 0 0 0 0 0 0 0 0
0 0 0 0 0 0 0 0 0 0 0 0 0 0 0 75 0 0 0 13 0 0 0 0
0 0 0 0 0 0 0 0 0 0 0 0 19 0 0 40 0 0 0 0 0 0 0 0
0 0 0 0 0 0 0 0 0 0 0 97 0 0 0 71 56 0 0 0 0 0 0 0
0 0 0 0 0 0 0 0 62 0 0 0 0 47 67 0 0 0 0 0 0 0 0 0
0 0 0 0 0 0 0 0 0 0 0 0 0 0 0 0 0 42 53 24 0 0 0 0
0 0 0 0 0 0 0 0 0 0 0 0 0 0 0 93 66 0 0 73 96 0 0 0
0 0 0 0 0 0 0 0 0 0 0 0 0 96 0 0 0 0 0 17 0 0 0 0
0 0 0 0 0 0 0 0 0 0 0 0 0 0 0 0 29 0 41 0 0 0 46 0
0 0 0 0 0 0 0 0 0 0 0 0 0 0 0 0 0 0 0 0 0 0 65 85
0 0 0 0 0 0 0 0 0 0 0 0 0 0 0 0 0 0 29 0 12 0 89 0
0 0 0 0 0 0 0 0 0 0 0 0 0 0 0 0 0 0 0 0 64 100 0 74
0 0 0 0 0 0 0 0 0 0 0 0 0 0 0 0 47 0 0 0 94 0 0 0
